18.363735,-66.11505
18.363735,-66.11505
18.363653,-66.1149
18.36361,-66.11476
18.363554,-66.114586
18.363485,-66.114426
18.363409,-66.114265
18.363312,-66.114105
18.363228,-66.11391
18.363136,-66.11375
18.362953,-66.1133
18.362822,-66.11284
18.362581,-66.112404
18.362429,-66.11198
18.362194,-66.1116
18.361845,-66.11135
18.361727,-66.11148
18.361605,-66.11181
18.361553,-66.11197
18.361485,-66.11214
18.361427,-66.11229
18.361378,-66.11246
18.361334,-66.112656
18.361303,-66.112816
18.361237,-66.11297
18.361166,-66.11319
18.36112,-66.113365
18.361063,-66.11356
18.360964,-66.114006
18.360962,-66.11402
18.360933,-66.114204
18.36091,-66.11444
18.360897,-66.114624
18.360886,-66.1148
18.36087,-66.11496
18.360868,-66.11513
18.36088,-66.115295
18.360903,-66.11546
18.360907,-66.11554
18.360912,-66.11571
18.360926,-66.115875
18.360952,-66.11605
18.360994,-66.1162
18.36102,-66.11644
18.361027,-66.11661
18.361057,-66.11679
18.361092,-66.11699
18.36113,-66.11715
18.361164,-66.1173
18.36121,-66.11747
18.361216,-66.11749
18.361273,-66.11766
18.361326,-66.11781
18.361336,-66.11784
18.361387,-66.118004
18.361446,-66.11817
18.361502,-66.11834
18.361559,-66.11853
18.361588,-66.1187
18.361643,-66.11887
18.3617,-66.119026
18.361742,-66.11914
18.36179,-66.11931
18.361847,-66.119484
18.36187,-66.119644
18.361872,-66.11965
18.361986,-66.119774
18.36205,-66.11978
18.362274,-66.11976
18.362286,-66.11976
18.362446,-66.119705
18.362606,-66.119675
18.36284,-66.11964
18.36302,-66.119675
18.363186,-66.119705
18.363205,-66.1197
18.36341,-66.11969
18.363787,-66.11992
18.36381,-66.119965
18.363865,-66.12013
18.363882,-66.12034
18.363888,-66.12051
18.36389,-66.12067
18.363886,-66.120834
18.363892,-66.12101
18.363892,-66.12118
18.363888,-66.121346
18.363913,-66.121506
18.363949,-66.12168
18.363972,-66.12186
18.363972,-66.122025
18.363972,-66.1222
18.363977,-66.12236
18.363989,-66.122536
18.364151,-66.122574
18.364185,-66.12256
18.364351,-66.12258
18.364536,-66.12259
18.364674,-66.12268
18.364702,-66.122856
18.364742,-66.12301
18.364742,-66.12301
18.364801,-66.12304
18.364967,-66.12304
18.364977,-66.12304
18.365154,-66.123024
18.365313,-66.123024
18.365473,-66.12304
18.365633,-66.12304
18.365788,-66.12299
18.365936,-66.122856
18.366096,-66.12285
18.366112,-66.12285
18.366283,-66.12288
18.366425,-66.123055
18.366407,-66.12328
18.36627,-66.12337
18.36622,-66.12338
18.366068,-66.12343
18.365911,-66.123474
18.365747,-66.1235
18.365688,-66.12347
18.365562,-66.12337
18.36554,-66.123344
18.365425,-66.123215
18.365358,-66.12317
18.36635,-66.12307
18.366238,-66.123276
18.36605,-66.12334
18.365877,-66.123375
18.365704,-66.12337
18.365557,-66.123314
18.36543,-66.123215
18.365307,-66.12311
18.365135,-66.12314
18.364977,-66.12312
18.364817,-66.12308
18.364653,-66.12305
18.364439,-66.12299
18.364279,-66.122955
18.364124,-66.12292
18.36404,-66.12278
18.364126,-66.12263
18.364286,-66.1226
18.364447,-66.122604
18.364635,-66.1226
18.364754,-66.12271
18.364784,-66.12288
18.364862,-66.123024
18.365025,-66.123024
18.365177,-66.12299
18.365412,-66.12298
18.36557,-66.12299
18.365732,-66.122986
18.365932,-66.12293
18.36599,-66.122925
18.366144,-66.12289
18.366304,-66.12291
18.366388,-66.12303
18.366405,-66.12312
18.366407,-66.12315
18.36641,-66.12325
18.366335,-66.1234
18.366177,-66.123436
18.365969,-66.123436
18.365776,-66.12345
18.365614,-66.12337
18.365479,-66.12325
18.365322,-66.1232
18.365282,-66.12319
18.365114,-66.12319
18.364964,-66.12315
18.3648,-66.1231
18.364635,-66.123085
18.364468,-66.12307
18.364305,-66.12305
18.36416,-66.12299
18.364044,-66.12285
18.364021,-66.12268
18.364046,-66.122635
18.364197,-66.12254
18.36437,-66.122536
18.36455,-66.122536
18.36471,-66.12259
18.364767,-66.122765
18.364803,-66.122925
18.364962,-66.12297
18.365131,-66.12296
18.365294,-66.12295
18.365461,-66.12294
18.36563,-66.122925
18.365782,-66.12289
18.36595,-66.12283
18.366112,-66.12281
18.366276,-66.122856
18.366377,-66.12299
18.366425,-66.12315
18.366322,-66.12337
18.366165,-66.12341
18.366014,-66.12344
18.365934,-66.12346
18.36578,-66.12342
18.365763,-66.12341
18.365612,-66.12333
18.365492,-66.12321
18.365366,-66.1231
18.3652,-66.12309
18.3652,-66.12309
18.36505,-66.12314
18.364897,-66.12312
18.36474,-66.12309
18.364565,-66.12309
18.364555,-66.12309
18.36438,-66.12307
18.364368,-66.12306
18.3642,-66.12301
18.364069,-66.1229
18.364046,-66.122734
18.364141,-66.12259
18.364285,-66.12253
18.364357,-66.12252
18.36452,-66.12254
18.364676,-66.12259
18.364752,-66.12274
18.36478,-66.12295
18.36498,-66.12299
18.365143,-66.122986
18.36532,-66.12297
18.365498,-66.122955
18.365656,-66.122955
18.36571,-66.122955
18.365871,-66.12293
18.366013,-66.1229
18.36622,-66.12288
18.36641,-66.12293
18.36641,-66.12294
18.366405,-66.12318
18.36639,-66.123215
18.366236,-66.123314
18.366056,-66.123344
18.365904,-66.12338
18.365856,-66.1234
18.365696,-66.123405
18.365555,-66.12333
18.365442,-66.1232
18.365284,-66.12313
18.36512,-66.123146
18.364952,-66.1231
18.364786,-66.12305
18.364761,-66.12305
18.364597,-66.12305
18.364435,-66.123024
18.364365,-66.12302
18.36427,-66.12301
18.364174,-66.12297
18.364044,-66.12285
18.364033,-66.12269
18.364258,-66.12257
18.36442,-66.12254
18.364576,-66.12255
18.364712,-66.12266
18.364758,-66.12282
18.364822,-66.12297
18.364952,-66.12302
18.36513,-66.12299
18.365295,-66.12298
18.365393,-66.12298
18.365492,-66.12297
18.365583,-66.12297
18.365675,-66.122955
18.365763,-66.12294
18.36585,-66.12293
18.366024,-66.1229
18.366179,-66.12287
18.366358,-66.12285
18.366457,-66.123
18.366482,-66.12316
18.366428,-66.123314
18.366266,-66.123375
18.366184,-66.12339
18.366022,-66.12341
18.365868,-66.12343
18.365717,-66.12345
18.365578,-66.12338
18.365467,-66.12326
18.36532,-66.123146
18.365177,-66.123215
18.36502,-66.12323
18.364876,-66.12315
18.364864,-66.123146
18.364708,-66.12308
18.36454,-66.12307
18.36437,-66.12304
18.364197,-66.12301
18.364098,-66.12297
18.364033,-66.1229
18.364052,-66.12269
18.364187,-66.12257
18.364336,-66.12254
18.364428,-66.122536
18.364582,-66.12255
18.364635,-66.122574
18.36471,-66.12272
18.36472,-66.122894
18.364744,-66.12299
18.364798,-66.123055
18.364964,-66.12306
18.365118,-66.12302
18.365301,-66.12297
18.365301,-66.12297
18.365396,-66.122955
18.365473,-66.122955
18.36556,-66.12295
18.36557,-66.12295
18.36573,-66.12293
18.365915,-66.12288
18.366087,-66.12284
18.366156,-66.122826
18.36624,-66.12283
18.366322,-66.122856
18.366417,-66.12299
18.366425,-66.12318
18.366291,-66.12335
18.36603,-66.12341
18.365875,-66.12343
18.365707,-66.1234
18.365559,-66.12332
18.365437,-66.1232
18.365274,-66.12313
18.365067,-66.123146
18.36491,-66.1231
18.364756,-66.123085
18.364595,-66.1231
18.364437,-66.12307
18.364271,-66.12304
18.364124,-66.122955
18.36405,-66.122795
18.364098,-66.12264
18.364325,-66.122536
18.364487,-66.12249
18.364508,-66.12249
18.364676,-66.12253
18.364763,-66.12267
18.36478,-66.12285
18.364912,-66.122955
18.365147,-66.122955
18.365326,-66.122955
18.365524,-66.12295
18.365702,-66.122925
18.365767,-66.12291
18.365934,-66.12289
18.366095,-66.122856
18.366253,-66.12284
18.366306,-66.122856
18.366371,-66.12292
18.366423,-66.12311
18.36637,-66.1233
18.366215,-66.1234
18.36603,-66.12338
18.365866,-66.123405
18.365705,-66.12343
18.365553,-66.12338
18.3655,-66.12333
18.36544,-66.12326
18.36538,-66.1232
18.365294,-66.12318
18.365128,-66.123215
18.364973,-66.1232
18.364973,-66.1232
18.364819,-66.12312
18.364698,-66.12308
18.36459,-66.12308
18.364494,-66.12309
18.364334,-66.12305
18.364166,-66.12303
18.364037,-66.12292
18.364033,-66.12275
18.36411,-66.12258
18.364214,-66.122536
18.36438,-66.12252
18.364445,-66.12252
18.364544,-66.12252
18.364717,-66.12257
18.364744,-66.1226
18.364786,-66.12278
18.364792,-66.12295
18.364859,-66.12302
18.364943,-66.12299
18.365107,-66.12297
18.365282,-66.12296
18.365448,-66.12296
18.365467,-66.12296
18.365622,-66.12295
18.365772,-66.12291
18.365942,-66.12289
18.365957,-66.12289
18.36623,-66.12286
18.366371,-66.122925
18.36644,-66.1231
18.366293,-66.12326
18.36614,-66.12333
18.365982,-66.123375
18.365828,-66.123405
18.36562,-66.12336
18.365486,-66.123245
18.36537,-66.123116
18.365349,-66.12311
18.365158,-66.12313
18.365007,-66.12317
18.364845,-66.12312
18.364677,-66.123085
18.364494,-66.12307
18.364336,-66.12304
18.364187,-66.12299
18.36406,-66.12289
18.364042,-66.122696
18.364346,-66.122574
18.364546,-66.122574
18.364712,-66.12263
18.364758,-66.12279
18.364817,-66.12295
18.364847,-66.12296
18.36494,-66.122986
18.365107,-66.12296
18.365265,-66.122955
18.36544,-66.122955
18.36562,-66.122955
18.365803,-66.12292
18.36596,-66.12289
18.366133,-66.12286
18.366293,-66.12288
18.366293,-66.12288
18.366365,-66.122925
18.366373,-66.12293
18.366417,-66.12301
18.366419,-66.123184
18.366322,-66.123314
18.366154,-66.123375
18.36596,-66.12342
18.365807,-66.12344
18.36565,-66.12342
18.365608,-66.12339
18.3655,-66.123245
18.365372,-66.12313
18.365217,-66.12316
18.365065,-66.12319
18.364908,-66.12316
18.364729,-66.12309
18.364668,-66.12308
18.36457,-66.12306
18.364487,-66.123055
18.364477,-66.12305
18.364395,-66.123024
18.364244,-66.12298
18.364084,-66.12289
18.364079,-66.12272
18.364199,-66.12261
18.364359,-66.12257
18.364523,-66.12256
18.364567,-66.12257
18.364664,-66.122604
18.364756,-66.12276
18.364836,-66.1229
18.364988,-66.122955
18.36514,-66.122986
18.365305,-66.12299
18.365482,-66.12297
18.365637,-66.12297
18.365791,-66.122955
18.365852,-66.12294
18.365355,-66.12312
18.365198,-66.12314
18.365063,-66.123215
18.3649,-66.12321
18.364756,-66.123146
18.364746,-66.12314
18.364597,-66.123085
18.364424,-66.12304
18.36426,-66.12301
18.36425,-66.12301
18.364096,-66.12296
18.363993,-66.12286
18.36403,-66.122696
18.364286,-66.122536
18.364454,-66.12249
18.36461,-66.12251
18.36471,-66.12264
18.36475,-66.12289
18.364902,-66.12292
18.36533,-66.12285
18.36556,-66.12285
18.365717,-66.12281
18.366138,-66.12272
18.366314,-66.12273
18.366419,-66.12285
18.366467,-66.12298
18.366419,-66.12315
18.366207,-66.12326
18.366032,-66.12334
18.365877,-66.1234
18.36575,-66.12343
18.365574,-66.12335
18.365538,-66.12334
18.3654,-66.12326
18.36524,-66.12327
18.364819,-66.12317
18.3648,-66.12314
18.36466,-66.12306
18.364483,-66.12306
18.364323,-66.12303
18.36425,-66.12302
18.364082,-66.122986
18.36407,-66.12298
18.363962,-66.12284
18.364044,-66.12266
18.364206,-66.122604
18.364355,-66.12254
18.364668,-66.12257
18.364727,-66.12277
18.364763,-66.12295
18.36493,-66.122986
18.365088,-66.1229
18.36519,-66.12289
18.365345,-66.12289
18.365545,-66.12293
18.365713,-66.122955
18.366133,-66.122894
18.366661,-66.123055
18.367207,-66.1232
18.367378,-66.12366
18.3674,-66.12362
18.367447,-66.12375
18.36428,-66.12255
18.364368,-66.12254
18.364553,-66.12255
18.364618,-66.12272
18.364819,-66.1229
18.364843,-66.12291
18.365084,-66.12297
18.365244,-66.12298
18.365416,-66.12298
18.365423,-66.122986
18.365587,-66.12299
18.365767,-66.12298
18.36592,-66.122955
18.366045,-66.12295
18.366213,-66.12293
18.366365,-66.122986
18.366447,-66.12312
18.366447,-66.12329
18.36627,-66.12339
18.366096,-66.12341
18.365932,-66.12342
18.365778,-66.12343
18.36575,-66.12342
18.365608,-66.123344
18.365526,-66.123276
18.3654,-66.12318
18.365177,-66.123116
18.365004,-66.12311
18.364853,-66.12308
18.364803,-66.12305
18.364634,-66.122986
18.364634,-66.122986
18.364473,-66.12297
18.364473,-66.12297
18.364292,-66.12291
18.364204,-66.12289
18.364037,-66.1228
18.36417,-66.122635
18.36417,-66.122635
18.364325,-66.12261
18.364162,-66.12262
18.364098,-66.12258
18.363983,-66.12247
18.363934,-66.122284
18.363928,-66.12202
18.363914,-66.1218
18.36389,-66.12146
18.363876,-66.1213
18.363855,-66.12105
18.36385,-66.12088
18.36386,-66.12077
18.363884,-66.12059
18.36388,-66.12023
18.36387,-66.12003
18.363865,-66.12002
18.363754,-66.11989
18.36367,-66.119865
18.3635,-66.11984
18.36335,-66.119804
18.362894,-66.11972
18.362577,-66.11973
18.362335,-66.11978
18.362127,-66.119896
18.36207,-66.12009
18.362097,-66.12028
18.362103,-66.12031
18.362143,-66.12049
18.362148,-66.120514
18.362206,-66.120705
18.362263,-66.120865
18.362286,-66.12096
18.362331,-66.121216
18.362364,-66.121376
18.362432,-66.12162
18.362501,-66.121826
18.362568,-66.12201
18.362625,-66.122185
18.362675,-66.12234
18.362726,-66.12251
18.362776,-66.12267
18.3628,-66.12276
18.362865,-66.12293
18.362947,-66.12315
18.363007,-66.123314
18.363083,-66.12351
18.363176,-66.12369
18.363232,-66.12385
18.363281,-66.12401
18.363327,-66.12418
18.363367,-66.12435
18.363407,-66.12451
18.363487,-66.124756
18.363573,-66.12489
18.363579,-66.12491
18.363632,-66.12519
18.36364,-66.125206
18.363712,-66.12538
18.363752,-66.12556
18.363796,-66.12571
18.363796,-66.12571
18.363846,-66.12588
18.363895,-66.12605
18.36395,-66.1262
18.364004,-66.126366
18.364073,-66.12656
18.364132,-66.126724
18.364187,-66.12689
18.364246,-66.12709
18.364296,-66.12725
18.364355,-66.12747
18.364382,-66.12758
18.364437,-66.127785
18.36452,-66.128075
18.36455,-66.12824
18.364393,-66.12815
18.364372,-66.12799
18.364328,-66.12782
18.36427,-66.12764
18.364227,-66.12749
18.364183,-66.12733
18.36413,-66.12717
18.36411,-66.1271
18.364063,-66.12693
18.36402,-66.126755
18.36398,-66.12659
18.363935,-66.12643
18.3639,-66.12626
18.363863,-66.12609
18.363808,-66.12592
18.36376,-66.12573
18.363716,-66.12557
18.36366,-66.12541
18.363478,-66.125
18.363478,-66.12499
18.36342,-66.12482
18.363367,-66.12465
18.363317,-66.12448
18.36327,-66.12431
18.363222,-66.124115
18.363186,-66.12395
18.363136,-66.12378
18.363068,-66.12363
18.362995,-66.12346
18.362995,-66.12346
18.362928,-66.12328
18.36287,-66.123116
18.36278,-66.12288
18.362694,-66.12266
18.362694,-66.12266
18.36265,-66.1225
18.36261,-66.12233
18.362583,-66.12217
18.362543,-66.12197
18.362488,-66.12183
18.362429,-66.12167
18.362427,-66.12167
18.362347,-66.12144
18.36229,-66.12125
18.362225,-66.12106
18.362158,-66.12088
18.362116,-66.120705
18.362162,-66.12018
18.362185,-66.12014
18.362463,-66.11993
18.36287,-66.119774
18.36309,-66.11973
18.363243,-66.119705
18.3634,-66.11971
18.363483,-66.119705
18.363684,-66.119705
18.363857,-66.11978
18.363953,-66.12008
18.363958,-66.12018
18.363972,-66.12041
18.363972,-66.12041
18.363966,-66.1206
18.363941,-66.1208
18.363962,-66.120995
18.363972,-66.12116
18.36398,-66.12136
18.363972,-66.12153
18.363972,-66.121544
18.363977,-66.12171
18.363974,-66.12188
18.363974,-66.12188
18.363968,-66.12211
18.363968,-66.12211
18.363981,-66.122314
18.364029,-66.12248
18.36417,-66.12257
18.364351,-66.12262
18.364525,-66.12264
18.364655,-66.12274
18.364695,-66.1229
18.364826,-66.12301
18.364975,-66.12302
18.36514,-66.12301
18.365328,-66.123
18.365496,-66.12297
18.365654,-66.122925
18.365814,-66.12287
18.365978,-66.12286
18.366137,-66.12288
18.366282,-66.12293
18.36638,-66.12308
18.36635,-66.123276
18.366137,-66.1234
18.36597,-66.12345
18.365839,-66.12345
18.365662,-66.123405
18.365528,-66.12328
18.365425,-66.12314
18.365248,-66.1231
18.365057,-66.12317
18.364899,-66.12316
18.364672,-66.123116
18.364481,-66.123085
18.364248,-66.12301
18.3641,-66.122955
18.364058,-66.12292
18.364016,-66.12276
18.364136,-66.12261
18.364292,-66.12256
18.364466,-66.12252
18.364635,-66.122574
18.364721,-66.12275
18.364807,-66.122955
18.364807,-66.122955
18.365025,-66.12297
18.365255,-66.12297
18.365503,-66.12294
18.36572,-66.12291
18.36572,-66.12291
18.365894,-66.122894
18.366064,-66.12288
18.366226,-66.12286
18.366365,-66.12301
18.366386,-66.1232
18.366377,-66.12324
18.366108,-66.12344
18.366053,-66.123436
18.365799,-66.12341
18.365644,-66.12335
18.365526,-66.123245
18.365355,-66.12311
18.365183,-66.123116
18.365028,-66.12312
18.364786,-66.12306
18.364578,-66.12307
18.3644,-66.12302
18.36417,-66.1227
18.364338,-66.122604
18.364511,-66.1226
18.36455,-66.122604
18.36465,-66.12274
18.364693,-66.122894
18.364817,-66.123
18.364977,-66.123024
18.365143,-66.12302
18.365318,-66.123
18.365557,-66.12299
18.365774,-66.12296
18.365927,-66.12293
18.36615,-66.122894
18.366283,-66.12301
18.366293,-66.12302
18.366354,-66.12321
18.366173,-66.12337
18.366013,-66.12341
18.365852,-66.12341
18.365808,-66.12341
18.364311,-66.12263
18.364367,-66.12259
18.364452,-66.122574
18.364502,-66.12257
18.364597,-66.122574
18.364717,-66.12267
18.364767,-66.12283
18.364777,-66.1229
18.364792,-66.12299
18.36499,-66.12302
18.365042,-66.12302
18.365208,-66.123
18.36539,-66.122986
18.36558,-66.12297
18.365755,-66.122955
18.365927,-66.12293
18.36611,-66.12291
18.366207,-66.122894
18.366331,-66.122925
18.366444,-66.12304
18.366467,-66.1232
18.366467,-66.1232
18.36636,-66.12332
18.366201,-66.12336
18.36618,-66.12337
18.365953,-66.1234
18.365774,-66.12341
18.365578,-66.123314
18.365541,-66.123276
18.365465,-66.1232
18.36535,-66.12313
18.365196,-66.123146
18.365042,-66.123184
18.365011,-66.123184
18.364922,-66.12318
18.364788,-66.123085
18.36462,-66.12308
18.364544,-66.12308
18.36439,-66.12305
18.364237,-66.12303
18.36408,-66.12299
18.364004,-66.12285
18.364056,-66.12267
18.36422,-66.122604
18.364397,-66.12257
18.364609,-66.12257
18.364708,-66.122696
18.364744,-66.12286
18.36484,-66.123
18.365004,-66.123024
18.365158,-66.12301
18.365341,-66.12301
18.365534,-66.122986
18.365751,-66.122955
18.36591,-66.12292
18.366058,-66.12289
18.36615,-66.12287
18.366322,-66.122955
18.366356,-66.12315
18.366251,-66.12328
18.366102,-66.123375
18.365948,-66.12344
18.365904,-66.12346
18.365746,-66.12345
18.36559,-66.12336
18.365482,-66.12324
18.365349,-66.123146
18.365183,-66.12313
18.365099,-66.12315
18.364939,-66.123146
18.364788,-66.123085
18.364628,-66.12308
18.36447,-66.12309
18.364311,-66.123055
18.364147,-66.12303
18.364014,-66.12293
18.363998,-66.12292
18.364037,-66.12275
18.364147,-66.1226
18.364332,-66.12254
18.364355,-66.12254
18.364515,-66.12255
18.364668,-66.12259
18.364767,-66.12272
18.364788,-66.12289
18.36484,-66.12305
18.364998,-66.12308
18.365238,-66.123024
18.365402,-66.12299
18.36551,-66.122986
18.365599,-66.12298
18.365755,-66.12296
18.365925,-66.12294
18.3661,-66.12292
18.36626,-66.12291
18.366318,-66.12294
18.366373,-66.12309
18.36638,-66.12329
18.366224,-66.123375
18.366068,-66.123405
18.365911,-66.12342
18.365719,-66.12342
18.36562,-66.12337
18.365498,-66.12324
18.365364,-66.12313
18.365202,-66.12315
18.365034,-66.12321
18.364874,-66.12316
18.36472,-66.12311
18.364668,-66.12311
18.364574,-66.1231
18.364422,-66.123085
18.364222,-66.12304
18.36408,-66.12298
18.363983,-66.12285
18.364038,-66.122665
18.36419,-66.12259
18.364365,-66.12257
18.364527,-66.12257
18.36469,-66.12261
18.36474,-66.12269
18.36476,-66.12281
18.364838,-66.12295
18.365023,-66.12297
18.365189,-66.12297
18.365347,-66.12297
18.365505,-66.12298
18.365562,-66.12298
18.365646,-66.12297
18.365742,-66.12296
18.365896,-66.12291
18.36601,-66.12289
18.366098,-66.12288
18.366234,-66.12287
18.366312,-66.1229
18.36637,-66.122925
18.366438,-66.12299
18.366386,-66.12318
18.366234,-66.123314
18.366034,-66.12337
18.366034,-66.12337
18.365854,-66.123405
18.365698,-66.12341
18.365534,-66.12336
18.365416,-66.12324
18.3653,-66.123116
18.36529,-66.123116
18.365135,-66.12315
18.365019,-66.12318
18.364914,-66.12316
18.36482,-66.123116
18.364796,-66.12311
18.364714,-66.123085
18.364622,-66.123085
18.36442,-66.12308
18.364262,-66.12305
18.364107,-66.12298
18.36401,-66.12281
18.36402,-66.122765
18.364174,-66.12262
18.364334,-66.12259
18.364496,-66.12259
18.364496,-66.12259
18.364594,-66.12259
18.364681,-66.12263
18.364744,-66.12279
18.36478,-66.12294
18.364807,-66.12297
18.364983,-66.122955
18.365185,-66.12297
18.365286,-66.12297
18.365376,-66.12298
18.365555,-66.12297
18.365618,-66.12297
18.365788,-66.122955
18.365946,-66.12294
18.366154,-66.1229
18.366308,-66.122925
18.366419,-66.12305
18.366459,-66.123215
18.366323,-66.123375
18.366234,-66.1234
18.366072,-66.12341
18.365915,-66.12341
18.36574,-66.12341
18.365576,-66.12335
18.365562,-66.123344
18.365482,-66.12329
18.36542,-66.123215
18.365396,-66.12319
18.365313,-66.12314
18.36515,-66.12316
18.36515,-66.12316
18.36491,-66.12312
18.364756,-66.12309
18.364557,-66.12308
18.364395,-66.12306
18.36424,-66.12304
18.364014,-66.12293
18.363987,-66.122765
18.36414,-66.12264
18.364292,-66.12261
18.364557,-66.12259
18.364706,-66.12263
18.36475,-66.122826
18.364773,-66.12299
18.364914,-66.123055
18.364914,-66.123055
18.365082,-66.123055
18.365274,-66.12303
18.365482,-66.12299
18.365639,-66.12297
18.36582,-66.12294
18.365992,-66.1229
18.366146,-66.12288
18.366299,-66.12291
18.366417,-66.123055
18.36639,-66.12324
18.366274,-66.12335
18.36612,-66.12341
18.365925,-66.12343
18.365765,-66.12342
18.365751,-66.12341
18.365658,-66.12339
18.365519,-66.12328
18.365417,-66.123146
18.365385,-66.123116
18.365301,-66.123085
18.36514,-66.12313
18.364986,-66.12313
18.36483,-66.12307
18.364779,-66.123055
18.364668,-66.12305
18.364668,-66.12305
18.364504,-66.12306
18.364395,-66.12304
18.36424,-66.123
18.364096,-66.12296
18.364029,-66.122894
18.364038,-66.12274
18.364143,-66.12261
18.364305,-66.122574
18.364365,-66.122574
18.364454,-66.12257
18.364628,-66.122574
18.364742,-66.12273
18.364782,-66.1229
18.364931,-66.122986
18.364944,-66.122986
18.365152,-66.12302
18.365376,-66.12303
18.365541,-66.123024
18.365732,-66.12299
18.365923,-66.122955
18.36608,-66.12294
18.366234,-66.12295
18.366331,-66.12301
18.366392,-66.123085
18.366404,-66.12327
18.366323,-66.12333
18.366096,-66.123375
18.366016,-66.12339
18.365858,-66.12339
18.3657,-66.12337
18.365559,-66.12327
18.365398,-66.123146
18.365234,-66.12314
18.365072,-66.12317
18.364916,-66.12313
18.36477,-66.12307
18.364601,-66.123055
18.364511,-66.12307
18.364344,-66.123024
18.36429,-66.12302
18.364176,-66.122986
18.364037,-66.122894
18.364029,-66.12269
18.364052,-66.12265
18.364204,-66.1226
18.364328,-66.1226
18.364374,-66.1226
18.364458,-66.1226
18.36456,-66.1226
18.364609,-66.12261
18.364683,-66.12265
18.364738,-66.12273
18.364756,-66.12282
18.364756,-66.122925
18.364794,-66.12301
18.36496,-66.12302
18.365114,-66.12301
18.365269,-66.12302
18.365486,-66.12301
18.365658,-66.12299
18.365673,-66.12299
18.365814,-66.12298
18.365915,-66.12297
18.366068,-66.12296
18.366234,-66.122955
18.366734,-66.12311
18.366419,-66.12307
18.366388,-66.12324
18.366224,-66.1234
18.365969,-66.12344
18.365816,-66.123474
18.365627,-66.12345
18.36562,-66.12345
18.365494,-66.12333
18.36539,-66.1232
18.365232,-66.12318
18.365078,-66.123215
18.365068,-66.123215
18.364971,-66.123215
18.364819,-66.12316
18.364655,-66.12311
18.364494,-66.123116
18.364443,-66.12311
18.36429,-66.12307
18.364122,-66.12302
18.364016,-66.122894
18.364092,-66.12273
18.36421,-66.12263
18.36421,-66.12263
18.364363,-66.12258
18.36452,-66.12254
18.364674,-66.12257
18.36476,-66.12276
18.364763,-66.1228
18.3648,-66.12297
18.364931,-66.123055
18.364946,-66.12305
18.365162,-66.12302
18.365328,-66.123
18.365494,-66.12301
18.365639,-66.12302
18.365726,-66.123
18.36591,-66.12294
18.366074,-66.122925
18.36614,-66.12292
18.36623,-66.1229
18.366371,-66.12296
18.366415,-66.12312
18.366346,-66.12329
18.366165,-66.12337
18.36601,-66.12339
18.36585,-66.12344
18.36569,-66.12343
18.365553,-66.12333
18.365454,-66.123184
18.365246,-66.123116
18.36507,-66.12315
18.364923,-66.12308
18.364758,-66.123
18.364595,-66.123
18.36444,-66.12301
18.36443,-66.12301
18.364265,-66.122986
18.364243,-66.122986
18.36409,-66.12296
18.363995,-66.12281
18.363995,-66.1228
18.36405,-66.12265
18.364096,-66.122604
18.364279,-66.12256
18.36444,-66.12255
18.364603,-66.12257
18.364752,-66.12266
18.364857,-66.12294
18.365017,-66.12298
18.365173,-66.12297
18.365328,-66.122955
18.36546,-66.12294
18.365545,-66.12293
18.365622,-66.12293
18.36574,-66.12294
18.365927,-66.12294
18.366064,-66.122925
18.36615,-66.12292
18.366327,-66.12297
18.366413,-66.12313
18.366364,-66.12329
18.366213,-66.12335
18.36604,-66.12339
18.36588,-66.123436
18.36565,-66.12341
18.365631,-66.123405
18.365528,-66.12327
18.36541,-66.123116
18.365253,-66.12313
18.365215,-66.12313
18.365051,-66.12315
18.36489,-66.12314
18.364704,-66.12304
18.364542,-66.12304
18.36435,-66.12302
18.364197,-66.12299
18.364073,-66.12288
18.364042,-66.1227
18.364134,-66.12257
18.364302,-66.12255
18.364456,-66.12256
18.364674,-66.12258
18.364775,-66.12272
18.364794,-66.12288
18.36497,-66.123024
18.365135,-66.123
18.365135,-66.123
18.36529,-66.122955
18.365461,-66.12294
18.365635,-66.12295
18.365791,-66.122925
18.365917,-66.122894
18.36613,-66.122856
18.366232,-66.12285
18.366339,-66.122894
18.366417,-66.12303
18.366404,-66.12323
18.36629,-66.123344
18.36613,-66.12338
18.366001,-66.1234
18.365772,-66.12339
18.365631,-66.12332
18.365622,-66.123314
18.365517,-66.1232
18.365402,-66.12311
18.365368,-66.1231
18.365208,-66.123116
18.365053,-66.12316
18.364958,-66.12316
18.364807,-66.123116
18.364634,-66.123085
18.364473,-66.12308
18.364252,-66.12301
18.36421,-66.123
18.364113,-66.12296
18.364014,-66.12276
18.36407,-66.122604
18.36425,-66.122536
18.364405,-66.122536
18.364487,-66.12254
18.364576,-66.12256
18.36477,-66.12264
18.36482,-66.1228
18.364813,-66.12294
18.364876,-66.12301
18.365229,-66.122955
18.365389,-66.12293
18.365568,-66.12294
18.365725,-66.12293
18.365946,-66.12291
18.366169,-66.12285
18.366343,-66.12285
18.366453,-66.12298
18.36648,-66.12314
18.366405,-66.12328
18.366259,-66.12335
18.366106,-66.12338
18.365906,-66.12341
18.365696,-66.123405
18.365547,-66.12326
18.36544,-66.12314
18.365255,-66.12313
18.365099,-66.1232
18.364946,-66.12318
18.364925,-66.12316
18.364723,-66.12307
18.364653,-66.12307
18.36456,-66.12306
18.364357,-66.12303
18.364206,-66.123024
18.364086,-66.12298
18.364016,-66.122826
18.364044,-66.12265
18.364157,-66.12253
18.364365,-66.12252
18.364517,-66.12253
18.364634,-66.122536
18.364704,-66.1226
18.364758,-66.12275
18.364828,-66.122955
18.364985,-66.12299
18.365162,-66.12298
18.365326,-66.12299
18.365488,-66.12297
18.365652,-66.12293
18.365805,-66.12291
18.365963,-66.12288
18.366117,-66.122856
18.366238,-66.12284
18.366344,-66.12287
18.366344,-66.12287
18.366426,-66.12298
18.366468,-66.123184
18.366465,-66.12319
18.36639,-66.123344
18.36622,-66.1234
18.366037,-66.12341
18.365845,-66.123436
18.365686,-66.12339
18.36555,-66.12327
18.365442,-66.12314
18.365286,-66.12313
18.365114,-66.12318
18.364868,-66.12313
18.36464,-66.123085
18.364475,-66.12308
18.364475,-66.12308
18.364319,-66.12305
18.364157,-66.12302
18.364143,-66.12302
18.364063,-66.12298
18.363977,-66.12282
18.364016,-66.12262
18.364174,-66.12256
18.36433,-66.12254
18.364492,-66.12253
18.364662,-66.12257
18.364763,-66.122696
18.36481,-66.1229
18.364923,-66.123024
18.365095,-66.12301
18.365265,-66.122986
18.365437,-66.122955
18.365608,-66.12294
18.36578,-66.12292
18.365938,-66.12289
18.365948,-66.12289
18.366135,-66.12286
18.366306,-66.12287
18.366428,-66.122986
18.366488,-66.12319
18.366367,-66.12335
18.366348,-66.12337
18.366112,-66.12342
18.365936,-66.123436
18.365746,-66.12347
18.365595,-66.12339
18.365583,-66.12338
18.365583,-66.12338
18.36551,-66.12333
18.365488,-66.12331
18.365437,-66.12324
18.365295,-66.12315
18.365137,-66.12319
18.36498,-66.123215
18.364834,-66.12314
18.36468,-66.123085
18.364511,-66.1231
18.364504,-66.1231
18.364347,-66.12305
18.364187,-66.12301
18.364061,-66.1229
18.364035,-66.122826
18.364079,-66.12265
18.364223,-66.12258
18.364384,-66.12256
18.364574,-66.122574
18.36467,-66.122604
18.364733,-66.122665
18.364784,-66.12276
18.364788,-66.12286
18.364815,-66.12295
18.364958,-66.12301
18.365131,-66.12298
18.365295,-66.122955
18.36547,-66.12297
18.365627,-66.12294
18.365795,-66.122925
18.365955,-66.1229
18.365973,-66.122894
18.366148,-66.12288
18.366304,-66.12291
18.366411,-66.12305
18.366425,-66.12322
18.366295,-66.123344
18.366226,-66.12338
18.366138,-66.12341
18.365988,-66.123436
18.36577,-66.12343
18.36562,-66.12337
18.365479,-66.12321
18.36532,-66.12316
18.365091,-66.12321
18.364923,-66.12317
18.364868,-66.123146
18.364786,-66.12312
18.364586,-66.12311
18.364416,-66.123055
18.364326,-66.12302
18.36421,-66.12299
18.364077,-66.122894
18.364029,-66.1228
18.364098,-66.12261
18.364246,-66.12255
18.364408,-66.12253
18.364563,-66.12254
18.36471,-66.12262
18.364796,-66.12276
18.364819,-66.12294
18.364973,-66.12301
18.365135,-66.12297
18.36529,-66.122986
18.365313,-66.122986
18.365404,-66.12299
18.365501,-66.123
18.365587,-66.123
18.365755,-66.12295
18.365826,-66.12293
18.365898,-66.12292
18.365993,-66.12291
18.366146,-66.12289
18.366245,-66.122894
18.366325,-66.12293
18.366383,-66.12301
18.366419,-66.12243
18.367,-66.12367
