18.407232,-66.10172
18.407179,-66.10183
18.407131,-66.10193
18.40705,-66.10198
18.407001,-66.10205
18.406942,-66.10212
18.406948,-66.10221
18.407045,-66.10226
18.407125,-66.1023
18.407194,-66.10236
18.40726,-66.102425
18.407347,-66.10247
18.407406,-66.10253
18.40749,-66.102585
18.407576,-66.10258
18.407652,-66.10251
18.407705,-66.102425
18.407753,-66.10235
18.407818,-66.10229
18.407871,-66.10219
18.407913,-66.1021
18.407957,-66.102
18.408005,-66.101906
18.407963,-66.10183
18.407904,-66.10176
18.407818,-66.10176
18.407667,-66.101654
18.407587,-66.10168
18.407501,-66.10166
18.407421,-66.10163
18.407324,-66.10162
18.40725,-66.10167
18.407194,-66.10174
18.407116,-66.10181
18.407072,-66.10189
18.407045,-66.101974
18.406986,-66.10207
18.406933,-66.10215
18.406986,-66.10222
18.407066,-66.10229
18.407137,-66.10233
18.407202,-66.102394
18.407265,-66.10245
18.40734,-66.102486
18.40741,-66.10255
18.407463,-66.102615
18.407549,-66.10261
18.40764,-66.10258
18.407694,-66.1025
18.407732,-66.10241
18.40778,-66.10233
18.40786,-66.10225
18.407887,-66.10215
18.40793,-66.10207
18.407969,-66.10198
18.408016,-66.1019
18.407963,-66.10182
18.40786,-66.1018
18.407768,-66.10182
18.407682,-66.10181
18.407614,-66.101746
18.407528,-66.10169
18.407442,-66.10166
18.407362,-66.10162
18.407282,-66.10167
18.407223,-66.10173
18.407158,-66.1018
18.407116,-66.10188
18.40705,-66.10194
18.406998,-66.10201
18.406948,-66.1021
18.406921,-66.10218
18.406954,-66.102264
18.407019,-66.10234
18.407087,-66.102394
18.407104,-66.102486
18.407179,-66.10254
18.407253,-66.10258
18.40733,-66.10263
18.407406,-66.10267
18.407475,-66.10272
18.407564,-66.10279
18.407667,-66.10281
18.407726,-66.10288
18.407791,-66.102936
18.407839,-66.103004
18.407904,-66.103065
18.407972,-66.10311
18.408049,-66.10315
18.408129,-66.103195
18.408197,-66.10325
18.408262,-66.1033
18.408342,-66.103355
18.408424,-66.10336
18.408504,-66.10341
18.40859,-66.10345
18.408676,-66.10346
18.408718,-66.10337
18.40875,-66.10329
18.40874,-66.103424
18.40867,-66.10348
18.408546,-66.10345
18.40846,-66.10345
18.40838,-66.10341
18.408316,-66.103355
18.408253,-66.10329
18.408173,-66.103226
18.40809,-66.10317
18.408022,-66.10312
18.407936,-66.1031
18.40785,-66.10306
18.407776,-66.10299
18.407717,-66.102936
18.407652,-66.10299
18.407555,-66.10299
18.40749,-66.102936
18.407421,-66.10288
18.40733,-66.102844
18.407253,-66.102806
18.407173,-66.102745
18.407099,-66.102684
18.407013,-66.10262
18.406921,-66.10257
18.406857,-66.10251
18.406788,-66.10246
18.406708,-66.10243
18.406622,-66.102394
18.406513,-66.102325
18.406445,-66.10227
18.406397,-66.102196
18.40622,-66.10212
18.406116,-66.10204
18.406027,-66.102066
18.405968,-66.102
18.405827,-66.10187
18.405758,-66.10182
18.405441,-66.10163
18.40535,-66.101715
18.405329,-66.10181
18.405317,-66.1019
18.4052,-66.102104
18.405146,-66.1022
18.405083,-66.10229
18.405142,-66.10241
18.40521,-66.10248
18.405249,-66.1026
18.405367,-66.102615
18.405441,-66.102646
18.405527,-66.10269
18.405752,-66.10274
18.405912,-66.10297
18.406054,-66.103165
18.40594,-66.10337
18.406004,-66.10347
18.406063,-66.103546
18.406116,-66.10371
18.406101,-66.1038
18.406116,-66.10388
18.406155,-66.103966
18.40616,-66.10408
18.406096,-66.10413
18.405994,-66.10415
18.405977,-66.104324
18.40579,-66.10415
18.405743,-66.10422
18.40565,-66.104256
18.405554,-66.104256
18.405474,-66.104294
18.405388,-66.104324
18.405243,-66.10436
18.40513,-66.10443
18.40505,-66.10449
18.4049,-66.10457
18.404797,-66.1046
18.404713,-66.1046
18.40463,-66.10464
18.40456,-66.10469
18.404497,-66.10476
18.404423,-66.10481
18.404346,-66.10485
18.404245,-66.104904
18.404127,-66.10485
18.404041,-66.10467
18.403994,-66.104576
18.403923,-66.104385
18.403708,-66.104294
18.403574,-66.104294
18.403574,-66.104294
18.40939,-66.10502
18.4094,-66.10487
18.409534,-66.10455
18.40946,-66.104515
18.409353,-66.10447
18.409239,-66.10443
18.409111,-66.104324
18.409037,-66.10427
18.408978,-66.1042
18.40896,-66.10408
18.408918,-66.10399
18.408918,-66.10387
18.408934,-66.10378
18.408869,-66.1037
18.408783,-66.10367
18.408697,-66.10362
18.408602,-66.1036
18.40851,-66.103584
18.408413,-66.10358
18.408327,-66.10354
18.408247,-66.10351
18.408064,-66.10335
18.40799,-66.10332
18.407904,-66.10328
18.407824,-66.10325
18.407738,-66.10317
18.40764,-66.10311
18.40756,-66.10305
18.407486,-66.103004
18.407415,-66.10295
18.407347,-66.10288
18.407265,-66.10287
18.407185,-66.102844
18.40711,-66.10276
18.40703,-66.10271
18.406954,-66.102646
18.406885,-66.10259
18.406805,-66.10255
18.406687,-66.10247
18.406605,-66.102394
18.406515,-66.102325
18.406456,-66.10227
18.40638,-66.102234
18.406235,-66.102135
18.40616,-66.10209
18.406086,-66.10204
18.406,-66.10198
18.40593,-66.101906
18.405855,-66.10185
18.405785,-66.10181
18.40571,-66.10177
18.405619,-66.10176
18.405521,-66.1017
18.405426,-66.10166
18.405376,-66.10159
18.40534,-66.10168
18.405287,-66.10176
18.405237,-66.10186
18.405174,-66.101944
18.405119,-66.10203
18.405056,-66.1021
18.405012,-66.10217
18.404964,-66.10225
18.404926,-66.102356
18.404932,-66.10245
18.405006,-66.102486
18.405098,-66.102516
18.405163,-66.10258
18.40526,-66.10259
18.405361,-66.10262
18.4055,-66.10266
18.405592,-66.10273
18.405684,-66.10277
18.40577,-66.10281
18.40586,-66.10287
18.405935,-66.10292
18.405994,-66.103004
18.406021,-66.1031
18.406033,-66.10319
18.406054,-66.1033
18.406092,-66.10341
18.406113,-66.1035
18.40614,-66.10359
18.406145,-66.103676
18.406155,-66.10377
18.40616,-66.10386
18.406134,-66.103966
18.406172,-66.10408
18.406118,-66.104164
18.406027,-66.1042
18.405924,-66.10423
18.405832,-66.10426
18.405743,-66.10428
18.405663,-66.104294
18.40558,-66.10432
18.405495,-66.10434
18.405415,-66.10436
18.405313,-66.104385
18.405216,-66.10442
18.405136,-66.104454
18.405033,-66.104485
18.404959,-66.10453
18.404861,-66.10457
18.404755,-66.10461
18.404675,-66.10463
18.404577,-66.104675
18.404491,-66.10472
18.404411,-66.10475
18.404337,-66.10478
18.404245,-66.10482
18.404186,-66.104744
18.404121,-66.10469
18.404036,-66.10462
18.404,-66.10453
18.40395,-66.10445
18.40387,-66.10439
18.40379,-66.10435
18.403715,-66.10431
18.403715,-66.10431
18.404497,-66.10468
18.404491,-66.10475
18.404577,-66.1047
18.404654,-66.10465
18.404728,-66.104614
18.40482,-66.104576
18.404905,-66.104546
18.404985,-66.104515
18.40506,-66.104485
18.405146,-66.104454
18.405233,-66.10442
18.405323,-66.104385
18.405415,-66.10435
18.4055,-66.10431
18.40558,-66.104294
18.405684,-66.10426
18.405775,-66.10425
18.40586,-66.10423
18.405956,-66.1042
18.406033,-66.10417
18.406122,-66.10415
18.406208,-66.10412
18.406208,-66.10403
18.406193,-66.10394
18.406187,-66.10385
18.406172,-66.10375
18.406149,-66.10367
18.406118,-66.10357
18.406092,-66.10347
18.40606,-66.10337
18.406021,-66.10328
18.406036,-66.10319
18.406027,-66.1031
18.405977,-66.10301
18.405924,-66.10294
18.40585,-66.102905
18.405775,-66.10287
18.405699,-66.10283
18.405619,-66.10279
18.405539,-66.10277
18.405458,-66.10272
18.405376,-66.102684
18.405296,-66.102646
18.40521,-66.10259
18.405151,-66.10253
18.405066,-66.1025
18.404985,-66.10248
18.404917,-66.102425
18.404917,-66.10233
18.404932,-66.10225
18.404964,-66.102165
18.405024,-66.10209
18.405088,-66.10203
18.405136,-66.10195
18.405195,-66.10189
18.405254,-66.10183
18.405334,-66.10178
18.405355,-66.1017
18.405458,-66.10168
18.405544,-66.1017
18.405634,-66.10172
18.405716,-66.10178
18.405796,-66.10181
18.405888,-66.101875
18.405973,-66.101944
18.406048,-66.10199
18.406118,-66.102036
18.406204,-66.10207
18.406311,-66.102135
18.40637,-66.102196
18.406456,-66.10225
18.406525,-66.102295
18.406605,-66.10234
18.406778,-66.10245
18.406868,-66.10251
18.406954,-66.10256
18.40703,-66.10263
18.407099,-66.10269
18.407175,-66.102745
18.407238,-66.1028
18.407309,-66.10285
18.4074,-66.102905
18.407492,-66.10294
18.40756,-66.10299
18.40763,-66.10305
18.407694,-66.1031
18.407776,-66.103134
18.40785,-66.10318
18.407915,-66.10324
18.407984,-66.10329
18.40806,-66.10333
18.408146,-66.10333
18.408226,-66.10337
18.408306,-66.10339
18.408386,-66.1034
18.408484,-66.10346
18.40857,-66.103516
18.408655,-66.10358
18.40872,-66.103645
18.408794,-66.103676
18.408869,-66.10374
18.408981,-66.10375
18.409046,-66.10381
18.409037,-66.1039
18.408998,-66.10401
18.40901,-66.1041
18.40902,-66.10422
18.40901,-66.104324
18.4091,-66.10435
18.409185,-66.104385
18.409277,-66.10444
18.409369,-66.10446
18.409475,-66.10453
18.409502,-66.10462
18.409487,-66.10468
