29.49847,-98.59219
29.498543,-98.59229
29.498577,-98.5924
29.498636,-98.592514
29.498693,-98.5926
29.498756,-98.5927
29.4988,-98.592804
29.498835,-98.5929
29.498852,-98.59302
29.498842,-98.59312
29.498837,-98.59325
29.498842,-98.59336
29.498854,-98.5935
29.49886,-98.59363
29.49885,-98.59376
29.498825,-98.59389
29.498848,-98.59401
29.49886,-98.59414
29.498875,-98.59426
29.498896,-98.59437
29.498909,-98.5945
29.49892,-98.59463
29.498966,-98.59471
29.49906,-98.59471
29.49916,-98.59469
29.49927,-98.59464
29.499355,-98.5946
29.499449,-98.59456
29.499569,-98.594505
29.49966,-98.59446
29.499748,-98.59441
29.499847,-98.594444
29.49992,-98.594505
29.499943,-98.59463
29.499966,-98.59474
29.499994,-98.59484
29.500032,-98.59496
29.500105,-98.59507
29.500153,-98.59516
29.500198,-98.59525
29.50026,-98.59534
29.50033,-98.595436
29.5004,-98.59553
29.500504,-98.59551
29.500584,-98.59544
29.500696,-98.59539
29.500788,-98.595375
29.500883,-98.59536
29.500986,-98.59539
29.501062,-98.59545
29.501139,-98.59552
29.501213,-98.5956
29.501295,-98.59564
29.501377,-98.595695
29.50147,-98.59576
29.50158,-98.595795
29.501684,-98.59582
29.501802,-98.59583
29.501919,-98.59584
29.502028,-98.59583
29.502144,-98.59582
29.502228,-98.59579
29.50233,-98.59576
29.502438,-98.59573
29.502554,-98.595695
29.502653,-98.595695
29.502754,-98.595695
29.502846,-98.59568
29.502949,-98.595695
29.50304,-98.5957
29.503153,-98.59572
29.503237,-98.59578
29.503304,-98.59588
29.503366,-98.595955
29.503445,-98.59602
29.503525,-98.596085
29.503628,-98.59612
29.50371,-98.596176
29.503788,-98.59626
29.503891,-98.59628
29.50399,-98.59631
29.50409,-98.59636
29.504185,-98.59642
29.50427,-98.59646
29.504364,-98.5965
29.504475,-98.59648
29.504587,-98.59645
29.504707,-98.59644
29.504778,-98.596535
29.504831,-98.596634
29.504856,-98.59674
29.504906,-98.59685
29.504963,-98.59693
29.50503,-98.59701
29.505093,-98.5971
29.505146,-98.59718
29.505201,-98.59729
29.505278,-98.59739
29.505354,-98.59747
29.505432,-98.59756
29.505508,-98.59763
29.505604,-98.597725
29.505661,-98.597824
29.50572,-98.59791
29.505812,-98.59797
29.505882,-98.59806
29.505955,-98.59816
29.505993,-98.59827
29.506039,-98.598366
29.506119,-98.59846
29.506168,-98.59856
29.506233,-98.59864
29.506315,-98.59873
29.506367,-98.59883
29.506418,-98.598946
29.506464,-98.59905
29.506487,-98.59916
29.506477,-98.59929
29.50646,-98.59941
29.506447,-98.59953
29.50649,-98.59963
29.506577,-98.59968
29.506672,-98.5997
29.506779,-98.59971
29.506874,-98.59968
29.506983,-98.59963
29.507092,-98.59958
29.50716,-98.59951
29.50723,-98.5994
29.507282,-98.599304
29.507366,-98.59925
29.507435,-98.59917
29.50748,-98.59908
29.507563,-98.59901
29.507662,-98.59894
29.507732,-98.59886
29.507814,-98.59877
29.507896,-98.59868
29.507982,-98.59861
29.508057,-98.59853
29.508148,-98.59848
29.508226,-98.59843
29.508308,-98.59833
29.508385,-98.598236
29.508446,-98.59816
29.508518,-98.59806
29.508595,-98.59798
29.508665,-98.5979
29.508757,-98.59782
29.508835,-98.59775
29.50892,-98.59768
29.509003,-98.59763
29.509064,-98.59755
29.509148,-98.597466
29.509237,-98.597404
29.509315,-98.59735
29.509382,-98.59728
29.50946,-98.5972
29.509521,-98.59712
29.50961,-98.59704
29.509686,-98.59697
29.50977,-98.59689
29.509865,-98.59682
29.509937,-98.59672
29.510006,-98.59665
29.51009,-98.59657
29.510162,-98.596504
29.510237,-98.59641
29.510317,-98.59634
29.510391,-98.596245
29.51047,-98.596176
29.510563,-98.5961
29.51063,-98.59602
29.5107,-98.59595
29.51077,-98.59588
29.510847,-98.5958
29.510933,-98.59572
29.51105,-98.59566
29.511126,-98.59559
29.511234,-98.595535
29.511335,-98.5955
29.51142,-98.59541
29.511494,-98.59533
29.511578,-98.59526
29.51163,-98.59517
29.511705,-98.59509
29.511778,-98.595024
29.511856,-98.59494
29.511929,-98.594864
29.512005,-98.594765
29.51207,-98.59468
29.512144,-98.59459
29.512238,-98.594505
29.512333,-98.59446
29.512444,-98.59449
29.512548,-98.59454
29.512655,-98.59457
29.512743,-98.59451
29.51281,-98.59444
29.512865,-98.59435
29.51293,-98.594246
29.513,-98.59416
29.513067,-98.594086
29.51313,-98.593994
29.513178,-98.59387
29.51321,-98.593765
29.513254,-98.593636
29.513287,-98.59351
29.51329,-98.59338
29.513308,-98.59327
29.513405,-98.59322
29.513437,-98.593094
29.513489,-98.59299
29.513565,-98.592926
29.513653,-98.59288
29.513758,-98.5928
29.513847,-98.59274
29.513918,-98.59268
29.513988,-98.59258
29.51403,-98.59249
29.514088,-98.5924
29.51412,-98.5923
29.514153,-98.592186
29.514217,-98.59209
29.514273,-98.59197
29.514301,-98.59185
29.514341,-98.591736
29.514406,-98.59162
29.514448,-98.59152
29.514511,-98.591415
29.514591,-98.59135
29.514671,-98.591286
29.51476,-98.591225
29.514824,-98.59114
29.5149,-98.59104
29.51497,-98.59096
29.515055,-98.59089
29.515121,-98.59082
29.515211,-98.590775
29.515278,-98.5907
29.515253,-98.59057
29.515202,-98.590454
29.515078,-98.59041
29.514965,-98.590385
29.514864,-98.59035
29.514841,-98.59024
29.514912,-98.590126
29.514978,-98.590004
29.51502,-98.58991
29.515064,-98.58982
29.515089,-98.589714
29.515121,-98.5896
29.515167,-98.58951
29.51527,-98.58946
29.51538,-98.589455
29.515457,-98.58938
29.515501,-98.58928
29.515572,-98.58918
29.515665,-98.58912
29.515757,-98.5891
29.515863,-98.589066
29.515951,-98.58903
29.516039,-98.58899
29.516123,-98.58894
29.51622,-98.5889
29.51632,-98.58884
29.516382,-98.58876
29.516459,-98.58869
29.516556,-98.58864
29.516647,-98.5886
29.516735,-98.58853
29.51682,-98.58849
29.516916,-98.58843
29.516977,-98.58832
29.517038,-98.58823
29.51711,-98.58815
29.517187,-98.5881
29.517284,-98.58805
29.517376,-98.58804
29.517467,-98.58802
29.517546,-98.58795
29.517616,-98.587875
29.517693,-98.58778
29.51776,-98.58771
29.517822,-98.58762
29.517878,-98.58754
29.517944,-98.587456
29.518011,-98.58737
29.518053,-98.58727
29.518133,-98.587166
29.518177,-98.587074
29.518188,-98.58697
29.518133,-98.58685
29.518072,-98.58677
29.518084,-98.586655
29.518196,-98.58662
29.518295,-98.58665
29.518394,-98.58669
29.51846,-98.58677
29.518545,-98.586845
29.518642,-98.58692
29.518728,-98.586975
29.518799,-98.58704
29.518866,-98.58711
29.518946,-98.587166
29.518997,-98.58727
29.519098,-98.58732
29.5192,-98.587364
29.519264,-98.58744
29.519337,-98.587524
29.519426,-98.587585
29.519518,-98.58767
29.519594,-98.587746
29.519638,-98.587845
29.519672,-98.587944
29.519718,-98.58804
29.519802,-98.588135
29.519875,-98.58822
29.519958,-98.588295
29.520035,-98.58839
29.519949,-98.58848
29.51988,-98.58855
29.519796,-98.58861
29.519709,-98.58867
29.519602,-98.5887
29.519533,-98.588776
29.51946,-98.58884
29.519386,-98.58891
29.519293,-98.588974
29.51923,-98.58905
29.519144,-98.58908
29.51907,-98.58901
29.518974,-98.589005
29.518904,-98.5891
29.518879,-98.58922
29.518831,-98.58931
29.51875,-98.589386
29.518679,-98.58948
29.518612,-98.589584
29.518528,-98.589676
29.518436,-98.589745
29.518375,-98.58982
29.51831,-98.5899
29.51823,-98.58998
29.518162,-98.59006
29.518076,-98.59014
29.517975,-98.5902
29.517878,-98.590256
29.517809,-98.59034
29.517744,-98.59044
29.517685,-98.59052
29.517614,-98.590614
29.517548,-98.59068
29.51746,-98.59075
29.517376,-98.59082
29.517311,-98.5909
29.517248,-98.59098
29.517176,-98.59108
29.5171,-98.59118
29.517015,-98.59125
29.516912,-98.5913
29.516838,-98.591385
29.516756,-98.59148
29.516676,-98.59156
29.51658,-98.59162
29.516495,-98.59168
29.516415,-98.591774
29.516333,-98.59183
29.516256,-98.5919
29.516163,-98.59197
29.516075,-98.59206
29.515987,-98.59214
29.515898,-98.59223
29.515837,-98.592316
29.515778,-98.59239
29.515726,-98.59248
29.515736,-98.592606
29.51572,-98.59271
29.515676,-98.59283
29.515623,-98.59293
29.515562,-98.59304
29.5155,-98.59313
29.51545,-98.59322
29.515368,-98.59331
29.515278,-98.59339
29.515207,-98.59346
29.515116,-98.59352
29.515045,-98.59359
29.514973,-98.59367
29.5149,-98.59377
29.514849,-98.593864
29.51481,-98.59396
29.514744,-98.59406
29.514652,-98.594124
29.514553,-98.5942
29.514473,-98.59425
29.514395,-98.594315
29.514332,-98.594406
29.514282,-98.5945
29.51421,-98.59457
29.514133,-98.594635
29.51408,-98.594734
29.513985,-98.594826
29.513891,-98.594894
29.513819,-98.59497
29.51373,-98.595055
29.513668,-98.59514
29.513582,-98.59522
29.513487,-98.5953
29.513405,-98.595345
29.513315,-98.59539
29.513231,-98.59543
29.513144,-98.5954
29.513084,-98.59532
29.513025,-98.59521
29.512941,-98.595116
29.512878,-98.59504
29.512814,-98.59496
29.512747,-98.59488
29.512667,-98.59482
29.512575,-98.59477
29.512495,-98.59473
29.51242,-98.59462
29.512358,-98.59452
29.51226,-98.59445
29.512173,-98.59449
29.512093,-98.59459
29.51202,-98.59469
29.511953,-98.59477
29.511875,-98.594864
29.511822,-98.594955
29.511757,-98.59503
29.511683,-98.59511
29.5116,-98.5952
29.511518,-98.59528
29.511436,-98.595375
29.511358,-98.59544
29.511272,-98.595535
29.511177,-98.59561
29.51109,-98.59568
29.510986,-98.59575
29.510897,-98.595825
29.51083,-98.5959
29.510765,-98.595985
29.510695,-98.59607
29.510609,-98.59615
29.51053,-98.59624
29.51045,-98.59633
29.510359,-98.59641
29.510283,-98.59647
29.5102,-98.59653
29.51011,-98.596596
29.51003,-98.59666
29.509962,-98.59675
29.509888,-98.59684
29.509811,-98.59692
29.509743,-98.596985
29.509666,-98.59706
29.509588,-98.59715
29.509514,-98.59722
29.509432,-98.5973
29.509354,-98.59737
29.509274,-98.59745
29.509192,-98.59752
29.50911,-98.5976
29.509037,-98.59768
29.50897,-98.59776
29.508905,-98.597855
29.508827,-98.59793
29.508745,-98.59801
29.508654,-98.598076
29.508583,-98.598145
29.508497,-98.598206
29.508404,-98.59828
29.508339,-98.59838
29.508265,-98.59847
29.508202,-98.59855
29.508118,-98.59864
29.508043,-98.5987
29.507967,-98.59876
29.507885,-98.59885
29.507797,-98.59892
29.50771,-98.59901
29.507622,-98.59909
29.507547,-98.59915
29.507452,-98.59922
29.50737,-98.59931
29.507292,-98.5994
29.507202,-98.59948
29.507114,-98.59956
29.50706,-98.59967
29.5071,-98.5998
29.50716,-98.599915
29.507215,-98.6
29.50728,-98.600075
29.50735,-98.60016
29.507421,-98.60024
29.507418,-98.600365
29.507353,-98.60045
29.507278,-98.60051
29.50721,-98.600586
29.507124,-98.600655
29.507042,-98.60071
29.506962,-98.60076
29.506882,-98.60081
29.506792,-98.60088
29.50671,-98.600975
29.506628,-98.60106
29.50655,-98.60114
29.506466,-98.60122
29.506382,-98.60131
29.506315,-98.601395
29.506227,-98.60149
29.50614,-98.601555
29.506058,-98.60164
29.505978,-98.60174
29.505898,-98.60183
29.505812,-98.60191
29.505733,-98.602
29.505646,-98.60208
29.505554,-98.60215
29.505482,-98.60223
29.505404,-98.602325
29.505304,-98.6024
29.505198,-98.60246
29.505108,-98.60254
29.505016,-98.602615
29.504938,-98.6027
29.504864,-98.60278
29.504791,-98.602875
29.50472,-98.602974
29.504648,-98.60304
29.504559,-98.60311
29.504469,-98.60319
29.504393,-98.60328
29.504324,-98.60335
29.50425,-98.60341
29.504168,-98.60347
29.504091,-98.60353
29.503986,-98.60353
29.503922,-98.603455
29.503868,-98.60336
29.50381,-98.603264
29.503754,-98.60318
29.50368,-98.60309
29.503618,-98.603004
29.503563,-98.60292
29.503504,-98.602844
29.503426,-98.60276
29.503351,-98.60266
29.503275,-98.60256
29.503222,-98.60248
29.503159,-98.6024
29.503078,-98.60231
29.503002,-98.60223
29.502934,-98.602135
29.502867,-98.602036
29.502794,-98.60195
29.50273,-98.60185
29.502678,-98.60175
29.502613,-98.60168
29.50253,-98.60158
29.502462,-98.60148
29.502384,-98.60138
29.502302,-98.601295
29.502216,-98.601204
29.502142,-98.60111
29.502068,-98.60103
29.501995,-98.60095
29.501926,-98.600876
29.501842,-98.60078
29.501783,-98.600685
29.501713,-98.60061
29.501623,-98.600525
29.501526,-98.60054
29.501427,-98.60061
29.501339,-98.60068
29.501255,-98.600746
29.501177,-98.60082
29.50111,-98.6009
29.50105,-98.600975
29.501032,-98.601105
29.501083,-98.601204
29.501158,-98.60132
29.501245,-98.60143
29.50133,-98.60154
29.501408,-98.60163
29.501493,-98.60173
29.501581,-98.60182
29.50167,-98.60188
29.501753,-98.60194
29.50182,-98.60206
29.50182,-98.60206
29.498611,-98.592186
29.49864,-98.5923
29.498663,-98.59241
29.498688,-98.59254
29.498737,-98.59265
29.498787,-98.592735
29.49883,-98.592865
29.498833,-98.59298
29.49883,-98.59309
29.498838,-98.59321
29.498852,-98.59332
29.498857,-98.59343
29.498852,-98.59357
29.498852,-98.59369
29.498873,-98.5938
29.498886,-98.59393
29.498892,-98.59404
29.498913,-98.59417
29.498919,-98.59431
29.49894,-98.59442
29.498959,-98.59454
29.498997,-98.59464
29.49908,-98.59472
29.499174,-98.59475
29.499285,-98.59472
29.49937,-98.594666
29.499464,-98.594604
29.499556,-98.59456
29.49966,-98.59451
29.499765,-98.594505
29.499865,-98.59454
29.4999,-98.59467
29.499937,-98.59477
29.499996,-98.594894
29.500044,-98.59501
29.500088,-98.595116
29.50013,-98.59523
29.500193,-98.59533
29.500263,-98.595436
29.500328,-98.59555
29.500416,-98.59558
29.50049,-98.59553
29.500599,-98.595474
29.500692,-98.595436
29.500807,-98.595406
29.500902,-98.59545
29.500998,-98.59553
29.501081,-98.59561
29.50116,-98.5957
29.501238,-98.59579
29.501345,-98.59582
29.501432,-98.59583
29.501541,-98.59586
29.50164,-98.5959
29.501747,-98.595924
29.501848,-98.59591
29.501944,-98.5959
29.50205,-98.59589
29.50217,-98.595894
29.502268,-98.5959
29.50238,-98.59588
29.502495,-98.59586
29.502605,-98.59585
29.502699,-98.59585
29.502792,-98.59584
29.502893,-98.5958
29.502996,-98.59578
29.503119,-98.59581
29.50322,-98.595856
29.503317,-98.59591
29.503405,-98.595985
29.503473,-98.59607
29.503551,-98.59615
29.503637,-98.59624
29.503723,-98.59629
29.50383,-98.59633
29.503923,-98.59637
29.504019,-98.59642
29.504108,-98.59647
29.504213,-98.59649
29.504305,-98.59652
29.5044,-98.59654
29.50451,-98.596535
29.504625,-98.59652
29.504707,-98.596596
29.504744,-98.596725
29.504795,-98.59682
29.504871,-98.59689
29.504929,-98.597
29.504976,-98.59711
29.505056,-98.5972
29.505144,-98.59729
29.505232,-98.59734
29.505302,-98.59742
29.50541,-98.5975
29.505491,-98.5976
29.50555,-98.597694
29.505554,-98.59772
29.505428,-98.59767
29.50552,-98.59775
29.505598,-98.59784
29.505678,-98.597916
29.505762,-98.59801
29.50582,-98.598114
29.505886,-98.59822
29.505962,-98.59829
29.506033,-98.598404
29.506079,-98.598495
29.506142,-98.59861
29.506203,-98.5987
29.506285,-98.598785
29.506338,-98.598885
29.506369,-98.59898
29.506395,-98.5991
29.506424,-98.599205
29.506409,-98.59931
29.506382,-98.59942
29.50643,-98.59953
29.50646,-98.59965
29.506548,-98.59972
29.506641,-98.59971
29.506744,-98.59972
29.506836,-98.5997
29.506926,-98.59966
29.507029,-98.5996
29.50711,-98.59955
29.507187,-98.59949
29.507257,-98.59942
29.507332,-98.59934
29.507404,-98.599266
29.507488,-98.599174
29.507568,-98.599075
29.507664,-98.599
29.507755,-98.59893
29.507853,-98.598854
29.507954,-98.59881
29.508024,-98.59873
29.508087,-98.59862
29.50817,-98.59853
29.508251,-98.598465
29.508343,-98.59839
29.508419,-98.59831
29.50849,-98.59824
29.508558,-98.598175
29.508629,-98.59811
29.508713,-98.59804
29.5088,-98.59794
29.508888,-98.597855
29.50895,-98.59778
29.509031,-98.597694
29.50911,-98.59762
29.509172,-98.59753
29.50926,-98.59744
29.509342,-98.59737
29.509417,-98.597305
29.509506,-98.59722
29.50958,-98.597145
29.509659,-98.59705
29.509726,-98.59698
29.509813,-98.59695
29.509872,-98.59686
29.509937,-98.596794
29.510029,-98.596725
29.510098,-98.596664
29.510176,-98.59657
29.510244,-98.596504
29.510311,-98.59643
29.510372,-98.59635
29.510433,-98.59627
29.510513,-98.5962
29.51059,-98.59613
29.510681,-98.59608
29.510775,-98.59604
29.51086,-98.59597
29.510939,-98.59589
29.511034,-98.59581
29.511106,-98.59574
29.511202,-98.59569
29.511276,-98.59562
29.51135,-98.59555
29.51144,-98.59547
29.51151,-98.595406
29.511599,-98.595314
29.511677,-98.59524
29.511757,-98.59518
29.511837,-98.59512
29.511908,-98.59504
29.511976,-98.59494
29.51205,-98.59486
29.51214,-98.59479
29.512226,-98.59473
29.512306,-98.59466
29.512365,-98.59457
29.512432,-98.59464
29.512527,-98.59464
29.512625,-98.594574
29.512705,-98.59451
29.512796,-98.594444
29.512892,-98.594376
29.512974,-98.5943
29.513056,-98.594215
29.513126,-98.59412
29.513187,-98.59402
29.51322,-98.5939
29.513266,-98.59378
29.5133,-98.59369
29.513329,-98.59356
29.513355,-98.593445
29.513414,-98.59333
29.51347,-98.59324
29.513529,-98.59314
29.513597,-98.593056
29.513674,-98.593
29.513744,-98.592926
29.513819,-98.592865
29.51391,-98.59279
29.513985,-98.59269
29.514055,-98.59261
29.514116,-98.59253
29.514158,-98.59243
29.5142,-98.59234
29.51428,-98.59228
29.514193,-98.59231
29.514267,-98.59221
29.514315,-98.59212
29.514345,-98.59202
29.514397,-98.59192
29.514442,-98.59179
29.514479,-98.59167
29.514528,-98.59157
29.514597,-98.59148
29.514687,-98.5914
29.514782,-98.59132
29.514875,-98.59125
29.51494,-98.59115
29.515017,-98.59108
29.515085,-98.591
29.51516,-98.590935
29.515226,-98.590866
29.515251,-98.59077
29.515259,-98.59065
29.51519,-98.590546
29.515104,-98.5905
29.515013,-98.590454
29.51492,-98.5904
29.51487,-98.590294
29.514906,-98.590195
29.51495,-98.5901
29.515,-98.58999
29.515055,-98.5899
29.515102,-98.5898
29.51514,-98.58967
29.515194,-98.589554
29.515314,-98.58955
29.515406,-98.5895
29.515486,-98.5894
29.51555,-98.58931
29.515648,-98.58923
29.515757,-98.589195
29.51585,-98.589165
29.515951,-98.58911
29.516052,-98.58907
29.51616,-98.58902
29.516258,-98.58897
29.516335,-98.58887
29.516401,-98.58878
29.516478,-98.588715
29.51657,-98.588684
29.516645,-98.58863
29.51674,-98.58856
29.516838,-98.58849
29.516916,-98.58842
29.516994,-98.58835
29.517065,-98.588264
29.517141,-98.588165
29.517239,-98.5881
29.517324,-98.58804
29.51742,-98.58803
29.517515,-98.58799
29.517614,-98.58791
29.517696,-98.58782
29.517769,-98.58773
29.517843,-98.58765
29.517916,-98.58756
29.517996,-98.587456
29.518063,-98.58737
29.51812,-98.58727
29.518192,-98.5872
29.518267,-98.587135
29.518288,-98.58703
29.518223,-98.58695
29.518164,-98.586876
29.518139,-98.586754
29.518225,-98.5867
29.518328,-98.58672
29.518414,-98.58676
29.51851,-98.58684
29.518593,-98.5869
29.518675,-98.586975
29.518757,-98.58703
29.51883,-98.587105
29.518894,-98.58718
29.518984,-98.58726
29.519058,-98.58734
29.519129,-98.587456
29.5192,-98.587555
29.519274,-98.58763
29.51935,-98.58771
29.519424,-98.587776
29.519497,-98.58784
29.519567,-98.58794
29.519638,-98.588
29.519722,-98.58809
29.51979,-98.588196
29.519857,-98.58827
29.519941,-98.58835
29.519852,-98.588425
29.519758,-98.58847
29.519697,-98.58857
29.519579,-98.58858
29.51948,-98.58865
29.51941,-98.58873
29.519325,-98.58881
29.519258,-98.58889
29.519173,-98.58896
29.519123,-98.58905
29.519028,-98.589035
29.518938,-98.589096
29.518877,-98.58922
29.518805,-98.589294
29.518738,-98.58937
29.51867,-98.58944
29.51858,-98.58953
29.518496,-98.58962
29.518414,-98.58971
29.518333,-98.58981
29.518269,-98.58989
29.5182,-98.58996
29.518112,-98.59005
29.518026,-98.59014
29.517967,-98.59023
29.517904,-98.59032
29.517822,-98.59041
29.517748,-98.590485
29.517668,-98.59055
29.517597,-98.59062
29.517515,-98.5907
29.517443,-98.59077
29.517363,-98.59085
29.517286,-98.59092
29.517204,-98.59102
29.517124,-98.5911
29.517033,-98.59117
29.516937,-98.591255
29.51685,-98.59133
29.516762,-98.5914
29.51667,-98.59147
29.516582,-98.59154
29.516493,-98.59161
29.516409,-98.591675
29.516329,-98.59177
29.516245,-98.59184
29.516163,-98.59191
29.516077,-98.59199
29.51599,-98.59205
29.515923,-98.59212
29.515854,-98.59222
29.515764,-98.59231
29.515692,-98.59238
29.515654,-98.59251
29.515669,-98.59261
29.515684,-98.59273
29.515682,-98.592834
29.515635,-98.592926
29.515554,-98.592995
29.515491,-98.59309
29.515467,-98.5932
29.515375,-98.593285
29.515306,-98.59337
29.515223,-98.59343
29.515144,-98.59353
29.515078,-98.59361
29.514992,-98.593704
29.514908,-98.59379
29.514809,-98.59387
29.514719,-98.593956
29.514631,-98.594025
29.514578,-98.59415
29.514526,-98.59424
29.51444,-98.59431
29.514336,-98.59437
29.51424,-98.594444
29.514153,-98.59451
29.514088,-98.594604
29.514008,-98.59469
29.513926,-98.59476
29.51384,-98.59484
29.513752,-98.59492
29.513704,-98.59503
29.513641,-98.59513
29.513565,-98.595215
29.513475,-98.59529
29.513403,-98.59537
29.513306,-98.59544
29.5132,-98.595474
29.5131,-98.59541
29.513035,-98.59533
29.512964,-98.59522
29.512909,-98.59512
29.512861,-98.59502
29.512794,-98.59494
29.512695,-98.59489
29.51259,-98.59486
29.51251,-98.59477
29.51246,-98.59468
29.51238,-98.59458
29.512302,-98.59452
29.512197,-98.594574
29.512115,-98.594666
29.512045,-98.59473
29.511972,-98.59481
29.511887,-98.59489
29.511818,-98.594986
29.511742,-98.595085
29.511656,-98.59515
29.511587,-98.59522
29.511503,-98.59527
29.51143,-98.59534
29.511354,-98.59542
29.511269,-98.5955
29.511175,-98.59557
29.511099,-98.59565
29.51103,-98.59572
29.51096,-98.595795
29.510899,-98.595894
29.510841,-98.59598
29.51075,-98.59607
29.510683,-98.59615
29.510612,-98.596214
29.510519,-98.596275
29.510443,-98.59636
29.51035,-98.59644
29.510258,-98.596535
29.510172,-98.59661
29.510101,-98.59669
29.510017,-98.596756
29.50993,-98.59681
29.509842,-98.59689
29.509754,-98.596985
29.509678,-98.59706
29.509592,-98.59715
29.509504,-98.597244
29.509424,-98.59734
29.50935,-98.59743
29.509266,-98.597496
29.50917,-98.59757
29.509083,-98.59765
29.508987,-98.59772
29.508905,-98.59781
29.508844,-98.59789
29.508787,-98.59798
29.508694,-98.59805
29.5086,-98.59812
29.50852,-98.59818
29.508438,-98.598274
29.50837,-98.59834
29.508303,-98.59842
29.508247,-98.59851
29.508173,-98.598595
29.508097,-98.59869
29.508018,-98.59874
29.507933,-98.59882
29.507833,-98.59891
29.507748,-98.59899
29.507664,-98.59908
29.507584,-98.59917
29.507515,-98.59926
29.507454,-98.599335
29.507362,-98.59937
29.507286,-98.59943
29.50719,-98.599495
29.507122,-98.59957
29.507067,-98.599655
29.507063,-98.599785
29.507114,-98.59991
29.50718,-98.599976
29.507246,-98.60007
29.507318,-98.60015
29.507391,-98.60023
29.507406,-98.600334
29.507334,-98.60042
29.507282,-98.60051
29.507217,-98.60059
29.507156,-98.60067
29.50706,-98.600746
29.50699,-98.600815
29.506895,-98.60087
29.506807,-98.60095
29.506731,-98.60104
29.50666,-98.60113
29.506577,-98.60122
29.506495,-98.60128
29.506418,-98.60135
29.506344,-98.60142
29.506266,-98.60148
29.506191,-98.60158
29.506111,-98.601654
29.506016,-98.601715
29.505917,-98.601776
29.505838,-98.60187
29.50577,-98.60195
29.505697,-98.60203
29.505613,-98.602104
29.50553,-98.602196
29.505451,-98.60226
29.50537,-98.60231
29.505278,-98.6024
29.505207,-98.6025
29.505127,-98.60258
29.505049,-98.60266
29.504978,-98.60273
29.504879,-98.60279
29.504795,-98.60285
29.504717,-98.60293
29.504671,-98.60304
29.504599,-98.60314
29.504498,-98.603195
29.504404,-98.603264
29.504322,-98.60333
29.50422,-98.60338
29.504145,-98.60344
29.504038,-98.60349
29.50394,-98.60347
29.503862,-98.60339
29.503794,-98.60332
29.503725,-98.603226
29.503649,-98.60313
29.503588,-98.60304
29.503523,-98.60294
29.503462,-98.602844
29.503391,-98.60276
29.50332,-98.60267
29.503242,-98.60258
29.503168,-98.60247
29.50312,-98.60238
29.503057,-98.60228
29.50299,-98.6022
29.502905,-98.60213
29.502821,-98.60206
29.502739,-98.601974
29.502678,-98.60188
29.502626,-98.60178
29.502548,-98.60168
29.502472,-98.60159
29.502407,-98.60151
29.502337,-98.6014
29.502272,-98.601326
29.502195,-98.601234
29.502125,-98.60115
29.502075,-98.60105
29.50206,-98.600945
29.502031,-98.60083
29.50196,-98.60075
29.501877,-98.60066
29.50179,-98.60062
29.501703,-98.60054
29.50161,-98.60049
29.501522,-98.600555
29.501453,-98.60066
29.501362,-98.600716
29.501272,-98.60077
29.501196,-98.60084
29.50114,-98.60092
29.50106,-98.60101
29.50107,-98.60113
29.501131,-98.60122
29.501192,-98.60131
29.501253,-98.601395
29.50131,-98.601494
29.501389,-98.601585
29.501457,-98.60166
29.501537,-98.60175
29.501623,-98.60184
29.501715,-98.60193
29.501785,-98.60202
29.501808,-98.60206
29.498487,-98.59217
29.498552,-98.592255
29.4986,-98.592354
29.498676,-98.59244
29.498724,-98.592545
29.498747,-98.59269
29.498793,-98.5928
29.498796,-98.592926
29.498806,-98.593056
29.498823,-98.593185
29.498829,-98.59329
29.498821,-98.59341
29.498825,-98.59353
29.498869,-98.593636
29.498964,-98.59366
29.498873,-98.59373
29.498875,-98.593834
29.498863,-98.593956
29.498856,-98.59408
29.49886,-98.59419
29.498863,-98.594315
29.498878,-98.59444
29.49889,-98.59456
29.498926,-98.59468
29.498976,-98.59477
29.49908,-98.59481
29.499165,-98.594765
29.49925,-98.5947
29.499348,-98.59465
29.499441,-98.59459
29.499529,-98.59456
29.499622,-98.59452
29.499722,-98.59447
29.499815,-98.594536
29.499844,-98.594666
29.499853,-98.59477
29.499882,-98.5949
29.499935,-98.59502
29.499989,-98.59513
29.500048,-98.59524
29.500097,-98.595345
29.500143,-98.59544
29.50021,-98.59553
29.500284,-98.59559
29.500385,-98.59557
29.500475,-98.59553
29.50056,-98.595474
29.50065,-98.59544
29.50077,-98.59545
29.500816,-98.59554
29.50089,-98.59563
29.500975,-98.595695
29.50107,-98.595726
29.50116,-98.595764
29.501245,-98.59582
29.501347,-98.59586
29.50143,-98.5959
29.501547,-98.59594
29.501638,-98.59593
29.501741,-98.59595
29.501825,-98.59601
29.501925,-98.595985
29.502022,-98.595955
29.50213,-98.59592
29.502218,-98.59589
29.502325,-98.595856
29.502424,-98.595825
29.50253,-98.59581
29.50262,-98.59578
29.502724,-98.59575
29.502834,-98.59573
29.502937,-98.595726
29.503023,-98.59578
29.503103,-98.59585
29.503202,-98.595894
29.503286,-98.59595
29.503355,-98.59602
29.503412,-98.59613
29.503508,-98.596214
29.503595,-98.59628
29.503675,-98.59634
29.503782,-98.59638
29.503876,-98.59642
29.503965,-98.59645
29.504082,-98.5965
29.50419,-98.596535
29.504307,-98.59655
29.504427,-98.596535
29.504532,-98.5965
29.50463,-98.59651
29.504684,-98.59662
29.504725,-98.59673
29.504776,-98.59683
29.50484,-98.596924
29.504896,-98.597015
29.504978,-98.59709
29.505074,-98.59714
29.505156,-98.59721
29.50522,-98.59732
29.505274,-98.59743
29.50533,-98.59755
29.50538,-98.59763
29.505438,-98.59773
29.505512,-98.59781
29.505543,-98.597824
29.505602,-98.59778
29.505653,-98.5979
29.505718,-98.59801
29.505789,-98.59811
29.505863,-98.598206
29.50595,-98.598274
29.506023,-98.59836
29.506105,-98.59846
29.506157,-98.598564
29.506226,-98.598656
29.506302,-98.59875
29.506357,-98.59883
29.506397,-98.59894
29.506422,-98.59905
29.506441,-98.59918
29.506468,-98.59929
29.506472,-98.59941
29.506447,-98.599525
29.50649,-98.59963
29.506584,-98.59963
29.506676,-98.59964
29.50678,-98.59968
29.506899,-98.59967
29.506992,-98.59963
29.507051,-98.59955
29.507135,-98.59948
29.507215,-98.59942
29.507298,-98.59935
29.507366,-98.599236
29.507418,-98.599144
29.50747,-98.59905
29.50754,-98.59895
29.507612,-98.598854
29.507702,-98.598816
29.507795,-98.59879
29.5079,-98.598755
29.50799,-98.59868
29.508064,-98.59859
29.508131,-98.59851
29.508198,-98.59844
29.508268,-98.59837
29.508358,-98.5983
29.508434,-98.598206
29.508512,-98.59812
29.508583,-98.59804
29.508667,-98.597946
29.508755,-98.597885
29.508842,-98.597824
29.50891,-98.59775
29.508968,-98.597664
29.50905,-98.59757
29.509148,-98.597496
29.50922,-98.597404
29.509296,-98.59731
29.509377,-98.59725
29.509472,-98.597206
29.50955,-98.59711
29.50963,-98.59702
29.509708,-98.59696
29.509804,-98.59686
29.509886,-98.5968
29.509953,-98.59673
29.51004,-98.59666
29.510118,-98.59658
29.510164,-98.59648
29.510242,-98.5964
29.5103,-98.5963
29.510382,-98.59623
29.510468,-98.59617
29.51056,-98.596115
29.510656,-98.59603
29.510733,-98.59596
29.51082,-98.59589
29.510891,-98.59579
29.510967,-98.59572
29.511068,-98.59567
29.511158,-98.595634
29.511255,-98.59557
29.511335,-98.5955
29.511423,-98.595436
29.511507,-98.59539
29.511587,-98.59532
29.511652,-98.59524
29.511717,-98.59515
29.51179,-98.595055
29.511852,-98.59498
29.51193,-98.59488
29.51202,-98.59479
29.512106,-98.5947
29.512182,-98.594635
29.512249,-98.594536
29.512365,-98.59453
29.51246,-98.594604
29.512571,-98.59464
29.512655,-98.59456
29.512737,-98.59448
29.512823,-98.59439
29.512892,-98.594315
29.51298,-98.59423
29.513044,-98.594154
29.513105,-98.59404
29.51314,-98.59394
29.513182,-98.59384
29.513222,-98.59372
29.51328,-98.59361
29.513334,-98.59352
29.513369,-98.59342
29.513401,-98.593315
29.513454,-98.59319
29.513517,-98.59309
29.513609,-98.59301
29.513695,-98.59293
29.513788,-98.592865
29.51386,-98.5928
29.51393,-98.5927
29.513994,-98.5926
29.51406,-98.59249
29.514116,-98.59238
29.514166,-98.59228
29.51424,-98.59219
29.514278,-98.592094
29.514313,-98.591995
29.514357,-98.591896
29.514404,-98.5918
29.514444,-98.59168
29.514471,-98.591576
29.514515,-98.59146
29.514587,-98.59138
29.514685,-98.59132
29.51477,-98.591255
29.514835,-98.59119
29.5149,-98.5911
29.514994,-98.59102
29.515074,-98.590965
29.515162,-98.590904
29.515194,-98.590805
29.515202,-98.5907
29.515162,-98.59057
29.51509,-98.59049
29.515005,-98.59044
29.514906,-98.59037
29.514854,-98.590256
29.514887,-98.59016
29.514936,-98.590065
29.514988,-98.58995
29.515022,-98.58985
29.515081,-98.58974
29.515097,-98.58962
29.515179,-98.589554
29.515272,-98.58957
29.51538,-98.58949
29.51545,-98.58938
29.515524,-98.58932
29.515612,-98.58927
29.515697,-98.58922
29.515781,-98.58918
29.515884,-98.58912
29.515985,-98.589066
29.516073,-98.58903
29.516163,-98.58899
29.516245,-98.588936
29.516325,-98.588844
29.516405,-98.588776
29.516485,-98.58872
29.516596,-98.58869
29.516678,-98.58861
29.516756,-98.58855
29.516834,-98.58848
29.516903,-98.58841
29.516972,-98.588326
29.517035,-98.588234
29.517096,-98.58816
29.517202,-98.58808
29.517298,-98.58806
29.517405,-98.58804
29.517515,-98.588005
29.517582,-98.58793
29.51764,-98.587814
29.517706,-98.58774
29.517782,-98.587654
29.517836,-98.58757
29.51791,-98.58749
29.517982,-98.58742
29.518053,-98.58733
29.518133,-98.587265
29.518208,-98.5872
29.518234,-98.58708
29.518204,-98.586975
29.518143,-98.58688
29.518082,-98.58678
29.518108,-98.58667
29.518217,-98.5867
29.518312,-98.58675
29.5184,-98.58679
29.518478,-98.586845
29.518564,-98.58692
29.518667,-98.58699
29.518736,-98.58706
29.518805,-98.58713
29.51888,-98.5872
29.518963,-98.58725
29.51903,-98.58732
29.519098,-98.5874
29.519167,-98.58751
29.51924,-98.587585
29.519316,-98.58766
29.51938,-98.58775
29.519444,-98.58785
29.519516,-98.58794
29.519585,-98.58801
29.51965,-98.58809
29.519722,-98.58818
29.519785,-98.58828
29.51984,-98.58837
29.519773,-98.58848
29.519684,-98.58854
29.51963,-98.58862
29.519539,-98.58857
29.519438,-98.588585
29.519377,-98.58869
29.519312,-98.58878
29.519226,-98.58886
29.519157,-98.58896
29.51907,-98.58893
29.518969,-98.588905
29.518923,-98.589005
29.518902,-98.58911
29.518862,-98.58923
29.518797,-98.58932
29.518719,-98.58939
29.518642,-98.58946
29.518576,-98.58954
29.518496,-98.58962
29.51842,-98.58969
29.518347,-98.58976
29.518255,-98.589836
29.518173,-98.58988
29.518091,-98.589966
29.518026,-98.59004
29.517965,-98.59013
29.517902,-98.59021
29.517838,-98.59032
29.51775,-98.59041
29.51769,-98.59049
29.517614,-98.590576
29.517542,-98.590645
29.51747,-98.590706
29.517391,-98.59079
29.51731,-98.59087
29.517221,-98.590965
29.51715,-98.59103
29.517056,-98.59111
29.516975,-98.59119
29.51689,-98.59126
29.516792,-98.59134
29.516697,-98.59143
29.516619,-98.59152
29.51654,-98.59158
29.51645,-98.59165
29.516365,-98.59174
29.516273,-98.591835
29.516203,-98.59191
29.516106,-98.59199
29.516024,-98.59208
29.515942,-98.59217
29.51585,-98.592255
29.515757,-98.59232
29.515673,-98.592384
29.515652,-98.5925
29.515665,-98.5926
29.51567,-98.59271
29.515663,-98.59282
29.515614,-98.592926
29.51553,-98.59296
29.51545,-98.59307
29.5154,-98.59317
29.515327,-98.59325
29.515245,-98.59332
29.515182,-98.59339
29.515102,-98.59349
29.515034,-98.59358
29.51496,-98.59368
29.514896,-98.59376
29.514824,-98.593864
29.514734,-98.59395
29.51465,-98.59404
29.51459,-98.59414
29.514523,-98.59422
29.51444,-98.59429
29.514357,-98.59436
29.51429,-98.59444
29.51422,-98.59453
29.514141,-98.59461
29.51407,-98.5947
29.513994,-98.594795
29.51392,-98.59488
29.51384,-98.59494
29.513737,-98.595
29.513655,-98.59508
29.513588,-98.595146
29.513508,-98.59522
29.51344,-98.59532
29.513365,-98.595406
29.513288,-98.595474
29.513172,-98.595474
29.513094,-98.59542
29.513037,-98.59533
29.512978,-98.59523
29.512915,-98.59513
29.512842,-98.59504
29.512756,-98.594925
29.512682,-98.59483
29.512587,-98.59474
29.5125,-98.59469
29.512415,-98.594635
29.512331,-98.59456
29.512222,-98.59456
29.512138,-98.594635
29.51206,-98.594696
29.511976,-98.59475
29.511894,-98.594826
29.511822,-98.5949
29.511719,-98.59494
29.511646,-98.59505
29.51158,-98.59513
29.511505,-98.59522
29.511414,-98.59528
29.511343,-98.59536
29.511257,-98.595436
29.511175,-98.595505
29.511097,-98.59558
29.511007,-98.59563
29.510935,-98.595695
29.510883,-98.595795
29.510801,-98.59589
29.510735,-98.59597
29.510672,-98.59605
29.51059,-98.59613
29.510506,-98.596214
29.510406,-98.596275
29.510344,-98.59636
29.510271,-98.59643
29.510185,-98.596504
29.510094,-98.59657
29.51003,-98.59666
29.50995,-98.596756
29.509869,-98.59684
29.509792,-98.5969
29.509714,-98.59699
29.509628,-98.59706
29.509546,-98.59712
29.509455,-98.59721
29.509382,-98.5973
29.509314,-98.59738
29.509232,-98.597435
29.509144,-98.5975
29.50905,-98.597565
29.508965,-98.59764
29.508896,-98.59771
29.50882,-98.597786
29.508766,-98.59787
29.508686,-98.59793
29.508598,-98.598015
29.508522,-98.598114
29.508448,-98.59819
29.508362,-98.59827
29.508284,-98.59835
29.508228,-98.59846
29.50821,-98.598564
29.508106,-98.59857
29.508024,-98.598625
29.507965,-98.598724
29.507887,-98.59881
29.5078,-98.59886
29.507725,-98.59894
29.507658,-98.599014
29.507595,-98.5991
29.507526,-98.59917
29.507435,-98.59923
29.507359,-98.59929
29.507263,-98.59936
29.507193,-98.59945
29.507122,-98.59954
29.50704,-98.59962
29.507006,-98.59973
29.507027,-98.59984
29.50709,-98.599915
29.507156,-98.60002
29.507221,-98.60011
29.507301,-98.60021
29.507364,-98.60029
29.50738,-98.600395
29.507301,-98.600464
29.507223,-98.60053
29.507133,-98.60062
29.507053,-98.600716
29.50699,-98.6008
29.506905,-98.60087
29.506826,-98.60093
29.506765,-98.601006
29.506697,-98.60109
29.50662,-98.601166
29.50655,-98.60126
29.506481,-98.60133
29.506407,-98.601395
29.506327,-98.601456
29.506252,-98.60153
29.506163,-98.60163
29.506096,-98.60171
29.50601,-98.60179
29.505945,-98.60187
29.505857,-98.60193
29.505754,-98.602
29.505667,-98.60205
29.505613,-98.60216
29.50556,-98.602264
29.505484,-98.60237
29.505417,-98.60244
29.505344,-98.60251
29.505272,-98.602585
29.505201,-98.60265
29.50511,-98.6027
29.505028,-98.60275
29.504953,-98.60281
29.50487,-98.60288
29.504774,-98.60296
29.504711,-98.60304
29.504633,-98.60315
29.504543,-98.60322
