32.68405,-117.184105
32.683956,-117.18422
32.683926,-117.18412
32.68388,-117.18402
32.683838,-117.18392
32.683815,-117.18382
32.683773,-117.18373
32.683697,-117.18367
32.683655,-117.18358
32.683598,-117.1835
32.683548,-117.18342
32.6835,-117.18333
32.683464,-117.183235
32.68339,-117.18317
32.683353,-117.18308
32.68332,-117.18298
32.683273,-117.1829
32.68323,-117.18281
32.683178,-117.18272
32.683136,-117.18263
32.683086,-117.18254
32.68304,-117.18245
32.68298,-117.182365
32.68293,-117.18228
32.682888,-117.18219
32.682835,-117.182106
32.682793,-117.18202
32.68274,-117.18193
32.68269,-117.18185
32.68266,-117.181755
32.6826,-117.18168
32.682556,-117.181595
32.682518,-117.1815
32.682465,-117.18142
32.68241,-117.181335
32.68237,-117.18125
32.68232,-117.18117
32.682266,-117.18109
32.682217,-117.18101
32.68216,-117.18094
32.682106,-117.18086
32.682053,-117.18078
32.68196,-117.18076
32.681873,-117.18073
32.68179,-117.1807
32.68171,-117.18067
32.681637,-117.1806
32.68157,-117.18054
32.6815,-117.18049
32.68145,-117.180405
32.681404,-117.18032
32.68135,-117.180244
32.68128,-117.18017
32.681187,-117.180145
32.681114,-117.18011
32.681026,-117.180046
32.68095,-117.18
32.680866,-117.179985
32.680786,-117.17995
32.680706,-117.179886
32.68064,-117.17981
32.68058,-117.17973
32.680546,-117.17964
32.680485,-117.17957
32.68043,-117.17948
32.680367,-117.179405
32.68029,-117.179375
32.680206,-117.17934
32.680126,-117.1793
32.680046,-117.179245
32.680115,-117.17919
32.68018,-117.17913
32.680202,-117.17903
32.68018,-117.17893
32.680153,-117.17884
32.68021,-117.17873
32.680283,-117.17867
32.68033,-117.17859
32.680325,-117.17848
32.68091,-117.17822
32.680607,-117.17859
32.68047,-117.178535
32.680573,-117.178406
32.68071,-117.17857
32.680836,-117.17854
32.68085,-117.17864
32.680946,-117.178665
32.68101,-117.17873
32.68096,-117.17863
32.680878,-117.17863
32.680855,-117.17853
32.68079,-117.17845
32.68075,-117.17837
32.680077,-117.17874
32.680336,-117.17863
32.68026,-117.17867
32.68019,-117.178734
32.680157,-117.17883
32.680157,-117.17894
32.680183,-117.17903
32.68015,-117.179115
32.680084,-117.17919
32.680058,-117.1793
32.680126,-117.17936
32.680206,-117.1794
32.68029,-117.17943
32.680367,-117.179474
32.68043,-117.179535
32.680454,-117.179634
32.680523,-117.1797
32.680553,-117.179794
32.680614,-117.17987
32.68069,-117.17993
32.680763,-117.179985
32.68085,-117.179985
32.680946,-117.18003
32.681023,-117.180084
32.681107,-117.180115
32.68117,-117.180176
32.681248,-117.18022
32.681316,-117.18029
32.68137,-117.18037
32.681435,-117.18046
32.681503,-117.18053
32.681557,-117.1806
32.68161,-117.180695
32.681683,-117.180756
32.681763,-117.18078
32.681847,-117.180786
32.681927,-117.1808
32.682014,-117.1808
32.682068,-117.18088
32.682117,-117.18096
32.68217,-117.18104
32.682236,-117.18111
32.682323,-117.18117
32.68237,-117.18126
32.682415,-117.18134
32.682453,-117.18144
32.68249,-117.18153
32.682533,-117.181625
32.682583,-117.1817
32.682636,-117.18178
32.682674,-117.18186
32.682724,-117.18195
32.68276,-117.182045
32.682804,-117.18214
32.68287,-117.18221
32.682896,-117.182304
32.682953,-117.18237
32.68301,-117.18244
32.683067,-117.182526
32.683098,-117.182625
32.68313,-117.18272
32.68319,-117.18281
32.683216,-117.18291
32.683254,-117.18306
32.683334,-117.183136
32.683372,-117.18323
32.683437,-117.18331
32.683506,-117.1834
32.68349,-117.183495
32.683414,-117.18354
32.68334,-117.18358
32.683258,-117.183586
32.683174,-117.18359
32.683094,-117.18358
32.683006,-117.18359
32.682922,-117.183624
32.68284,-117.18365
32.682766,-117.18369
32.682674,-117.18371
32.6826,-117.18375
32.682507,-117.18374
32.682426,-117.183754
32.682358,-117.18381
32.68227,-117.18382
32.6822,-117.183876
32.682125,-117.18392
32.682053,-117.18398
32.681965,-117.18401
32.6819,-117.184074
32.681816,-117.18408
32.68175,-117.18401
32.681683,-117.18395
32.68161,-117.1839
32.68154,-117.183815
32.681473,-117.18376
32.681473,-117.18376
32.73189,-117.149704
32.731796,-117.14982
32.73172,-117.14973
32.73173,-117.14961
32.731808,-117.149574
32.7319,-117.14954
32.73198,-117.14946
32.731808,-117.14971
32.731823,-117.14981
32.731873,-117.1499
32.73192,-117.14998
32.732,-117.14996
32.73206,-117.149895
32.732117,-117.149826
32.732178,-117.14975
32.73222,-117.149666
32.73225,-117.14956
32.73223,-117.149445
32.732258,-117.14936
32.732327,-117.14931
32.732418,-117.14936
32.732494,-117.14932
32.732483,-117.149216
32.73242,-117.14914
32.73246,-117.14905
32.732536,-117.1491
32.73255,-117.1492
32.73251,-117.149284
32.732433,-117.14934
32.732353,-117.14936
32.73226,-117.14936
32.73218,-117.14934
32.732098,-117.14931
32.732018,-117.14927
32.73193,-117.14929
32.73184,-117.149284
32.731754,-117.149284
32.731678,-117.14923
32.731678,-117.149124
32.73176,-117.149155
32.73185,-117.14919
32.73193,-117.14922
32.732018,-117.14924
32.732098,-117.14923
32.73218,-117.14921
32.732258,-117.14916
32.73231,-117.149086
32.732315,-117.14898
32.73231,-117.14888
32.732388,-117.148834
32.7323,-117.14881
32.73221,-117.14877
32.732124,-117.14873
32.73186,-117.14872
32.7317,-117.14878
32.731598,-117.14889
32.73164,-117.14902
32.73161,-117.14913
32.731586,-117.14923
32.731564,-117.14933
32.731625,-117.149414
32.731636,-117.14952
32.731655,-117.14963
32.73164,-117.14972
32.731636,-117.149826
32.7316,-117.149925
32.73151,-117.14997
32.731133,-117.14981
32.731205,-117.14977
32.731205,-117.14987
32.731186,-117.15002
32.731174,-117.15013
32.731247,-117.15018
32.73133,-117.15021
32.73141,-117.150246
32.731495,-117.15022
32.73151,-117.150116
32.731537,-117.150024
32.731564,-117.14993
32.73156,-117.14983
32.731564,-117.14972
32.73157,-117.14962
32.73155,-117.149506
32.731564,-117.149414
32.731533,-117.14932
32.731537,-117.149216
32.731537,-117.14911
32.73156,-117.14901
32.73152,-117.148926
32.731503,-117.14882
32.731533,-117.14873
32.731533,-117.14863
32.731537,-117.14853
32.731556,-117.14844
32.73159,-117.148346
32.731586,-117.14823
32.731556,-117.14813
32.73153,-117.14804
32.731537,-117.14795
32.73157,-117.14784
32.731583,-117.14774
32.731556,-117.14765
32.731533,-117.14755
32.731533,-117.147446
32.731537,-117.14734
32.731537,-117.14724
32.73155,-117.14714
32.731506,-117.14706
32.731503,-117.14696
32.731438,-117.14688
32.73136,-117.14684
32.73127,-117.14681
32.731167,-117.14683
32.731243,-117.14676
32.73133,-117.14673
32.73139,-117.14666
32.73147,-117.146614
32.731556,-117.14659
32.731647,-117.14661
32.731728,-117.14664
32.731808,-117.14668
32.731888,-117.14672
32.73193,-117.14663
32.73197,-117.14653
32.731934,-117.14643
32.731926,-117.14633
32.731934,-117.14623
32.731945,-117.14613
32.731953,-117.146034
32.731934,-117.14593
32.731934,-117.14583
32.731915,-117.145706
32.731873,-117.145615
32.731876,-117.145515
32.731796,-117.1455
32.731728,-117.14555
32.731667,-117.14562
32.731613,-117.145706
32.731613,-117.1458
32.73156,-117.14569
32.731537,-117.14559
32.731544,-117.14571
32.731518,-117.145805
32.731464,-117.14573
32.731403,-117.14565
32.73135,-117.145584
32.73127,-117.14555
32.73119,-117.14557
32.73111,-117.145584
32.731045,-117.14567
32.731018,-117.14576
32.730965,-117.145836
32.730934,-117.14593
32.730858,-117.14598
32.73078,-117.14594
32.73073,-117.145874
32.73073,-117.145775
32.73081,-117.14576
32.73087,-117.145836
32.730953,-117.14581
32.731003,-117.14572
32.731087,-117.145706
32.731167,-117.14572
32.731255,-117.14573
32.731323,-117.14567
32.731308,-117.14557
32.73139,-117.145546
32.731476,-117.14551
32.731476,-117.14541
32.731503,-117.14531
32.731476,-117.14541
32.731556,-117.145386
32.73163,-117.145454
32.731716,-117.14546
32.73169,-117.14555
32.73176,-117.145615
32.73184,-117.14563
32.731926,-117.14564
32.732006,-117.145615
32.73208,-117.14556
32.732105,-117.14547
32.73213,-117.14538
32.732166,-117.14528
32.732243,-117.145325
32.732323,-117.14527
32.732403,-117.1453
32.73248,-117.14535
32.732513,-117.14544
32.732574,-117.145515
32.7325,-117.14556
32.732414,-117.145584
32.73234,-117.145645
32.73226,-117.14562
32.732178,-117.145615
32.732075,-117.14558
32.731995,-117.145546
32.73192,-117.1456
32.731865,-117.14567
32.73193,-117.145744
32.73197,-117.14583
32.73198,-117.14594
32.731964,-117.14605
32.73193,-117.14614
32.73194,-117.14625
32.731926,-117.14635
32.73194,-117.14645
32.731934,-117.146545
32.731907,-117.14664
32.731823,-117.14667
32.731735,-117.146614
32.73165,-117.146576
32.73156,-117.14652
32.731483,-117.14647
32.73139,-117.14647
32.73131,-117.14648
32.73123,-117.14652
32.731133,-117.14655
32.73106,-117.146614
32.73099,-117.14673
32.73091,-117.14679
32.73096,-117.14679
32.730953,-117.14679
32.73127,-117.14675
32.731255,-117.14665
32.731186,-117.14657
32.731228,-117.14665
32.73131,-117.1466
32.7314,-117.1466
32.73148,-117.146576
32.73156,-117.14664
32.731625,-117.14672
32.731693,-117.146774
32.73178,-117.14681
32.731846,-117.14673
32.731915,-117.146645
32.731945,-117.14655
32.731934,-117.146454
32.731945,-117.14634
32.73192,-117.14625
32.731945,-117.14616
32.73194,-117.14605
32.731926,-117.14595
32.731945,-117.14585
32.73189,-117.145744
32.731865,-117.145645
32.731953,-117.1456
32.732037,-117.1456
32.732124,-117.145615
32.732216,-117.14568
32.732327,-117.14573
32.732407,-117.145706
32.7325,-117.14565
32.73258,-117.14561
32.73267,-117.14561
32.73273,-117.14553
32.73281,-117.14547
32.732746,-117.14536
32.73268,-117.14527
32.7326,-117.14525
32.73252,-117.14522
32.73244,-117.1452
32.73237,-117.14514
32.732285,-117.14511
32.732204,-117.14506
32.732124,-117.14507
32.732037,-117.14504
32.731956,-117.145004
32.731873,-117.145
32.7318,-117.144936
32.731888,-117.14493
32.73197,-117.144905
32.73205,-117.144875
32.731964,-117.144875
32.731876,-117.14486
32.73181,-117.14479
32.73188,-117.1447
32.7318,-117.14467
32.731728,-117.144714
32.73164,-117.14468
32.73156,-117.144646
32.73148,-117.1446
32.731575,-117.14454
32.73149,-117.14449
32.731426,-117.14443
32.731464,-117.14434
32.731503,-117.14426
32.731537,-117.14416
32.731457,-117.14408
32.73141,-117.144
32.73148,-117.143936
32.731564,-117.143936
32.731647,-117.14396
32.731754,-117.14401
32.731827,-117.14397
32.73192,-117.143974
32.732006,-117.14399
32.732075,-117.14406
32.732155,-117.14408
32.732235,-117.14409
32.732338,-117.14405
32.73243,-117.14404
32.73251,-117.144066
32.73255,-117.14416
32.732655,-117.144165
32.73272,-117.14423
32.73279,-117.1443
32.732876,-117.144356
32.73291,-117.14444
32.732986,-117.14449
32.73305,-117.144554
32.733147,-117.14459
32.733208,-117.14466
32.733223,-117.14476
32.733246,-117.14486
32.733345,-117.144875
32.7334,-117.14496
32.733475,-117.145004
32.733543,-117.145065
32.733616,-117.14513
32.7337,-117.14513
32.73379,-117.14514
32.73387,-117.145096
32.73396,-117.14508
32.734043,-117.145065
32.73414,-117.14507
32.73423,-117.14511
32.734318,-117.14513
32.73441,-117.14509
32.734493,-117.14509
32.734573,-117.145065
32.73466,-117.14502
32.73474,-117.14504
32.734837,-117.145035
32.7349,-117.144966
32.734993,-117.144966
32.735123,-117.14499
32.73523,-117.14501
32.735313,-117.145004
32.73538,-117.14492
32.735455,-117.144844
32.73554,-117.1448
32.735622,-117.14477
32.73572,-117.14474
32.7358,-117.1447
32.73592,-117.14468
32.736008,-117.14468
32.736084,-117.14462
32.736164,-117.14461
32.736088,-117.14455
32.736034,-117.14446
32.736065,-117.144356
32.736153,-117.14433
32.73622,-117.144264
32.73629,-117.144196
32.73637,-117.14416
32.73647,-117.14416
32.73655,-117.14417
32.736652,-117.14414
32.73674,-117.144165
32.736805,-117.1441
32.736885,-117.144066
32.736984,-117.144066
32.737083,-117.144066
32.737194,-117.144035
32.737274,-117.14406
32.737366,-117.144066
32.73744,-117.144104
32.73752,-117.14413
32.737606,-117.144104
32.737698,-117.14411
32.73775,-117.14419
32.737835,-117.14425
32.737915,-117.144264
32.73799,-117.144226
32.738087,-117.14421
32.738174,-117.1442
32.73827,-117.14419
32.73835,-117.144226
32.738415,-117.14428
32.738506,-117.1443
32.73861,-117.14431
32.7387,-117.1443
32.73878,-117.14432
32.73886,-117.144356
32.73894,-117.14435
32.739037,-117.14438
32.739143,-117.14437
32.73923,-117.14437
32.739307,-117.14441
32.739372,-117.14447
32.73946,-117.14448
32.739548,-117.14447
32.73963,-117.14444
32.739708,-117.14439
32.7398,-117.14444
32.73988,-117.14448
32.73995,-117.14441
32.740025,-117.144325
32.74012,-117.144325
32.74021,-117.14428
32.740314,-117.14428
32.74041,-117.144264
32.74051,-117.144264
32.74059,-117.14423
32.74068,-117.144196
32.74076,-117.14417
32.740868,-117.14411
32.74095,-117.14408
32.74103,-117.144066
32.741077,-117.14417
32.74109,-117.14429
32.741158,-117.14437
32.741146,-117.14448
32.74115,-117.14458
32.74115,-117.144684
32.741173,-117.14478
32.74117,-117.1449
32.74115,-117.145
32.74113,-117.145096
32.74116,-117.14519
32.741142,-117.145294
32.741123,-117.145386
32.741093,-117.14548
32.741104,-117.14559
32.741104,-117.14569
32.741146,-117.14578
32.741158,-117.14588
32.74117,-117.14598
32.741146,-117.14607
32.741146,-117.14618
32.741116,-117.146286
32.74112,-117.146385
32.741116,-117.1465
32.74109,-117.14661
32.741096,-117.146706
32.74109,-117.14682
32.74109,-117.14693
32.741005,-117.14695
32.74092,-117.14689
32.74084,-117.14686
32.74092,-117.14695
32.740986,-117.147026
32.741028,-117.14713
32.74105,-117.147224
32.741108,-117.14733
32.74103,-117.14742
32.740948,-117.14739
32.740852,-117.14739
32.740776,-117.14734
32.74069,-117.14732
32.7406,-117.14734
32.740517,-117.1473
32.74042,-117.14729
32.740337,-117.14725
32.74026,-117.147194
32.740185,-117.147156
32.740112,-117.1471
32.740036,-117.147064
32.739944,-117.14705
32.739857,-117.14702
32.73976,-117.146935
32.73967,-117.14693
32.73959,-117.146904
32.739513,-117.14683
32.73944,-117.146774
32.73936,-117.14671
32.73929,-117.14666
32.73921,-117.14663
32.73913,-117.14659
32.739063,-117.1465
32.73898,-117.14643
32.7389,-117.14638
32.738903,-117.14627
32.73884,-117.146194
32.738808,-117.146095
32.738766,-117.14599
32.738693,-117.14589
32.73862,-117.145836
32.738556,-117.14577
32.73852,-117.14566
32.738495,-117.14555
32.73841,-117.14553
32.738308,-117.145515
32.738224,-117.145454
32.73816,-117.145386
32.738083,-117.14535
32.738,-117.145355
32.737934,-117.14527
32.73783,-117.145294
32.73775,-117.14531
32.737663,-117.14534
32.737583,-117.1453
32.73752,-117.14536
32.737427,-117.1454
32.737354,-117.14534
32.737343,-117.14524
32.737373,-117.14514
32.737392,-117.14503
32.73734,-117.14495
32.737305,-117.14486
32.73722,-117.14482
32.737133,-117.14486
32.73704,-117.144875
32.736973,-117.14482
32.736885,-117.14482
32.736813,-117.14486
32.736748,-117.14492
32.736656,-117.14493
32.73659,-117.14485
32.736645,-117.144775
32.736603,-117.144684
32.736534,-117.14463
32.736454,-117.14461
32.73635,-117.14465
32.73625,-117.14463
32.736168,-117.14463
32.73609,-117.14468
32.736,-117.14468
32.73592,-117.14473
32.735836,-117.14475
32.73574,-117.14477
32.73565,-117.14477
32.73556,-117.144745
32.73548,-117.144775
32.735443,-117.14487
32.73539,-117.14495
32.735336,-117.145035
32.735256,-117.14499
32.735165,-117.14494
32.735073,-117.14495
32.73499,-117.144966
32.7349,-117.144966
32.73482,-117.14499
32.734745,-117.14504
32.734646,-117.145035
32.734554,-117.14506
32.73445,-117.14504
32.734356,-117.14502
32.73427,-117.14504
32.734188,-117.14506
32.734093,-117.145035
32.733994,-117.14504
32.733906,-117.14506
32.73383,-117.145096
32.733723,-117.14512
32.733643,-117.1451
32.733562,-117.14504
32.733486,-117.14499
32.73341,-117.14495
32.733353,-117.14487
32.733307,-117.144775
32.733253,-117.14468
32.73318,-117.14462
32.7331,-117.1446
32.733036,-117.14451
32.732975,-117.144424
32.73292,-117.144356
32.732822,-117.14428
32.732708,-117.144196
32.732643,-117.14409
32.732513,-117.14408
32.732407,-117.14401
32.732315,-117.14401
32.732246,-117.144066
32.73214,-117.143974
32.732048,-117.14397
32.731964,-117.14394
32.731876,-117.14393
32.73179,-117.14398
32.731705,-117.144005
32.73162,-117.14401
32.731537,-117.14399
32.73144,-117.14399
32.731384,-117.144066
32.731457,-117.14412
32.731453,-117.14421
32.73141,-117.14431
32.731403,-117.14442
32.73143,-117.14451
32.731518,-117.14449
32.73159,-117.14453
32.731537,-117.144615
32.731598,-117.1447
32.7317,-117.1447
32.731785,-117.14473
32.73178,-117.14482
32.731846,-117.1449
32.731934,-117.144905
32.732025,-117.14489
32.732113,-117.14487
32.73207,-117.14495
32.73198,-117.144966
32.73189,-117.14498
32.731808,-117.145
32.73179,-117.145096
32.73188,-117.14508
32.731964,-117.14506
32.732048,-117.14506
32.73213,-117.14504
32.732197,-117.14511
32.732273,-117.14515
32.73237,-117.145134
32.73245,-117.14519
32.732533,-117.14525
32.732487,-117.145355
32.732487,-117.145454
32.732445,-117.145546
32.73238,-117.14561
32.7323,-117.14567
32.732197,-117.14567
32.732124,-117.145615
32.732025,-117.1456
32.731934,-117.145584
32.731834,-117.145615
32.7318,-117.14571
32.731827,-117.14589
32.731873,-117.14598
32.731865,-117.146095
32.731903,-117.14618
32.731915,-117.1463
32.73189,-117.146416
32.731903,-117.14653
32.73189,-117.14663
32.73188,-117.14673
32.731808,-117.14677
32.731728,-117.14682
32.731663,-117.14689
32.73159,-117.14695
32.731506,-117.14701
32.731457,-117.1471
32.731464,-117.14721
32.731464,-117.14731
32.731445,-117.14741
32.73143,-117.14751
32.73143,-117.14762
32.731426,-117.14773
32.731335,-117.147736
32.73143,-117.14781
32.73142,-117.14791
32.731403,-117.14802
32.73142,-117.14812
32.731438,-117.148224
32.731445,-117.14832
32.731445,-117.14842
32.7314,-117.148506
32.731388,-117.14862
32.731388,-117.14872
32.731403,-117.14882
32.731453,-117.1489
32.731464,-117.148994
32.731483,-117.1491
32.731426,-117.14923
32.731377,-117.14932
32.731613,-117.14961
32.731476,-117.15005
32.731598,-117.150055
32.731655,-117.15012
32.731655,-117.15012
32.764557,-117.22608
32.76446,-117.2262
32.73535,-117.14894
32.735256,-117.149055
32.735207,-117.14916
32.73518,-117.14926
32.735188,-117.14936
32.735214,-117.14947
32.735218,-117.14956
32.73526,-117.14965
32.735294,-117.149765
32.73536,-117.149826
32.735424,-117.14989
32.735497,-117.149925
32.73555,-117.15005
32.735626,-117.15003
32.73696,-117.14945
32.736866,-117.14957
32.73641,-117.14984
32.73635,-117.14992
32.73631,-117.15002
32.736244,-117.15008
32.73619,-117.150154
32.736137,-117.15022
32.73605,-117.15028
32.73606,-117.150406
32.73605,-117.15052
32.736084,-117.15062
32.736103,-117.15072
32.73609,-117.15082
32.736084,-117.15091
32.736076,-117.15101
32.73606,-117.15111
32.735954,-117.15114
32.735878,-117.1512
32.735836,-117.15129
32.735786,-117.15138
32.735767,-117.15149
32.735718,-117.151566
32.735703,-117.15171
32.735626,-117.15178
32.73554,-117.15183
32.735477,-117.15193
32.7354,-117.15198
32.73532,-117.15199
32.735233,-117.15203
32.73515,-117.15203
32.735107,-117.152115
32.73509,-117.152245
32.735043,-117.152336
32.734978,-117.1524
32.73501,-117.152306
32.73509,-117.15227
32.73514,-117.15218
32.73524,-117.152176
32.735268,-117.152084
32.735332,-117.15203
32.735428,-117.15201
32.735485,-117.15194
32.735577,-117.15191
32.735653,-117.151855
32.735657,-117.15176
32.735546,-117.15176
32.735466,-117.1518
32.735386,-117.15182
32.735306,-117.151825
32.735218,-117.15181
32.735214,-117.15171
32.7353,-117.15171
32.735348,-117.151634
32.73536,-117.15153
32.735386,-117.15143
32.735413,-117.15133
32.73527,-117.151184
32.73535,-117.151146
32.735455,-117.151115
32.73553,-117.15117
32.73561,-117.15121
32.73554,-117.15128
32.735466,-117.15133
32.735374,-117.15137
32.735287,-117.15136
32.735195,-117.15137
32.735195,-117.151184
32.73522,-117.151085
32.73524,-117.150986
32.735268,-117.150894
32.735332,-117.15083
32.735367,-117.150734
32.735413,-117.15064
32.735455,-117.15055
32.735416,-117.15046
32.735424,-117.15036
32.735367,-117.150276
32.735287,-117.150215
32.73519,-117.15019
32.73511,-117.15024
32.735023,-117.150215
32.734966,-117.15014
32.734875,-117.15011
32.73479,-117.1501
32.734707,-117.15013
32.7347,-117.15022
32.734764,-117.15028
32.7348,-117.15038
32.734715,-117.15039
32.73472,-117.15029
32.734665,-117.15021
32.734554,-117.15033
32.734463,-117.15035
32.734386,-117.15026
32.734303,-117.15027
32.734215,-117.150314
32.734135,-117.1503
32.73408,-117.150406
32.73404,-117.15053
32.734,-117.15061
32.73392,-117.1507
32.73392,-117.15084
32.734013,-117.15095
32.733925,-117.1509
32.733883,-117.150986
32.733818,-117.15105
32.733845,-117.15114
32.733868,-117.15125
32.7339,-117.15135
32.73391,-117.15149
32.733894,-117.15159
32.733833,-117.15172
32.733818,-117.15182
32.73376,-117.151886
32.733707,-117.15198
32.7337,-117.15207
32.733776,-117.15212
32.733814,-117.15223
32.733818,-117.152336
32.733803,-117.152435
32.73383,-117.15253
32.733856,-117.152626
32.733856,-117.15272
32.733906,-117.15281
32.73396,-117.1529
32.73406,-117.15298
32.73414,-117.15299
32.734222,-117.15295
32.734318,-117.152916
32.734257,-117.15304
32.73424,-117.15314
32.734188,-117.15322
32.73412,-117.15328
32.73406,-117.15335
32.73408,-117.15346
32.73414,-117.153534
32.734093,-117.1534
32.734123,-117.15329
32.734226,-117.1533
32.73425,-117.153404
32.734184,-117.15349
32.73411,-117.153564
32.73404,-117.15361
32.73396,-117.15365
32.733883,-117.15371
32.733807,-117.15375
32.733734,-117.15381
32.733646,-117.15384
32.73362,-117.15393
32.73361,-117.15404
32.733566,-117.15412
32.73354,-117.154236
32.733513,-117.15433
32.733536,-117.154434
32.73354,-117.15453
32.733578,-117.154625
32.73365,-117.15467
32.73375,-117.154686
32.73383,-117.15471
32.73391,-117.15475
32.73399,-117.15473
32.73404,-117.15465
32.734123,-117.15457
32.7342,-117.15462
32.734493,-117.15481
32.734364,-117.15478
32.73445,-117.15481
32.7345,-117.154724
32.7346,-117.15468
32.734665,-117.15462
32.734756,-117.154625
32.734795,-117.15472
32.734844,-117.1548
32.734924,-117.154854
32.73497,-117.154945
32.734966,-117.15504
32.73489,-117.155075
32.734825,-117.155014
32.734753,-117.15507
32.734676,-117.15512
32.73458,-117.15507
32.73451,-117.155014
32.73448,-117.15492
32.734398,-117.15491
32.73432,-117.154854
32.734283,-117.15483
32.734283,-117.15483
32.73407,-117.15472
32.7342,-117.154816
32.734097,-117.15474
32.734173,-117.15469
32.734257,-117.154594
32.734276,-117.15449
32.73432,-117.1544
32.734337,-117.15431
32.7344,-117.15425
32.734493,-117.15424
32.734592,-117.15424
32.73469,-117.15425
32.73477,-117.15428
32.73486,-117.154274
32.734966,-117.1543
32.73505,-117.15434
32.735138,-117.154305
32.735096,-117.15439
32.735073,-117.15429
32.73515,-117.15433
32.735203,-117.1544
32.735176,-117.15455
32.73516,-117.15438
32.735153,-117.15429
32.735126,-117.15417
32.735134,-117.15407
32.735123,-117.15397
32.735134,-117.153854
32.735115,-117.15375
32.7351,-117.15364
32.7351,-117.15352
32.73505,-117.15343
32.735035,-117.153305
32.735004,-117.1532
32.734955,-117.1531
32.734917,-117.153015
32.734917,-117.15289
32.73491,-117.15278
32.734943,-117.15267
32.734886,-117.152565
32.73486,-117.15247
32.734837,-117.152374
32.73481,-117.15227
32.734806,-117.15216
32.734795,-117.152054
32.734756,-117.15196
32.734737,-117.151855
32.73474,-117.15176
32.73472,-117.151634
32.734707,-117.15153
32.734676,-117.151436
32.734646,-117.15134
32.73458,-117.15122
32.734566,-117.15111
32.734543,-117.151
32.73453,-117.150894
32.734505,-117.150795
32.734467,-117.15068
32.734436,-117.15057
32.73441,-117.150475
32.734375,-117.15037
32.734344,-117.150276
32.734306,-117.15016
32.73429,-117.15006
32.73428,-117.149956
32.734253,-117.14984
32.734226,-117.14973
32.734158,-117.149635
32.734165,-117.14952
32.73415,-117.1494
32.734123,-117.14929
32.734104,-117.14916
32.734077,-117.14905
32.734066,-117.14896
32.734055,-117.148834
32.73404,-117.14874
32.734,-117.14883
32.733967,-117.14892
32.733932,-117.149
32.733913,-117.14911
32.73396,-117.149216
32.73405,-117.14923
32.73413,-117.14928
32.734196,-117.14934
32.73428,-117.14937
32.73431,-117.14947
32.73424,-117.14963
32.733986,-117.14961
32.734043,-117.149445
32.73405,-117.14935
32.734085,-117.14923
32.734005,-117.14919
32.7339,-117.14916
32.73395,-117.14906
32.734,-117.14916
32.73392,-117.14917
32.73403,-117.14923
32.734123,-117.14925
32.73421,-117.14926
32.734276,-117.14934
32.73437,-117.14932
32.73441,-117.14942
32.734493,-117.149445
32.734596,-117.14943
32.734703,-117.14943
32.734768,-117.1495
32.734837,-117.14955
32.73493,-117.149536
32.73501,-117.14956
32.73509,-117.149574
32.73518,-117.14961
32.735252,-117.14969
32.735332,-117.14966
32.735413,-117.14968
32.735497,-117.14968
32.735584,-117.149666
32.73565,-117.1496
32.735676,-117.149506
32.735756,-117.149414
32.735794,-117.149506
32.735874,-117.14947
32.73594,-117.14954
32.735874,-117.14962
32.73597,-117.14965
32.73606,-117.14961
32.736145,-117.14959
32.736233,-117.14957
32.7363,-117.14949
32.736378,-117.149445
32.736443,-117.14938
32.7365,-117.14931
32.736576,-117.14927
32.73666,-117.149216
32.736736,-117.149155
32.736828,-117.14916
32.73691,-117.14916
32.736996,-117.14914
32.737194,-117.1492
32.73729,-117.14922
32.737347,-117.14929
32.73745,-117.149284
32.737537,-117.14932
32.73761,-117.14941
32.737686,-117.14948
32.737713,-117.14958
32.73771,-117.14968
32.73779,-117.14974
32.7379,-117.14973
32.73798,-117.14971
32.738087,-117.14975
32.738174,-117.14974
32.73827,-117.14975
32.738384,-117.14972
32.738476,-117.149704
32.738567,-117.14966
32.73866,-117.14967
32.738766,-117.14968
32.738857,-117.14968
32.738953,-117.149666
32.739033,-117.14968
32.7391,-117.14974
32.739033,-117.14982
32.738937,-117.14981
32.73884,-117.14979
32.73877,-117.14986
32.738773,-117.149956
32.73874,-117.15005
32.738663,-117.1501
32.7386,-117.15017
32.738518,-117.150215
32.73845,-117.15027
32.73841,-117.15037
32.738323,-117.150406
32.738243,-117.15044
32.738174,-117.15049
32.738083,-117.1505
32.738007,-117.15055
32.737915,-117.15059
32.73783,-117.15062
32.737766,-117.15068
32.73773,-117.150764
32.737644,-117.15077
32.737583,-117.15084
32.737537,-117.150925
32.737457,-117.151024
32.73751,-117.151146
32.737503,-117.15124
32.73745,-117.15133
32.737385,-117.151405
32.73733,-117.15149
32.7373,-117.15159
32.737267,-117.15168
32.73722,-117.15177
32.737183,-117.15187
32.737167,-117.15198
32.737083,-117.152016
32.73703,-117.1521
32.73692,-117.152084
32.736828,-117.152054
32.736748,-117.1521
32.736668,-117.152115
32.736576,-117.15207
32.73655,-117.15197
32.73646,-117.15193
32.73637,-117.15192
32.736282,-117.15189
32.736237,-117.15181
32.736164,-117.15187
32.736088,-117.15179
32.73602,-117.15185
32.735928,-117.151924
32.735992,-117.151985
32.736046,-117.15207
32.73612,-117.15211
32.736145,-117.1522
32.736244,-117.15223
32.736317,-117.15228
32.736404,-117.15229
32.736473,-117.15236
32.736416,-117.15243
32.73633,-117.15252
32.73625,-117.15256
32.7362,-117.15263
32.736115,-117.15267
32.736027,-117.15273
32.73596,-117.152794
32.73585,-117.15281
32.735775,-117.15285
32.735695,-117.15286
32.73561,-117.15289
32.73564,-117.15299
32.735703,-117.15307
32.735653,-117.15299
32.73556,-117.152954
32.735497,-117.15289
32.735416,-117.15291
32.73539,-117.153015
32.73539,-117.153114
32.735428,-117.153206
32.735493,-117.15329
32.735443,-117.1532
32.735413,-117.15309
32.73543,-117.15299
32.73548,-117.15291
32.735577,-117.15289
32.73565,-117.15299
32.735733,-117.153
32.735825,-117.153
32.735905,-117.15297
32.735985,-117.15292
32.73606,-117.15297
32.736244,-117.15309
32.736275,-117.153206
32.73631,-117.1533
32.73641,-117.153336
32.736485,-117.15338
32.73657,-117.1534
32.736668,-117.1534
32.73675,-117.15339
32.736866,-117.1534
32.73695,-117.153404
32.73705,-117.153404
32.737144,-117.15345
32.737186,-117.15356
32.737255,-117.15362
32.73734,-117.15364
32.737423,-117.153595
32.737476,-117.15352
32.737556,-117.153496
32.73759,-117.153404
32.73767,-117.15332
32.73775,-117.15325
32.737827,-117.15321
32.73791,-117.15321
32.738,-117.15317
32.738087,-117.15312
32.73817,-117.15308
32.738205,-117.15299
32.7382,-117.1529
32.73816,-117.15281
32.73811,-117.15272
32.738026,-117.152626
32.73799,-117.15252
32.73798,-117.15242
32.738056,-117.152374
32.738148,-117.15235
32.738216,-117.1523
32.73826,-117.152214
32.738377,-117.152214
32.738438,-117.15212
32.738533,-117.15213
32.73862,-117.15211
32.7386,-117.152
32.738636,-117.15189
32.738728,-117.15187
32.7388,-117.15182
32.738865,-117.1517
32.738956,-117.15174
32.739037,-117.151726
32.739117,-117.15174
32.7391,-117.15159
32.73913,-117.1515
32.73919,-117.15142
32.739243,-117.151344
32.739246,-117.151245
32.739296,-117.15116
32.739258,-117.151054
32.739285,-117.15095
32.73929,-117.150826
32.7393,-117.1507
32.739307,-117.150604
32.739346,-117.150505
32.73929,-117.150406
32.73926,-117.150314
32.739285,-117.15019
32.73929,-117.150085
32.739246,-117.14998
32.739246,-117.14988
32.739235,-117.14977
32.739162,-117.14972
32.739075,-117.14968
32.739006,-117.14963
32.73891,-117.14964
32.738823,-117.14965
32.73874,-117.149666
32.73865,-117.149635
32.73857,-117.14961
32.73848,-117.149666
32.738384,-117.149666
32.738304,-117.14969
32.738213,-117.14969
32.73812,-117.149704
32.738026,-117.1497
32.73794,-117.14972
32.737854,-117.14971
32.73777,-117.14968
32.737736,-117.1496
32.7377,-117.149506
32.737656,-117.14941
32.73757,-117.149376
32.737488,-117.14937
32.737396,-117.14932
32.73732,-117.14928
32.73724,-117.149216
32.7372,-117.14913
32.73709,-117.14913
32.736996,-117.14915
32.736897,-117.14918
32.736816,-117.14919
32.73675,-117.14913
32.736668,-117.14918
32.736603,-117.14926
32.736538,-117.14933
32.736458,-117.149376
32.73638,-117.14943
32.73631,-117.14948
32.73627,-117.149574
32.73619,-117.14961
32.736103,-117.149635
32.736008,-117.149635
32.735916,-117.14961
32.73582,-117.14963
32.735706,-117.14965
32.735622,-117.149635
32.73552,-117.149666
32.73543,-117.14966
32.73536,-117.14961
32.735306,-117.149506
32.735336,-117.149414
32.735363,-117.149315
32.73531,-117.14924
32.7353,-117.14914
32.73532,-117.149025
32.73536,-117.14893
32.7354,-117.14885
32.735428,-117.14875
32.735504,-117.14879
32.735584,-117.14878
32.73567,-117.148796
32.73577,-117.14878
32.73584,-117.14872
32.7359,-117.14864
32.736,-117.148636
32.735966,-117.148544
32.736,-117.14846
32.73591,-117.14835
32.735943,-117.148254
32.735973,-117.14816
32.73598,-117.14806
32.73598,-117.14795
32.73596,-117.14784
32.73598,-117.147736
32.73598,-117.147736
32.847607,-117.27727
32.84751,-117.27738
32.84743,-117.277435
32.847378,-117.27755
32.8474,-117.27765
32.847404,-117.27777
32.847416,-117.27787
32.84743,-117.278015
32.847393,-117.278114
32.847336,-117.27818
32.847275,-117.27827
32.847298,-117.27837
32.847282,-117.278465
32.84738,-117.27856
32.84746,-117.27859
32.84738,-117.27857
32.847336,-117.278496
32.847233,-117.27849
32.847153,-117.278465
32.847065,-117.278465
32.847057,-117.27857
32.847084,-117.27868
32.847126,-117.27877
32.847202,-117.27881
32.84731,-117.278854
32.84731,-117.278984
32.84738,-117.27894
32.84746,-117.27898
32.847534,-117.278915
32.84762,-117.2789
32.8477,-117.27886
32.84775,-117.278786
32.847805,-117.27871
32.847866,-117.2786
32.847855,-117.2785
32.847866,-117.27861
32.847824,-117.278694
32.847748,-117.278755
32.847683,-117.278854
32.8476,-117.27886
32.847507,-117.27888
32.847416,-117.27891
32.84734,-117.27886
32.847263,-117.27881
32.84721,-117.27874
32.84712,-117.27869
32.847046,-117.278625
32.84698,-117.27853
32.847065,-117.27849
32.847153,-117.27843
32.847233,-117.27845
32.847256,-117.278336
32.84729,-117.27825
32.847324,-117.27816
32.84734,-117.27806
32.847366,-117.27796
32.84742,-117.27787
32.847366,-117.27779
32.84734,-117.27768
32.847374,-117.27758
32.847404,-117.27749
32.847458,-117.277405
32.847485,-117.27731
32.847565,-117.27725
32.84764,-117.27718
32.847717,-117.27713
32.84777,-117.277054
32.847862,-117.27697
32.847946,-117.27693
32.848026,-117.27684
32.84805,-117.27674
32.84813,-117.27672
32.848118,-117.27659
32.84813,-117.27647
32.848232,-117.27639
32.848267,-117.27629
32.84841,-117.2762
32.848434,-117.276085
32.848515,-117.27608
32.84858,-117.27599
32.848675,-117.27593
32.848755,-117.27586
32.84881,-117.275795
32.8489,-117.27579
32.848988,-117.27579
32.84896,-117.275955
32.848923,-117.27607
32.848804,-117.276115
32.848854,-117.27601
32.848927,-117.27597
32.848946,-117.27587
32.84902,-117.27582
32.84908,-117.27574
32.84919,-117.27572
32.849277,-117.27572
32.84936,-117.27568
32.8494,-117.27559
32.849453,-117.275505
32.84945,-117.27538
32.84946,-117.27527
32.84947,-117.27516
32.84949,-117.27505
32.849567,-117.274994
32.84965,-117.27496
32.849686,-117.27485
32.84978,-117.2748
32.849865,-117.27478
32.84994,-117.27472
32.850033,-117.27465
32.85012,-117.274635
32.8502,-117.27458
32.850178,-117.27449
32.850266,-117.27445
32.85032,-117.27438
32.850403,-117.274345
32.850437,-117.274254
32.850456,-117.27414
32.85052,-117.27408
32.850616,-117.27402
32.850586,-117.273926
32.850662,-117.27386
32.850754,-117.27385
32.85087,-117.27378
32.850956,-117.27379
32.85106,-117.27379
32.851116,-117.2737
32.851196,-117.27364
32.851276,-117.27363
32.85121,-117.27357
32.85116,-117.27347
32.851177,-117.27337
32.851128,-117.27328
32.851013,-117.27322
32.85094,-117.27317
32.85088,-117.27309
32.8508,-117.27313
32.850735,-117.2732
32.85065,-117.27325
32.85057,-117.27326
32.850506,-117.27321
32.850426,-117.27314
32.850346,-117.27308
32.850258,-117.273056
32.85018,-117.27301
32.85022,-117.2729
32.850193,-117.272804
32.850124,-117.27274
32.850086,-117.27265
32.85007,-117.27256
32.85013,-117.272484
32.850174,-117.27239
32.850136,-117.2723
32.8501,-117.27221
32.850063,-117.272125
32.85001,-117.27204
32.850044,-117.27194
32.850006,-117.27185
32.850063,-117.27178
32.85007,-117.271675
32.85014,-117.271614
32.850174,-117.27152
32.850193,-117.27142
32.850178,-117.271324
32.85013,-117.27124
32.850082,-117.271164
32.85003,-117.27109
32.849964,-117.271
32.849937,-117.27091
32.849876,-117.27082
32.849785,-117.27079
32.849705,-117.270744
32.849625,-117.270676
32.84954,-117.270645
32.84947,-117.270584
32.849396,-117.270515
32.849316,-117.27048
32.849262,-117.2704
32.84927,-117.2703
32.84917,-117.27027
32.849243,-117.270226
32.849335,-117.27021
32.84939,-117.270134
32.84953,-117.27014
32.84964,-117.270195
32.84972,-117.27018
32.849693,-117.27005
32.849686,-117.27017
32.849594,-117.27015
32.849426,-117.27015
32.849346,-117.27017
32.849262,-117.270195
32.84917,-117.27028
32.849213,-117.27037
32.849277,-117.270424
32.849224,-117.2705
32.849308,-117.27054
32.849396,-117.27043
32.849323,-117.270485
32.849373,-117.27058
32.849438,-117.27064
32.849438,-117.27064
