776662,33.82063,-118.39099,1.301919071E9,776110,776759
776662,33.820583,-118.39098,1.301919071E9,776110,776759
776662,33.82049,-118.39097,1.301919071E9,776110,776759
776662,33.820393,-118.39096,1.301919071E9,776110,776759
776662,33.820297,-118.39098,1.301919071E9,776110,776759
776662,33.820206,-118.390976,1.301919071E9,776110,776759
776662,33.82011,-118.39097,1.301919071E9,776110,776759
776662,33.820023,-118.39095,1.301919071E9,776110,776759
776662,33.819927,-118.39096,1.301919071E9,776110,776759
776662,33.81983,-118.39096,1.301919071E9,776110,776759
776662,33.81974,-118.39097,1.301919071E9,776110,776759
776662,33.81964,-118.39097,1.301919071E9,776110,776759
776662,33.81955,-118.39095,1.301919071E9,776110,776759
776662,33.81945,-118.39094,1.301919071E9,776110,776759
776662,33.819355,-118.39095,1.301919071E9,776110,776759
776662,33.819267,-118.39097,1.301919071E9,776110,776759
776662,33.81917,-118.39098,1.301919071E9,776110,776759
776662,33.819077,-118.39099,1.301919071E9,776110,776759
776662,33.818977,-118.391,1.301919071E9,776110,776759
776662,33.818886,-118.39101,1.301919071E9,776110,776759
776662,33.818787,-118.391,1.301919071E9,776110,776759
776662,33.8187,-118.390945,1.301919071E9,776110,776759
776662,33.818607,-118.390915,1.301919071E9,776110,776759
776662,33.81853,-118.39086,1.301919071E9,776110,776759
776662,33.8185,-118.39075,1.301919071E9,776110,776759
776662,33.818405,-118.390724,1.301919071E9,776110,776759
776662,33.818302,-118.39072,1.301919071E9,776110,776759
776662,33.818253,-118.390625,1.301919071E9,776110,776759
776662,33.818207,-118.390526,1.301919071E9,776110,776759
776662,33.81813,-118.390465,1.301919071E9,776110,776759
776662,33.818027,-118.39046,1.301919071E9,776110,776759
776662,33.817936,-118.39049,1.301919071E9,776110,776759
776662,33.81784,-118.390495,1.301919071E9,776110,776759
776662,33.81774,-118.39048,1.301919071E9,776110,776759
776662,33.817673,-118.390434,1.301919071E9,776110,776759
776662,33.81783,-118.39051,1.301919071E9,776110,776759
776662,33.81791,-118.39056,1.301919071E9,776110,776759
776662,33.818,-118.39054,1.301919071E9,776110,776759
776662,33.818096,-118.39052,1.301919071E9,776110,776759
776662,33.818188,-118.390495,1.301919071E9,776110,776759
776662,33.81829,-118.390465,1.301919071E9,776110,776759
776662,33.818382,-118.39044,1.301919071E9,776110,776759
776662,33.818478,-118.390434,1.301919071E9,776110,776759
776662,33.818577,-118.39043,1.301919071E9,776110,776759
776662,33.818672,-118.39045,1.301919071E9,776110,776759
776662,33.818768,-118.39044,1.301919071E9,776110,776759
776662,33.818867,-118.39042,1.301919071E9,776110,776759
776662,33.81896,-118.3904,1.301919071E9,776110,776759
776662,33.819054,-118.3904,1.301919071E9,776110,776759
776662,33.819145,-118.390396,1.301919071E9,776110,776759
776662,33.819233,-118.39035,1.301919071E9,776110,776759
776662,33.819332,-118.39033,1.301919071E9,776110,776759
776662,33.819424,-118.39032,1.301919071E9,776110,776759
776662,33.81952,-118.39029,1.301919071E9,776110,776759
776662,33.819622,-118.39028,1.301919071E9,776110,776759
776662,33.819714,-118.39024,1.301919071E9,776110,776759
776662,33.81981,-118.39025,1.301919071E9,776110,776759
776662,33.819904,-118.39023,1.301919071E9,776110,776759
776662,33.819992,-118.39018,1.301919071E9,776110,776759
776662,33.820084,-118.39017,1.301919071E9,776110,776759
776662,33.82018,-118.39014,1.301919071E9,776110,776759
776662,33.82028,-118.390114,1.301919071E9,776110,776759
776662,33.820366,-118.390144,1.301919071E9,776110,776759
776662,33.820465,-118.39015,1.301919071E9,776110,776759
776662,33.820564,-118.390144,1.301919071E9,776110,776759
776662,33.820667,-118.39015,1.301919071E9,776110,776759
776662,33.820766,-118.390144,1.301919071E9,776110,776759
776662,33.820858,-118.39016,1.301919071E9,776110,776759
776662,33.82095,-118.390175,1.301919071E9,776110,776759
776662,33.82104,-118.39017,1.301919071E9,776110,776759
776662,33.82114,-118.39018,1.301919071E9,776110,776759
776662,33.821228,-118.3902,1.301919071E9,776110,776759
776662,33.82133,-118.39021,1.301919071E9,776110,776759
776662,33.82142,-118.390205,1.301919071E9,776110,776759
776662,33.82151,-118.390236,1.301919071E9,776110,776759
776662,33.821583,-118.39017,1.301919071E9,776110,776759
776662,33.82167,-118.39021,1.301919071E9,776110,776759
776662,33.82176,-118.390175,1.301919071E9,776110,776759
776662,33.82185,-118.39019,1.301919071E9,776110,776759
776662,33.82195,-118.3902,1.301919071E9,776110,776759
776662,33.822044,-118.39018,1.301919071E9,776110,776759
776662,33.822136,-118.39017,1.301919071E9,776110,776759
776662,33.822227,-118.39017,1.301919071E9,776110,776759
776662,33.82232,-118.39017,1.301919071E9,776110,776759
776662,33.82242,-118.39015,1.301919071E9,776110,776759
776662,33.82251,-118.39019,1.301919071E9,776110,776759
776662,33.82261,-118.39023,1.301919071E9,776110,776759
776662,33.8227,-118.39024,1.301919071E9,776110,776759
776662,33.822792,-118.39026,1.301919071E9,776110,776759
776662,33.822887,-118.39029,1.301919071E9,776110,776759
776662,33.822975,-118.390236,1.301919071E9,776110,776759
776662,33.823048,-118.39017,1.301919071E9,776110,776759
776662,33.82314,-118.390144,1.301919071E9,776110,776759
776662,33.823227,-118.390114,1.301919071E9,776110,776759
776662,33.82332,-118.390076,1.301919071E9,776110,776759
776662,33.82341,-118.39004,1.301919071E9,776110,776759
776662,33.823494,-118.38999,1.301919071E9,776110,776759
776662,33.8236,-118.39005,1.301919071E9,776110,776759
776662,33.823696,-118.39007,1.301919071E9,776110,776759
776662,33.82379,-118.39007,1.301919071E9,776110,776759
776662,33.823887,-118.39006,1.301919071E9,776110,776759
776662,33.82398,-118.39007,1.301919071E9,776110,776759
776662,33.824066,-118.39007,1.301919071E9,776110,776759
776662,33.824158,-118.39006,1.301919071E9,776110,776759
776662,33.82424,-118.390114,1.301919071E9,776110,776759
776662,33.82434,-118.39009,1.301919071E9,776110,776759
776662,33.824436,-118.390114,1.301919071E9,776110,776759
776662,33.824528,-118.390114,1.301919071E9,776110,776759
776662,33.824623,-118.390114,1.301919071E9,776110,776759
776662,33.824715,-118.39008,1.301919071E9,776110,776759
776662,33.824802,-118.390045,1.301919071E9,776110,776759
776662,33.824894,-118.39006,1.301919071E9,776110,776759
776662,33.824978,-118.3901,1.301919071E9,776110,776759
776662,33.82508,-118.39008,1.301919071E9,776110,776759
776662,33.825172,-118.39008,1.301919071E9,776110,776759
776662,33.825268,-118.3901,1.301919071E9,776110,776759
776662,33.825363,-118.39013,1.301919071E9,776110,776759
776662,33.82545,-118.39011,1.301919071E9,776110,776759
776662,33.825386,-118.39019,1.301919071E9,776110,776759
776662,33.825302,-118.39023,1.301919071E9,776110,776759
776662,33.82523,-118.3903,1.301919071E9,776110,776759
776662,33.82514,-118.39032,1.301919071E9,776110,776759
776662,33.82505,-118.39034,1.301919071E9,776110,776759
776662,33.825047,-118.39045,1.301919071E9,776110,776759
776662,33.82494,-118.39047,1.301919071E9,776110,776759
776662,33.82485,-118.39044,1.301919071E9,776110,776759
776662,33.824745,-118.39041,1.301919071E9,776110,776759
776662,33.82465,-118.390396,1.301919071E9,776110,776759
776662,33.824707,-118.39033,1.301919071E9,776110,776759
776662,33.824608,-118.390335,1.301919071E9,776110,776759
776662,33.824745,-118.390366,1.301919071E9,776110,776759
776662,33.82485,-118.39039,1.301919071E9,776110,776759
776662,33.82495,-118.39038,1.301919071E9,776110,776759
776662,33.825047,-118.39037,1.301919071E9,776110,776759
776662,33.82513,-118.39033,1.301919071E9,776110,776759
776662,33.82521,-118.39026,1.301919071E9,776110,776759
776662,33.8253,-118.390274,1.301919071E9,776110,776759
776662,33.825386,-118.39023,1.301919071E9,776110,776759
776662,33.825478,-118.390205,1.301919071E9,776110,776759
776662,33.825565,-118.39016,1.301919071E9,776110,776759
776662,33.825653,-118.39013,1.301919071E9,776110,776759
776662,33.825752,-118.39015,1.301919071E9,776110,776759
776662,33.825844,-118.39018,1.301919071E9,776110,776759
776662,33.825935,-118.39019,1.301919071E9,776110,776759
776662,33.826027,-118.39019,1.301919071E9,776110,776759
776662,33.826115,-118.390205,1.301919071E9,776110,776759
776662,33.826214,-118.39021,1.301919071E9,776110,776759
776662,33.82631,-118.390205,1.301919071E9,776110,776759
776662,33.8264,-118.390205,1.301919071E9,776110,776759
776662,33.826496,-118.39022,1.301919071E9,776110,776759
776662,33.826588,-118.390205,1.301919071E9,776110,776759
776662,33.826687,-118.39021,1.301919071E9,776110,776759
776662,33.82678,-118.39021,1.301919071E9,776110,776759
776662,33.826874,-118.39023,1.301919071E9,776110,776759
776662,33.826965,-118.39024,1.301919071E9,776110,776759
776662,33.827065,-118.390236,1.301919071E9,776110,776759
776662,33.827137,-118.390236,1.301919071E9,776110,776759
