41.779755,-88.378494
41.776,-88.38546
41.775887,-88.38547
41.775784,-88.38549
41.775665,-88.38552
41.775562,-88.38558
41.77547,-88.38565
41.77539,-88.38574
41.775322,-88.38583
41.775265,-88.385956
41.775208,-88.38608
41.775158,-88.38619
41.775097,-88.38634
41.77503,-88.386475
41.77497,-88.38661
41.7749,-88.38675
41.77483,-88.38689
41.774765,-88.387024
41.774696,-88.38716
41.774635,-88.3873
41.774563,-88.387436
41.774494,-88.387566
41.77443,-88.38772
41.77436,-88.38784
41.774303,-88.387955
41.77423,-88.38808
41.774166,-88.3882
41.77411,-88.38831
41.774048,-88.38843
41.774,-88.38853
41.773926,-88.388695
41.77388,-88.38882
41.773926,-88.38896
41.77403,-88.38907
41.774094,-88.38914
41.77418,-88.38922
41.774292,-88.38929
41.7744,-88.38938
41.77451,-88.38946
41.774624,-88.38955
41.774727,-88.38965
41.774853,-88.389755
41.774994,-88.38987
41.77513,-88.38999
41.775253,-88.39009
41.7754,-88.390205
41.775543,-88.390335
41.775703,-88.390465
41.77586,-88.3906
41.77602,-88.39074
41.77616,-88.39086
41.776302,-88.391
41.776443,-88.391136
41.77658,-88.391304
41.776672,-88.39147
41.776775,-88.391655
41.77687,-88.39184
41.776966,-88.39203
41.77706,-88.39222
41.77716,-88.39241
41.777252,-88.3926
41.777363,-88.392815
41.777466,-88.39303
41.77757,-88.39324
41.777676,-88.393456
41.777786,-88.39367
41.777893,-88.39388
41.778004,-88.39409
41.778107,-88.39429
41.77821,-88.394516
41.778297,-88.394745
41.77838,-88.39497
41.778454,-88.3952
41.778522,-88.39545
41.778584,-88.39568
41.778645,-88.395935
41.7787,-88.39617
41.778763,-88.39643
41.778824,-88.39668
41.77887,-88.39693
41.778904,-88.39718
41.778927,-88.39743
41.77895,-88.39768
41.778965,-88.397934
41.778976,-88.39817
41.778996,-88.398445
41.77901,-88.3987
41.779026,-88.39895
41.779037,-88.3992
41.779057,-88.39946
41.77907,-88.39971
41.779083,-88.39996
41.77911,-88.40021
41.779133,-88.40048
41.779156,-88.400734
41.77918,-88.40099
41.7792,-88.401245
41.77923,-88.4015
41.779247,-88.40176
41.77927,-88.40201
41.779297,-88.40225
41.779324,-88.40253
41.779358,-88.40278
41.7794,-88.40302
41.77946,-88.40326
41.779514,-88.4035
41.77957,-88.40375
41.779633,-88.40399
41.779694,-88.40422
41.77976,-88.40448
41.77982,-88.40473
41.779877,-88.40498
41.779926,-88.40523
41.779987,-88.40547
41.780045,-88.405716
41.780666,-88.40837
41.78074,-88.40861
41.78081,-88.40885
41.780888,-88.409096
41.780968,-88.40933
41.781048,-88.40955
41.781143,-88.40978
41.78122,-88.409996
41.781322,-88.41023
41.781418,-88.41045
41.781513,-88.410675
41.781612,-88.4109
41.781715,-88.411125
41.78182,-88.41135
41.781918,-88.411575
41.782017,-88.41178
41.782124,-88.412025
41.782223,-88.41225
41.78231,-88.412476
41.782375,-88.41272
41.78244,-88.412964
41.78249,-88.413216
41.7825,-88.41346
41.782513,-88.413666
41.782516,-88.41392
41.782516,-88.414154
41.782475,-88.41435
41.78244,-88.41457
41.782402,-88.414795
41.782356,-88.415016
41.782276,-88.41518
41.78222,-88.41536
41.782146,-88.41555
41.782055,-88.41571
41.781967,-88.415886
41.781883,-88.416046
41.78179,-88.41619
41.781685,-88.41634
41.781544,-88.41646
41.781418,-88.416565
41.781277,-88.41668
41.781143,-88.41677
41.781006,-88.41687
41.780865,-88.41698
41.78071,-88.41709
41.780563,-88.4172
41.78041,-88.41729
41.780277,-88.4174
41.78012,-88.41751
41.77998,-88.41762
41.779842,-88.41773
41.77971,-88.41784
41.779568,-88.41795
41.77943,-88.41807
41.779293,-88.41819
41.77917,-88.418304
41.77905,-88.41847
41.778942,-88.41864
41.77883,-88.41879
41.778736,-88.41897
41.77864,-88.41914
41.77856,-88.41933
41.77849,-88.41951
41.778423,-88.419685
41.77836,-88.41989
41.778313,-88.42008
41.77827,-88.42029
41.77824,-88.42048
41.778217,-88.42068
41.778202,-88.420876
41.77819,-88.42108
41.778183,-88.42128
41.778183,-88.42151
41.7782,-88.42172
41.77822,-88.42193
41.77826,-88.42214
41.778294,-88.42234
41.77833,-88.42255
41.778378,-88.42274
41.778423,-88.42292
41.778507,-88.42312
41.778587,-88.42332
41.778664,-88.423485
41.77876,-88.42365
41.778862,-88.4238
41.778965,-88.42395
41.779076,-88.424095
41.77918,-88.424225
41.779293,-88.42437
41.779533,-88.42461
41.779648,-88.42473
41.77976,-88.42484
41.77986,-88.42495
41.779972,-88.42507
41.780075,-88.425186
41.780193,-88.42531
41.7803,-88.42542
41.7804,-88.42553
41.780502,-88.425644
41.781025,-88.426285
41.781082,-88.42637
41.78115,-88.42645
41.78122,-88.426575
41.7813,-88.42676
41.781345,-88.42686
41.78139,-88.42696
41.781445,-88.42707
41.78149,-88.42719
41.781544,-88.427315
41.781597,-88.427444
41.781654,-88.42758
41.781715,-88.42771
41.781776,-88.42786
41.781834,-88.42801
41.781895,-88.42815
41.781963,-88.428314
41.782036,-88.42847
41.782112,-88.42862
41.782192,-88.428764
41.782276,-88.4289
41.782368,-88.42904
41.782463,-88.42917
41.78255,-88.42929
41.782654,-88.429436
41.78275,-88.42956
41.78285,-88.42969
41.782944,-88.42981
41.78304,-88.429924
41.78313,-88.43004
41.78323,-88.43014
41.783333,-88.43024
41.783447,-88.430336
41.783558,-88.43042
41.783672,-88.430504
41.78381,-88.43057
41.78394,-88.43065
41.784077,-88.43071
41.784206,-88.43077
41.78434,-88.430824
41.784466,-88.43087
41.784588,-88.43089
41.784718,-88.43091
41.784847,-88.43093
41.784985,-88.43094
41.78513,-88.43095
41.785263,-88.43096
41.78538,-88.430954
41.78553,-88.430954
41.785667,-88.43095
41.78581,-88.430954
41.785946,-88.43096
41.78608,-88.430954
41.786213,-88.430954
41.786343,-88.43095
41.786472,-88.43094
41.786613,-88.43093
41.78675,-88.43093
41.786884,-88.43093
41.787018,-88.43093
41.787148,-88.43095
41.78727,-88.43098
41.787384,-88.431015
41.787495,-88.43105
41.787613,-88.431114
41.787724,-88.43118
41.787827,-88.43125
41.787926,-88.43135
41.788013,-88.43146
41.788105,-88.43157
41.788197,-88.43169
41.788265,-88.4318
41.78834,-88.431946
41.788403,-88.43209
41.78846,-88.43223
41.78851,-88.43237
41.788548,-88.43251
41.78857,-88.43264
41.78866,-88.433014
41.78875,-88.43304
41.78888,-88.43298
41.78896,-88.43296
41.78905,-88.43294
41.789154,-88.432915
41.78926,-88.43291
41.789387,-88.43289
41.78952,-88.432884
41.78966,-88.43288
41.78981,-88.43287
41.790108,-88.43288
41.790432,-88.432884
41.7906,-88.4329
41.790775,-88.43289
41.79095,-88.432884
41.791122,-88.43288
41.791286,-88.43288
41.791424,-88.43287
41.79155,-88.43285
41.791676,-88.432846
41.791786,-88.43282
41.7919,-88.43282
41.791992,-88.43282
41.792103,-88.43286
41.79217,-88.432976
41.792217,-88.43315
41.79229,-88.433365
41.79232,-88.433464
41.792377,-88.433586
41.79244,-88.43369
41.792503,-88.43383
41.792576,-88.433975
41.79265,-88.43411
41.79272,-88.43426
41.792793,-88.43442
41.792873,-88.43458
41.792953,-88.434746
41.79303,-88.434906
41.79311,-88.43508
41.793186,-88.43524
41.793262,-88.435394
41.79333,-88.435555
41.793396,-88.435715
41.79344,-88.43588
41.793488,-88.43605
41.79351,-88.43621
41.793495,-88.436386
41.793503,-88.436554
41.793507,-88.43673
41.793507,-88.4369
41.79351,-88.43708
41.793507,-88.437256
41.79351,-88.43744
41.793514,-88.4376
41.79352,-88.4378
41.793526,-88.43799
41.793533,-88.43818
41.79355,-88.43837
41.793583,-88.43855
41.793636,-88.43874
41.7937,-88.43893
41.793774,-88.439095
41.793854,-88.439285
41.79394,-88.43946
41.794033,-88.43964
41.794117,-88.43981
41.794212,-88.43997
41.794323,-88.44014
41.794437,-88.4403
41.79454,-88.44044
41.794674,-88.44058
41.79479,-88.44072
41.794907,-88.44085
41.795025,-88.44098
41.795135,-88.44111
41.795242,-88.44123
41.79612,-88.44209
41.796253,-88.442215
41.796383,-88.44233
41.796513,-88.44243
41.79666,-88.44255
41.796787,-88.44266
41.796913,-88.442764
41.797047,-88.44289
41.79719,-88.442986
41.79733,-88.443115
41.797493,-88.443245
41.797634,-88.443375
41.79779,-88.44353
41.79793,-88.44368
41.798077,-88.44383
41.798233,-88.444
41.79839,-88.44417
41.798542,-88.44433
41.798695,-88.44449
41.79883,-88.44465
41.798996,-88.444824
41.79915,-88.44499
41.7993,-88.44516
41.799454,-88.44532
41.799606,-88.44549
41.799763,-88.445656
41.799915,-88.44582
41.80006,-88.445984
41.800232,-88.44616
41.80039,-88.44633
41.800537,-88.446495
41.800682,-88.446655
41.800816,-88.44682
41.80094,-88.44699
41.80106,-88.44717
41.801155,-88.447334
41.801266,-88.447525
41.80137,-88.447716
41.80147,-88.4479
41.80158,-88.44809
41.80169,-88.44829
41.801804,-88.44849
41.801918,-88.44868
41.80203,-88.44887
41.80215,-88.44908
41.80227,-88.44928
41.802387,-88.44948
41.802505,-88.44968
41.802624,-88.44987
41.802746,-88.450066
41.802868,-88.45026
41.802982,-88.45043
41.803104,-88.45064
41.803223,-88.45083
41.80334,-88.451035
41.80346,-88.451225
41.80358,-88.45142
41.8037,-88.45162
41.803818,-88.45183
41.803932,-88.45201
41.804054,-88.452225
41.804176,-88.452415
41.804295,-88.45261
41.804413,-88.4528
41.804527,-88.45299
41.804646,-88.453186
41.804768,-88.45338
41.80488,-88.45356
41.805,-88.45377
41.805115,-88.453964
41.80523,-88.45416
41.80534,-88.45436
41.805447,-88.45457
41.805553,-88.45477
41.805656,-88.45497
41.805756,-88.45516
41.805862,-88.455376
41.80596,-88.455574
41.80606,-88.45578
41.806164,-88.455986
41.80626,-88.45619
41.806362,-88.4564
41.80646,-88.4566
41.806557,-88.456795
41.806667,-88.45701
41.80677,-88.45721
41.806873,-88.457405
41.806973,-88.4576
41.807076,-88.457794
41.807175,-88.45798
41.807953,-88.459274
41.808037,-88.4594
41.808113,-88.45951
41.808186,-88.459625
41.80824,-88.45973
41.80828,-88.45984
41.808296,-88.46005
41.808292,-88.46022
41.808292,-88.460335
41.808292,-88.46046
41.808384,-88.46051
41.80848,-88.46051
41.80858,-88.46054
41.808685,-88.46056
41.808815,-88.460594
41.808933,-88.46061
41.809048,-88.46064
41.80916,-88.46068
41.809258,-88.46071
41.80936,-88.46074
41.809444,-88.46078
41.80955,-88.46082
41.809647,-88.46085
41.809772,-88.46092
41.80987,-88.46095
41.809967,-88.461
41.810074,-88.46101
41.810177,-88.461044
41.810265,-88.461044
41.81036,-88.46113
41.8104,-88.46127
41.810402,-88.46148
41.810406,-88.4616
41.810387,-88.461845
41.810387,-88.461975
41.810368,-88.4621
41.810368,-88.462204
41.81037,-88.46235
41.81037,-88.46246
41.81037,-88.4626
41.81037,-88.462715
41.81037,-88.462845
41.81036,-88.46298
41.810368,-88.463135
41.810364,-88.463264
41.810368,-88.46341
41.81036,-88.46356
41.810383,-88.46419
41.81037,-88.464325
41.810345,-88.464485
41.8103,-88.46464
41.810238,-88.464775
41.81016,-88.464905
41.810097,-88.465034
41.81002,-88.465195
41.80995,-88.46533
41.80988,-88.465485
41.8098,-88.46564
41.80972,-88.46579
41.80964,-88.46595
41.80956,-88.46611
41.809475,-88.46626
41.8093,-88.46661
41.809208,-88.46678
41.80912,-88.46696
41.809032,-88.46713
41.80894,-88.46731
41.808846,-88.46749
41.80876,-88.46767
41.80866,-88.467865
41.808563,-88.468056
41.808464,-88.468254
41.808365,-88.46845
41.80826,-88.46865
41.80816,-88.46886
41.808056,-88.46906
41.807953,-88.46925
41.807835,-88.46948
41.80772,-88.46969
41.80761,-88.4699
41.807503,-88.47012
41.80739,-88.470345
41.807274,-88.470566
41.807156,-88.470795
41.80705,-88.471
41.806927,-88.47123
41.806812,-88.47145
41.8067,-88.47167
41.806583,-88.471886
41.806473,-88.47209
41.80636,-88.472305
41.80624,-88.47251
41.80614,-88.4727
41.806026,-88.472916
41.805904,-88.473114
41.805775,-88.47331
41.80565,-88.47351
41.805527,-88.473724
41.8054,-88.47394
41.80525,-88.47412
41.80512,-88.474304
41.804974,-88.47451
41.804836,-88.4747
41.804703,-88.4749
41.80457,-88.47509
41.80444,-88.475266
41.80432,-88.47543
41.804222,-88.4756
41.80413,-88.47575
41.804012,-88.47591
41.803913,-88.47606
41.80381,-88.476204
41.803738,-88.47633
41.80365,-88.47643
41.803566,-88.4765
41.803493,-88.47663
41.80353,-88.47676
41.803642,-88.47686
41.803802,-88.47698
41.803898,-88.47705
41.804005,-88.47713
41.80411,-88.47721
41.804237,-88.47731
41.804363,-88.47741
41.804493,-88.477516
41.804626,-88.47762
41.804775,-88.477745
41.80492,-88.477875
41.805084,-88.478004
41.80524,-88.47813
41.8054,-88.47826
41.80557,-88.47839
41.805737,-88.47853
41.807255,-88.47979
41.807415,-88.479935
41.807728,-88.480225
41.807888,-88.480385
41.808044,-88.48054
41.808193,-88.480705
41.80834,-88.48087
41.80849,-88.48103
41.80866,-88.481224
41.80881,-88.48141
41.808956,-88.48158
41.809105,-88.481766
41.809254,-88.48196
41.809406,-88.48214
41.809555,-88.48233
41.809696,-88.482506
41.809856,-88.48271
41.81001,-88.482895
41.81016,-88.483086
41.810314,-88.48328
41.810467,-88.48346
41.81062,-88.48365
41.810776,-88.48384
41.810917,-88.48402
41.811077,-88.48422
41.81123,-88.48441
41.811375,-88.484604
41.811523,-88.48479
41.81183,-88.48516
41.811977,-88.485344
41.81212,-88.48552
41.81228,-88.48571
41.812428,-88.4859
41.812576,-88.486084
41.812725,-88.486275
41.812878,-88.48645
41.813026,-88.48663
41.813175,-88.48682
41.813313,-88.48699
41.813477,-88.48719
41.81362,-88.48737
41.81377,-88.48756
41.813915,-88.48774
41.814056,-88.48792
41.8142,-88.4881
41.814346,-88.48828
41.81448,-88.48844
41.81463,-88.488625
41.814774,-88.4888
41.814915,-88.488976
41.815056,-88.48917
41.81519,-88.48936
41.815327,-88.48955
41.81544,-88.48977
41.815567,-88.48997
41.8157,-88.490204
41.815823,-88.49043
41.815933,-88.49066
41.816032,-88.49089
41.816128,-88.491135
41.816235,-88.49137
41.816334,-88.4916
41.81643,-88.49182
41.81654,-88.492065
41.81664,-88.4923
41.81674,-88.49253
41.816845,-88.49277
41.81695,-88.493004
41.817055,-88.49324
41.81716,-88.493484
41.817265,-88.493706
41.81738,-88.493965
41.81749,-88.49421
41.8176,-88.494446
41.81771,-88.49469
41.817825,-88.49494
41.817936,-88.495186
41.818047,-88.49543
41.818153,-88.49567
41.818268,-88.49593
41.81838,-88.49618
41.818493,-88.49643
41.818604,-88.49667
41.818714,-88.496925
41.818825,-88.49717
41.818935,-88.49742
41.819042,-88.49766
41.819164,-88.497925
41.819275,-88.49818
41.82018,-88.50019
41.82029,-88.50044
41.820404,-88.5007
41.820522,-88.50096
41.820637,-88.50123
41.82074,-88.50149
41.820843,-88.50173
41.820965,-88.502
41.82108,-88.50225
41.821194,-88.502495
41.821304,-88.50274
41.821423,-88.50297
41.82154,-88.503204
41.821663,-88.503426
41.82178,-88.50364
41.82192,-88.503876
41.822056,-88.5041
41.82221,-88.5043
41.822357,-88.50451
41.822502,-88.504715
41.82265,-88.50492
41.8228,-88.50512
41.82294,-88.50531
41.823097,-88.50552
41.823246,-88.50574
41.823395,-88.50594
41.823544,-88.50614
41.823685,-88.50635
41.82383,-88.506546
41.823975,-88.506744
41.82411,-88.506935
41.824257,-88.50715
41.824406,-88.50734
41.824547,-88.50754
41.82469,-88.507744
41.824833,-88.50794
41.824978,-88.50814
41.825115,-88.50834
41.82525,-88.50852
41.825405,-88.508736
41.825554,-88.50893
41.8257,-88.50913
41.82584,-88.50933
41.82598,-88.50954
41.826126,-88.509735
41.82627,-88.50994
41.82641,-88.51013
41.82656,-88.51035
41.826706,-88.51056
41.82685,-88.51076
41.826992,-88.51096
41.827133,-88.51116
41.82728,-88.51135
41.827423,-88.511536
41.82755,-88.51172
41.82769,-88.5119
41.827953,-88.51225
41.828083,-88.51243
41.82821,-88.512596
41.82833,-88.512764
41.828453,-88.51293
41.828564,-88.51308
41.828686,-88.513245
41.8288,-88.5134
41.828915,-88.51355
41.82902,-88.513695
41.829132,-88.51385
41.82924,-88.51399
41.829346,-88.51414
41.82944,-88.51426
41.82955,-88.51441
41.82965,-88.51454
41.82975,-88.51468
41.82985,-88.51481
41.829945,-88.51494
41.830044,-88.51507
41.83014,-88.51519
41.830223,-88.515305
41.830322,-88.51543
41.830414,-88.51556
41.830505,-88.51567
41.8306,-88.515785
41.830685,-88.515915
41.83078,-88.51603
41.83087,-88.51615
41.830956,-88.51627
41.831062,-88.5164
41.831158,-88.51653
41.83125,-88.516655
41.831345,-88.51678
41.83144,-88.51691
41.831528,-88.51703
41.831623,-88.517166
41.832253,-88.518005
41.832348,-88.518135
41.83243,-88.51824
41.832523,-88.51837
41.83261,-88.51849
41.832695,-88.51863
41.832783,-88.51875
41.832874,-88.518875
41.83296,-88.51898
41.833057,-88.5191
41.833145,-88.51921
41.833252,-88.51934
41.83334,-88.51946
41.833427,-88.5196
41.833515,-88.51972
41.833607,-88.519844
41.8337,-88.51996
41.833797,-88.52008
41.833878,-88.520195
41.83398,-88.520325
41.834064,-88.520454
41.834145,-88.52057
41.834244,-88.5207
41.834328,-88.520805
41.83441,-88.52093
41.8345,-88.52106
41.83458,-88.52116
41.834663,-88.52126
41.83473,-88.521355
41.834793,-88.52145
41.83491,-88.52159
41.834995,-88.5217
41.835068,-88.521805
41.83509,-88.52193
41.835068,-88.52208
41.835026,-88.52226
41.83499,-88.52237
41.834934,-88.52253
41.834892,-88.52266
41.834843,-88.5228
41.834797,-88.52293
41.83474,-88.52309
41.83469,-88.52325
41.834644,-88.52342
41.83459,-88.523575
41.83454,-88.52374
41.834476,-88.52389
41.83442,-88.52406
41.83437,-88.52422
41.83432,-88.524414
41.834255,-88.524574
41.834194,-88.52475
41.834145,-88.52492
41.834087,-88.52509
41.834034,-88.52527
41.833977,-88.525444
41.833927,-88.5256
41.83387,-88.52579
41.833828,-88.52594
41.83378,-88.52611
41.833725,-88.52627
41.83368,-88.52644
41.833637,-88.52659
41.83359,-88.52673
41.833538,-88.52689
41.83348,-88.52707
41.833435,-88.52723
41.83339,-88.52737
41.83334,-88.52751
41.8333,-88.52764
41.83324,-88.527824
41.833202,-88.52794
41.833157,-88.52812
41.833103,-88.52832
41.83306,-88.528465
41.832664,-88.52988
41.832607,-88.5301
41.832554,-88.53031
41.83249,-88.53055
41.83242,-88.53077
41.83235,-88.531006
41.832287,-88.531235
41.832226,-88.531456
41.832157,-88.53171
41.832096,-88.531944
41.83203,-88.53218
41.83197,-88.53242
41.83191,-88.53267
41.831856,-88.53291
41.8318,-88.53317
41.83175,-88.53341
41.83169,-88.53367
41.831642,-88.533936
41.83159,-88.5342
41.831535,-88.53447
41.831482,-88.534744
41.831432,-88.53503
41.831383,-88.53531
41.83133,-88.535576
41.831272,-88.53589
41.83122,-88.53619
41.831165,-88.53648
41.83111,-88.53677
41.831055,-88.53707
41.830997,-88.53737
41.83094,-88.53766
41.830887,-88.53793
41.830826,-88.53825
41.830772,-88.53854
41.830715,-88.53884
41.830658,-88.53915
41.8306,-88.539444
41.830547,-88.53974
41.830494,-88.54004
41.83044,-88.54031
41.83038,-88.540634
41.830322,-88.54093
41.83027,-88.54123
41.83021,-88.54153
41.830154,-88.54182
41.830097,-88.542114
41.830044,-88.54241
41.829994,-88.542694
41.829933,-88.54301
41.82988,-88.543304
41.829823,-88.5436
41.829765,-88.54391
41.829712,-88.544205
41.829655,-88.5445
41.829597,-88.54481
41.82954,-88.54508
41.82948,-88.5454
41.829422,-88.54571
41.829365,-88.546005
41.829308,-88.5463
41.829254,-88.5466
41.829197,-88.546906
41.82914,-88.5472
41.829086,-88.54748
41.829025,-88.5478
41.82897,-88.5481
41.828915,-88.5484
41.828857,-88.5487
41.8288,-88.549
41.82874,-88.5493
41.828682,-88.5496
41.82863,-88.54988
41.828568,-88.55019
41.828514,-88.5505
41.828457,-88.5508
41.828396,-88.551094
41.82834,-88.55139
41.82828,-88.55169
41.828224,-88.55199
41.82817,-88.55227
41.82811,-88.55259
41.828053,-88.55289
41.82794,-88.55348
41.82789,-88.55378
41.82783,-88.55408
41.82777,-88.554375
41.827717,-88.55466
41.82766,-88.55497
41.827602,-88.55527
41.82755,-88.555565
41.82749,-88.55585
41.82743,-88.556145
41.82737,-88.55645
41.82731,-88.55675
41.826904,-88.558846
41.826836,-88.55913
41.82677,-88.55939
41.826694,-88.559654
41.82662,-88.5599
41.826523,-88.56012
41.82644,-88.56035
41.826355,-88.56056
41.826283,-88.56076
41.826214,-88.560936
41.82616,-88.56108
41.826103,-88.56123
41.82607,-88.56135
41.826122,-88.561516
41.826275,-88.56156
41.82644,-88.561554
41.826546,-88.561554
41.82666,-88.56155
41.826775,-88.56154
41.82691,-88.56154
41.82705,-88.56153
41.82721,-88.56152
41.82736,-88.56152
41.8275,-88.561516
41.827656,-88.561516
41.827805,-88.561516
41.827953,-88.561516
41.828125,-88.561516
41.8283,-88.56151
41.82847,-88.56151
41.82863,-88.5615
41.828808,-88.56151
41.828983,-88.56154
41.829144,-88.56158
41.829277,-88.561676
41.82941,-88.56179
41.82954,-88.56191
41.829662,-88.56205
41.829784,-88.56219
41.829903,-88.56232
41.830067,-88.562485
41.830204,-88.56264
41.830345,-88.56279
41.8305,-88.56295
41.830647,-88.5631
41.83079,-88.563255
41.830948,-88.563416
41.83109,-88.56355
41.831253,-88.56372
41.831413,-88.56388
41.831566,-88.56403
41.83172,-88.56419
41.831875,-88.564354
41.832035,-88.56451
41.832195,-88.56465
41.83235,-88.56477
41.832535,-88.564896
41.832706,-88.564995
41.83288,-88.56508
41.83306,-88.56515
41.833244,-88.565216
41.83343,-88.565285
41.833614,-88.56535
41.83379,-88.565414
41.83399,-88.56549
41.834175,-88.56556
41.83435,-88.56563
41.834538,-88.5657
41.83472,-88.56576
41.834904,-88.56583
41.83508,-88.565895
41.83524,-88.56595
41.835423,-88.56602
41.835567,-88.56606
41.83571,-88.56612
41.835835,-88.56619
41.835945,-88.56631
41.83604,-88.56644
41.83609,-88.56661
41.836132,-88.56678
41.836178,-88.566986
41.836216,-88.567184
41.836254,-88.5674
41.836296,-88.56762
41.836338,-88.56785
41.836384,-88.568085
41.83643,-88.56832
41.83647,-88.56855
41.836525,-88.56881
41.836967,-88.57113
41.83702,-88.571396
41.837067,-88.57166
41.83712,-88.57193
41.83717,-88.5722
41.837215,-88.57247
41.837242,-88.57273
41.837257,-88.57303
41.83725,-88.57331
41.83723,-88.573586
41.83721,-88.57386
41.83719,-88.57414
41.83717,-88.574425
41.83715,-88.57471
41.83713,-88.574974
41.837116,-88.57529
41.837097,-88.57558
41.83708,-88.57587
41.83706,-88.57616
41.83704,-88.57645
41.83702,-88.57673
41.836998,-88.57702
41.83698,-88.57729
41.836956,-88.5776
41.836937,-88.57789
41.836918,-88.57818
41.8369,-88.57847
41.83688,-88.57876
41.83686,-88.57904
41.836845,-88.57933
41.83683,-88.5796
41.836815,-88.57989
41.8368,-88.58017
41.83677,-88.58044
41.83674,-88.580696
41.836697,-88.58094
41.836563,-88.581154
41.836445,-88.58137
41.836334,-88.58155
41.83622,-88.58176
41.836124,-88.58197
41.836044,-88.58219
41.83598,-88.58241
41.836033,-88.58265
41.836037,-88.582886
41.836037,-88.58312
41.836037,-88.58335
41.836037,-88.58362
41.836033,-88.58388
41.836033,-88.58414
41.836025,-88.5844
41.83602,-88.58466
41.836018,-88.58494
41.836014,-88.5852
41.83601,-88.58545
41.836006,-88.58574
41.836002,-88.586006
41.836002,-88.58627
41.836006,-88.58653
41.83601,-88.58679
41.83602,-88.58707
41.836014,-88.58733
41.836014,-88.587585
41.836014,-88.587875
41.83601,-88.58815
41.836014,-88.588425
41.836014,-88.5887
41.836014,-88.588974
41.836006,-88.58926
41.836006,-88.58954
41.836002,-88.589806
41.836,-88.5901
41.836,-88.590385
41.835995,-88.59067
41.835995,-88.59096
41.836,-88.59124
41.836,-88.591805
41.836,-88.59207
41.835995,-88.59238
41.835995,-88.59294
41.835995,-88.593216
41.835995,-88.59349
41.835995,-88.59376
41.835995,-88.594025
41.836,-88.59427
41.83601,-88.594536
41.836018,-88.594795
41.835987,-88.595024
41.83599,-88.59532
41.835995,-88.5956
41.835995,-88.595856
41.83596,-88.59803
41.83596,-88.598206
41.835953,-88.598404
41.835953,-88.59859
41.83594,-88.59873
41.835938,-88.59889
41.83594,-88.59903
41.83593,-88.59916
41.83594,-88.59932
41.83595,-88.59946
41.835934,-88.5996
41.83593,-88.59978
41.83593,-88.60004
41.835926,-88.60018
41.835922,-88.600334
41.835922,-88.6005
41.835922,-88.60066
41.835922,-88.600845
41.83592,-88.60102
41.83592,-88.6012
41.835903,-88.60137
41.83589,-88.60155
41.835876,-88.601715
41.8358,-88.602234
41.83577,-88.60239
41.835747,-88.60255
41.83573,-88.602684
41.83572,-88.602806
41.835697,-88.60291
41.835697,-88.60291
41.843197,-88.60201
41.843826,-88.60199
41.844032,-88.60199
41.844242,-88.60199
41.84445,-88.60198
41.844658,-88.60198
41.844852,-88.601974
41.845074,-88.601974
41.845284,-88.60197
41.84549,-88.60197
41.845695,-88.60197
41.84589,-88.60197
41.846313,-88.60197
41.8465,-88.60197
41.846718,-88.60195
41.846928,-88.60196
41.84753,-88.60195
41.84773,-88.601944
41.8483,-88.60194
41.84848,-88.60193
41.84866,-88.60193
41.84884,-88.60192
41.849003,-88.60192
41.84918,-88.60192
41.849327,-88.60192
41.849464,-88.60192
41.84961,-88.60191
41.84974,-88.60191
41.84983,-88.60191
41.84993,-88.601906
41.85003,-88.6019
41.850117,-88.6019
41.8502,-88.6019
41.850292,-88.60192
41.850365,-88.60199
41.850384,-88.60213
41.850407,-88.60231
41.850407,-88.602425
41.850407,-88.602554
41.8504,-88.602684
41.85039,-88.60281
41.850384,-88.60296
41.850372,-88.60312
41.85036,-88.60328
41.850353,-88.60345
41.85034,-88.60361
41.850334,-88.603806
41.850315,-88.60399
41.8503,-88.60419
41.850277,-88.60455
41.850266,-88.60477
41.850254,-88.604965
41.850246,-88.60516
41.850243,-88.60537
41.850235,-88.605576
41.850227,-88.60578
41.85022,-88.60599
41.850216,-88.60618
41.850212,-88.606384
41.850212,-88.606575
41.850212,-88.60674
41.85021,-88.606926
41.850204,-88.60709
41.8502,-88.60724
41.850204,-88.60738
41.850204,-88.60749
41.850204,-88.60761
41.8502,-88.607765
41.8502,-88.60789
41.850166,-88.60778
41.85018,-88.60766
41.85019,-88.6075
41.850197,-88.60728
41.850185,-88.60713
41.85019,-88.60699
41.85019,-88.606804
41.85019,-88.60663
41.850193,-88.60645
41.850193,-88.60625
41.850193,-88.60605
41.850197,-88.60584
41.8502,-88.60561
41.850204,-88.6054
41.850212,-88.60517
41.85022,-88.60494
41.850227,-88.60473
41.850243,-88.604485
41.85026,-88.604256
41.85028,-88.60403
41.850296,-88.6038
41.850315,-88.60358
41.85033,-88.60335
41.850346,-88.60315
41.850353,-88.60296
41.850353,-88.60277
41.850353,-88.602615
41.85037,-88.60251
41.85037,-88.60239
41.850365,-88.602196
41.850353,-88.60207
41.85028,-88.60196
41.85017,-88.60195
41.85001,-88.60195
41.8499,-88.60195
41.849785,-88.60196
41.84965,-88.60196
41.849514,-88.601974
41.84936,-88.601974
41.849205,-88.601974
41.849037,-88.60199
41.848877,-88.60199
41.84768,-88.602005
41.84746,-88.602005
41.84725,-88.60201
41.847008,-88.60201
41.84677,-88.60202
41.846542,-88.60203
41.846302,-88.60202
41.846066,-88.60203
41.84582,-88.60203
41.845577,-88.602036
41.845352,-88.602036
41.845097,-88.602036
41.844852,-88.60204
41.844604,-88.60204
41.84436,-88.60204
41.844128,-88.60205
41.843864,-88.60205
41.843616,-88.60205
41.843388,-88.60206
41.843124,-88.60206
41.84288,-88.602066
41.842636,-88.60207
41.842396,-88.60208
41.842155,-88.60209
41.84192,-88.60209
41.841682,-88.60209
41.841473,-88.6021
41.841225,-88.6021
41.840996,-88.602104
41.840763,-88.602104
41.84053,-88.60211
41.840317,-88.60211
41.840073,-88.60212
41.839844,-88.60212
41.83963,-88.60212
41.83939,-88.60213
41.83916,-88.60213
41.838932,-88.602135
41.838703,-88.60214
41.838478,-88.60214
41.83826,-88.60215
41.83804,-88.60216
41.837837,-88.602165
41.837605,-88.602165
41.837387,-88.60214
41.837177,-88.60209
41.836983,-88.602
41.83682,-88.601845
41.83664,-88.6017
41.836517,-88.60147
41.836403,-88.60128
41.836315,-88.601006
41.836235,-88.60075
41.83615,-88.6005
41.836067,-88.60024
41.835983,-88.59998
41.835896,-88.599724
41.835804,-88.59947
41.835712,-88.59923
41.835613,-88.59896
41.83551,-88.59871
41.835407,-88.598465
41.8353,-88.59821
41.835194,-88.597984
41.835068,-88.59772
41.83495,-88.59748
41.83484,-88.59726
41.834705,-88.597015
41.834568,-88.59682
41.834415,-88.596634
41.834248,-88.5965
41.83407,-88.59638
41.83388,-88.59629
41.8337,-88.59621
41.833508,-88.59617
41.83329,-88.59619
41.833084,-88.59619
41.83288,-88.59619
41.832664,-88.59619
41.832466,-88.59618
41.832245,-88.59618
41.831837,-88.59618
41.831615,-88.59618
41.8314,-88.59619
41.83098,-88.59619
41.830765,-88.59618
41.830544,-88.59618
41.830322,-88.59618
41.829884,-88.59618
41.829666,-88.59618
41.82944,-88.59618
41.829216,-88.59618
41.829002,-88.59618
41.82876,-88.59618
41.82853,-88.59618
41.826187,-88.59618
41.825954,-88.59618
41.825714,-88.59618
41.825474,-88.59618
41.825253,-88.59618
41.825,-88.59618
41.824764,-88.59618
41.82455,-88.59618
41.824306,-88.59618
41.824078,-88.59618
41.823856,-88.59618
41.823627,-88.596176
41.823406,-88.59617
41.823196,-88.59616
41.822987,-88.59615
41.822792,-88.596146
41.82258,-88.596146
41.822384,-88.596146
41.8222,-88.596146
41.822037,-88.59614
41.8219,-88.59614
41.82176,-88.59613
41.821644,-88.59613
41.82154,-88.59612
41.82145,-88.59612
41.82134,-88.596146
41.821266,-88.59624
41.82124,-88.59636
41.82123,-88.59655
41.821236,-88.59667
41.821236,-88.596794
41.821243,-88.59695
41.82124,-88.597115
41.821243,-88.59726
41.821247,-88.597435
41.82123,-88.59763
41.82123,-88.597824
41.821224,-88.59803
41.821224,-88.59823
41.821228,-88.59843
41.82122,-88.59864
41.821217,-88.59884
41.821213,-88.5993
41.821213,-88.599525
41.82121,-88.599754
41.8212,-88.599976
41.821194,-88.600235
41.821186,-88.60047
41.821182,-88.6007
41.82118,-88.60095
41.82117,-88.6012
41.82117,-88.60143
41.82117,-88.60167
41.821167,-88.60188
41.821167,-88.60207
41.821163,-88.60226
41.82116,-88.60241
41.821156,-88.60259
41.821148,-88.60277
41.82114,-88.60295
41.82114,-88.603134
41.821133,-88.60332
41.821133,-88.60352
41.82113,-88.60372
41.821125,-88.60391
41.821125,-88.604126
41.82112,-88.60434
41.821125,-88.60456
41.821125,-88.60479
41.82112,-88.60502
41.821117,-88.60526
41.821114,-88.6055
41.82111,-88.60573
41.821106,-88.60599
41.8211,-88.60624
41.82109,-88.60649
41.821087,-88.60675
41.821087,-88.606995
41.821083,-88.60727
41.82108,-88.60753
41.821075,-88.60777
41.821068,-88.608055
41.82106,-88.60832
41.821053,-88.60859
41.82101,-88.61034
41.821007,-88.61058
41.821,-88.61083
41.82099,-88.61107
41.820984,-88.611336
41.82098,-88.611595
41.820976,-88.61184
41.820972,-88.612114
41.820972,-88.61237
41.820972,-88.61263
41.820976,-88.6129
41.820976,-88.61317
41.820984,-88.61343
41.820984,-88.6137
41.820988,-88.61395
41.820988,-88.614235
41.820988,-88.61451
41.820988,-88.61478
41.820988,-88.61505
41.820988,-88.61531
41.820988,-88.61561
41.820988,-88.61589
41.820988,-88.61616
41.820984,-88.61646
41.820988,-88.616745
41.820988,-88.61703
41.820988,-88.61732
41.820984,-88.6176
41.820972,-88.61818
41.820976,-88.61844
41.82098,-88.61874
41.820984,-88.619026
41.820988,-88.61931
41.820988,-88.61959
41.820988,-88.61986
41.820988,-88.62015
41.820984,-88.620415
41.82098,-88.62066
41.82098,-88.62093
41.820976,-88.62117
41.820976,-88.62139
41.820976,-88.62159
41.820976,-88.621765
41.820972,-88.62195
41.820972,-88.62212
41.820972,-88.62229
41.82097,-88.6225
41.82097,-88.622696
41.82097,-88.62291
41.82097,-88.623116
41.820965,-88.62333
41.820965,-88.62357
41.82096,-88.62381
41.820957,-88.62404
41.820953,-88.624306
41.820953,-88.62456
41.82095,-88.624825
41.82095,-88.625084
41.820946,-88.62534
41.82095,-88.62561
41.820946,-88.625885
41.82094,-88.626144
41.820934,-88.62644
41.82093,-88.62673
41.82093,-88.627014
41.82093,-88.62729
41.820927,-88.627556
41.820927,-88.62787
41.820923,-88.62815
41.82092,-88.62842
41.820923,-88.628716
41.820923,-88.629
41.820923,-88.62928
41.820923,-88.62956
41.820915,-88.629845
41.820915,-88.63015
41.820915,-88.63044
41.82091,-88.63071
41.820908,-88.63101
41.820908,-88.6313
41.820896,-88.63159
41.820896,-88.63188
41.820892,-88.63216
41.820892,-88.63247
41.82089,-88.63277
41.82088,-88.63304
41.82088,-88.633354
41.820877,-88.63365
41.820873,-88.63394
41.820873,-88.634224
41.82087,-88.634514
41.820866,-88.63481
41.82087,-88.6351
41.82087,-88.63537
41.82086,-88.63571
41.820858,-88.63601
41.820854,-88.6363
41.820854,-88.63656
41.820827,-88.63859
41.820827,-88.63881
41.820824,-88.63902
41.820824,-88.63924
41.82082,-88.63943
41.820816,-88.63964
41.820816,-88.63983
41.820816,-88.64
41.82082,-88.64015
41.82082,-88.6403
41.82082,-88.64056
41.82082,-88.64076
41.82082,-88.64088
41.820816,-88.641
41.820812,-88.641106
41.82081,-88.6413
41.820805,-88.641426
41.8208,-88.64155
41.820797,-88.6417
41.820793,-88.64187
41.820786,-88.64204
41.82078,-88.64221
41.820778,-88.64241
41.820778,-88.64261
41.820774,-88.642815
41.82077,-88.64303
41.82077,-88.643234
41.820763,-88.643486
41.82076,-88.64372
41.82075,-88.64397
41.820747,-88.64422
41.820744,-88.64446
41.82074,-88.64474
41.820732,-88.645004
41.820724,-88.645256
41.82072,-88.645546
41.820717,-88.64582
41.82071,-88.646095
41.820705,-88.64638
41.8207,-88.64666
41.820694,-88.64695
41.82069,-88.64723
41.820683,-88.64751
41.820675,-88.64781
41.82067,-88.64809
41.820663,-88.64836
41.82066,-88.648636
41.82066,-88.64887
41.82066,-88.649124
41.820663,-88.64937
41.82066,-88.64959
41.820652,-88.649826
41.820652,-88.650055
41.82065,-88.65028
41.82065,-88.65051
41.82064,-88.65074
41.82064,-88.650986
41.82064,-88.651215
41.820637,-88.651436
41.820637,-88.651695
41.82064,-88.65193
41.82064,-88.652176
41.820644,-88.65243
41.82064,-88.65266
41.82064,-88.65292
41.820644,-88.653175
41.820644,-88.65341
41.82064,-88.653694
41.820637,-88.653946
41.82064,-88.65421
41.82064,-88.65448
41.820644,-88.65474
41.82064,-88.655
41.82064,-88.655266
41.820644,-88.65552
41.82064,-88.6558
41.82064,-88.65796
41.82064,-88.65822
41.820644,-88.65848
41.820652,-88.65872
41.82066,-88.65897
41.82066,-88.65922
41.820656,-88.65947
41.820652,-88.6597
41.820652,-88.659966
41.82065,-88.66021
41.820652,-88.660446
41.82065,-88.66068
41.82065,-88.6609
41.82065,-88.66114
41.820644,-88.66137
41.820644,-88.66157
41.820644,-88.6618
41.820644,-88.662
41.820644,-88.66222
41.820644,-88.66242
41.820644,-88.66262
41.820644,-88.66282
41.820644,-88.663
41.820644,-88.66318
41.82064,-88.66336
41.82064,-88.663506
41.82064,-88.66365
41.82064,-88.663795
41.820644,-88.6639
41.82065,-88.66401
41.82065,-88.66414
41.82063,-88.664314
41.820625,-88.66449
41.820625,-88.66472
41.820625,-88.664856
41.820625,-88.665016
41.82063,-88.66518
41.82063,-88.665344
41.82062,-88.66554
41.820618,-88.66576
41.82062,-88.66595
41.82063,-88.666176
41.82063,-88.6664
41.82063,-88.66662
41.82063,-88.66685
41.820625,-88.66707
41.82062,-88.66732
41.820618,-88.667564
41.820614,-88.66779
41.82061,-88.668304
41.82061,-88.66855
41.820614,-88.66879
41.82061,-88.66904
41.820606,-88.66927
41.820606,-88.66952
41.820606,-88.66973
41.820606,-88.66998
41.820606,-88.67021
41.820602,-88.67044
41.820602,-88.67068
41.820602,-88.67089
41.820602,-88.67114
41.820602,-88.67137
41.820595,-88.6716
41.820595,-88.67185
41.82059,-88.67209
41.82059,-88.67232
41.820587,-88.672554
41.820587,-88.67279
41.820587,-88.67302
41.820587,-88.67326
41.820587,-88.67349
41.820587,-88.67375
41.820583,-88.673996
41.820583,-88.67424
41.82058,-88.67448
41.82057,-88.674706
41.82057,-88.67496
41.82057,-88.6752
41.82057,-88.67543
41.820564,-88.67569
41.820564,-88.67593
41.820564,-88.67617
41.82054,-88.67784
41.820538,-88.67807
41.820538,-88.6783
41.82053,-88.6785
41.820526,-88.67872
41.820526,-88.67892
41.820526,-88.679085
41.82053,-88.67926
41.820534,-88.679405
41.820534,-88.679535
41.820538,-88.67971
41.820545,-88.67983
41.820545,-88.67998
41.82053,-88.68015
41.820522,-88.680374
41.82052,-88.680504
41.820515,-88.68065
41.820515,-88.6808
41.82051,-88.68096
41.82051,-88.68114
41.820507,-88.68131
41.820507,-88.681496
41.820503,-88.6817
41.820503,-88.68191
41.8205,-88.68212
41.820496,-88.68234
41.82049,-88.68255
41.820488,-88.68279
41.820484,-88.68303
41.82048,-88.68324
41.82048,-88.6835
41.82048,-88.68375
41.820477,-88.684
41.820477,-88.68425
41.820473,-88.6845
41.820477,-88.68476
41.820473,-88.68502
41.820473,-88.68527
41.820473,-88.685555
41.82047,-88.68582
41.82047,-88.68609
41.82047,-88.68636
41.82047,-88.68662
41.82047,-88.68692
41.82047,-88.6872
41.82047,-88.68747
41.82047,-88.68777
41.82047,-88.68806
41.820465,-88.68834
41.82046,-88.68863
41.820457,-88.68893
41.820457,-88.68922
41.820454,-88.68951
41.820454,-88.68979
41.82045,-88.69011
41.82045,-88.69041
41.82045,-88.6907
41.820446,-88.690994
41.820442,-88.69126
41.820442,-88.691574
41.820442,-88.69186
41.820442,-88.69212
41.820446,-88.69242
41.820442,-88.69271
41.820442,-88.69299
41.820446,-88.69328
41.820446,-88.693565
41.820446,-88.693855
41.820442,-88.69414
41.820442,-88.694405
41.820442,-88.6947
41.820442,-88.694984
41.820446,-88.69526
41.820446,-88.69554
41.820446,-88.6958
41.82045,-88.6961
41.820446,-88.69638
41.820446,-88.69665
41.820442,-88.69694
41.820442,-88.69912
41.82044,-88.69929
41.82044,-88.699455
41.82044,-88.699615
41.820442,-88.69981
41.820442,-88.69998
41.820446,-88.700165
41.82045,-88.70038
41.820454,-88.700584
41.820457,-88.70079
41.82046,-88.70101
41.82046,-88.70124
41.82046,-88.70147
41.82046,-88.701706
41.820465,-88.70193
41.820465,-88.70219
41.820465,-88.70244
41.82047,-88.70269
41.82047,-88.70295
41.82047,-88.70319
41.82047,-88.70347
41.82047,-88.703735
41.820473,-88.703995
41.820473,-88.704285
41.820477,-88.70456
41.82048,-88.704834
41.820484,-88.70512
41.820488,-88.70541
41.820488,-88.70569
41.82049,-88.70597
41.82049,-88.706245
41.82049,-88.70655
41.820496,-88.70684
41.820496,-88.70713
41.820496,-88.7077
41.820496,-88.708015
41.8205,-88.70859
41.820503,-88.7089
41.8205,-88.7092
41.8205,-88.709496
41.8205,-88.70979
41.820503,-88.71008
41.820503,-88.710365
41.820503,-88.710655
41.820503,-88.710915
41.820503,-88.711205
41.8205,-88.71148
41.8205,-88.71174
41.820503,-88.712006
41.820507,-88.71224
41.820507,-88.71252
41.820507,-88.71277
41.820507,-88.713
41.820503,-88.71326
41.820507,-88.71349
41.820507,-88.71372
41.820507,-88.71394
41.820507,-88.714134
41.820507,-88.71431
41.820507,-88.71446
41.820507,-88.714584
41.820507,-88.7147
41.820507,-88.71484
41.820496,-88.71496
41.820408,-88.71503
41.82029,-88.715034
41.820137,-88.71505
41.819828,-88.71506
41.819695,-88.71506
41.81956,-88.71506
41.819435,-88.71506
41.819283,-88.71506
41.819134,-88.71506
41.818985,-88.71505
41.818806,-88.71505
41.818638,-88.71506
41.818466,-88.715065
41.81829,-88.715065
41.81811,-88.71506
41.817932,-88.71506
41.817726,-88.71505
41.816505,-88.715065
41.816265,-88.71507
41.816044,-88.71507
41.815815,-88.71506
41.81558,-88.71507
41.815342,-88.71508
41.81511,-88.71508
41.814877,-88.71509
41.81464,-88.71507
41.8144,-88.715065
41.814167,-88.71506
41.813942,-88.715065
41.813686,-88.715065
41.813446,-88.71507
41.81321,-88.71507
41.81297,-88.71507
41.81274,-88.715065
41.812485,-88.715065
41.812244,-88.715065
41.812023,-88.71507
41.81178,-88.71508
41.811546,-88.71509
41.811317,-88.71509
41.811085,-88.715096
41.81085,-88.715096
41.810623,-88.715096
41.81039,-88.7151
41.810177,-88.7151
41.80993,-88.71512
41.809704,-88.71512
41.80947,-88.71513
41.809242,-88.71513
41.808353,-88.71514
41.808113,-88.71514
41.807888,-88.71513
41.80766,-88.715126
41.80744,-88.715126
41.807217,-88.71512
41.80699,-88.715126
41.806767,-88.71512
41.806553,-88.715126
41.806313,-88.71514
41.80609,-88.71513
41.80589,-88.71514
41.80572,-88.71515
41.80558,-88.71513
41.805466,-88.71514
41.80538,-88.71515
41.805492,-88.71514
41.80558,-88.71515
41.805676,-88.71514
41.805775,-88.71513
41.805786,-88.71531
41.805786,-88.71549
41.805786,-88.71562
41.805786,-88.71576
41.805782,-88.715904
41.805786,-88.71607
41.805786,-88.71624
41.805786,-88.71642
41.80579,-88.716606
41.805786,-88.71681
41.805786,-88.71702
41.805782,-88.71863
41.805782,-88.71888
41.805782,-88.71914
41.80578,-88.7194
41.80578,-88.71966
41.80578,-88.719925
41.80578,-88.7202
41.805775,-88.72046
41.80577,-88.720764
41.805767,-88.72105
41.805763,-88.72133
41.805763,-88.72162
41.80576,-88.721886
41.80576,-88.7222
41.805763,-88.722496
41.80576,-88.72278
41.80576,-88.72309
41.80576,-88.7234
41.805756,-88.7237
41.805756,-88.72401
41.805756,-88.724304
41.805756,-88.72461
41.805756,-88.72491
41.805756,-88.72518
41.80575,-88.7255
41.80575,-88.72581
41.80575,-88.7261
41.80575,-88.726395
41.80575,-88.72666
41.805748,-88.72696
41.805744,-88.727234
41.805744,-88.727486
41.805748,-88.72777
41.805744,-88.72804
41.805744,-88.72832
41.805744,-88.72859
41.80574,-88.72888
41.80574,-88.72917
41.80574,-88.72946
41.80574,-88.72974
41.80574,-88.73005
41.80574,-88.73035
41.80574,-88.730644
41.80574,-88.73095
41.80574,-88.73123
41.80574,-88.731544
41.80574,-88.73184
41.80574,-88.732124
41.80574,-88.732445
41.805737,-88.73275
41.805737,-88.733055
41.80573,-88.73337
41.805725,-88.73367
41.80572,-88.73398
41.80572,-88.73428
41.805717,-88.73456
41.805717,-88.73488
41.805714,-88.73517
41.805717,-88.735466
41.805717,-88.735756
41.805717,-88.73603
41.805717,-88.73634
41.805717,-88.73664
41.805717,-88.736916
41.805717,-88.73723
41.805714,-88.73753
41.805714,-88.73784
41.805714,-88.73814
41.805714,-88.738434
41.805714,-88.73874
41.805714,-88.73904
41.80571,-88.73932
41.80571,-88.73964
41.805706,-88.739944
41.805702,-88.74024
41.805702,-88.74054
41.805702,-88.74082
41.805702,-88.74114
41.805702,-88.74144
41.8057,-88.74173
41.8057,-88.74205
41.8057,-88.742355
41.805695,-88.74266
41.805695,-88.74296
41.80569,-88.743256
41.80569,-88.74355
41.805687,-88.74385
41.805683,-88.74413
41.805683,-88.74445
41.805683,-88.74475
41.80568,-88.74505
41.80568,-88.745346
41.805683,-88.74562
41.805668,-88.748
41.805664,-88.74829
41.80566,-88.74857
41.80566,-88.74884
41.805656,-88.74913
41.805656,-88.7494
41.805656,-88.74966
41.805653,-88.74991
41.805653,-88.75013
41.805653,-88.75038
41.805653,-88.7506
41.80565,-88.7508
41.805653,-88.75103
41.805653,-88.75124
41.805653,-88.75144
41.805653,-88.75164
41.80565,-88.75183
41.805653,-88.75202
41.80565,-88.7522
41.80565,-88.752365
41.80565,-88.752556
41.80565,-88.752716
41.805645,-88.752884
41.805645,-88.753044
41.805645,-88.75319
41.805645,-88.753334
41.80564,-88.75346
41.805637,-88.75367
41.805637,-88.7538
41.805634,-88.75392
41.80557,-88.75402
41.80543,-88.75404
41.805252,-88.75405
41.805145,-88.75405
41.805035,-88.75406
41.804916,-88.75407
41.804768,-88.75408
41.804596,-88.75407
41.804447,-88.754074
41.804268,-88.75406
41.80411,-88.75407
41.803917,-88.75407
41.803734,-88.75407
41.803547,-88.754074
41.80334,-88.75408
41.803146,-88.754074
41.80292,-88.754074
41.80271,-88.754074
41.802505,-88.754074
41.802277,-88.75409
41.802067,-88.7541
41.80183,-88.75409
41.801594,-88.75408
41.801357,-88.75409
41.80113,-88.75409
41.800888,-88.75409
41.800663,-88.75409
41.80041,-88.75409
41.80018,-88.7541
41.79995,-88.754105
41.79972,-88.7541
41.799503,-88.75409
41.799267,-88.7541
41.799046,-88.75409
41.79884,-88.75409
41.798607,-88.75409
41.79839,-88.7541
41.79817,-88.754105
41.797943,-88.75411
41.797718,-88.75411
41.79749,-88.75411
41.79726,-88.75412
41.79704,-88.75411
41.79678,-88.75412
41.79654,-88.75412
41.796307,-88.75412
41.79607,-88.75413
41.795853,-88.75413
41.795605,-88.754135
41.795364,-88.754135
41.795143,-88.75414
41.794884,-88.75414
41.792793,-88.75417
41.79258,-88.75418
41.792366,-88.75418
41.79217,-88.75419
41.791954,-88.75419
41.79177,-88.75419
41.7916,-88.754196
41.79142,-88.754196
41.791264,-88.754196
41.79111,-88.754196
41.790977,-88.7542
41.790874,-88.7542
41.79075,-88.754265
41.79068,-88.754395
41.79068,-88.75459
41.79068,-88.754715
41.790684,-88.754845
41.79068,-88.755
41.790684,-88.755165
41.790684,-88.755325
41.790684,-88.75553
41.79068,-88.75573
41.790676,-88.75594
41.790676,-88.75616
41.790676,-88.756386
41.790676,-88.756615
41.790676,-88.75685
41.790676,-88.75707
41.790672,-88.75733
41.790672,-88.75757
41.790672,-88.75781
41.790672,-88.758064
41.790672,-88.75829
41.790676,-88.75856
41.790672,-88.758804
41.790672,-88.75904
41.79067,-88.75931
41.790665,-88.75957
41.79067,-88.759834
41.79067,-88.7601
41.790665,-88.76036
41.790665,-88.760635
41.790665,-88.76091
41.79066,-88.76116
41.79066,-88.76145
41.79066,-88.76173
41.79066,-88.76201
41.790657,-88.76228
41.790653,-88.76254
41.790653,-88.76284
41.79065,-88.76312
41.790646,-88.76338
41.790646,-88.76368
41.79064,-88.763954
41.790638,-88.76423
41.79064,-88.76451
41.790638,-88.76479
41.790638,-88.76508
41.790638,-88.76537
41.790634,-88.76564
41.790627,-88.765945
41.79062,-88.76624
41.79062,-88.766525
41.790623,-88.766815
41.790615,-88.76708
41.790615,-88.76738
41.79061,-88.76767
41.790615,-88.767944
41.79061,-88.76825
41.790607,-88.76853
41.790607,-88.768814
41.790604,-88.769104
41.7906,-88.76939
41.790596,-88.76966
41.790592,-88.76994
41.790592,-88.77021
41.790592,-88.77051
41.790592,-88.77079
41.790592,-88.77107
41.79059,-88.77135
41.790585,-88.7716
41.790585,-88.77189
41.79058,-88.77214
41.79058,-88.77236
41.790577,-88.772606
41.790577,-88.77282
41.790573,-88.77302
41.790573,-88.7732
41.790573,-88.77336
41.790573,-88.7735
41.79067,-88.77384
41.79077,-88.77385
41.790855,-88.77385
41.790974,-88.773834
41.79108,-88.773834
41.79119,-88.773834
41.79132,-88.77383
41.79146,-88.77383
41.7916,-88.77382
41.791744,-88.77381
41.791916,-88.77381
41.792076,-88.77381
41.792244,-88.77381
41.792416,-88.7738
41.79259,-88.7738
41.79278,-88.773796
41.792973,-88.773796
41.793148,-88.773796
41.793358,-88.77379
41.793552,-88.77378
41.793755,-88.77378
41.793953,-88.77377
41.794155,-88.77377
41.79436,-88.77377
41.794563,-88.773766
41.794758,-88.773766
41.79498,-88.773766
41.795185,-88.773766
41.795387,-88.773766
41.795586,-88.77376
41.79577,-88.77376
41.79598,-88.77375
41.796177,-88.77375
41.79636,-88.77374
41.79657,-88.77374
41.796764,-88.773735
41.79696,-88.773735
41.797153,-88.773735
41.797348,-88.77373
41.79754,-88.77372
41.797726,-88.77373
41.797897,-88.77373
41.79809,-88.77372
41.798267,-88.77371
41.79844,-88.773705
41.798607,-88.7737
41.79876,-88.77369
41.79894,-88.77369
41.799103,-88.77368
41.799255,-88.773674
41.79943,-88.77367
41.799583,-88.77366
41.79974,-88.77365
41.799896,-88.77364
41.800045,-88.77364
41.80019,-88.77364
41.800335,-88.77363
41.80046,-88.77363
41.800594,-88.77363
41.800716,-88.77362
41.800846,-88.77361
41.800972,-88.77361
41.80107,-88.773605
41.80118,-88.77361
41.80129,-88.773605
41.80139,-88.7736
41.80151,-88.7736
41.80162,-88.7736
41.80174,-88.77359
41.801853,-88.773575
41.801964,-88.77356
41.802086,-88.77354
41.802235,-88.77357
41.802353,-88.77357
41.8025,-88.77355
41.80265,-88.773544
41.80295,-88.773544
41.80309,-88.773544
41.803253,-88.77354
41.803406,-88.77353
41.803715,-88.77353
41.803867,-88.77352
41.804173,-88.77351
41.804173,-88.77351
41.783913,-88.39236
41.783997,-88.39235
41.784084,-88.39236
41.78417,-88.392365
41.78426,-88.39235
41.784344,-88.39233
41.78443,-88.39232
41.784515,-88.39234
41.784584,-88.392395
41.78466,-88.39244
41.78474,-88.39247
41.78481,-88.39253
41.784885,-88.39261
41.78497,-88.39262
41.785023,-88.39254
41.785072,-88.39245
41.78512,-88.39236
41.785168,-88.39227
41.785236,-88.3922
41.78532,-88.39219
41.7854,-88.392166
41.785484,-88.39217
41.78557,-88.39218
41.785652,-88.39217
41.785732,-88.39216
41.78582,-88.39215
41.7859,-88.39219
41.785984,-88.392166
41.786064,-88.39217
41.786144,-88.39218
41.78622,-88.39223
41.78629,-88.39229
41.786335,-88.39239
41.786373,-88.392494
41.786392,-88.39261
41.786385,-88.39273
41.786377,-88.39284
41.78639,-88.392944
41.786407,-88.39305
41.78643,-88.39316
41.786453,-88.393265
41.78647,-88.39338
41.78648,-88.39349
41.786495,-88.39361
41.78648,-88.393715
41.78643,-88.39381
41.7864,-88.39392
41.786423,-88.39403
41.78646,-88.394135
41.786507,-88.39423
41.786526,-88.39435
41.786537,-88.394455
41.78655,-88.39456
41.786556,-88.39468
41.786533,-88.39479
41.786503,-88.3949
41.78647,-88.395004
41.78644,-88.39511
41.786427,-88.395226
41.786423,-88.39534
41.78641,-88.395454
41.78638,-88.39556
41.786312,-88.39562
41.78623,-88.39564
41.78614,-88.39567
41.786053,-88.39565
41.78597,-88.39565
41.785885,-88.395645
41.785805,-88.39564
41.785725,-88.39564
41.785633,-88.395645
41.785553,-88.39564
41.785473,-88.395615
41.78539,-88.39564
41.785297,-88.39565
41.785213,-88.39567
41.78513,-88.39567
41.785046,-88.39568
41.784958,-88.3957
41.784878,-88.39572
41.784794,-88.39572
41.78471,-88.39572
41.784626,-88.39573
41.784542,-88.395744
41.784454,-88.39576
41.78437,-88.39577
41.784286,-88.39577
41.784203,-88.39578
41.784126,-88.39582
41.784046,-88.39587
41.783966,-88.3959
41.783886,-88.39594
41.78381,-88.39597
41.783726,-88.395966
41.783646,-88.395996
41.78356,-88.39601
41.78348,-88.396034
41.7834,-88.396065
41.783318,-88.39607
41.78323,-88.39605
41.78317,-88.39597
41.78311,-88.39589
41.78305,-88.39581
41.78301,-88.39571
41.782963,-88.395615
41.78291,-88.395515
41.782852,-88.395424
41.7828,-88.39535
41.782776,-88.39523
41.78275,-88.39513
41.782707,-88.395035
41.78266,-88.39494
41.782585,-88.39488
41.78251,-88.39486
41.782425,-88.39482
41.78235,-88.39476
41.782295,-88.39468
41.78224,-88.39459
41.782204,-88.394485
41.782173,-88.39438
41.782127,-88.39427
41.782066,-88.394196
41.782013,-88.394104
41.781967,-88.394
41.781925,-88.393906
41.781853,-88.39385
41.781773,-88.3938
41.781693,-88.39376
41.781612,-88.393715
41.78154,-88.39366
41.78147,-88.3936
41.781403,-88.39355
41.78133,-88.39349
41.781254,-88.39344
41.781174,-88.39338
41.781097,-88.393326
41.78104,-88.39324
41.780987,-88.39316
41.78094,-88.39307
41.780895,-88.39296
41.780857,-88.39286
41.780815,-88.39276
41.780754,-88.39268
41.78074,-88.39256
41.780697,-88.39246
41.780655,-88.392365
41.7806,-88.39229
41.780518,-88.39228
41.780582,-88.392204
41.780666,-88.3922
41.78075,-88.39221
41.780834,-88.392204
41.78092,-88.392204
41.781,-88.39222
41.781082,-88.39223
41.781162,-88.392235
41.781258,-88.39224
41.781345,-88.39223
41.781433,-88.39222
41.781513,-88.39222
41.781605,-88.392204
41.78168,-88.392166
41.781708,-88.39205
41.781727,-88.39194
41.781715,-88.39183
41.781746,-88.39172
41.781673,-88.39178
41.781612,-88.39185
41.78169,-88.39191
41.781696,-88.391754
41.781696,-88.391594
41.781704,-88.39145
41.7817,-88.39128
41.7817,-88.391106
41.781693,-88.39094
41.781693,-88.39078
41.781693,-88.39063
41.7817,-88.39049
41.781696,-88.390335
41.78168,-88.390175
41.78166,-88.390015
41.78163,-88.389854
41.781586,-88.38967
41.781525,-88.389496
41.781437,-88.38932
41.78136,-88.38915
41.781258,-88.389
41.781155,-88.38884
41.781105,-88.388756
41.781048,-88.388664
41.780987,-88.38858
41.780933,-88.3885
41.780876,-88.388405
41.780823,-88.388306
41.78079,-88.3882
41.78074,-88.3881
41.780693,-88.387985
41.780647,-88.38788
41.78062,-88.387764
41.78059,-88.38765
41.780556,-88.38753
41.780533,-88.387405
41.780514,-88.38728
41.780518,-88.387146
41.7805,-88.38702
41.7805,-88.38688
41.780495,-88.38674
41.780495,-88.386604
41.780495,-88.38647
41.780502,-88.38633
41.780506,-88.38619
41.78051,-88.38608
41.78051,-88.38596
41.780518,-88.3858
41.78052,-88.3857
41.780514,-88.38556
41.780518,-88.3854
41.780518,-88.3852
41.780518,-88.385086
41.780518,-88.38497
41.78052,-88.384834
41.78052,-88.3847
41.780525,-88.384544
41.78054,-88.383675
41.78054,-88.383484
41.780537,-88.3833
41.780544,-88.38308
41.780552,-88.38288
41.780552,-88.38268
41.78055,-88.382454
41.780563,-88.382225
41.78057,-88.382
41.780575,-88.3818
41.780567,-88.3816
41.780575,-88.381386
41.780575,-88.38117
41.78059,-88.38098
41.780613,-88.38078
41.780617,-88.38057
41.780624,-88.38037
41.78063,-88.38018
41.78062,-88.37998
41.780624,-88.37979
41.780655,-88.3796
41.780666,-88.379425
41.780693,-88.37924
41.78072,-88.37907
41.780758,-88.3789
41.780785,-88.37874
41.780804,-88.37859
41.780827,-88.37843
41.780834,-88.378296
41.78084,-88.37817
41.78085,-88.378044
41.780857,-88.37794
41.78085,-88.377754
41.780766,-88.37765
41.780697,-88.3777
41.780598,-88.37776
41.780495,-88.37784
41.780396,-88.377846
41.78029,-88.377846
41.78018,-88.377846
41.780094,-88.37788
41.780033,-88.377945
41.78004,-88.37809
41.779964,-88.37814
41.779907,-88.37823
41.779823,-88.37821
41.779804,-88.37833
41.779804,-88.37833
41.76286,-88.34349
41.762653,-88.34341
41.762592,-88.343285
41.762558,-88.34314
41.762535,-88.34297
41.762535,-88.34283
41.762535,-88.34267
41.762527,-88.34252
41.762512,-88.34235
41.76249,-88.34217
41.762466,-88.341995
41.76244,-88.341805
41.76241,-88.34164
41.76239,-88.341446
41.762386,-88.34126
41.762386,-88.34107
41.76236,-88.34088
41.762398,-88.34077
41.76238,-88.34056
41.762356,-88.34037
41.762337,-88.340164
41.762306,-88.33995
41.762302,-88.33975
41.762295,-88.339554
41.762283,-88.339355
41.762287,-88.33914
41.76227,-88.33896
41.762264,-88.33877
41.76224,-88.3386
41.76221,-88.338425
41.76219,-88.33825
41.762165,-88.33807
41.76216,-88.33789
41.762142,-88.337715
41.76215,-88.33753
41.762135,-88.33738
41.762115,-88.33722
41.7621,-88.33704
41.762085,-88.336876
41.76207,-88.336716
41.76205,-88.33656
41.76204,-88.33643
41.762028,-88.33631
41.762005,-88.33617
41.762005,-88.33601
41.762005,-88.33587
41.761982,-88.33575
41.761982,-88.3356
41.76197,-88.33545
41.76197,-88.335304
41.761963,-88.33516
41.76194,-88.335045
41.761917,-88.33491
41.761883,-88.33478
41.76188,-88.33465
41.76188,-88.33448
41.761845,-88.334335
41.761795,-88.33419
41.76175,-88.33404
41.761745,-88.33387
41.761738,-88.333694
41.761684,-88.33314
41.761684,-88.332954
41.76166,-88.33277
41.761646,-88.33259
41.76163,-88.332405
41.761623,-88.33224
41.761627,-88.33202
41.761627,-88.33183
41.761623,-88.33165
41.76162,-88.331474
41.76161,-88.33132
41.7616,-88.331184
41.76158,-88.331055
41.761574,-88.33092
41.76156,-88.330795
41.761543,-88.33069
41.761536,-88.330536
41.761528,-88.33041
41.761513,-88.33028
41.76152,-88.33016
41.761486,-88.330055
41.761463,-88.32994
41.76144,-88.32983
41.76145,-88.32969
41.76144,-88.32957
41.761436,-88.32944
41.761414,-88.32932
41.761395,-88.329185
41.761383,-88.32907
41.761364,-88.32896
41.761364,-88.32883
41.761356,-88.328705
41.76134,-88.328575
41.761326,-88.328445
41.76132,-88.32831
41.761303,-88.328186
41.761288,-88.32805
41.761276,-88.32791
41.761265,-88.32778
41.761257,-88.32765
41.761242,-88.327515
41.76123,-88.32737
41.76122,-88.32723
41.76121,-88.327095
41.761196,-88.32696
41.761173,-88.32683
41.761196,-88.3267
41.761154,-88.32661
41.76114,-88.32647
41.761124,-88.32633
41.761112,-88.32622
41.761105,-88.326096
41.7611,-88.32596
41.761078,-88.32582
41.76106,-88.32568
41.761024,-88.325554
41.76099,-88.325424
41.761032,-88.325294
41.761,-88.32516
41.760998,-88.32501
41.76099,-88.32487
41.76099,-88.32472
41.760975,-88.32458
41.760952,-88.32445
41.760944,-88.32431
41.760944,-88.324165
41.76093,-88.324036
41.76092,-88.3239
41.760906,-88.32375
41.76089,-88.32365
41.76089,-88.32349
41.760876,-88.32333
41.76086,-88.32317
41.76084,-88.32302
41.760822,-88.322876
41.76084,-88.3227
41.760834,-88.32259
41.76081,-88.32245
41.760788,-88.32231
41.760773,-88.322174
41.76076,-88.32206
41.760757,-88.32192
41.760754,-88.3218
41.76074,-88.32169
41.76071,-88.32159
41.7607,-88.32145
41.760696,-88.32129
41.76068,-88.32118
41.760685,-88.321045
41.76068,-88.32091
41.760662,-88.320786
41.760647,-88.32067
41.76063,-88.32052
41.760612,-88.32036
41.760574,-88.320244
41.76054,-88.320145
41.7605,-88.32004
41.76045,-88.31995
41.760403,-88.319855
41.760357,-88.31975
41.760303,-88.31964
41.760227,-88.31949
41.760136,-88.31934
41.760124,-88.31921
41.76006,-88.31905
41.760002,-88.31897
41.759937,-88.31887
41.7599,-88.31876
41.75983,-88.318695
41.759747,-88.31861
41.759686,-88.318504
41.759617,-88.31835
41.75957,-88.31825
41.759506,-88.31812
41.759438,-88.31798
41.759377,-88.31784
41.75933,-88.31771
41.75928,-88.31759
41.759212,-88.317505
41.759163,-88.3174
41.759113,-88.3173
41.759068,-88.31719
41.759003,-88.31708
41.758976,-88.316956
41.758926,-88.31681
41.758865,-88.316734
41.758823,-88.316605
41.75877,-88.31646
41.758728,-88.316284
41.758675,-88.31612
41.758614,-88.31596
41.758545,-88.31585
41.758495,-88.31575
41.758442,-88.31563
41.75838,-88.31552
41.758343,-88.31543
41.75835,-88.31531
41.758324,-88.315186
41.758274,-88.31508
41.758217,-88.315
41.75818,-88.31484
41.75815,-88.314705
41.758095,-88.31462
41.75803,-88.31449
41.75795,-88.314354
41.75787,-88.314224
41.757805,-88.31414
41.757694,-88.314
41.75759,-88.31386
41.75752,-88.313736
41.757435,-88.31366
41.757477,-88.31353
41.75743,-88.31342
41.757385,-88.31327
41.757343,-88.313126
41.75729,-88.31304
41.75721,-88.31301
41.757122,-88.312965
41.75704,-88.31295
41.756996,-88.31285
41.756947,-88.312744
41.75693,-88.31259
41.756912,-88.31248
41.756863,-88.31237
41.756786,-88.31226
41.756706,-88.31223
41.75667,-88.31212
41.756607,-88.312
41.756577,-88.31187
41.756535,-88.31175
41.75647,-88.31168
41.756424,-88.31156
41.75637,-88.31148
41.75633,-88.31137
41.756268,-88.311264
41.7562,-88.31116
41.756172,-88.31105
41.75609,-88.31095
41.75602,-88.31087
41.755947,-88.31078
41.755882,-88.31071
41.755856,-88.31059
41.755817,-88.3105
41.755764,-88.31041
41.755695,-88.31032
41.75565,-88.310196
41.755596,-88.310104
41.75553,-88.310005
41.75548,-88.30989
41.755432,-88.30979
41.755383,-88.30968
41.75533,-88.30957
41.75527,-88.30948
41.755215,-88.309364
41.755154,-88.30926
41.755085,-88.30915
41.755035,-88.30905
41.75495,-88.308975
41.754917,-88.30885
41.75487,-88.30875
41.75481,-88.30864
41.754738,-88.30851
41.75463,-88.30837
41.75458,-88.30827
41.754536,-88.308136
41.754463,-88.308044
41.754383,-88.30792
41.754303,-88.307755
41.754257,-88.30762
41.75419,-88.30751
41.75415,-88.30739
41.754116,-88.307274
41.754093,-88.30717
41.754036,-88.30703
41.753994,-88.30694
41.75394,-88.30681
41.753902,-88.30667
41.753872,-88.30653
41.753845,-88.3064
41.75383,-88.3063
41.753815,-88.30618
41.7538,-88.30604
41.753784,-88.30591
41.753777,-88.30578
41.753754,-88.30566
41.753716,-88.30554
41.753693,-88.3054
41.753685,-88.305275
41.753654,-88.30513
41.75362,-88.30499
41.753593,-88.304855
41.75358,-88.304695
41.753567,-88.30459
41.75355,-88.304474
41.753536,-88.304344
41.753517,-88.3042
41.7535,-88.30408
41.753494,-88.30396
41.753487,-88.30383
41.753468,-88.30372
41.753433,-88.30357
41.753414,-88.303444
41.753387,-88.303314
41.753376,-88.303185
41.753365,-88.30308
41.753338,-88.30296
41.75332,-88.30284
41.753307,-88.30272
41.75329,-88.3026
41.75326,-88.302475
41.75325,-88.30232
41.753235,-88.3022
41.753212,-88.30208
41.753185,-88.30195
41.75316,-88.30181
41.753147,-88.30168
41.75312,-88.30155
41.75308,-88.30143
41.75305,-88.301285
41.75302,-88.301155
41.752995,-88.30102
41.752983,-88.30088
41.752956,-88.300766
41.75294,-88.30064
41.752934,-88.300514
41.75292,-88.30039
41.75292,-88.300285
41.752907,-88.30016
41.752907,-88.30004
41.752888,-88.29992
41.752853,-88.29981
41.752823,-88.29968
41.75279,-88.29957
41.752743,-88.299446
41.75273,-88.29931
41.75272,-88.299194
41.75274,-88.29905
41.75274,-88.298904
41.752724,-88.29879
41.752686,-88.29866
41.752674,-88.29853
41.752663,-88.298386
41.75265,-88.29824
41.752625,-88.29813
41.752598,-88.298004
41.752552,-88.297905
41.752487,-88.29782
41.752483,-88.29771
41.75245,-88.29759
41.752457,-88.29748
41.752453,-88.29736
41.752453,-88.29725
41.752426,-88.297104
41.752396,-88.296974
41.75235,-88.29686
41.752316,-88.29675
41.752323,-88.29663
41.752308,-88.29652
41.752285,-88.29641
41.752262,-88.29627
41.752247,-88.29615
41.75224,-88.296005
41.75223,-88.29588
41.752205,-88.29578
41.75223,-88.295654
41.75224,-88.295525
41.752243,-88.29541
41.75225,-88.295296
41.752235,-88.295166
41.752205,-88.295044
41.75219,-88.2949
41.75219,-88.29478
41.75215,-88.29468
41.752167,-88.29456
41.752163,-88.29445
41.752148,-88.294334
41.75215,-88.29419
41.752125,-88.29406
41.752136,-88.293945
41.75215,-88.29384
41.752167,-88.29372
41.75216,-88.29357
41.752163,-88.29345
41.752174,-88.29331
41.75217,-88.293205
41.75218,-88.29308
41.752182,-88.29297
41.75217,-88.29283
41.75216,-88.29271
41.75216,-88.2926
41.752148,-88.29247
41.752144,-88.29234
41.752144,-88.29222
41.75216,-88.29208
41.75215,-88.29198
41.752136,-88.29185
41.75213,-88.29172
41.752125,-88.29159
41.752083,-88.29148
41.75206,-88.29134
41.752087,-88.291214
41.752163,-88.291115
41.752254,-88.29111
41.75235,-88.29111
41.75245,-88.29114
41.75253,-88.29121
41.752625,-88.29122
41.752728,-88.291214
41.752823,-88.291214
41.752907,-88.29121
41.752995,-88.29121
41.753082,-88.291214
41.753166,-88.29119
41.753258,-88.29116
41.75336,-88.29119
41.753456,-88.29113
41.75354,-88.291145
41.753624,-88.29118
41.753742,-88.29118
41.753834,-88.29118
41.75392,-88.29118
41.753986,-88.29106
41.754047,-88.29096
41.75409,-88.29087
41.75412,-88.290726
41.75413,-88.2906
41.754166,-88.29049
41.754204,-88.29036
41.754246,-88.29025
41.754272,-88.290146
41.754307,-88.29004
41.75433,-88.28993
41.75434,-88.28982
41.754337,-88.289696
41.754364,-88.28958
41.754383,-88.28946
41.754414,-88.28933
41.754436,-88.289215
41.75447,-88.28908
41.754494,-88.288956
41.754528,-88.28884
41.754574,-88.28871
41.754597,-88.288605
41.75462,-88.28849
41.75466,-88.288376
41.754696,-88.28827
41.754726,-88.288155
41.754745,-88.28803
41.75477,-88.28792
41.754772,-88.2878
41.754795,-88.28769
41.754826,-88.28758
41.754864,-88.28748
41.754894,-88.28738
41.754906,-88.28724
41.754936,-88.2871
41.75496,-88.287
41.755005,-88.28687
41.75504,-88.28675
41.75507,-88.28661
41.7551,-88.2865
41.755127,-88.286385
41.75516,-88.28628
41.75519,-88.28616
41.755215,-88.28603
41.755234,-88.28591
41.75525,-88.2858
41.755283,-88.285675
41.755302,-88.285545
41.755325,-88.28541
41.755356,-88.28527
41.75538,-88.28513
41.755405,-88.28503
41.755436,-88.284904
41.755463,-88.28478
41.7555,-88.284645
41.755535,-88.2845
41.755573,-88.28435
41.755615,-88.28419
41.755642,-88.28408
41.75565,-88.283966
41.75566,-88.283844
41.7557,-88.28374
41.75573,-88.28362
41.75576,-88.28351
41.755795,-88.2834
41.755836,-88.28324
41.755875,-88.28314
41.755905,-88.28303
41.75592,-88.282906
41.75593,-88.28279
41.755955,-88.282646
41.756004,-88.282524
41.75604,-88.282394
41.756065,-88.28229
41.756107,-88.282196
41.756126,-88.282074
41.75616,-88.281944
41.75618,-88.281815
41.7562,-88.2817
41.756233,-88.28159
41.75626,-88.28148
41.756287,-88.28136
41.756332,-88.28123
41.756367,-88.281105
41.756393,-88.28098
41.756416,-88.28087
41.756447,-88.28076
41.756496,-88.28065
41.756542,-88.28054
41.75656,-88.28041
41.756588,-88.280304
41.756622,-88.28017
41.75665,-88.28007
41.75667,-88.27995
41.756714,-88.27984
41.75674,-88.2797
41.756756,-88.279594
41.756786,-88.27949
41.7568,-88.27938
41.75683,-88.27926
41.75684,-88.279144
41.756863,-88.279015
41.756905,-88.27887
41.75694,-88.278755
41.75697,-88.27865
41.756996,-88.2785
41.757053,-88.27838
41.757076,-88.278275
41.7571,-88.27816
41.757126,-88.278046
41.757145,-88.27792
41.757175,-88.277824
41.757195,-88.27771
41.75722,-88.2776
41.757244,-88.27749
41.757282,-88.27734
41.757317,-88.27718
41.75737,-88.27703
41.757404,-88.27692
41.757435,-88.27681
41.757458,-88.2767
41.7575,-88.27656
41.75753,-88.27642
41.75757,-88.27628
41.757595,-88.27615
41.75762,-88.27602
41.757664,-88.2759
41.757694,-88.275795
41.757713,-88.275635
41.757748,-88.27548
41.757774,-88.275375
41.7578,-88.275276
41.75785,-88.27512
41.757893,-88.274994
41.757935,-88.27485
41.757973,-88.2747
41.758015,-88.27455
41.75805,-88.27442
41.75807,-88.27429
41.7581,-88.27419
41.75812,-88.27406
41.758137,-88.27393
41.75819,-88.2738
41.75824,-88.27366
41.75828,-88.27356
41.758324,-88.27346
41.758358,-88.27336
41.758415,-88.27328
41.758457,-88.27313
41.758495,-88.273
41.75853,-88.27288
41.75856,-88.27277
41.7586,-88.27266
41.758648,-88.272545
41.758686,-88.272415
41.758724,-88.27229
41.758774,-88.27217
41.758827,-88.27208
41.75887,-88.27196
41.75893,-88.27184
41.75903,-88.2718
41.759117,-88.27183
41.75922,-88.27185
41.75931,-88.271866
41.759403,-88.27184
41.759502,-88.27185
41.759598,-88.271904
41.759693,-88.271935
41.759785,-88.271935
41.759876,-88.271935
41.75997,-88.27192
41.76005,-88.27193
41.76015,-88.27193
41.760246,-88.27193
41.760376,-88.27194
41.760498,-88.271935
41.760593,-88.27191
41.76071,-88.27193
41.76082,-88.271935
41.76093,-88.271935
41.761032,-88.27192
41.76115,-88.27191
41.761253,-88.27191
41.76135,-88.271904
41.761448,-88.27192
41.761555,-88.271904
41.76164,-88.271904
41.76175,-88.2719
41.761833,-88.2719
41.76192,-88.271904
41.762028,-88.27192
41.76212,-88.27197
41.762215,-88.27197
41.762306,-88.27199
41.7624,-88.27201
41.762486,-88.271996
41.76259,-88.271996
41.762676,-88.271996
41.762756,-88.27198
41.762867,-88.27199
41.762955,-88.27197
41.763046,-88.27195
41.76313,-88.271935
41.763233,-88.27193
41.763348,-88.27191
41.76343,-88.271866
41.76351,-88.27177
41.76356,-88.271675
41.763615,-88.271576
41.763668,-88.27149
41.763718,-88.27136
41.763756,-88.27122
41.76378,-88.27111
41.763798,-88.27096
41.76383,-88.27081
41.763847,-88.27067
41.76387,-88.27053
41.76389,-88.27038
41.76391,-88.27022
41.763924,-88.270065
41.76394,-88.269905
41.76394,-88.269745
41.76397,-88.26959
41.764,-88.269455
41.76399,-88.2693
41.76401,-88.269165
41.764023,-88.269035
41.764027,-88.268906
41.764046,-88.26878
41.764057,-88.26864
41.764084,-88.26851
41.764076,-88.268394
41.76408,-88.26826
41.76411,-88.26813
41.76412,-88.268
41.76413,-88.26786
41.764133,-88.26774
41.764153,-88.26762
41.764175,-88.267494
41.76416,-88.26738
41.76418,-88.26726
41.764175,-88.26713
41.764175,-88.267006
41.7642,-88.26686
41.764233,-88.26673
41.764248,-88.26662
41.764275,-88.26648
41.76429,-88.26634
41.764305,-88.26621
41.764324,-88.266075
41.764343,-88.26594
41.76437,-88.265785
41.764385,-88.26564
41.76441,-88.265495
41.764423,-88.26535
41.76445,-88.26522
41.764454,-88.265076
41.764477,-88.26492
41.764484,-88.26477
41.7645,-88.264626
41.764507,-88.26448
41.764523,-88.26434
41.764503,-88.264206
41.76447,-88.26407
41.764503,-88.26392
41.764515,-88.26378
41.764503,-88.26366
41.764507,-88.26352
41.76453,-88.26339
41.764545,-88.26326
41.76456,-88.26313
41.764572,-88.26301
41.76458,-88.26288
41.764572,-88.26275
41.764572,-88.26262
41.764587,-88.26249
41.764606,-88.262375
41.764618,-88.26226
41.76464,-88.262146
41.764652,-88.26202
41.764656,-88.26189
41.76467,-88.26177
41.7647,-88.26166
41.764717,-88.261536
41.764744,-88.261406
41.764763,-88.26128
41.764797,-88.26115
41.764816,-88.261
41.76484,-88.26086
41.76485,-88.26071
41.764835,-88.26058
41.764847,-88.260445
41.76487,-88.260315
41.76487,-88.26018
41.764866,-88.260056
41.764847,-88.259926
41.76482,-88.259796
41.76488,-88.25967
41.76488,-88.25953
41.764885,-88.25939
41.764904,-88.259254
41.76492,-88.259094
41.76493,-88.25899
41.76495,-88.25885
41.764965,-88.2587
41.764973,-88.25856
41.76498,-88.25843
41.765003,-88.258286
41.765034,-88.25818
41.76506,-88.25807
41.76506,-88.257935
41.765087,-88.257774
41.76509,-88.25763
41.765095,-88.25749
41.765118,-88.25735
41.765114,-88.2572
41.765114,-88.257065
41.765118,-88.25693
41.76512,-88.256805
41.76516,-88.25671
41.765144,-88.25657
41.76518,-88.25644
41.76519,-88.256325
41.765198,-88.2562
41.76521,-88.25608
41.76523,-88.25596
41.765236,-88.25583
41.76525,-88.25571
41.76527,-88.255585
41.76528,-88.25548
41.765293,-88.25537
41.765305,-88.25525
41.765312,-88.25513
41.76534,-88.255005
41.765366,-88.25489
41.76538,-88.25478
41.76539,-88.25467
41.765404,-88.254555
41.765408,-88.25444
41.76543,-88.25432
41.765434,-88.25421
41.765438,-88.2541
41.76545,-88.253975
41.765457,-88.25385
41.765472,-88.25373
41.765488,-88.25361
41.765495,-88.25348
41.7655,-88.25335
41.765526,-88.25322
41.765537,-88.253105
41.765545,-88.25299
41.765553,-88.25288
41.765553,-88.25273
41.76556,-88.252625
41.765575,-88.2525
41.765587,-88.25237
41.7656,-88.25225
41.765614,-88.25214
41.76563,-88.25202
41.765633,-88.25191
41.765656,-88.251785
41.765663,-88.25167
41.765667,-88.25155
41.765675,-88.251434
41.765682,-88.25131
41.765697,-88.2512
41.765675,-88.25108
41.76569,-88.25097
41.76569,-88.25086
41.765724,-88.250725
41.765736,-88.2506
41.765747,-88.250496
41.76573,-88.25038
41.76568,-88.2503
41.765575,-88.25028
41.765484,-88.250275
41.76538,-88.25022
41.765274,-88.250206
41.765163,-88.25017
41.765038,-88.2501
41.76491,-88.250015
41.76482,-88.24993
41.764744,-88.24984
41.764668,-88.24972
41.764606,-88.24962
41.764545,-88.249504
41.764503,-88.24939
41.76442,-88.24925
41.76437,-88.24915
41.764317,-88.24905
41.764263,-88.248955
41.76421,-88.24887
41.764164,-88.24877
41.764114,-88.24868
41.76407,-88.24859
41.764015,-88.2485
41.763954,-88.248405
41.763905,-88.24832
41.76383,-88.24821
41.763786,-88.24811
41.76372,-88.247986
41.76364,-88.248
41.763577,-88.247925
41.763527,-88.24781
41.763477,-88.24769
41.763424,-88.24758
41.76338,-88.24749
41.76331,-88.24738
41.763245,-88.24728
41.76318,-88.24718
41.76311,-88.24708
41.763065,-88.24699
41.762974,-88.246895
41.762897,-88.24682
41.76282,-88.24675
41.762753,-88.24668
41.76265,-88.24659
41.76258,-88.24652
41.762505,-88.24647
41.76242,-88.246414
41.76232,-88.246346
41.762234,-88.24633
41.762142,-88.24631
41.762016,-88.24628
41.76193,-88.24626
41.76184,-88.24623
41.761757,-88.24621
41.76164,-88.2462
41.76152,-88.2462
41.761402,-88.24618
41.761303,-88.24618
41.76119,-88.246185
41.761078,-88.246185
41.760967,-88.2462
41.76088,-88.2462
41.760796,-88.24621
41.760674,-88.24621
41.76056,-88.246216
41.760475,-88.246216
41.760372,-88.246216
41.760273,-88.24621
41.76018,-88.24619
41.7601,-88.24616
41.760002,-88.24613
41.759903,-88.24609
41.75981,-88.24608
41.75971,-88.24605
41.759613,-88.24602
41.759514,-88.24598
41.75943,-88.24597
41.759335,-88.246
41.75925,-88.24598
41.759174,-88.24595
41.75911,-88.24587
41.759068,-88.24577
41.75907,-88.24567
41.75911,-88.24554
41.75912,-88.2454
41.75913,-88.24526
41.759132,-88.24514
41.759148,-88.245
41.759163,-88.244865
41.759193,-88.24472
41.759205,-88.24458
41.759205,-88.24442
41.75927,-88.24432
41.759262,-88.24419
41.75926,-88.24404
41.759247,-88.24389
41.759274,-88.24376
41.759308,-88.24362
41.759323,-88.24348
41.759315,-88.24334
41.759293,-88.2432
41.75921,-88.24316
41.75912,-88.24316
41.759033,-88.24316
41.75894,-88.24316
41.758854,-88.24316
41.758705,-88.243164
41.758602,-88.24315
41.75852,-88.24318
41.75843,-88.243195
41.75834,-88.24321
41.75825,-88.243225
41.758163,-88.24322
41.758045,-88.24323
41.757935,-88.24325
41.75783,-88.24325
41.757732,-88.243256
41.757652,-88.24324
41.757545,-88.24324
41.757423,-88.24325
41.7573,-88.24324
41.757217,-88.24324
41.757107,-88.243256
41.757015,-88.24326
41.7569,-88.243286
41.756813,-88.24331
41.756718,-88.2433
41.756634,-88.24331
41.756542,-88.24332
41.756435,-88.24333
41.75635,-88.24336
41.756245,-88.2434
41.75613,-88.24341
41.756027,-88.24343
41.755924,-88.24346
41.755844,-88.24351
41.755756,-88.243454
41.755657,-88.243454
41.75556,-88.243454
41.755447,-88.24347
41.75533,-88.24346
41.755238,-88.24346
41.755154,-88.24347
41.75507,-88.24349
41.75498,-88.24352
41.754875,-88.243546
41.754772,-88.243546
41.75466,-88.243546
41.754562,-88.243576
41.754467,-88.24361
41.754375,-88.24365
41.75425,-88.24363
41.75415,-88.243645
41.754032,-88.24366
41.753914,-88.24367
41.7538,-88.243706
41.753693,-88.24376
41.75358,-88.243805
41.753475,-88.24387
41.75339,-88.24397
41.753304,-88.244064
41.75322,-88.24415
41.75315,-88.24425
41.753075,-88.24433
41.753,-88.244415
41.752903,-88.24451
41.752815,-88.244606
41.752728,-88.2447
41.752632,-88.24478
41.752537,-88.24487
41.752453,-88.244965
41.752373,-88.24505
41.75229,-88.24515
41.75221,-88.24526
41.752132,-88.24537
41.75205,-88.24545
41.751965,-88.24554
41.751884,-88.24562
41.751812,-88.24569
41.75174,-88.245766
41.75167,-88.24585
41.75159,-88.24592
41.751507,-88.24599
41.751434,-88.24606
41.75135,-88.24613
41.751266,-88.246216
41.751186,-88.2463
41.751106,-88.24637
41.751026,-88.246445
41.750954,-88.246506
41.750877,-88.246574
41.750805,-88.24662
41.750725,-88.24667
41.750637,-88.246704
41.75057,-88.246765
41.7505,-88.24683
41.75042,-88.24689
41.750347,-88.24695
41.75027,-88.24701
41.75017,-88.24705
41.750076,-88.24708
41.74999,-88.24711
41.749886,-88.24714
41.749786,-88.247185
41.749676,-88.24723
41.749554,-88.24725
41.749428,-88.24727
41.7493,-88.247284
41.74917,-88.247284
41.749046,-88.24727
41.74893,-88.247246
41.748833,-88.24722
41.748737,-88.247215
41.74864,-88.24721
41.74854,-88.24721
41.748444,-88.24721
41.748356,-88.24721
41.748272,-88.2472
41.748173,-88.24719
41.74808,-88.247185
41.747982,-88.24716
41.747883,-88.24714
41.747692,-88.24711
41.74761,-88.24709
41.747517,-88.2471
41.74743,-88.24708
41.747326,-88.247086
41.74723,-88.24712
41.747158,-88.24718
41.747105,-88.247284
41.74707,-88.24739
41.747074,-88.24728
41.747078,-88.24739
41.74703,-88.2475
41.746925,-88.24753
41.746845,-88.247574
41.746765,-88.24762
41.74668,-88.247665
41.746605,-88.24772
41.746532,-88.2478
41.74649,-88.24791
41.746445,-88.24799
41.7464,-88.248116
41.74638,-88.24823
41.746372,-88.24835
41.746346,-88.24849
41.746296,-88.24858
41.7462,-88.2486
41.74612,-88.24858
41.746037,-88.24856
41.745945,-88.248566
41.745857,-88.2486
41.745773,-88.24858
41.74569,-88.24856
41.74559,-88.24856
41.74549,-88.24855
41.745403,-88.24856
41.74532,-88.24856
41.745224,-88.24856
41.74512,-88.24854
41.74502,-88.24852
41.744953,-88.24844
41.744915,-88.24832
41.74493,-88.248215
41.744904,-88.2481
41.744873,-88.24797
41.744854,-88.247856
41.744938,-88.24785
41.74495,-88.24773
41.74492,-88.24761
41.744884,-88.24751
41.744835,-88.247375
41.744823,-88.24727
41.744827,-88.247154
41.74488,-88.24706
41.744965,-88.24703
41.745045,-88.246994
41.745125,-88.246956
41.745224,-88.24691
41.74531,-88.24688
41.74539,-88.246864
41.74548,-88.24688
41.74559,-88.24686
41.74569,-88.246864
41.745777,-88.24686
41.74587,-88.24686
41.74596,-88.24684
41.746063,-88.24683
41.746162,-88.24681
41.74626,-88.24681
41.746365,-88.246796
41.746464,-88.24679
41.746555,-88.2468
41.74666,-88.24682
41.746765,-88.24684
41.74687,-88.24685
41.74697,-88.24684
41.74707,-88.24685
41.74717,-88.24687
41.74727,-88.2469
41.747364,-88.246925
41.747475,-88.246925
41.747585,-88.24693
41.747696,-88.24694
41.747803,-88.24695
41.74791,-88.24695
41.748016,-88.24698
41.748135,-88.247
41.748238,-88.24702
41.748314,-88.24707
41.748405,-88.24707
41.748497,-88.2471
41.748577,-88.24712
41.748703,-88.247116
41.74887,-88.24714
41.74909,-88.24708
41.74932,-88.24706
41.74941,-88.24702
41.74951,-88.24699
41.74959,-88.24699
41.749676,-88.24697
41.74976,-88.246925
41.74984,-88.24689
41.749935,-88.24687
41.75001,-88.246826
41.750107,-88.24679
41.750187,-88.24676
41.750282,-88.24671
41.750366,-88.246666
41.750458,-88.24659
41.750553,-88.24653
41.750645,-88.24647
41.75075,-88.24638
41.750828,-88.24632
41.7509,-88.246254
41.75098,-88.24618
41.75104,-88.2461
41.751118,-88.24604
41.751217,-88.24596
41.751286,-88.24589
41.751366,-88.24579
41.751453,-88.24569
41.751534,-88.24559
41.751617,-88.2455
41.751694,-88.24544
41.75177,-88.24535
41.751846,-88.24526
41.751945,-88.24518
41.752026,-88.24509
41.752083,-88.244995
41.75215,-88.244896
41.75225,-88.244835
41.752342,-88.24475
41.752426,-88.244675
41.752502,-88.2446
41.75258,-88.24451
41.75265,-88.24442
41.75272,-88.24435
41.752796,-88.24427
41.752888,-88.24419
41.75296,-88.2441
41.75303,-88.24401
41.75311,-88.24394
41.75319,-88.24386
41.753258,-88.2438
41.753387,-88.24377
41.75347,-88.24371
41.753548,-88.24365
41.753628,-88.24362
41.753716,-88.243576
41.753815,-88.24353
41.753933,-88.243515
41.754032,-88.24351
41.754143,-88.24349
41.75425,-88.24349
41.754353,-88.24348
41.754456,-88.24348
41.75454,-88.24348
41.75463,-88.24347
41.754734,-88.24347
41.75484,-88.24347
41.754936,-88.24346
41.755024,-88.24346
41.755116,-88.24343
41.755203,-88.24341
41.7553,-88.24343
41.755386,-88.243416
41.755486,-88.24342
41.75557,-88.24345
41.755577,-88.24356
41.755596,-88.24344
41.755592,-88.243576
41.755604,-88.24369
41.755608,-88.24383
41.755627,-88.24394
41.755615,-88.24408
41.755615,-88.2442
41.755634,-88.24431
41.755653,-88.244415
41.75567,-88.24457
41.755684,-88.2447
41.75571,-88.24484
41.75572,-88.24498
41.75573,-88.24511
41.75575,-88.24523
41.755783,-88.24536
41.75582,-88.24547
41.755863,-88.245605
41.755913,-88.24576
41.75595,-88.24589
41.756004,-88.24605
41.756035,-88.24617
41.756084,-88.24628
41.75612,-88.24638
41.756165,-88.24648
41.756187,-88.24659
41.756218,-88.246735
41.756256,-88.24688
41.756287,-88.24703
41.756294,-88.24717
41.75632,-88.24731
41.75634,-88.247444
41.756355,-88.24759
41.75637,-88.2477
41.756374,-88.24782
41.756382,-88.24796
41.756374,-88.24807
41.756374,-88.248184
41.756374,-88.24831
41.756367,-88.24843
41.75636,-88.248566
41.75636,-88.24868
41.756355,-88.24881
41.756344,-88.24894
41.756332,-88.24908
41.75632,-88.249214
41.756313,-88.24936
41.7563,-88.2495
41.756283,-88.24963
41.756264,-88.24978
41.756245,-88.249916
41.756218,-88.250046
41.75619,-88.25019
41.75616,-88.25034
41.756115,-88.25049
41.756077,-88.25063
41.756035,-88.25077
41.755997,-88.25087
41.755943,-88.251015
41.755886,-88.25115
41.755844,-88.25125
41.755806,-88.25135
41.75576,-88.25144
41.755707,-88.25154
41.755653,-88.25164
41.7556,-88.25174
41.755543,-88.25182
41.755493,-88.25192
41.755432,-88.25199
41.755367,-88.25206
41.7553,-88.25213
41.755222,-88.25223
41.75515,-88.25235
41.75506,-88.25246
41.75497,-88.252556
41.754898,-88.25262
41.754803,-88.25271
41.754704,-88.25279
41.754635,-88.252846
41.754536,-88.252914
41.75446,-88.25297
41.754356,-88.25304
41.754257,-88.25311
41.754166,-88.25319
41.75407,-88.25326
41.75397,-88.253334
41.75388,-88.25341
41.753784,-88.25348
41.75369,-88.25355
41.753586,-88.25363
41.753517,-88.25369
41.75341,-88.25376
41.753304,-88.253845
41.75321,-88.25393
41.7531,-88.254005
41.753,-88.25409
41.75291,-88.25416
41.752834,-88.25423
41.752758,-88.25429
41.75268,-88.25435
41.752605,-88.25441
41.752514,-88.25448
41.752426,-88.25455
41.752357,-88.25461
41.75228,-88.25468
41.752216,-88.25474
41.752117,-88.254814
41.752014,-88.254875
41.75193,-88.25494
41.751835,-88.255005
41.751747,-88.25507
41.75165,-88.255135
41.751537,-88.255226
41.751465,-88.25527
41.75139,-88.25534
41.75131,-88.255394
41.75122,-88.25547
41.75113,-88.25554
41.751045,-88.255615
41.750954,-88.25569
41.750862,-88.25577
41.750786,-88.25585
41.750717,-88.255936
41.75064,-88.256004
41.750553,-88.256065
41.750465,-88.25614
41.75036,-88.25619
41.750267,-88.256256
41.75018,-88.25632
41.750095,-88.256386
41.750015,-88.256454
41.749924,-88.2565
41.749832,-88.25658
41.749744,-88.25662
41.749664,-88.25669
41.749577,-88.256744
41.749493,-88.2568
41.749413,-88.25687
41.749344,-88.256935
41.74927,-88.25701
41.749195,-88.25708
41.74906,-88.25718
41.748985,-88.25725
41.74891,-88.25732
41.74883,-88.25738
41.748745,-88.25742
41.74864,-88.25749
41.74856,-88.25756
41.748478,-88.257614
41.74841,-88.257675
41.74833,-88.25774
41.748257,-88.257805
41.748188,-88.257866
41.74811,-88.25792
41.74804,-88.257965
41.747936,-88.25806
41.747864,-88.258125
41.74776,-88.25823
41.74769,-88.25829
41.74762,-88.25837
41.747543,-88.258446
41.74747,-88.25852
41.747204,-88.258865
41.747147,-88.25896
41.74709,-88.25905
41.74703,-88.25914
41.746983,-88.25924
41.746937,-88.25933
41.74686,-88.25945
41.74683,-88.25955
41.74678,-88.25969
41.746735,-88.25983
41.7467,-88.25997
41.74667,-88.2601
41.746643,-88.26025
41.74663,-88.26035
41.7466,-88.26049
41.746582,-88.26062
41.746567,-88.26076
41.746544,-88.26089
41.74651,-88.26103
41.74649,-88.261154
41.74649,-88.26129
41.746487,-88.261444
41.746487,-88.26159
41.74648,-88.26172
41.746464,-88.26188
41.74647,-88.26199
41.74647,-88.26214
41.746475,-88.26226
41.746475,-88.2624
41.746475,-88.262535
41.74647,-88.26268
41.746468,-88.262794
41.746456,-88.26294
41.746456,-88.26309
41.74645,-88.263245
41.74644,-88.26339
41.74644,-88.26351
41.746437,-88.26367
41.746456,-88.26381
41.74645,-88.26392
41.746452,-88.264046
41.74645,-88.2642
41.746464,-88.26435
41.746445,-88.26447
41.746437,-88.26463
41.746433,-88.26478
41.746426,-88.26489
41.746433,-88.265045
41.74643,-88.26516
41.74642,-88.26528
41.746418,-88.26542
41.746407,-88.265526
41.746414,-88.26564
41.746418,-88.2658
41.746407,-88.265915
41.74641,-88.26603
41.746403,-88.26614
41.74641,-88.26629
41.746418,-88.26643
41.746426,-88.26658
41.7464,-88.26671
41.7464,-88.26685
41.74641,-88.26699
41.746414,-88.26714
41.746426,-88.267296
41.746418,-88.26744
41.74642,-88.26759
41.74641,-88.267746
41.746403,-88.267876
41.74642,-88.26802
41.746414,-88.26815
41.746403,-88.26829
41.746414,-88.26845
41.7464,-88.2686
41.746395,-88.268745
41.7464,-88.2689
41.746395,-88.26904
41.746387,-88.26917
41.746372,-88.26932
41.746376,-88.26944
41.746384,-88.269585
41.746372,-88.26974
41.746372,-88.26985
41.74638,-88.27
41.746365,-88.27014
41.746357,-88.27029
41.746357,-88.270424
41.746353,-88.27055
41.746346,-88.27067
41.746346,-88.27078
41.746338,-88.27089
41.74634,-88.27102
41.74634,-88.27116
41.74634,-88.27129
41.746346,-88.27141
41.74634,-88.27152
41.746326,-88.271645
41.746326,-88.27179
41.746326,-88.27192
41.74634,-88.27204
41.746338,-88.27216
41.74633,-88.272285
41.746334,-88.27241
41.746334,-88.27256
41.74633,-88.272736
41.74633,-88.27284
41.74633,-88.27296
41.746323,-88.27307
41.74632,-88.273186
41.746315,-88.2733
41.746307,-88.273415
41.746315,-88.27354
41.746307,-88.27365
41.746304,-88.273766
41.746292,-88.27388
41.74629,-88.27401
41.74628,-88.27416
41.74628,-88.27428
41.746254,-88.27442
41.74627,-88.27454
41.746265,-88.274666
41.74627,-88.274796
41.74628,-88.27494
41.746273,-88.27509
41.746265,-88.27524
41.74626,-88.27538
41.746258,-88.27553
41.746246,-88.275665
41.746246,-88.2758
41.746243,-88.27591
41.746235,-88.27607
41.74622,-88.27618
41.74622,-88.27629
41.74621,-88.276405
41.746212,-88.276535
41.746216,-88.27666
41.746204,-88.27677
41.746212,-88.27689
41.746212,-88.27701
41.74621,-88.27717
41.74621,-88.277336
41.746204,-88.27745
41.746204,-88.27759
41.74621,-88.27772
41.74621,-88.27785
41.7462,-88.27797
41.7462,-88.27808
41.746197,-88.27822
41.746193,-88.27835
41.74619,-88.278465
41.74619,-88.27859
41.74619,-88.2787
41.746197,-88.27886
41.74619,-88.278984
41.746204,-88.27909
41.7462,-88.27921
41.746185,-88.27937
41.746178,-88.27952
41.746166,-88.27964
41.746147,-88.27979
41.746143,-88.27995
41.74613,-88.2801
41.746147,-88.280235
41.746155,-88.28037
41.746147,-88.280525
41.746147,-88.280655
41.74615,-88.280785
41.746155,-88.28093
41.746155,-88.28107
41.746143,-88.28122
41.746143,-88.28138
41.746147,-88.281494
41.74615,-88.2816
41.746143,-88.281715
41.74614,-88.281845
41.746143,-88.282
41.746136,-88.282135
41.746136,-88.282265
41.74613,-88.2824
41.746124,-88.28254
41.746124,-88.28268
41.746117,-88.28282
41.746124,-88.28293
41.74612,-88.28309
41.746124,-88.283195
41.746124,-88.28332
41.746113,-88.283424
41.746113,-88.283585
41.7461,-88.28374
41.74606,-88.28386
41.746056,-88.284004
41.746056,-88.28412
41.746056,-88.284225
41.746082,-88.28436
41.746086,-88.2845
41.7461,-88.28464
41.74611,-88.28478
41.746094,-88.28493
41.746094,-88.28507
41.746098,-88.28518
41.746082,-88.28533
41.74607,-88.28546
41.74606,-88.285576
41.746048,-88.2857
41.74603,-88.285805
41.74602,-88.285934
41.746037,-88.28605
41.746037,-88.28617
41.746033,-88.28629
41.74603,-88.28642
41.746044,-88.28655
41.746037,-88.286674
41.746017,-88.28681
41.74605,-88.28694
41.74606,-88.287056
41.746067,-88.28719
41.74608,-88.28732
41.746075,-88.28743
41.746098,-88.28754
41.746075,-88.28766
41.74609,-88.28779
41.74608,-88.28794
41.746086,-88.28808
41.746082,-88.28822
41.746075,-88.28835
41.746063,-88.28847
41.746044,-88.2886
41.746033,-88.28873
41.746037,-88.28886
41.746044,-88.28897
41.74603,-88.289116
41.74603,-88.28923
41.74601,-88.289345
41.746014,-88.28947
41.746006,-88.2896
41.74601,-88.289734
41.746014,-88.28989
41.74601,-88.29
41.746006,-88.29012
41.745995,-88.29026
41.746002,-88.290436
41.746006,-88.290634
41.746014,-88.29083
41.74601,-88.29105
41.746014,-88.29126
41.746006,-88.29137
41.746,-88.29158
41.745987,-88.291695
41.74598,-88.29181
41.745975,-88.292015
41.74598,-88.29221
41.745983,-88.292404
41.745987,-88.2926
41.745983,-88.29279
41.74596,-88.29313
41.745964,-88.293304
41.745964,-88.29346
41.74596,-88.293594
41.745964,-88.29372
41.74597,-88.293846
41.745968,-88.29396
41.74601,-88.29408
41.746017,-88.29419
41.746033,-88.294304
41.74599,-88.29442
41.745968,-88.29454
41.745953,-88.29468
41.745937,-88.294846
41.745926,-88.29504
41.74593,-88.29524
41.745926,-88.29536
41.74592,-88.29547
41.745914,-88.29571
41.74592,-88.29584
41.745922,-88.29596
41.745926,-88.29609
41.745934,-88.29621
41.745945,-88.29634
41.745953,-88.29645
41.74594,-88.29664
41.745937,-88.29678
41.745934,-88.29692
41.745934,-88.29707
41.745937,-88.297226
41.745914,-88.29737
41.745914,-88.297516
41.74591,-88.29765
41.74591,-88.29778
41.74591,-88.29794
41.745914,-88.29809
41.745914,-88.29824
41.745926,-88.298355
41.74592,-88.29849
41.74592,-88.29864
41.745922,-88.29878
41.745914,-88.29891
41.745914,-88.29905
41.74591,-88.29918
41.745907,-88.2993
41.745895,-88.29943
41.745895,-88.299576
41.745895,-88.2997
41.745895,-88.29981
41.74589,-88.29994
41.74589,-88.30006
41.7459,-88.30018
41.745895,-88.30029
41.745895,-88.300415
41.745884,-88.30054
41.745876,-88.300674
41.745895,-88.30081
41.745888,-88.300934
41.745865,-88.30107
41.745865,-88.301216
41.745865,-88.30134
41.745872,-88.30146
41.745857,-88.30159
41.745853,-88.30171
41.745846,-88.30186
41.745823,-88.302
41.745815,-88.30212
41.745823,-88.30226
41.74582,-88.3024
41.74581,-88.30256
41.74581,-88.30269
41.74581,-88.302826
41.745815,-88.30297
41.745827,-88.3031
41.7458,-88.30324
41.74579,-88.30337
41.745785,-88.3035
41.745785,-88.30361
41.745785,-88.303734
41.745792,-88.30386
41.7458,-88.30398
41.745796,-88.3041
41.745792,-88.30422
41.745796,-88.304344
41.745796,-88.30447
41.745796,-88.30459
41.74579,-88.30472
41.74579,-88.30484
41.74579,-88.304955
41.74579,-88.305084
41.745785,-88.30522
41.745792,-88.305336
41.7458,-88.305466
41.745785,-88.30561
41.74578,-88.30574
41.745773,-88.305885
41.745773,-88.306
41.74579,-88.30613
41.74579,-88.30625
41.74577,-88.30639
41.745773,-88.30653
41.74576,-88.30667
41.745766,-88.306816
41.74576,-88.30695
41.74577,-88.30709
41.745766,-88.30721
41.74576,-88.30734
41.74577,-88.30747
41.745766,-88.307594
41.74575,-88.30774
41.745754,-88.30787
41.745758,-88.30799
41.745758,-88.30812
41.745773,-88.308235
41.74583,-88.308334
41.745895,-88.308395
41.74601,-88.30843
41.746124,-88.30836
41.746227,-88.308334
41.74631,-88.30836
41.74642,-88.30833
41.746506,-88.308304
41.746628,-88.30829
41.74672,-88.30828
41.746807,-88.30826
41.746895,-88.308235
41.746975,-88.308205
41.74707,-88.308174
41.7472,-88.30813
41.747295,-88.30817
41.747402,-88.30817
41.747482,-88.30811
41.74758,-88.30807
41.74769,-88.3081
41.747787,-88.30809
41.747902,-88.308075
41.74799,-88.30804
41.748074,-88.308044
41.748188,-88.30802
41.748272,-88.30801
41.748394,-88.30792
41.74848,-88.30786
41.748566,-88.30781
41.74865,-88.30782
41.748734,-88.30782
41.748844,-88.307816
41.74896,-88.30782
41.74907,-88.307816
41.74915,-88.307785
41.749264,-88.3078
41.74938,-88.3078
41.749462,-88.30779
41.749554,-88.30779
41.74967,-88.3078
41.74977,-88.30779
41.749855,-88.30777
41.749943,-88.307755
41.749992,-88.30788
41.749992,-88.30803
41.74999,-88.30818
41.749992,-88.30834
41.75,-88.308495
41.749996,-88.30866
41.749996,-88.30882
41.749985,-88.308975
41.749977,-88.309135
41.74999,-88.30928
41.749992,-88.30943
41.749996,-88.30956
41.75,-88.3097
41.75001,-88.309845
41.750023,-88.30998
41.75004,-88.31011
41.75005,-88.31023
41.750057,-88.31037
41.750076,-88.3105
41.75009,-88.31066
41.750103,-88.31077
41.75011,-88.31089
41.750126,-88.31102
41.75013,-88.311165
41.75014,-88.31131
41.75016,-88.311455
41.750175,-88.3116
41.750183,-88.311745
41.750175,-88.311905
41.75018,-88.31206
41.750168,-88.31222
41.750187,-88.31237
41.750187,-88.31252
41.7502,-88.312675
41.750217,-88.31281
41.75024,-88.31297
41.750256,-88.31311
41.75026,-88.31327
41.750248,-88.31342
41.750248,-88.31358
41.750256,-88.31373
41.750263,-88.31387
41.75027,-88.314
41.750282,-88.31413
41.750298,-88.31425
41.7503,-88.31436
41.75032,-88.314476
41.75032,-88.31464
41.750324,-88.3148
41.75035,-88.3149
41.75036,-88.315025
41.75037,-88.31515
41.750378,-88.31528
41.75038,-88.31541
41.7504,-88.31553
41.750404,-88.31564
41.750412,-88.31576
41.75042,-88.31587
41.750427,-88.31599
41.750416,-88.31612
41.750423,-88.31627
41.750427,-88.31643
41.75043,-88.31654
41.75045,-88.31666
41.750458,-88.316765
41.75047,-88.31688
41.75048,-88.317
41.750492,-88.317116
41.750504,-88.317245
41.750523,-88.31737
41.75054,-88.3175
41.750557,-88.31763
41.750572,-88.31776
41.75058,-88.3179
41.750584,-88.31804
41.750584,-88.318184
41.750595,-88.31832
41.750626,-88.31846
41.750675,-88.31857
41.750713,-88.318695
41.750793,-88.31878
41.75084,-88.31887
41.75088,-88.31898
41.75093,-88.319084
41.750984,-88.31922
41.751038,-88.31935
41.75108,-88.31946
41.75115,-88.319595
41.751232,-88.319756
41.751286,-88.31985
41.75134,-88.319954
41.751392,-88.32005
41.751446,-88.320175
41.751495,-88.320305
41.75155,-88.32041
41.751595,-88.32055
41.75165,-88.32068
41.751717,-88.32081
41.751778,-88.320915
41.751835,-88.32103
41.751904,-88.32115
41.751972,-88.32125
41.752026,-88.32134
41.752064,-88.32145
41.752117,-88.32155
41.752167,-88.32165
41.75224,-88.321846
41.75229,-88.321945
41.752335,-88.32204
41.75239,-88.32213
41.75243,-88.32223
41.75248,-88.32232
41.752533,-88.3224
41.752625,-88.32258
41.75272,-88.32275
41.752808,-88.322914
41.75289,-88.323074
41.75297,-88.32324
41.75305,-88.323395
41.753136,-88.32354
41.753223,-88.32369
41.753284,-88.32383
41.753345,-88.323944
41.753395,-88.32406
41.753426,-88.324165
41.753498,-88.32422
41.75352,-88.324104
41.753597,-88.324
41.75366,-88.32392
41.753735,-88.32382
41.7538,-88.323715
41.753876,-88.32361
41.753952,-88.323494
41.75404,-88.32338
41.754093,-88.3233
41.75415,-88.32323
41.75424,-88.32312
41.75432,-88.32302
41.754395,-88.322914
41.75448,-88.322815
41.75455,-88.322716
41.75463,-88.32261
41.754704,-88.32251
41.754776,-88.3224
41.75486,-88.3223
41.754936,-88.32219
41.75502,-88.32209
41.7551,-88.32199
41.75518,-88.3219
41.75526,-88.32179
41.75532,-88.32172
41.755386,-88.32164
41.755436,-88.321556
41.755527,-88.32144
41.755585,-88.321365
41.75565,-88.3213
41.755733,-88.32118
41.75582,-88.32107
41.755882,-88.321
41.755966,-88.32088
41.756027,-88.3208
41.756107,-88.3207
41.756184,-88.32061
41.75626,-88.32052
41.756336,-88.32041
41.756413,-88.32032
41.756485,-88.32021
41.756565,-88.320114
41.75665,-88.32001
41.75673,-88.31991
41.756813,-88.31982
41.756893,-88.31973
41.756966,-88.31968
41.75705,-88.31959
41.757133,-88.319496
41.757214,-88.31938
41.757298,-88.319275
41.757355,-88.3192
41.757412,-88.31912
41.7575,-88.31901
41.757576,-88.31891
41.757664,-88.31881
41.757744,-88.3187
41.75782,-88.31859
41.757908,-88.31849
41.757965,-88.318405
41.758026,-88.31833
41.75809,-88.31825
41.758198,-88.31827
41.758286,-88.31835
41.758358,-88.31844
41.758427,-88.31853
41.7585,-88.31863
41.75858,-88.31871
41.75865,-88.31877
41.75872,-88.31886
41.758797,-88.31897
41.758865,-88.319046
41.758938,-88.31914
41.759007,-88.319214
41.75907,-88.319305
41.759056,-88.31918
41.75899,-88.319115
41.759056,-88.319214
41.759132,-88.319336
41.75919,-88.31941
41.759262,-88.319534
41.759296,-88.31968
41.759323,-88.31984
41.75932,-88.32
41.75932,-88.320145
41.759323,-88.3203
41.759335,-88.32046
41.759346,-88.32061
41.759354,-88.320755
41.759365,-88.32091
41.759384,-88.321045
41.75939,-88.32117
41.759407,-88.32129
41.75941,-88.32141
41.759415,-88.321526
41.759457,-88.32163
41.75944,-88.32175
41.759434,-88.321884
41.759434,-88.32204
41.759445,-88.322205
41.759476,-88.32232
41.7595,-88.32245
41.759518,-88.32259
41.759525,-88.32274
41.75955,-88.32287
41.759544,-88.32301
41.75955,-88.32313
41.759544,-88.32325
41.759575,-88.32338
41.759583,-88.323524
41.75961,-88.32364
41.75962,-88.32375
41.75963,-88.32388
41.75964,-88.32401
41.759644,-88.32416
41.759647,-88.3243
41.759655,-88.32445
41.759666,-88.324585
41.75969,-88.32472
41.759712,-88.32487
41.759735,-88.325
41.759747,-88.325134
41.75975,-88.325264
41.759754,-88.3254
41.75976,-88.32554
41.759758,-88.325676
41.759773,-88.325806
41.759785,-88.32593
41.7598,-88.32606
41.759827,-88.32619
41.759827,-88.32632
41.759834,-88.326454
41.759857,-88.32658
41.75986,-88.32672
41.759865,-88.326866
41.75989,-88.32701
41.759903,-88.32712
41.759926,-88.32727
41.759945,-88.327415
41.759964,-88.32756
41.759956,-88.32769
41.75997,-88.327805
41.759975,-88.32796
41.759987,-88.32812
41.76,-88.32826
41.760002,-88.3284
41.760017,-88.32852
41.760033,-88.32864
41.76005,-88.328766
41.760048,-88.32892
41.76006,-88.329056
41.760082,-88.32917
41.760082,-88.32929
41.760105,-88.329414
41.76012,-88.32953
41.760128,-88.32966
41.76013,-88.32977
41.760155,-88.3299
41.760162,-88.33002
41.760162,-88.33013
41.760162,-88.33025
41.760166,-88.3304
41.76019,-88.33052
41.760197,-88.330666
41.760216,-88.3308
41.760235,-88.33091
41.76023,-88.331055
41.760273,-88.3312
41.760292,-88.33135
41.760303,-88.33151
41.76032,-88.33167
41.760338,-88.331825
41.760353,-88.331985
41.76036,-88.33214
41.760372,-88.33229
41.760384,-88.332436
41.760395,-88.33254
41.760403,-88.33266
41.760418,-88.33277
41.760433,-88.33293
41.76043,-88.33307
41.760437,-88.3332
41.760445,-88.33332
41.76044,-88.333466
41.76045,-88.333595
41.760464,-88.333725
41.760464,-88.33387
41.76047,-88.33399
41.760494,-88.33414
41.760513,-88.33425
41.76055,-88.334366
41.760532,-88.33447
41.760544,-88.33461
41.76055,-88.33475
41.760555,-88.33486
41.760563,-88.33498
41.760582,-88.3351
41.760593,-88.33523
41.760612,-88.33534
41.760624,-88.33547
41.760628,-88.33561
41.76064,-88.33574
41.760666,-88.33587
41.7607,-88.33599
41.760674,-88.33614
41.760674,-88.33629
41.760693,-88.33643
41.760693,-88.33655
41.760704,-88.336685
41.760715,-88.33682
41.76074,-88.33697
41.76075,-88.337074
41.76077,-88.33723
41.760773,-88.337364
41.76079,-88.337524
41.7608,-88.33766
41.760807,-88.33781
41.760834,-88.33794
41.760845,-88.33807
41.760868,-88.33822
41.760883,-88.33835
41.760895,-88.338486
41.760918,-88.33861
41.76092,-88.33872
41.76092,-88.338875
41.760925,-88.33901
41.760933,-88.33915
41.760952,-88.33929
41.760967,-88.339424
41.760986,-88.33955
41.761,-88.33969
41.761024,-88.33983
41.761044,-88.33995
41.76105,-88.34009
41.761066,-88.34021
41.76108,-88.340355
41.761097,-88.34049
41.76111,-88.34063
41.761127,-88.34076
41.761154,-88.3409
41.76115,-88.34104
41.761173,-88.34119
41.761177,-88.341324
41.761196,-88.34145
41.76121,-88.34158
41.761227,-88.34172
41.761246,-88.34185
41.761253,-88.34199
41.761257,-88.342125
41.76126,-88.342255
41.761276,-88.34238
41.761276,-88.34254
41.761284,-88.34269
41.7613,-88.3428
41.761322,-88.342926
41.761333,-88.34307
41.76135,-88.343216
41.76135,-88.34337
41.76136,-88.343506
41.76137,-88.34362
41.76146,-88.343704
41.76155,-88.343735
41.761646,-88.3437
41.761745,-88.34366
41.761833,-88.343636
41.761944,-88.34362
41.762043,-88.34361
41.76213,-88.3436
41.762215,-88.34358
41.76232,-88.343544
41.762432,-88.343544
41.762516,-88.34355
41.762596,-88.34356
41.7627,-88.34357
41.762787,-88.34356
41.762882,-88.343575
41.762985,-88.34358
41.76307,-88.343575
41.76317,-88.34359
41.763245,-88.343636
41.76327,-88.34376
41.76327,-88.34387
41.763275,-88.343994
41.76327,-88.34412
41.763264,-88.34424
41.76326,-88.34436
41.763264,-88.34448
41.763275,-88.34459
41.76328,-88.3447
41.763268,-88.34483
41.76322,-88.344955
41.76317,-88.34506
41.763157,-88.345116
41.31824,-88.992584
41.318317,-88.99252
41.318317,-88.99266
41.31829,-88.992775
41.318268,-88.99288
41.318256,-88.99299
41.318245,-88.9931
41.318207,-88.993195
41.31818,-88.99331
41.318096,-88.993385
41.31801,-88.99346
41.317924,-88.99352
41.317837,-88.993614
41.31775,-88.99366
41.317665,-88.99368
41.317593,-88.99375
41.31752,-88.99383
41.31739,-88.99391
41.317265,-88.99405
41.31719,-88.99415
41.317104,-88.99425
41.317024,-88.99435
41.316956,-88.99443
41.31689,-88.99451
41.316776,-88.99465
41.31672,-88.99473
41.316635,-88.99488
41.316578,-88.995
41.31659,-88.99514
41.316677,-88.99524
41.31681,-88.99525
41.31691,-88.995224
41.31703,-88.995224
41.31713,-88.99524
41.31722,-88.99525
41.317307,-88.99527
41.317383,-88.99531
41.317467,-88.995346
41.317608,-88.99541
41.31769,-88.99545
41.317783,-88.99552
41.31788,-88.99559
41.317986,-88.99564
41.318104,-88.99568
41.318333,-88.995674
41.318443,-88.99567
41.31857,-88.995674
41.31868,-88.99571
41.318787,-88.99585
41.318867,-88.99601
41.318916,-88.99616
41.31904,-88.99626
41.319138,-88.99627
41.319233,-88.99618
41.319317,-88.99602
41.31936,-88.99592
41.31941,-88.99583
41.31949,-88.99564
41.319523,-88.995544
41.319546,-88.99544
41.31958,-88.99533
41.319607,-88.995224
41.31964,-88.995094
41.319687,-88.99495
41.31973,-88.994705
41.31976,-88.99459
41.31978,-88.99448
41.319805,-88.99436
41.31985,-88.994156
41.319874,-88.99404
41.319885,-88.993935
41.31992,-88.99373
41.319977,-88.99359
41.320084,-88.9935
41.320217,-88.99348
41.320312,-88.993484
41.320396,-88.99349
41.320477,-88.99353
41.320614,-88.99364
41.320686,-88.993835
41.320713,-88.99394
41.320724,-88.99406
41.320724,-88.994255
41.320705,-88.99437
41.32069,-88.99449
41.320656,-88.99471
41.320656,-88.99484
41.32064,-88.994965
41.32063,-88.9951
41.32063,-88.995224
41.320618,-88.99537
41.320618,-88.9955
41.320614,-88.99562
41.320602,-88.99575
41.320606,-88.9959
41.320595,-88.99603
41.32058,-88.99616
41.320568,-88.996284
41.320557,-88.996414
41.32054,-88.996544
41.320522,-88.99667
41.320503,-88.996826
41.320496,-88.99699
41.32049,-88.99713
41.32048,-88.99729
41.320473,-88.99744
41.32046,-88.997604
41.320454,-88.99776
41.320446,-88.99792
41.320427,-88.99808
41.32041,-88.99823
41.32041,-88.99838
41.32041,-88.99854
41.320408,-88.99871
41.320393,-88.99888
41.32039,-88.99904
41.32038,-88.99921
41.320374,-88.99936
41.320377,-88.99952
41.320362,-88.99967
41.320347,-88.99983
41.320347,-88.99998
