41.92808,-87.63089
41.92812,-87.6309
41.9282,-87.63093
41.92849,-87.63105
41.92859,-87.6311
41.92859,-87.6311
41.92862,-87.63111
41.92923,-87.63128
41.92927,-87.63128
41.92953,-87.63131
41.92972,-87.63134
41.93032,-87.63137
41.93033,-87.63137
41.9306,-87.63134
41.93096,-87.63129
41.93133,-87.63121
41.93147,-87.6312
41.93163,-87.63126
41.93187,-87.63146
41.93193,-87.63153
41.93199,-87.63161
41.93209,-87.6317
41.9322,-87.63173
41.93227,-87.63173
41.9324,-87.63173
41.93243,-87.63173
41.93244,-87.63173
41.93247,-87.63173
41.93259,-87.63173
41.9326,-87.63173
41.93263,-87.63173
41.93266,-87.63173
41.93275,-87.63172
41.93285,-87.63171
41.93317,-87.63163
41.93319,-87.63163
41.93336,-87.63159
41.93371,-87.631645
41.93452,-87.63186
41.93483,-87.63202
41.93535,-87.63231
41.93591,-87.63263
41.93627,-87.63295
41.93651,-87.6331
41.93676,-87.63322
41.93699,-87.63342
41.93708,-87.63354
41.93708,-87.63354
41.93735,-87.63393
41.9376,-87.634254
41.93819,-87.63511
41.93829,-87.63525
41.93837,-87.63536
41.93844,-87.63551
41.9385,-87.635605
41.93861,-87.63572
41.93867,-87.63575
41.93872,-87.63578
41.93876,-87.63582
41.93881,-87.63589
41.93891,-87.6361
41.93903,-87.63636
41.93912,-87.636505
41.93918,-87.63661
41.93924,-87.63668
41.93932,-87.63674
41.93938,-87.63678
41.93948,-87.63681
41.93952,-87.63682
41.93956,-87.63683
41.9396,-87.63686
41.93963,-87.636894
41.93966,-87.63693
41.93978,-87.6371
41.93979,-87.63711
41.94022,-87.63752
41.94073,-87.63794
41.94119,-87.6383
41.94137,-87.63844
41.94138,-87.63845
41.94145,-87.63852
41.94148,-87.63859
41.94151,-87.63864
41.94166,-87.6388
41.94176,-87.63886
41.94236,-87.63911
41.94296,-87.63931
41.94317,-87.63949
41.94339,-87.63962
41.94345,-87.639656
41.94354,-87.63971
41.94377,-87.63987
41.94392,-87.63999
41.94392,-87.63999
41.94408,-87.64013
41.94443,-87.64038
41.94471,-87.64055
41.94504,-87.64067
41.94524,-87.64072
41.94562,-87.64076
41.94573,-87.64076
41.94581,-87.64077
41.94584,-87.64078
41.94587,-87.640785
41.94593,-87.64085
41.94624,-87.64121
41.94638,-87.64137
41.94657,-87.64152
41.94686,-87.64171
41.94718,-87.64189
41.94752,-87.64211
41.94778,-87.64227
41.94785,-87.642296
41.94792,-87.642296
41.94797,-87.64228
41.94799,-87.64227
41.9481,-87.64219
41.94832,-87.642
41.94838,-87.64196
41.94844,-87.64193
41.94847,-87.64192
41.94851,-87.64191
41.94858,-87.64193
41.94862,-87.64196
41.94868,-87.64202
41.94872,-87.64208
41.94874,-87.64213
41.94874,-87.64215
41.94877,-87.64229
41.94878,-87.64242
41.94881,-87.64258
41.94884,-87.64265
41.94886,-87.6427
41.9489,-87.64277
41.94894,-87.6428
41.94898,-87.64283
41.94906,-87.64286
41.94939,-87.64296
41.94953,-87.64303
41.94962,-87.64308
41.94973,-87.64313
41.94983,-87.64316
41.95,-87.643196
41.95052,-87.64339
41.95052,-87.64339
41.95135,-87.64369
41.95255,-87.64413
41.9528,-87.64421
41.95304,-87.64419
41.95343,-87.64403
41.95407,-87.64375
41.95426,-87.64367
41.95438,-87.64365
41.95448,-87.64368
41.95461,-87.64375
41.95464,-87.64377
41.95494,-87.643936
41.95508,-87.64399
41.95521,-87.64411
41.95527,-87.64417
41.95536,-87.64428
41.9555,-87.64434
41.9557,-87.64442
41.95594,-87.64462
41.95617,-87.64471
41.95641,-87.644775
41.95658,-87.64488
41.95685,-87.64499
41.95715,-87.6451
41.95772,-87.64535
41.95796,-87.64542
41.95812,-87.64539
41.9582,-87.64532
41.95842,-87.64525
41.95851,-87.645226
41.95863,-87.64522
41.95881,-87.64531
41.95891,-87.64539
41.95891,-87.64539
41.95903,-87.64548
41.95911,-87.64552
41.95922,-87.64558
41.95942,-87.64566
41.95968,-87.64571
41.95988,-87.64572
41.96003,-87.64572
41.96021,-87.64567
41.96041,-87.64559
41.96042,-87.64559
41.9606,-87.64555
41.96083,-87.64554
41.96093,-87.64551
41.96108,-87.64546
41.96123,-87.64538
41.96142,-87.64526
41.96157,-87.64519
41.96169,-87.64518
41.96177,-87.64519
41.96186,-87.64524
41.96196,-87.6453
41.96206,-87.64537
41.96213,-87.64538
41.96221,-87.64539
41.96225,-87.64539
41.96242,-87.64539
41.96256,-87.64539
41.96267,-87.64547
41.9629,-87.64569
41.96304,-87.64589
41.96316,-87.646034
41.96327,-87.64614
41.96338,-87.64621
41.96351,-87.646255
41.96374,-87.64632
41.96392,-87.64635
41.96416,-87.64636
41.96435,-87.64633
41.96462,-87.646255
41.96475,-87.64624
41.96499,-87.6462
41.96526,-87.64617
41.96538,-87.64617
41.96561,-87.646255
41.96565,-87.64627
41.96578,-87.64629
41.96591,-87.64633
41.96595,-87.64635
41.96615,-87.64637
41.96625,-87.6464
41.96634,-87.64645
41.9664,-87.6465
41.96652,-87.64659
41.96661,-87.64668
41.96667,-87.64674
41.96671,-87.64676
41.96675,-87.64678
41.96684,-87.6468
41.96691,-87.64682
41.96696,-87.64684
41.96698,-87.64685
41.96698,-87.64685
41.96704,-87.64689
41.96716,-87.64699
41.96733,-87.64709
41.96745,-87.64714
41.96759,-87.64718
41.96777,-87.6472
41.96795,-87.6472
41.96808,-87.64719
41.96822,-87.64717
41.96844,-87.647064
41.96858,-87.64698
41.96874,-87.64686
41.96891,-87.64681
41.96898,-87.6468
41.96903,-87.64682
41.9691,-87.64687
41.96918,-87.64696
41.96924,-87.647026
41.9693,-87.64706
41.96934,-87.64708
41.98295,-87.76954
41.98294,-87.76954
41.98294,-87.76835
41.98294,-87.76712
41.98295,-87.7659
41.98294,-87.76469
41.983,-87.76445
41.98283,-87.76415
41.98283,-87.76415
41.98244,-87.763466
41.98108,-87.76119
41.98049,-87.76027
41.97991,-87.75933
41.97926,-87.75827
41.97879,-87.75747
41.97802,-87.75625
41.97757,-87.75549
41.97747,-87.75533
41.97733,-87.75511
41.97728,-87.75502
41.97716,-87.75484
41.97701,-87.75455
41.97648,-87.75367
41.97538,-87.75193
41.9753,-87.7518
41.97464,-87.75074
41.9737,-87.7492
41.97291,-87.74792
41.97286,-87.74784
41.97281,-87.74776
41.97266,-87.74751
41.97263,-87.74747
41.97253,-87.7473
41.97245,-87.74717
41.97233,-87.74696
41.9722,-87.74675
41.97188,-87.74624
41.97137,-87.74539
41.97095,-87.744736
41.97076,-87.74444
41.97028,-87.74366
41.97018,-87.74349
41.96962,-87.74256
41.96901,-87.74155
41.96843,-87.74059
41.96814,-87.74014
41.96804,-87.74002
41.96659,-87.73787
41.96633,-87.73752
41.96588,-87.73689
41.96509,-87.73575
41.96459,-87.73498
41.96365,-87.73361
41.9625,-87.73196
41.96094,-87.72969
41.96071,-87.72938
41.95965,-87.72779
41.95875,-87.72653
41.95798,-87.72532
41.95736,-87.7245
41.95707,-87.72405
41.95619,-87.72279
41.95555,-87.72181
41.95538,-87.72153
41.95382,-87.71933
41.95372,-87.71919
41.95361,-87.71902
41.95274,-87.71775
41.9519,-87.71652
41.95102,-87.71527
41.9502,-87.71402
41.94934,-87.71279
41.94849,-87.71153
41.94766,-87.7103
41.94679,-87.70907
41.94663,-87.70884
41.94591,-87.70779
41.94536,-87.70694
41.9448,-87.70618
41.94463,-87.70592
41.94421,-87.70529
41.94376,-87.704636
41.94338,-87.70406
41.94276,-87.70321
41.94223,-87.70244
41.94137,-87.70117
41.94055,-87.69999
41.94023,-87.69953
41.93941,-87.69833
41.93907,-87.69781
41.93893,-87.69761
41.93824,-87.69661
41.9379,-87.69615
41.9373,-87.69524
41.9367,-87.6944
41.93577,-87.69305
41.93563,-87.69281
41.93451,-87.69123
41.93397,-87.69039
41.9322,-87.68791
41.93212,-87.68778
41.93212,-87.68778
41.93185,-87.68732
41.93164,-87.687
41.93134,-87.68657
41.93103,-87.68614
41.93092,-87.68597
41.93065,-87.68559
41.9305,-87.68539
41.93035,-87.68513
41.93007,-87.68474
41.92993,-87.68453
41.92989,-87.68449
41.92973,-87.68424
41.92926,-87.68356
41.92923,-87.68353
41.92895,-87.68309
41.92891,-87.68304
41.92857,-87.68255
41.92821,-87.68203
41.92786,-87.68152
41.92743,-87.68094
41.92696,-87.68025
41.92651,-87.67957
41.92611,-87.67898
41.92585,-87.67859
41.9254,-87.67792
41.92502,-87.67737
41.92422,-87.67626
41.92334,-87.67493
41.92317,-87.67469
41.92246,-87.67367
41.92158,-87.67247
41.92155,-87.6724
41.92152,-87.67239
41.9215,-87.67237
41.92063,-87.67114
41.92003,-87.67027
41.91999,-87.67021
41.91957,-87.669586
41.91915,-87.669
41.9191,-87.66893
41.91893,-87.668686
41.91883,-87.66855
41.91871,-87.66838
41.91862,-87.66819
41.91856,-87.66803
41.91851,-87.66797
41.91849,-87.66788
41.91824,-87.66775
41.91792,-87.66748
41.91787,-87.66744
41.91726,-87.66701
41.91646,-87.66639
41.915,-87.665306
41.91485,-87.6652
41.91378,-87.66437
41.91307,-87.66385
41.91212,-87.66316
41.91212,-87.66316
41.91172,-87.66287
41.91072,-87.66213
41.90904,-87.66112
41.90716,-87.659966
41.90706,-87.65991
41.90703,-87.6599
41.90692,-87.65987
41.90622,-87.65976
41.90537,-87.6596
41.90496,-87.659515
41.90478,-87.65947
41.90458,-87.65939
41.90446,-87.65933
41.90431,-87.65921
41.90409,-87.65899
41.90347,-87.65832
41.90314,-87.658
41.90247,-87.65745
41.90144,-87.65676
41.90134,-87.6567
41.90067,-87.65669
41.89989,-87.65669
41.89931,-87.65664
41.8992,-87.65663
41.89913,-87.65663
41.8991,-87.65663
41.89905,-87.65662
41.89902,-87.65662
41.89896,-87.65662
41.89838,-87.65659
41.89798,-87.65658
41.89769,-87.65658
41.89732,-87.65657
41.89699,-87.65656
41.89704,-87.65664
41.89704,-87.65664
41.89699,-87.65656
41.89626,-87.65549
41.89596,-87.65501
41.89587,-87.65486
41.89573,-87.65465
41.89506,-87.65357
41.89469,-87.65299
41.89441,-87.65259
41.89407,-87.65208
41.89368,-87.65148
41.89334,-87.65098
41.89297,-87.65039
41.89274,-87.65001
41.89261,-87.6498
41.8926,-87.64977
41.89241,-87.64947
41.89223,-87.64915
41.89199,-87.64879
41.89118,-87.64763
41.89014,-87.64601
41.89001,-87.6458
41.88995,-87.64571
41.88991,-87.64565
41.88988,-87.64559
41.88985,-87.64555
41.88984,-87.64554
41.88955,-87.64507
41.88926,-87.64457
41.88919,-87.64445
41.88915,-87.64435
41.88915,-87.64435
41.88906,-87.64434
41.88883,-87.64434
41.88864,-87.64434
41.88816,-87.64432
41.88813,-87.64432
41.88804,-87.64432
41.88801,-87.64432
41.88797,-87.64432
41.88785,-87.64431
41.88754,-87.6443
41.88744,-87.6443
41.88718,-87.64429
41.88683,-87.64429
41.88683,-87.6442
41.88683,-87.6442
41.88682,-87.6428
41.88683,-87.64135
41.88676,-87.64135
41.88676,-87.64135
41.88683,-87.64135
41.88655,-87.64098
41.88651,-87.64092
41.88648,-87.64089
41.88646,-87.64085
41.88641,-87.640785
41.88637,-87.64074
41.88636,-87.64072
41.88633,-87.64068
41.88627,-87.6406
41.8859,-87.64011
41.8859,-87.64011
41.88575,-87.63991
41.88572,-87.63987
41.88572,-87.63947
41.88572,-87.6391
41.88572,-87.63907
41.88572,-87.63902
41.88572,-87.63897
41.88572,-87.63893
41.88572,-87.63887
41.88572,-87.63875
41.88572,-87.63869
41.88572,-87.63843
41.88572,-87.637115
41.878708,-87.63703
41.87866,-87.63747
41.87928,-87.63768
41.87928,-87.63725
41.879425,-87.63953
41.87942,-87.63961
41.8798,-87.63963
41.87995,-87.63964
41.88059,-87.63967
41.88121,-87.63968
41.88188,-87.63969
41.88319,-87.63974
41.88445,-87.63982
41.8855,-87.63986
41.8855,-87.63986
41.88569,-87.63987
41.88572,-87.63987
41.88575,-87.63991
41.88627,-87.6406
41.88633,-87.64068
41.88636,-87.64072
41.88637,-87.64074
41.88641,-87.640785
41.88646,-87.64085
41.88648,-87.64089
41.88651,-87.64092
41.88655,-87.64098
41.88683,-87.64135
41.88682,-87.6428
41.88683,-87.64429
41.88718,-87.64429
41.88724,-87.64429
41.88724,-87.64429
41.88744,-87.6443
41.88754,-87.6443
41.88785,-87.64431
41.88797,-87.64432
41.88801,-87.64432
41.88804,-87.64432
41.88813,-87.64432
41.88816,-87.64432
41.88864,-87.64434
41.88883,-87.64434
41.88906,-87.64434
41.88915,-87.64435
41.88919,-87.64445
41.88926,-87.64457
41.88955,-87.64507
41.88984,-87.64554
41.88985,-87.64555
41.88988,-87.64559
41.88991,-87.64565
41.88995,-87.64571
41.89001,-87.6458
41.89014,-87.64601
41.89118,-87.64763
41.89199,-87.64879
41.89223,-87.64915
41.89241,-87.64947
41.8926,-87.64977
41.89261,-87.6498
41.89274,-87.65001
41.89297,-87.65039
41.89334,-87.65098
41.89368,-87.65148
41.89407,-87.65208
41.89441,-87.65259
41.89469,-87.65299
41.89506,-87.65357
41.89573,-87.65465
41.89587,-87.65486
41.89596,-87.65501
41.89626,-87.65549
41.89699,-87.65656
41.89732,-87.65657
41.89769,-87.65658
41.89798,-87.65658
41.89838,-87.65659
41.89896,-87.65662
41.89902,-87.65662
41.89905,-87.65662
41.8991,-87.65663
41.89913,-87.65663
41.8992,-87.65663
41.89931,-87.65664
41.89989,-87.65669
41.90067,-87.65669
41.90097,-87.65669
41.90097,-87.65669
41.90134,-87.6567
41.90144,-87.65676
41.90247,-87.65745
41.90314,-87.658
41.90347,-87.65832
41.90409,-87.65899
41.90431,-87.65921
41.90446,-87.65933
41.90458,-87.65939
41.90478,-87.65947
41.90496,-87.659515
41.90537,-87.6596
41.90622,-87.65976
41.90692,-87.65987
41.90703,-87.6599
41.90706,-87.65991
41.90716,-87.659966
41.90904,-87.66112
41.91072,-87.66213
41.91172,-87.66287
41.91307,-87.66385
41.91378,-87.66437
41.91485,-87.6652
41.915,-87.665306
41.91646,-87.66639
41.91726,-87.66701
41.91787,-87.66744
41.91792,-87.66748
41.91824,-87.66775
41.91849,-87.66788
41.91851,-87.66797
41.91856,-87.66803
41.91862,-87.66819
41.91871,-87.66838
41.91883,-87.66855
41.91893,-87.668686
41.9191,-87.66893
41.91915,-87.669
41.91957,-87.669586
41.91999,-87.67021
41.92003,-87.67027
41.92063,-87.67114
41.9215,-87.67237
41.92152,-87.67239
41.92155,-87.6724
41.92158,-87.67247
41.92246,-87.67367
41.92317,-87.67469
41.92334,-87.67493
41.92422,-87.67626
41.92502,-87.67737
41.9254,-87.67792
41.92585,-87.67859
41.92611,-87.67898
41.92651,-87.67957
41.92696,-87.68025
41.92743,-87.68094
41.92786,-87.68152
41.92821,-87.68203
41.92857,-87.68255
41.92891,-87.68304
41.92895,-87.68309
41.92923,-87.68353
41.92926,-87.68356
41.92973,-87.68424
41.92989,-87.68449
41.92993,-87.68453
41.93007,-87.68474
41.93035,-87.68513
41.9305,-87.68539
41.93065,-87.68559
41.93092,-87.68597
41.93103,-87.68614
41.93134,-87.68657
41.93164,-87.687
41.93185,-87.68732
41.9322,-87.68791
41.93397,-87.69039
41.93451,-87.69123
41.93504,-87.69197
41.93504,-87.69197
41.93563,-87.69281
41.93577,-87.69305
41.9367,-87.6944
41.9373,-87.69524
41.9379,-87.69615
41.93824,-87.69661
41.93893,-87.69761
41.93907,-87.69781
41.93941,-87.69833
41.94023,-87.69953
41.94055,-87.69999
41.94137,-87.70117
41.94223,-87.70244
41.94276,-87.70321
41.94338,-87.70406
41.94376,-87.704636
41.94421,-87.70529
41.94463,-87.70592
41.9448,-87.70618
41.94536,-87.70694
41.94591,-87.70779
41.94663,-87.70884
41.94679,-87.70907
41.94766,-87.7103
41.94849,-87.71153
41.94934,-87.71279
41.9502,-87.71402
41.95102,-87.71527
41.9519,-87.71652
41.95274,-87.71775
41.95361,-87.71902
41.95372,-87.71919
41.95382,-87.71933
41.95538,-87.72153
41.95555,-87.72181
41.95619,-87.72279
41.95707,-87.72405
41.95736,-87.7245
41.95798,-87.72532
41.95875,-87.72653
41.95965,-87.72779
41.96071,-87.72938
41.96094,-87.72969
41.9625,-87.73196
41.96365,-87.73361
41.96459,-87.73498
41.96509,-87.73575
41.96588,-87.73689
41.96633,-87.73752
41.96659,-87.73787
41.96804,-87.74002
41.96814,-87.74014
41.96843,-87.74059
41.96901,-87.74155
41.96962,-87.74256
41.97018,-87.74349
41.97028,-87.74366
41.97076,-87.74444
41.97095,-87.744736
41.97137,-87.74539
41.97188,-87.74624
41.9722,-87.74675
41.97233,-87.74696
41.97245,-87.74717
41.97253,-87.7473
41.97263,-87.74747
41.97266,-87.74751
41.97281,-87.74776
41.97286,-87.74784
41.97291,-87.74792
41.9737,-87.7492
41.97464,-87.75074
41.9753,-87.7518
41.97538,-87.75193
41.97648,-87.75367
41.97701,-87.75455
41.97716,-87.75484
41.97728,-87.75502
41.97733,-87.75511
41.97747,-87.75533
41.97757,-87.75549
41.97802,-87.75625
41.97879,-87.75747
41.97926,-87.75827
41.97991,-87.75933
41.98049,-87.76027
41.98108,-87.76119
41.98244,-87.763466
41.983,-87.76445
41.98294,-87.76469
41.98295,-87.7659
41.98294,-87.76712
41.98294,-87.76835
41.98294,-87.76954
41.98295,-87.76954
41.98294,-87.76954
41.98294,-87.76835
41.98294,-87.76712
41.98295,-87.7659
41.98294,-87.76469
41.983,-87.76445
41.98283,-87.76415
41.98283,-87.76415
41.98244,-87.763466
41.98108,-87.76119
41.98049,-87.76027
41.97991,-87.75933
41.97926,-87.75827
41.97879,-87.75747
41.97802,-87.75625
41.97757,-87.75549
41.97747,-87.75533
41.97733,-87.75511
41.97728,-87.75502
41.97716,-87.75484
41.97701,-87.75455
41.97648,-87.75367
41.97538,-87.75193
41.9753,-87.7518
41.97464,-87.75074
41.9737,-87.7492
41.97291,-87.74792
41.97286,-87.74784
41.97281,-87.74776
41.97266,-87.74751
41.97263,-87.74747
41.97253,-87.7473
41.97245,-87.74717
41.97233,-87.74696
41.9722,-87.74675
41.97188,-87.74624
41.97137,-87.74539
41.97095,-87.744736
41.97076,-87.74444
41.97028,-87.74366
41.97018,-87.74349
41.96962,-87.74256
41.96901,-87.74155
41.96843,-87.74059
41.96814,-87.74014
41.96804,-87.74002
41.96659,-87.73787
41.96633,-87.73752
41.96588,-87.73689
41.96509,-87.73575
41.96459,-87.73498
41.96365,-87.73361
41.9625,-87.73196
41.96094,-87.72969
41.96071,-87.72938
41.95965,-87.72779
41.95875,-87.72653
41.95798,-87.72532
41.95736,-87.7245
41.95707,-87.72405
41.95619,-87.72279
41.95555,-87.72181
41.95538,-87.72153
41.95382,-87.71933
41.95372,-87.71919
41.95361,-87.71902
41.95274,-87.71775
41.9519,-87.71652
41.95102,-87.71527
41.9502,-87.71402
41.94934,-87.71279
41.94849,-87.71153
41.94766,-87.7103
41.94679,-87.70907
41.94663,-87.70884
41.94591,-87.70779
41.94536,-87.70694
41.9448,-87.70618
41.94463,-87.70592
41.94421,-87.70529
41.94376,-87.704636
41.94338,-87.70406
41.94276,-87.70321
41.94223,-87.70244
41.94137,-87.70117
41.94055,-87.69999
41.94023,-87.69953
41.93941,-87.69833
41.93907,-87.69781
41.93893,-87.69761
41.93824,-87.69661
41.9379,-87.69615
41.9373,-87.69524
41.9367,-87.6944
41.93577,-87.69305
41.93563,-87.69281
41.93451,-87.69123
41.93397,-87.69039
41.9322,-87.68791
41.93212,-87.68778
41.93212,-87.68778
41.93185,-87.68732
41.93164,-87.687
41.93134,-87.68657
41.93103,-87.68614
41.93092,-87.68597
41.93065,-87.68559
41.9305,-87.68539
41.93035,-87.68513
41.93007,-87.68474
41.92993,-87.68453
41.92989,-87.68449
41.92973,-87.68424
41.92926,-87.68356
41.92923,-87.68353
41.92895,-87.68309
41.92891,-87.68304
41.92857,-87.68255
41.92821,-87.68203
41.92786,-87.68152
41.92743,-87.68094
41.92696,-87.68025
41.92651,-87.67957
41.92611,-87.67898
41.92585,-87.67859
41.9254,-87.67792
41.92502,-87.67737
41.92422,-87.67626
41.92334,-87.67493
41.92317,-87.67469
41.92246,-87.67367
41.92158,-87.67247
41.92155,-87.6724
41.92152,-87.67239
41.9215,-87.67237
41.92063,-87.67114
41.92003,-87.67027
41.91999,-87.67021
41.91957,-87.669586
41.91915,-87.669
41.9191,-87.66893
41.91893,-87.668686
41.91883,-87.66855
41.91871,-87.66838
41.91862,-87.66819
41.91856,-87.66803
41.91851,-87.66797
41.91849,-87.66788
41.91824,-87.66775
41.91792,-87.66748
41.91787,-87.66744
41.91726,-87.66701
41.91646,-87.66639
41.915,-87.665306
41.91485,-87.6652
41.91378,-87.66437
41.91307,-87.66385
41.91212,-87.66316
41.91212,-87.66316
41.91172,-87.66287
41.91072,-87.66213
41.90904,-87.66112
41.90716,-87.659966
41.90706,-87.65991
41.90703,-87.6599
41.90692,-87.65987
41.90622,-87.65976
41.90537,-87.6596
41.90496,-87.659515
41.90478,-87.65947
41.90458,-87.65939
41.90446,-87.65933
41.90431,-87.65921
41.90409,-87.65899
41.90347,-87.65832
41.90314,-87.658
41.90247,-87.65745
41.90144,-87.65676
41.90134,-87.6567
41.90067,-87.65669
41.89989,-87.65669
41.89931,-87.65664
41.8992,-87.65663
41.89913,-87.65663
41.8991,-87.65663
41.89905,-87.65662
41.89902,-87.65662
41.89896,-87.65662
41.89838,-87.65659
41.89798,-87.65658
41.89769,-87.65658
41.89732,-87.65657
41.89699,-87.65656
41.89704,-87.65664
41.89704,-87.65664
41.89699,-87.65656
41.89626,-87.65549
41.89596,-87.65501
41.89587,-87.65486
41.89573,-87.65465
41.89506,-87.65357
41.89469,-87.65299
41.89441,-87.65259
41.89407,-87.65208
41.89368,-87.65148
41.89334,-87.65098
41.89297,-87.65039
41.89274,-87.65001
41.89261,-87.6498
41.8926,-87.64977
41.89241,-87.64947
41.89223,-87.64915
41.89199,-87.64879
41.89118,-87.64763
41.89014,-87.64601
41.89001,-87.6458
41.88995,-87.64571
41.88991,-87.64565
41.88988,-87.64559
41.88985,-87.64555
41.88984,-87.64554
41.88955,-87.64507
41.88926,-87.64457
41.88919,-87.64445
41.88915,-87.64435
41.88915,-87.64435
41.88906,-87.64434
41.88883,-87.64434
41.88864,-87.64434
41.88816,-87.64432
41.88813,-87.64432
41.88804,-87.64432
41.88801,-87.64432
41.88797,-87.64432
41.88785,-87.64431
41.88754,-87.6443
41.88744,-87.6443
41.88718,-87.64429
41.88683,-87.64429
41.88683,-87.6442
41.88683,-87.6442
41.88682,-87.6428
41.88683,-87.64135
41.88676,-87.64135
41.88676,-87.64135
41.88683,-87.64135
41.88655,-87.64098
41.88651,-87.64092
41.88648,-87.64089
41.88646,-87.64085
41.88641,-87.640785
41.88637,-87.64074
41.88636,-87.64072
41.88633,-87.64068
41.88627,-87.6406
41.8859,-87.64011
41.8859,-87.64011
41.88575,-87.63991
41.88572,-87.63987
41.88572,-87.63947
41.88572,-87.6391
41.88572,-87.63907
41.88572,-87.63902
41.88572,-87.63897
41.88572,-87.63893
41.88572,-87.63887
41.88572,-87.63875
41.88572,-87.63869
41.88572,-87.63843
41.88572,-87.637115
41.878708,-87.63703
41.87866,-87.63747
41.87928,-87.63768
41.87928,-87.63725
41.879425,-87.63953
41.87942,-87.63961
41.8798,-87.63963
41.87995,-87.63964
41.88059,-87.63967
41.88121,-87.63968
41.88188,-87.63969
41.88319,-87.63974
41.88445,-87.63982
41.8855,-87.63986
41.8855,-87.63986
41.88569,-87.63987
41.88572,-87.63987
41.88575,-87.63991
41.88627,-87.6406
41.88633,-87.64068
41.88636,-87.64072
41.88637,-87.64074
41.88641,-87.640785
41.88646,-87.64085
41.88648,-87.64089
41.88651,-87.64092
41.88655,-87.64098
41.88683,-87.64135
41.88682,-87.6428
41.88683,-87.64429
41.88718,-87.64429
41.88724,-87.64429
41.88724,-87.64429
41.88744,-87.6443
41.88754,-87.6443
41.88785,-87.64431
41.88797,-87.64432
41.88801,-87.64432
41.88804,-87.64432
41.88813,-87.64432
41.88816,-87.64432
41.88864,-87.64434
41.88883,-87.64434
41.88906,-87.64434
41.88915,-87.64435
41.88919,-87.64445
41.88926,-87.64457
41.88955,-87.64507
41.88984,-87.64554
41.88985,-87.64555
41.88988,-87.64559
41.88991,-87.64565
41.88995,-87.64571
41.89001,-87.6458
41.89014,-87.64601
41.89118,-87.64763
41.89199,-87.64879
41.89223,-87.64915
41.89241,-87.64947
41.8926,-87.64977
41.89261,-87.6498
41.89274,-87.65001
41.89297,-87.65039
41.89334,-87.65098
41.89368,-87.65148
41.89407,-87.65208
41.89441,-87.65259
41.89469,-87.65299
41.89506,-87.65357
41.89573,-87.65465
41.89587,-87.65486
41.89596,-87.65501
41.89626,-87.65549
41.89699,-87.65656
41.89732,-87.65657
41.89769,-87.65658
41.89798,-87.65658
41.89838,-87.65659
41.89896,-87.65662
41.89902,-87.65662
41.89905,-87.65662
41.8991,-87.65663
41.89913,-87.65663
41.8992,-87.65663
41.89931,-87.65664
41.89989,-87.65669
41.90067,-87.65669
41.90097,-87.65669
41.90097,-87.65669
41.90134,-87.6567
41.90144,-87.65676
41.90247,-87.65745
41.90314,-87.658
41.90347,-87.65832
41.90409,-87.65899
41.90431,-87.65921
41.90446,-87.65933
41.90458,-87.65939
41.90478,-87.65947
41.90496,-87.659515
41.90537,-87.6596
41.90622,-87.65976
41.90692,-87.65987
41.90703,-87.6599
41.90706,-87.65991
41.90716,-87.659966
41.90904,-87.66112
41.91072,-87.66213
41.91172,-87.66287
41.91307,-87.66385
41.91378,-87.66437
41.91485,-87.6652
41.915,-87.665306
41.91646,-87.66639
41.91726,-87.66701
41.91787,-87.66744
41.91792,-87.66748
41.91824,-87.66775
41.91849,-87.66788
41.91851,-87.66797
41.91856,-87.66803
41.91862,-87.66819
41.91871,-87.66838
41.91883,-87.66855
41.91893,-87.668686
41.9191,-87.66893
41.91915,-87.669
41.91957,-87.669586
41.91999,-87.67021
41.92003,-87.67027
41.92063,-87.67114
41.9215,-87.67237
41.92152,-87.67239
41.92155,-87.6724
41.92158,-87.67247
41.92246,-87.67367
41.92317,-87.67469
41.92334,-87.67493
41.92422,-87.67626
41.92502,-87.67737
41.9254,-87.67792
41.92585,-87.67859
41.92611,-87.67898
41.92651,-87.67957
41.92696,-87.68025
41.92743,-87.68094
41.92786,-87.68152
41.92821,-87.68203
41.92857,-87.68255
41.92891,-87.68304
41.92895,-87.68309
41.92923,-87.68353
41.92926,-87.68356
41.92973,-87.68424
41.92989,-87.68449
41.92993,-87.68453
41.93007,-87.68474
41.93035,-87.68513
41.9305,-87.68539
41.93065,-87.68559
41.93092,-87.68597
41.93103,-87.68614
41.93134,-87.68657
41.93164,-87.687
41.93185,-87.68732
41.9322,-87.68791
41.93397,-87.69039
41.93451,-87.69123
41.93504,-87.69197
41.93504,-87.69197
41.93563,-87.69281
41.93577,-87.69305
41.9367,-87.6944
41.9373,-87.69524
41.9379,-87.69615
41.93824,-87.69661
41.93893,-87.69761
41.93907,-87.69781
41.93941,-87.69833
41.94023,-87.69953
41.94055,-87.69999
41.94137,-87.70117
41.94223,-87.70244
41.94276,-87.70321
41.94338,-87.70406
41.94376,-87.704636
41.94421,-87.70529
41.94463,-87.70592
41.9448,-87.70618
41.94536,-87.70694
41.94591,-87.70779
41.94663,-87.70884
41.94679,-87.70907
41.94766,-87.7103
41.94849,-87.71153
41.94934,-87.71279
41.9502,-87.71402
41.95102,-87.71527
41.9519,-87.71652
41.95274,-87.71775
41.95361,-87.71902
41.95372,-87.71919
41.95382,-87.71933
41.95538,-87.72153
41.95555,-87.72181
41.95619,-87.72279
41.95707,-87.72405
41.95736,-87.7245
41.95798,-87.72532
41.95875,-87.72653
41.95965,-87.72779
41.96071,-87.72938
41.96094,-87.72969
41.9625,-87.73196
41.96365,-87.73361
41.96459,-87.73498
41.96509,-87.73575
41.96588,-87.73689
41.96633,-87.73752
41.96659,-87.73787
41.96804,-87.74002
41.96814,-87.74014
41.96843,-87.74059
41.96901,-87.74155
41.96962,-87.74256
41.97018,-87.74349
41.97028,-87.74366
41.97076,-87.74444
41.97095,-87.744736
41.97137,-87.74539
41.97188,-87.74624
41.9722,-87.74675
41.97233,-87.74696
41.97245,-87.74717
41.97253,-87.7473
41.97263,-87.74747
41.97266,-87.74751
41.97281,-87.74776
41.97286,-87.74784
41.97291,-87.74792
41.9737,-87.7492
41.97464,-87.75074
41.9753,-87.7518
41.97538,-87.75193
41.97648,-87.75367
41.97701,-87.75455
41.97716,-87.75484
41.97728,-87.75502
41.97733,-87.75511
41.97747,-87.75533
41.97757,-87.75549
41.97802,-87.75625
41.97879,-87.75747
41.97926,-87.75827
41.97991,-87.75933
41.98049,-87.76027
41.98108,-87.76119
41.98244,-87.763466
41.983,-87.76445
41.98294,-87.76469
41.98295,-87.7659
41.98294,-87.76712
41.98294,-87.76835
41.98294,-87.76954
41.98302,-87.76941
41.98302,-87.76477
41.979862,-87.75952
41.9794,-87.75825
41.97739,-87.75495
41.978554,-87.755486
41.97991,-87.755226
41.983482,-87.75205
41.98412,-87.75177
41.984585,-87.75061
41.985428,-87.7525
41.986736,-87.753876
41.98814,-87.75679
41.991585,-87.75404
41.988155,-87.756775
41.98669,-87.753876
41.985428,-87.752525
41.98484,-87.7539
41.984043,-87.75192
41.98337,-87.75205
41.979942,-87.755226
41.978508,-87.755486
41.977406,-87.75497
41.980198,-87.75954
41.98074,-87.760895
41.982796,-87.76445
41.98283,-87.76703
41.983036,-87.767715
41.98302,-87.76943
41.98294,-87.76947
41.98294,-87.76835
41.98294,-87.76712
41.98295,-87.7659
41.98294,-87.76469
41.983,-87.76445
41.98266,-87.76385
41.98245,-87.76345
41.98108,-87.7612
41.98051,-87.7603
41.97991,-87.75933
41.9797,-87.75898
41.97926,-87.75827
41.97879,-87.75747
41.97802,-87.75625
41.97757,-87.75549
41.97747,-87.75533
41.97733,-87.75511
41.97727,-87.75502
41.97715,-87.75484
41.97698,-87.75457
41.97642,-87.75365
41.97538,-87.75192
41.97528,-87.75178
41.97506,-87.75142
41.97464,-87.75072
41.97369,-87.74919
41.97325,-87.74848
41.97325,-87.74848
41.97316,-87.74834
41.97291,-87.74792
41.97285,-87.74784
41.9728,-87.74775
41.97265,-87.74751
41.97264,-87.74749
41.97262,-87.74747
41.97253,-87.74732
41.97252,-87.7473
41.97245,-87.74718
41.97231,-87.74698
41.97218,-87.74678
41.97187,-87.74626
41.97158,-87.74579
41.97136,-87.74543
41.97094,-87.74475
41.97076,-87.74444
41.97027,-87.74365
41.97018,-87.7435
41.96961,-87.74257
41.96899,-87.74157
41.96841,-87.74062
41.9681,-87.74013
41.96804,-87.74002
41.96781,-87.73967
41.96655,-87.73785
41.96632,-87.73751
41.96588,-87.73689
41.96511,-87.73576
41.96459,-87.73499
41.96365,-87.73363
41.96249,-87.73195
41.96115,-87.72999
41.96094,-87.72969
41.96071,-87.72938
41.95984,-87.72808
41.95975,-87.72795
41.95962,-87.72774
41.95875,-87.72653
41.95791,-87.72529
41.95733,-87.72447
41.95707,-87.72404
41.95619,-87.72279
41.95553,-87.72181
41.95535,-87.72155
41.9542,-87.71988
41.95381,-87.71933
41.95372,-87.71919
41.95361,-87.71902
41.95322,-87.71845
41.95275,-87.71778
41.95255,-87.71748
41.9519,-87.71654
41.95105,-87.71529
41.95019,-87.71404
41.94958,-87.71314
41.94934,-87.71279
41.94904,-87.71236
41.94847,-87.71154
41.94764,-87.71033
41.94696,-87.70933
41.94677,-87.70906
41.94661,-87.70883
41.94636,-87.70845
41.94591,-87.70779
41.94557,-87.70726
41.94536,-87.70694
41.9448,-87.70618
41.94463,-87.70592
41.94421,-87.70529
41.94376,-87.70466
41.94335,-87.70405
41.94276,-87.70321
41.94223,-87.70244
41.94137,-87.70117
41.94055,-87.69999
41.94023,-87.69953
41.93967,-87.69873
41.93941,-87.69833
41.93907,-87.69781
41.93892,-87.69765
41.93874,-87.69738
41.93864,-87.69723
41.93843,-87.69692
41.93823,-87.69662
41.9379,-87.69615
41.93729,-87.69525
41.93668,-87.69438
41.93618,-87.69364
41.93578,-87.69305
41.93563,-87.69281
41.93522,-87.69224
41.93451,-87.69123
41.93396,-87.69039
41.93267,-87.68857
41.93236,-87.68813
41.93231,-87.68806
41.93229,-87.68803
41.93225,-87.688
41.93218,-87.68796
41.93217,-87.68781
41.93184,-87.68729
41.93161,-87.68696
41.93131,-87.68652
41.931,-87.6861
41.9309,-87.68593
41.93077,-87.68576
41.93069,-87.68565
41.93049,-87.68536
41.93041,-87.68524
41.93027,-87.68504
41.93005,-87.68471
41.92989,-87.68449
41.92984,-87.68441
41.92969,-87.6842
41.92923,-87.68351
41.92918,-87.68345
41.92891,-87.68305
41.92886,-87.68297
41.92852,-87.6825
41.92818,-87.68199
41.92786,-87.68152
41.92745,-87.68093
41.92696,-87.68025
41.92658,-87.67968
41.92651,-87.67957
41.92624,-87.67919
41.9261,-87.67899
41.92584,-87.67861
41.92576,-87.67849
41.92556,-87.67819
41.9254,-87.67792
41.92501,-87.67739
41.92471,-87.67697
41.92421,-87.67625
41.92332,-87.67496
41.92315,-87.67472
41.92244,-87.6737
41.92177,-87.67274
41.92162,-87.6725
41.92159,-87.67245
41.92156,-87.67243
41.92153,-87.67241
41.92151,-87.6724
41.92148,-87.67236
41.92133,-87.67216
41.92114,-87.6719
41.92094,-87.67161
41.9208,-87.67141
41.92076,-87.67135
41.92063,-87.67114
41.92053,-87.671
41.92053,-87.671
41.92033,-87.67071
41.92003,-87.67027
41.91999,-87.67021
41.91957,-87.66959
41.91915,-87.669
41.9191,-87.66893
41.91893,-87.66869
41.91883,-87.66855
41.91871,-87.66841
41.91856,-87.66819
41.91846,-87.66801
41.91832,-87.66782
41.91824,-87.66775
41.91792,-87.66748
41.91787,-87.66744
41.91768,-87.66733
41.91726,-87.66701
41.91685,-87.66669
41.91646,-87.66639
41.91608,-87.66613
41.915,-87.66532
41.91492,-87.66526
41.91377,-87.66443
41.91336,-87.66413
41.91306,-87.66389
41.91171,-87.66289
41.911,-87.66235
41.91071,-87.66214
41.91041,-87.66196
41.90904,-87.66112
41.90716,-87.65997
41.90706,-87.65991
41.90703,-87.6599
41.90692,-87.65987
41.9062,-87.65974
41.90537,-87.6596
41.90496,-87.65952
41.9049,-87.6595
41.9049,-87.6595
41.90478,-87.65947
41.90458,-87.65939
41.90446,-87.65933
41.90431,-87.65921
41.90422,-87.65912
41.90409,-87.65899
41.90366,-87.6585
41.90348,-87.65831
41.9035,-87.65748
41.90353,-87.65548
41.90353,-87.65453
41.90353,-87.65453
41.90354,-87.65416
41.90354,-87.65412
41.90354,-87.65367
41.90356,-87.65253
41.9036,-87.65099
41.90359,-87.65052
41.90361,-87.64957
41.90362,-87.64894
41.90363,-87.64887
41.90365,-87.64813
41.90318,-87.64808
41.9028,-87.64806
41.90243,-87.64807
41.90137,-87.64801
41.90084,-87.64798
41.90084,-87.64798
41.90075,-87.64798
41.90007,-87.64796
41.89898,-87.64788
41.89769,-87.64787
41.89761,-87.64782
41.89687,-87.64772
41.89664,-87.64771
41.8964,-87.6477
41.8964,-87.64745
41.8964,-87.64737
41.89639,-87.6472
41.8964,-87.64622
41.89641,-87.64578
41.89643,-87.64463
41.89644,-87.64362
41.89646,-87.643
41.89646,-87.64245
41.89648,-87.64158
41.89644,-87.64156
41.89636,-87.64154
41.89634,-87.64154
41.89634,-87.64154
41.89632,-87.64154
41.89626,-87.64153
41.8962,-87.64153
41.89615,-87.64152
41.8955,-87.64151
41.8948,-87.64148
41.893852,-87.64154
41.893223,-87.6423
41.89384,-87.64154
41.89388,-87.64154
41.89388,-87.64144
41.8939,-87.64
41.8939,-87.64
41.8947,-87.64004
41.8947,-87.64004
41.89468,-87.64142
41.89468,-87.64142
41.89468,-87.64148
41.8955,-87.64151
41.89615,-87.64152
41.8962,-87.64153
41.89626,-87.64153
41.89632,-87.64154
41.89636,-87.64154
41.89644,-87.64156
41.89648,-87.64158
41.89646,-87.64245
41.89646,-87.64287
41.89646,-87.64287
41.89646,-87.643
41.89644,-87.64362
41.89643,-87.64463
41.89641,-87.64578
41.8964,-87.64622
41.89639,-87.6472
41.8964,-87.64737
41.8964,-87.64745
41.8964,-87.6477
41.89664,-87.64771
41.89687,-87.64772
41.89729,-87.64778
41.89729,-87.64778
41.89761,-87.64782
41.89769,-87.64787
41.89898,-87.64788
41.90007,-87.64796
41.90011,-87.64801
41.90011,-87.64801
41.90017,-87.64809
41.90021,-87.64814
41.90024,-87.64819
41.90026,-87.64821
41.90029,-87.64823
41.90043,-87.64837
41.90116,-87.64896
41.90163,-87.64935
41.90205,-87.64968
41.90234,-87.64991
41.90234,-87.64991
41.90251,-87.65004
41.90317,-87.65064
41.90354,-87.65093
41.90354,-87.65093
41.9036,-87.65099
41.90356,-87.65253
41.90354,-87.65367
41.90354,-87.65412
41.90354,-87.65416
41.90353,-87.65548
41.9035,-87.65748
41.90348,-87.65825
41.90348,-87.65825
41.90348,-87.65831
41.90366,-87.6585
41.90409,-87.65899
41.90422,-87.65912
41.90431,-87.65921
41.90438,-87.65927
41.90438,-87.65927
41.90446,-87.65933
41.90458,-87.65939
41.90478,-87.65947
41.90496,-87.65952
41.90537,-87.6596
41.9062,-87.65974
41.90692,-87.65987
41.90703,-87.6599
41.90706,-87.65991
41.90716,-87.65997
41.90904,-87.66112
41.91041,-87.66196
41.91071,-87.66214
41.911,-87.66235
41.91171,-87.66289
41.91306,-87.66389
41.91336,-87.66413
41.91377,-87.66443
41.91492,-87.66526
41.915,-87.66532
41.91608,-87.66613
41.91646,-87.66639
41.91685,-87.66669
41.91726,-87.66701
41.91768,-87.66733
41.91787,-87.66744
41.91792,-87.66748
41.91824,-87.66775
41.91832,-87.66782
41.91846,-87.66801
41.91856,-87.66819
41.91871,-87.66841
41.91883,-87.66855
41.91893,-87.66869
41.9191,-87.66893
41.91915,-87.669
41.91957,-87.66959
41.91999,-87.67021
41.91999,-87.67021
41.92003,-87.67027
41.92033,-87.67071
41.92063,-87.67114
41.92076,-87.67135
41.9208,-87.67141
41.92094,-87.67161
41.92114,-87.6719
41.92133,-87.67216
41.92148,-87.67236
41.92151,-87.6724
41.92153,-87.67241
41.92156,-87.67243
41.92159,-87.67245
41.92162,-87.6725
41.92177,-87.67274
41.92244,-87.6737
41.92315,-87.67472
41.92332,-87.67496
41.92421,-87.67625
41.92471,-87.67697
41.92501,-87.67739
41.92517,-87.67761
41.92517,-87.67761
41.9254,-87.67792
41.92556,-87.67819
41.92576,-87.67849
41.92584,-87.67861
41.9261,-87.67899
41.92624,-87.67919
41.92651,-87.67957
41.92658,-87.67968
41.92696,-87.68025
41.92745,-87.68093
41.92786,-87.68152
41.92818,-87.68199
41.92852,-87.6825
41.92886,-87.68297
41.92891,-87.68305
41.92918,-87.68345
41.92923,-87.68351
41.92969,-87.6842
41.92984,-87.68441
41.92989,-87.68449
41.93005,-87.68471
41.93027,-87.68504
41.93041,-87.68524
41.93049,-87.68536
41.93069,-87.68565
41.93077,-87.68576
41.9309,-87.68593
41.931,-87.6861
41.93131,-87.68652
41.93139,-87.68664
41.93139,-87.68664
41.93161,-87.68696
41.93184,-87.68729
41.93217,-87.68781
41.93218,-87.68796
41.93225,-87.688
41.93229,-87.68803
41.93231,-87.68806
41.93236,-87.68813
41.93267,-87.68857
41.93396,-87.69039
41.93451,-87.69123
41.93522,-87.69224
41.93563,-87.69281
41.93578,-87.69305
41.93618,-87.69364
41.93668,-87.69438
41.93729,-87.69525
41.9379,-87.69615
41.93823,-87.69662
41.93843,-87.69692
41.93864,-87.69723
41.93874,-87.69738
41.93892,-87.69765
41.93907,-87.69781
41.93941,-87.69833
41.93967,-87.69873
41.94023,-87.69953
41.94055,-87.69999
41.94137,-87.70117
41.94223,-87.70244
41.94276,-87.70321
41.94335,-87.70405
41.94376,-87.70466
41.94421,-87.70529
41.94463,-87.70592
41.9448,-87.70618
41.94536,-87.70694
41.94557,-87.70726
41.94591,-87.70779
41.94636,-87.70845
41.94661,-87.70883
41.94677,-87.70906
41.94696,-87.70933
41.94764,-87.71033
41.94847,-87.71154
41.94904,-87.71236
41.94934,-87.71279
41.94958,-87.71314
41.95019,-87.71404
41.95105,-87.71529
41.9519,-87.71654
41.95255,-87.71748
41.95275,-87.71778
41.95322,-87.71845
41.95361,-87.71902
41.95372,-87.71919
41.95381,-87.71933
41.9542,-87.71988
41.95535,-87.72155
41.95553,-87.72181
41.95619,-87.72279
41.95707,-87.72404
41.95733,-87.72447
41.95791,-87.72529
41.95875,-87.72653
41.95962,-87.72774
41.95975,-87.72795
41.95984,-87.72808
41.96071,-87.72938
41.96094,-87.72969
41.96115,-87.72999
41.96249,-87.73195
41.96365,-87.73363
41.96459,-87.73499
41.96511,-87.73576
41.96588,-87.73689
41.96632,-87.73751
41.96655,-87.73785
41.96781,-87.73967
41.96804,-87.74002
41.9681,-87.74013
41.96841,-87.74062
41.96899,-87.74157
41.96961,-87.74257
41.97018,-87.7435
41.97027,-87.74365
41.97076,-87.74444
41.97094,-87.74475
41.97136,-87.74543
41.97158,-87.74579
41.97187,-87.74626
41.97218,-87.74678
41.97231,-87.74698
41.97245,-87.74718
41.97252,-87.7473
41.97253,-87.74732
41.97262,-87.74747
41.97264,-87.74749
41.97265,-87.74751
41.9728,-87.74775
41.97285,-87.74784
41.97291,-87.74792
41.97316,-87.74834
41.97369,-87.74919
41.97464,-87.75072
41.97506,-87.75142
41.97528,-87.75178
41.97538,-87.75192
41.97642,-87.75365
41.97698,-87.75457
41.97715,-87.75484
41.97727,-87.75502
41.97733,-87.75511
41.97747,-87.75533
41.97757,-87.75549
41.97802,-87.75625
41.97879,-87.75747
41.97926,-87.75827
41.9797,-87.75898
41.97991,-87.75933
41.98051,-87.7603
41.98108,-87.7612
41.98245,-87.76345
41.98266,-87.76385
41.983,-87.76445
41.98307,-87.76458
41.98332,-87.76505
41.98361,-87.76561
41.98423,-87.7668
41.9844,-87.7671
41.98471,-87.76772
41.98502,-87.76832
41.98527,-87.76882
41.98561,-87.76948
41.98622,-87.77067
41.98675,-87.77167
41.98675,-87.77167
41.98686,-87.77187
41.98476,-87.77193
41.98302,-87.77197
41.98302,-87.77197
41.98293,-87.77197
41.98294,-87.77076
41.98294,-87.76956
41.98294,-87.76937
41.98297,-87.76954
41.982967,-87.76828
41.98291,-87.7681
41.982925,-87.764435
41.982433,-87.7635
41.982445,-87.76339
41.981987,-87.76265
41.980854,-87.760796
41.979362,-87.75838
41.978683,-87.75729
41.978104,-87.756325
41.977085,-87.754684
41.97776,-87.75502
41.978203,-87.755165
41.978504,-87.75531
41.97991,-87.755325
41.980698,-87.75462
41.98092,-87.75453
41.98191,-87.75363
41.982502,-87.75313
41.983288,-87.752426
41.983982,-87.751785
41.984146,-87.75151
41.984524,-87.7507
41.98514,-87.751976
41.98538,-87.752495
41.985966,-87.753105
41.98676,-87.75394
41.9875,-87.75555
41.988106,-87.7569
41.9884,-87.7567
41.989296,-87.75596
41.990437,-87.75502
41.991493,-87.75417
41.991943,-87.75514
41.99241,-87.75617
41.99291,-87.75721
41.99339,-87.75827
41.993877,-87.75926
41.994347,-87.760315
41.994854,-87.761345
41.995342,-87.762375
41.995853,-87.76338
41.99621,-87.76413
41.9968,-87.76542
41.996807,-87.76577
41.99708,-87.7664
41.997246,-87.766624
41.997395,-87.76694
41.997616,-87.76746
41.99761,-87.76746
41.99759,-87.76755
41.99749,-87.76789
41.99748,-87.7681
41.99748,-87.76822
41.99748,-87.76834
41.99749,-87.76845
41.99751,-87.76856
41.99753,-87.76866
41.99755,-87.76876
41.99755,-87.76888
41.99752,-87.76899
41.99745,-87.76924
41.9974,-87.76942
41.99738,-87.7695
41.99737,-87.76959
41.99736,-87.76984
41.99735,-87.76999
41.99735,-87.77011
41.99738,-87.77032
41.9974,-87.77053
41.99741,-87.77062
41.99741,-87.77062
41.99742,-87.77073
41.99743,-87.77097
41.99745,-87.77119
41.99748,-87.77146
41.99748,-87.77157
41.99745,-87.77181
41.99744,-87.7719
41.99745,-87.77199
41.99747,-87.77216
41.99751,-87.77235
41.99756,-87.77258
41.99757,-87.77269
41.99758,-87.7728
41.99757,-87.77313
41.99758,-87.77345
41.99758,-87.77374
41.99759,-87.77381
41.9976,-87.77388
41.9976,-87.7739
41.9976,-87.7739
41.99763,-87.77401
41.99765,-87.77415
41.99767,-87.77428
41.99767,-87.77437
41.99766,-87.77456
41.99766,-87.7748
41.99767,-87.77492
41.9977,-87.77503
41.99771,-87.77515
41.99771,-87.77522
41.9977,-87.77531
41.99765,-87.77563
41.99763,-87.7758
41.99762,-87.77598
41.99762,-87.77623
41.99764,-87.77634
41.99766,-87.77641
41.99773,-87.77655
41.99785,-87.77673
41.99799,-87.77693
41.99813,-87.77712
41.99819,-87.77722
41.99823,-87.77732
41.99824,-87.7774
41.99824,-87.7774
41.99825,-87.77745
41.99828,-87.77776
41.99831,-87.77792
41.99835,-87.77808
41.9984,-87.77827
41.99853,-87.77868
41.99861,-87.77894
41.99863,-87.77907
41.99866,-87.77921
41.9987,-87.77927
41.99874,-87.77933
41.99881,-87.7794
41.99887,-87.77944
41.99892,-87.77948
41.999,-87.77951
41.99914,-87.77953
41.99928,-87.77954
41.99943,-87.77957
41.99958,-87.7796
41.99972,-87.77961
41.99972,-87.77961
41.99981,-87.77961
41.99991,-87.77961
41.99999,-87.77963
42.00018,-87.77968
42.00026,-87.77968
42.00032,-87.77966
42.00038,-87.77964
42.00048,-87.77961
42.00057,-87.77958
42.00065,-87.77958
42.00072,-87.77958
42.0008,-87.7796
42.00086,-87.77962
42.00095,-87.77966
42.00103,-87.7797
42.00113,-87.77975
42.00115,-87.77976
42.00115,-87.77976
42.00122,-87.77979
42.00132,-87.77981
42.00144,-87.77982
42.00157,-87.77983
42.00168,-87.77986
42.00175,-87.77988
42.00183,-87.77992
42.00193,-87.77998
42.00197,-87.78001
42.00202,-87.78004
42.00208,-87.78008
42.0021,-87.7801
42.00216,-87.78012
42.0022,-87.78012
42.00224,-87.78012
42.00228,-87.78012
42.00233,-87.78011
42.00238,-87.7801
42.00243,-87.78009
42.00248,-87.78008
42.00253,-87.78007
42.00258,-87.7801
42.00262,-87.78013
42.00266,-87.78017
42.00269,-87.78022
42.00271,-87.78027
42.00276,-87.78035
42.00283,-87.78048
42.00287,-87.78053
42.00293,-87.78062
42.00301,-87.78072
42.00305,-87.78078
42.00318,-87.78109
42.00324,-87.7813
42.00328,-87.78154
42.00354,-87.78225
42.00354,-87.78233
42.00354,-87.78239
42.00356,-87.78245
42.00358,-87.78252
42.00358,-87.78255
42.00358,-87.78258
42.00351,-87.78275
42.00349,-87.78278
42.00346,-87.78279
42.00342,-87.78278
42.00334,-87.78276
42.00322,-87.78274
42.00302,-87.7827
42.00302,-87.7827
42.00282,-87.78268
42.00275,-87.78269
42.00272,-87.78272
42.00267,-87.78277
42.00233,-87.78334
42.00227,-87.7834
42.00216,-87.78348
42.00205,-87.78353
42.00198,-87.78354
42.00193,-87.78356
42.00184,-87.78363
42.00178,-87.78369
42.00171,-87.78378
42.00152,-87.78408
42.0015,-87.78412
42.00148,-87.78415
42.00148,-87.78421
42.00126,-87.78422
42.00111,-87.78426
42.00098,-87.78433
42.00085,-87.78437
42.00077,-87.78439
42.00069,-87.78438
42.00063,-87.78435
42.00063,-87.78436
42.00061,-87.78435
42.00052,-87.78435
42.00046,-87.78437
42.00033,-87.78442
42.00023,-87.78445
42.00012,-87.78445
41.99998,-87.78446
41.99984,-87.78448
41.9997,-87.78454
41.99961,-87.78462
41.99953,-87.78471
41.99948,-87.78482
41.99948,-87.78491
41.99949,-87.78499
41.99954,-87.78517
41.99958,-87.78533
41.99959,-87.78542
41.99959,-87.78559
41.99956,-87.78584
41.99952,-87.78592
41.99948,-87.78597
41.99942,-87.78599
41.99921,-87.786
41.99885,-87.786
41.99874,-87.78603
41.99869,-87.78607
41.99863,-87.78612
41.9986,-87.78617
41.99856,-87.78624
41.99853,-87.78632
41.99851,-87.78639
41.9985,-87.78649
41.99851,-87.78656
41.99852,-87.78664
41.99864,-87.78707
41.99865,-87.78713
41.99864,-87.78736
41.99863,-87.78741
41.99861,-87.78743
41.99855,-87.78745
41.99849,-87.78746
41.99842,-87.78745
41.99836,-87.78743
41.99831,-87.78741
41.99732,-87.787415
41.997025,-87.787415
41.99553,-87.786026
41.994514,-87.78505
41.993767,-87.78435
41.9929,-87.7835
41.992554,-87.78287
41.992268,-87.78283
41.992146,-87.782776
41.9919,-87.782555
41.991272,-87.78197
41.99081,-87.78151
41.990215,-87.78093
41.988728,-87.77956
41.987762,-87.77867
41.987038,-87.778
41.986584,-87.77758
41.985744,-87.776825
41.98496,-87.77603
41.984146,-87.77528
41.98319,-87.77442
41.98294,-87.77419
41.982964,-87.76956
