41.944195,-87.70534
41.944046,-87.705154
41.94391,-87.70498
41.943787,-87.7048
41.943657,-87.70464
41.943546,-87.70447
41.943443,-87.70431
41.94334,-87.70414
41.94323,-87.703926
41.943203,-87.70391
41.94308,-87.70371
41.942986,-87.703545
41.94269,-87.70306
41.94233,-87.702644
41.94198,-87.702385
41.941864,-87.70216
41.941765,-87.701996
41.94165,-87.70177
41.941525,-87.70161
41.941414,-87.70143
41.941113,-87.700935
41.940815,-87.7005
41.940506,-87.70009
41.940193,-87.6996
41.94011,-87.69949
41.93999,-87.69932
41.93995,-87.69926
41.93983,-87.69908
41.93979,-87.69902
41.939644,-87.69883
41.93951,-87.69864
41.93929,-87.69835
41.93916,-87.69818
41.93905,-87.69801
41.938915,-87.697945
41.938797,-87.69779
41.938725,-87.69761
41.938705,-87.69756
41.938618,-87.69737
41.93852,-87.6972
41.93848,-87.69714
41.938362,-87.696976
41.93808,-87.696526
41.93786,-87.6962
41.93775,-87.69603
41.93768,-87.69592
41.937572,-87.695755
41.937454,-87.695595
41.937183,-87.69513
41.937122,-87.695015
41.937016,-87.69485
41.93671,-87.69442
41.936466,-87.69412
41.93632,-87.69395
41.936157,-87.69376
41.936054,-87.69356
41.935936,-87.69338
41.935688,-87.692894
41.935474,-87.692566
41.93536,-87.6924
41.935287,-87.69228
41.935173,-87.69211
41.93514,-87.69205
41.934814,-87.69159
41.934547,-87.69126
41.934406,-87.69109
41.934277,-87.690926
41.934006,-87.69047
41.93366,-87.690025
41.933353,-87.689575
41.9332,-87.6894
41.933083,-87.68923
41.932957,-87.68906
41.932846,-87.6889
41.932713,-87.68872
41.93261,-87.688545
41.932217,-87.688156
41.932156,-87.687935
41.931934,-87.68737
41.93164,-87.68692
41.931454,-87.68674
41.93134,-87.68656
41.93119,-87.68639
41.93083,-87.68599
41.930508,-87.68558
41.93037,-87.68546
41.93026,-87.6853
41.930016,-87.684875
41.929913,-87.684685
41.92979,-87.68451
41.92967,-87.68433
41.929554,-87.68417
41.929436,-87.68402
41.92912,-87.68355
41.928955,-87.68333
41.928833,-87.68318
41.92871,-87.68303
41.92855,-87.682915
41.928368,-87.682655
41.928257,-87.6825
41.928055,-87.68204
41.927963,-87.68184
41.927864,-87.68166
41.927597,-87.68118
41.92748,-87.68101
41.927322,-87.68085
41.927185,-87.68069
41.9269,-87.68031
41.92678,-87.68015
41.926666,-87.67997
41.926567,-87.67979
41.92641,-87.67957
41.926296,-87.679405
41.925987,-87.678955
41.92589,-87.6788
41.92577,-87.67859
41.925495,-87.678116
41.92541,-87.678
41.925285,-87.67784
41.925064,-87.67774
41.924934,-87.67763
41.924847,-87.67745
41.924767,-87.67726
41.924713,-87.67705
41.924633,-87.67682
41.924496,-87.67661
41.924362,-87.67641
41.92415,-87.676125
41.924023,-87.676
41.92392,-87.675835
41.923794,-87.67567
41.92371,-87.67556
41.923584,-87.6754
41.923447,-87.675224
41.92341,-87.67516
41.92331,-87.674995
41.923126,-87.674805
41.923,-87.67463
41.922874,-87.67446
41.922764,-87.67428
41.922726,-87.67421
41.922626,-87.67403
41.922333,-87.67359
41.922028,-87.673164
41.921906,-87.67296
41.921795,-87.6728
41.921665,-87.67266
41.921535,-87.67248
41.92151,-87.67244
41.921383,-87.67231
41.92109,-87.67186
41.92074,-87.67141
41.920452,-87.67096
41.920357,-87.67086
41.920235,-87.67071
41.920116,-87.67054
41.920006,-87.670364
41.91989,-87.6702
41.919773,-87.67004
41.919662,-87.66987
41.919556,-87.669685
41.91945,-87.66947
41.91934,-87.669266
41.919224,-87.66906
41.91909,-87.66883
41.91897,-87.668625
41.91883,-87.668434
41.918587,-87.6683
41.918316,-87.668144
41.91788,-87.6676
41.917755,-87.667465
41.917545,-87.66732
41.91734,-87.66717
41.917145,-87.66703
41.916996,-87.66693
41.916855,-87.666824
41.916714,-87.66672
41.916656,-87.66667
41.91641,-87.66648
41.916275,-87.66637
41.91622,-87.66632
41.91605,-87.6662
41.915886,-87.666084
41.915737,-87.66597
41.91558,-87.66587
41.915344,-87.66572
41.915146,-87.66558
41.915077,-87.665535
41.914886,-87.66538
41.91475,-87.66528
41.914677,-87.66522
41.91453,-87.6651
41.91434,-87.66494
41.91421,-87.66485
41.914055,-87.66472
41.91389,-87.66458
41.913765,-87.664474
41.913628,-87.664375
41.913475,-87.66429
41.913338,-87.66419
41.913174,-87.66408
41.91303,-87.66396
41.912643,-87.66364
41.912285,-87.663376
41.91213,-87.66325
41.911957,-87.663124
41.911774,-87.66301
41.91161,-87.66289
41.91156,-87.66285
41.91139,-87.66273
41.91134,-87.66268
41.911186,-87.66256
41.911133,-87.66252
41.910984,-87.662415
41.91081,-87.6623
41.910767,-87.662285
41.91053,-87.66224
41.91033,-87.66218
41.910137,-87.66205
41.909832,-87.66179
41.909653,-87.66165
41.909508,-87.66157
41.909096,-87.661316
41.90868,-87.661064
41.908287,-87.660805
41.907887,-87.66053
41.907467,-87.660255
41.90727,-87.66013
41.907112,-87.66005
41.906956,-87.659966
41.90679,-87.65989
41.90662,-87.659836
41.906456,-87.65979
41.906292,-87.65977
41.906097,-87.65975
41.905937,-87.659706
41.905457,-87.65964
41.90522,-87.65963
41.905056,-87.65961
41.90489,-87.65958
41.90484,-87.65956
41.904675,-87.65953
41.904526,-87.659454
41.90427,-87.65926
41.904114,-87.659134
41.90396,-87.659004
41.90386,-87.65891
41.903713,-87.65876
41.90357,-87.65862
41.903423,-87.65848
41.90329,-87.658325
41.90315,-87.65819
41.90299,-87.65803
41.90281,-87.65786
41.90266,-87.657745
41.90252,-87.657646
41.902374,-87.65754
41.902237,-87.65743
41.902046,-87.65729
41.901863,-87.65714
41.90181,-87.65709
41.901638,-87.65698
41.90147,-87.65685
41.9013,-87.65674
41.901104,-87.65671
41.9009,-87.65671
41.900692,-87.6567
41.900482,-87.65669
41.900272,-87.656685
41.90013,-87.65668
41.900063,-87.65668
41.899864,-87.65668
41.89967,-87.656715
41.89948,-87.656746
41.899284,-87.65676
41.89909,-87.65676
41.898613,-87.65683
41.8981,-87.65671
41.897923,-87.65669
41.89775,-87.65668
41.89756,-87.65667
41.897377,-87.656654
41.89721,-87.65666
41.897026,-87.65664
41.896866,-87.65651
41.896687,-87.65626
41.89658,-87.65611
41.89647,-87.655876
41.89636,-87.655685
41.896248,-87.65563
41.896126,-87.655464
41.89578,-87.65503
41.89555,-87.65453
41.895493,-87.65441
41.895397,-87.65419
41.895287,-87.65402
41.895138,-87.65382
41.894962,-87.65358
41.894833,-87.653404
41.894722,-87.65322
41.894623,-87.653046
41.894424,-87.65269
41.894314,-87.652504
41.894207,-87.65232
41.894108,-87.65215
41.894005,-87.651985
41.893906,-87.65182
41.893806,-87.65165
41.893738,-87.65158
41.893627,-87.65143
41.893505,-87.6512
41.893364,-87.65097
41.89326,-87.65082
41.89321,-87.65074
41.89305,-87.65051
41.89281,-87.65012
41.892662,-87.6499
41.892487,-87.64972
41.892387,-87.64955
41.892277,-87.64937
41.891987,-87.64888
41.891926,-87.64877
41.89181,-87.64859
41.891495,-87.64814
41.891243,-87.647606
41.891228,-87.64752
41.891064,-87.647446
41.89093,-87.64728
41.890812,-87.64709
41.890755,-87.64695
41.890644,-87.64675
41.890366,-87.64624
41.89004,-87.645836
41.88984,-87.6453
41.88943,-87.644936
41.889145,-87.64444
41.889076,-87.64422
41.889,-87.64365
41.88897,-87.64302
41.88889,-87.642365
41.888893,-87.64172
41.88866,-87.64119
41.888226,-87.64135
41.888203,-87.64135
41.887924,-87.64143
41.88773,-87.64141
41.887566,-87.6414
41.887367,-87.64137
41.88717,-87.64134
41.8867,-87.641304
41.88627,-87.64127
41.886204,-87.64109
41.88584,-87.64066
41.885754,-87.64035
41.88574,-87.64008
41.88575,-87.63979
41.88574,-87.639565
41.88573,-87.63932
41.88582,-87.6391
41.88582,-87.63888
41.885754,-87.6383
41.885902,-87.63774
41.885597,-87.63716
41.885418,-87.637115
41.885002,-87.636955
41.884533,-87.636765
41.884495,-87.63674
41.88405,-87.63673
41.88386,-87.6367
41.88341,-87.63676
41.882954,-87.6368
41.882496,-87.63686
41.88214,-87.63648
41.88168,-87.636665
41.881577,-87.6367
41.881157,-87.6366
41.881035,-87.63661
41.88059,-87.63664
41.880157,-87.63656
41.880024,-87.6365
41.879467,-87.636925
41.879074,-87.637024
41.8793,-87.63666
41.8793,-87.63668
41.88191,-87.63675
41.88188,-87.63969
41.88572,-87.63987
41.88683,-87.64135
41.88683,-87.64429
41.88906,-87.64435
41.89118,-87.64763
41.89223,-87.64915
41.89334,-87.65098
41.89469,-87.65299
41.89626,-87.65549
41.89699,-87.65656
41.90529,-87.66944
41.91033,-87.67745
41.9115,-87.6792
41.91135,-87.67938
41.91133,-87.679344
41.91135,-87.67938
41.9115,-87.6792
41.91758,-87.68857
41.9227,-87.69702
41.93099,-87.71052
41.93197,-87.71229
41.93171,-87.71228
41.931705,-87.71243
41.93171,-87.71228
41.93197,-87.71229
41.93231,-87.71272
41.93446,-87.7162
41.93507,-87.71727
41.93718,-87.72065
41.93983,-87.72506
41.94121,-87.72724
41.94269,-87.72975
41.94417,-87.73212
41.94571,-87.73472
41.94929,-87.74053
41.95338,-87.7473
41.95345,-87.74731
41.95456,-87.74922
41.95614,-87.75053
41.95703,-87.75137
41.95882,-87.75287
41.964,-87.75739
41.96479,-87.75802
41.96564,-87.75886
41.96928,-87.76196
41.97116,-87.7637
41.97303,-87.76532
41.97421,-87.76645
41.97552,-87.76759
41.97557,-87.76757
41.97568,-87.76765
41.9766,-87.76848
41.98012,-87.7684
41.980118,-87.76848
41.98012,-87.7684
41.98294,-87.76835
41.98294,-87.76954
41.98318,-87.76954
41.98318,-87.76954
41.984077,-87.76835
41.98301,-87.76902
41.98301,-87.76902
41.98309,-87.76902
41.98309,-87.76902
41.98309,-87.76902
41.983,-87.76948
41.983063,-87.76929
41.983067,-87.76905
41.983074,-87.76882
41.983067,-87.7686
41.983215,-87.7685
41.98326,-87.7685
41.98344,-87.76851
41.983665,-87.76851
41.983833,-87.76849
41.98399,-87.7685
41.98402,-87.76849
41.984188,-87.76848
41.98437,-87.76848
41.984604,-87.76849
41.984802,-87.768486
41.984898,-87.768486
41.985058,-87.76845
41.985226,-87.76843
41.98539,-87.768425
41.98556,-87.7684
41.985664,-87.7684
41.985832,-87.76841
41.98588,-87.76841
41.986034,-87.76841
41.986057,-87.76841
41.98623,-87.76836
41.98625,-87.768326
41.986378,-87.768196
41.986538,-87.76817
41.986694,-87.76817
41.986866,-87.76816
41.986923,-87.76814
41.987095,-87.768135
41.987144,-87.768135
41.987316,-87.76808
41.98747,-87.76797
41.987606,-87.767845
41.987606,-87.767845
41.987793,-87.767654
41.987938,-87.76751
41.988075,-87.76736
41.988205,-87.76722
41.98834,-87.767075
41.98847,-87.76693
41.98861,-87.76677
41.988747,-87.76665
41.9888,-87.7666
41.98896,-87.76648
41.98911,-87.76637
41.989536,-87.76621
41.98997,-87.766136
41.99017,-87.76609
41.99034,-87.76605
41.99038,-87.766045
41.990566,-87.76601
41.990566,-87.76601
41.990723,-87.76597
41.99094,-87.76593
41.991066,-87.76591
41.99123,-87.76588
41.99123,-87.76588
41.991417,-87.765854
41.991547,-87.76582
41.99172,-87.76576
41.99191,-87.76568
41.991978,-87.76566
41.992157,-87.76561
41.992466,-87.765526
41.992622,-87.76544
41.9928,-87.7654
41.99298,-87.76531
41.993153,-87.76531
41.993324,-87.765396
41.99349,-87.76537
41.99392,-87.76525
41.99433,-87.7651
41.994747,-87.76493
41.995033,-87.76485
41.995197,-87.76488
41.995358,-87.76494
41.995575,-87.765045
41.99573,-87.76513
41.99599,-87.76522
41.996162,-87.76532
41.996456,-87.765465
41.996613,-87.76558
41.996872,-87.766045
41.997128,-87.76654
41.99714,-87.76656
41.99724,-87.766815
41.99724,-87.766815
41.99732,-87.76703
41.997402,-87.76723
41.997494,-87.76741
41.997574,-87.76761
41.99757,-87.76782
41.99754,-87.768394
41.997555,-87.76899
41.997494,-87.76956
41.99743,-87.77028
41.997433,-87.770546
41.997425,-87.77075
41.997425,-87.7711
41.99743,-87.77172
41.997494,-87.7723
41.99757,-87.772896
41.997597,-87.77335
41.997612,-87.77366
41.99765,-87.77402
41.99765,-87.774635
41.997665,-87.77523
41.997612,-87.77585
41.997734,-87.77642
41.99814,-87.77718
41.998344,-87.77769
41.998478,-87.77824
41.998642,-87.77879
41.998844,-87.779305
41.999134,-87.77948
41.999294,-87.7795
41.999737,-87.77958
41.999836,-87.77959
41.99999,-87.77961
42.000164,-87.77965
42.00043,-87.77963
42.000534,-87.77962
42.0007,-87.779625
42.000866,-87.77969
42.000896,-87.77971
42.001072,-87.77979
42.001244,-87.77986
42.001427,-87.77989
42.00162,-87.77993
42.001774,-87.78
42.00192,-87.78007
42.002068,-87.78013
42.00223,-87.78015
42.00239,-87.78014
42.00257,-87.780205
42.00273,-87.78037
42.002773,-87.78041
42.0029,-87.78055
42.003136,-87.78087
42.003235,-87.78107
42.003384,-87.78162
42.003593,-87.78216
42.003475,-87.78271
42.003246,-87.78274
42.00309,-87.782745
42.002853,-87.782745
42.0027,-87.78282
42.002567,-87.782974
42.002476,-87.78314
42.00239,-87.78329
42.002266,-87.78342
42.002243,-87.78344
42.001945,-87.783615
42.001804,-87.78376
42.001686,-87.78392
42.00157,-87.78409
42.001503,-87.78428
42.00157,-87.784485
42.001705,-87.78459
42.001743,-87.78462
42.00187,-87.78476
42.002163,-87.78505
42.002296,-87.785194
42.002403,-87.78535
42.002495,-87.78551
42.00255,-87.785706
42.002556,-87.78578
42.002563,-87.785904
42.002563,-87.78605
42.002594,-87.78628
42.002617,-87.78638
42.00265,-87.786514
42.002663,-87.78655
42.002705,-87.786674
42.002773,-87.78686
42.00293,-87.78725
42.00303,-87.787415
42.003143,-87.78759
42.003162,-87.787636
42.003258,-87.78782
42.003338,-87.788025
42.00335,-87.78806
42.00341,-87.7882
42.003426,-87.78823
42.00349,-87.788345
42.00351,-87.78837
42.003544,-87.78843
42.003613,-87.788506
42.00373,-87.78864
42.003864,-87.78879
42.00401,-87.78891
42.004147,-87.78901
42.004192,-87.78905
42.004333,-87.78914
42.004475,-87.78925
42.004604,-87.78938
42.00472,-87.78957
42.004826,-87.78977
42.004913,-87.78994
42.005154,-87.790405
42.005257,-87.79059
42.0054,-87.7908
42.0054,-87.7908
42.005474,-87.790886
42.005615,-87.79106
42.00564,-87.79109
42.00571,-87.79117
42.005783,-87.79124
42.005856,-87.7913
42.00591,-87.79134
42.006065,-87.791435
42.006092,-87.79144
42.006245,-87.79142
42.006382,-87.7913
42.006504,-87.79116
42.00666,-87.79098
42.006798,-87.79086
42.006836,-87.79084
42.007004,-87.7908
42.007427,-87.79092
42.007854,-87.79107
42.00829,-87.79102
42.00869,-87.79126
42.008884,-87.79182
42.008934,-87.79241
42.00899,-87.79301
42.00918,-87.793564
42.00939,-87.79409
42.009544,-87.79463
42.009804,-87.79512
42.00998,-87.795654
42.009956,-87.7958
42.010124,-87.796
42.01029,-87.79609
42.010376,-87.796104
42.01053,-87.79609
42.010967,-87.79595
42.011383,-87.795815
42.011784,-87.79559
42.012177,-87.79555
42.012207,-87.79565
42.012314,-87.795845
42.012314,-87.795845
42.0124,-87.79585
42.01257,-87.7958
42.013027,-87.79566
42.013405,-87.79601
42.013405,-87.79601
42.0135,-87.79621
42.013756,-87.7967
42.014004,-87.79719
42.0143,-87.79761
42.014683,-87.79794
42.0151,-87.7981
42.01554,-87.79813
42.016,-87.798096
42.016438,-87.798035
42.016685,-87.79822
42.01683,-87.79829
42.017097,-87.79825
42.01725,-87.79818
42.017357,-87.79809
42.017487,-87.79793
42.01761,-87.79776
42.01763,-87.79772
42.01774,-87.79757
42.01788,-87.79748
42.018024,-87.7974
42.0182,-87.79733
42.018364,-87.79729
42.01843,-87.79729
42.018513,-87.79727
42.01868,-87.79724
42.01885,-87.79725
42.01901,-87.79724
42.019173,-87.79722
42.019314,-87.79708
42.019382,-87.79689
42.01959,-87.79676
42.019753,-87.796745
42.019924,-87.79673
42.02009,-87.79671
42.020264,-87.79668
42.02033,-87.79667
42.02048,-87.796646
42.020573,-87.79663
42.020725,-87.796616
42.020893,-87.79661
42.02105,-87.79659
42.021225,-87.79656
42.021366,-87.796486
42.021515,-87.796364
42.021667,-87.79629
42.021805,-87.79622
42.021957,-87.79616
42.021976,-87.79615
42.022247,-87.79627
42.02279,-87.79638
42.023026,-87.79632
42.0232,-87.796326
42.02389,-87.79638
42.024273,-87.79608
42.02439,-87.79582
42.02446,-87.79558
42.024483,-87.79544
42.024513,-87.79519
42.024525,-87.79497
42.02456,-87.794495
42.024563,-87.794266
42.024597,-87.794044
42.02473,-87.79391
42.024902,-87.7939
42.02508,-87.79391
42.02557,-87.79392
42.02593,-87.79385
42.02608,-87.793816
42.026314,-87.79377
42.026424,-87.79375
42.026573,-87.7937
42.026634,-87.79366
42.02675,-87.79351
42.02678,-87.7933
42.026833,-87.79309
42.02716,-87.79276
42.027008,-87.792854
42.026917,-87.793045
42.026882,-87.79326
42.026855,-87.793465
42.02681,-87.79357
42.026646,-87.79372
42.026478,-87.79378
42.026382,-87.793816
42.026234,-87.793884
42.02605,-87.79391
42.025875,-87.793884
42.02572,-87.79385
42.0256,-87.793846
42.025314,-87.79383
42.025314,-87.79383
42.025105,-87.79382
42.024734,-87.793884
42.02461,-87.79417
42.024563,-87.79438
42.02456,-87.794685
42.024582,-87.79492
42.024593,-87.79514
42.024563,-87.795654
42.0244,-87.79621
42.02427,-87.79636
42.024124,-87.796455
42.02351,-87.79649
42.023067,-87.79652
42.022465,-87.79638
42.021893,-87.796295
42.02183,-87.79631
42.021675,-87.79638
42.02141,-87.79657
42.021248,-87.79663
42.02088,-87.796646
42.02072,-87.79665
42.02056,-87.79666
42.020386,-87.79667
42.020218,-87.79666
42.02006,-87.79668
42.01989,-87.7967
42.01972,-87.79673
42.019634,-87.79676
42.0195,-87.79687
42.019188,-87.79727
42.019028,-87.79727
42.018784,-87.797295
42.01862,-87.7973
42.018494,-87.79732
42.018326,-87.79734
42.01817,-87.79738
42.018017,-87.79743
42.017845,-87.797485
42.017704,-87.797585
42.017593,-87.79777
42.017536,-87.79787
42.01742,-87.798065
42.017376,-87.79811
42.01723,-87.79822
42.01708,-87.79832
42.01667,-87.79815
42.016373,-87.7982
42.016212,-87.798225
42.01577,-87.79829
42.015675,-87.79827
42.015507,-87.798256
42.015068,-87.79811
42.01465,-87.797874
42.014603,-87.79783
42.01448,-87.79771
42.01434,-87.797554
42.01401,-87.797134
42.01377,-87.79664
42.01353,-87.79614
42.01326,-87.79565
42.012897,-87.795296
42.012478,-87.795525
42.012398,-87.79551
42.012253,-87.795425
42.012096,-87.795425
42.011963,-87.79555
42.011826,-87.79567
42.011684,-87.79575
42.01146,-87.79584
42.011353,-87.79588
42.011204,-87.79593
42.010777,-87.796104
42.010586,-87.79615
42.010387,-87.796135
42.010223,-87.79605
42.010002,-87.79585
42.009995,-87.79564
42.00996,-87.79541
42.00958,-87.794846
42.009457,-87.79455
42.00938,-87.794304
42.00931,-87.79406
42.009136,-87.79351
42.00902,-87.79323
42.008972,-87.79299
42.00895,-87.792786
42.008938,-87.79258
42.008938,-87.79236
42.008896,-87.79182
42.00888,-87.79159
42.008877,-87.79152
42.008797,-87.79131
42.008713,-87.79125
42.00855,-87.79118
42.00847,-87.79117
42.008305,-87.79116
42.00818,-87.79116
42.008022,-87.79112
42.007633,-87.79087
42.007305,-87.79076
42.00697,-87.7908
42.006577,-87.79103
42.006523,-87.79109
42.006397,-87.79125
42.006268,-87.791405
42.00612,-87.79148
42.005966,-87.79142
42.005817,-87.79131
42.005695,-87.79116
42.005566,-87.791016
42.00545,-87.79088
42.005325,-87.79073
42.005196,-87.79059
42.00508,-87.79043
42.005,-87.79024
42.00483,-87.789764
42.00474,-87.78957
42.004513,-87.78931
42.004356,-87.78917
42.0041,-87.78894
42.003956,-87.78884
42.00387,-87.78878
42.00372,-87.78866
42.003593,-87.78852
42.00348,-87.78835
42.003464,-87.78833
42.00337,-87.788155
42.003284,-87.78797
42.003193,-87.78778
42.003178,-87.78774
42.003082,-87.78754
42.002987,-87.78737
42.002895,-87.78718
42.002815,-87.786964
42.00274,-87.78675
42.002666,-87.78655
42.002613,-87.78632
42.002594,-87.78623
42.002563,-87.786026
42.002525,-87.785805
42.00248,-87.78558
42.002407,-87.7854
42.002296,-87.78522
42.002186,-87.78507
42.002064,-87.78493
42.001945,-87.78479
42.00182,-87.784645
42.00174,-87.78454
42.001602,-87.784386
42.00152,-87.7842
42.00152,-87.78417
42.001595,-87.78398
42.001713,-87.78381
42.00185,-87.78367
42.002003,-87.783585
42.00239,-87.78329
42.002506,-87.78312
42.002758,-87.78281
42.002926,-87.78279
42.003,-87.78278
42.003155,-87.78278
42.00331,-87.78278
42.003384,-87.78277
42.003555,-87.78268
42.003597,-87.78209
42.003433,-87.781555
42.003216,-87.781044
42.00309,-87.780876
42.002956,-87.78071
42.002853,-87.78052
42.002728,-87.78035
42.002644,-87.780304
42.00248,-87.780304
42.002087,-87.780235
42.001915,-87.78013
42.001854,-87.7801
42.001694,-87.780045
42.001522,-87.78001
42.001343,-87.77997
42.00119,-87.77992
42.001038,-87.77984
42.00088,-87.77974
42.000713,-87.77968
42.000694,-87.77968
42.000515,-87.779686
42.000244,-87.779686
41.99985,-87.77967
41.99965,-87.779655
41.999214,-87.779625
41.998825,-87.77938
41.99859,-87.77856
41.998447,-87.77786
41.99806,-87.77706
41.99784,-87.77655
41.997684,-87.775734
41.99771,-87.77513
41.997746,-87.77443
41.99767,-87.77407
41.997643,-87.77384
41.997616,-87.77326
41.99757,-87.77265
41.9975,-87.77206
41.997498,-87.7712
41.997433,-87.770454
41.99742,-87.76969
41.997517,-87.76909
41.997547,-87.76846
41.997524,-87.76788
41.997406,-87.7673
41.997288,-87.76694
41.99723,-87.76672
41.99701,-87.76604
41.996983,-87.765976
41.996784,-87.7657
41.996357,-87.76545
41.996246,-87.76537
41.996094,-87.76528
41.995693,-87.76504
41.995502,-87.764915
41.99536,-87.76483
41.99528,-87.76476
41.99497,-87.76462
41.99442,-87.764755
41.99382,-87.76501
41.993404,-87.76521
41.99296,-87.765396
41.992348,-87.76569
41.991863,-87.76588
41.991707,-87.76591
41.99127,-87.76593
41.990704,-87.76594
41.99022,-87.76602
41.98979,-87.76614
41.9897,-87.766174
41.989548,-87.76621
41.989326,-87.76628
41.989166,-87.766365
41.989033,-87.76649
41.988804,-87.766685
41.988396,-87.76713
41.988235,-87.76729
41.98811,-87.76741
41.987972,-87.76754
41.98781,-87.767685
41.987682,-87.76781
41.987556,-87.76794
41.987404,-87.768074
41.987167,-87.76814
41.987,-87.76816
41.98683,-87.76816
41.98665,-87.768166
41.986492,-87.76817
41.986454,-87.76817
41.986202,-87.76817
41.986053,-87.76817
41.982876,-87.769485
41.982975,-87.76892
41.982887,-87.76843
41.982876,-87.76819
41.982872,-87.76796
41.982883,-87.76785
41.982883,-87.76756
41.982883,-87.76725
41.98288,-87.76693
41.982872,-87.766685
41.982864,-87.766464
41.982857,-87.766075
41.982853,-87.76592
41.982834,-87.76565
41.98283,-87.765396
41.982834,-87.76512
41.982826,-87.76489
41.982826,-87.76457
41.982822,-87.76451
41.98276,-87.764244
41.982677,-87.76406
41.982502,-87.763725
41.982487,-87.7637
41.982388,-87.76353
41.98227,-87.76337
41.98216,-87.7632
41.98204,-87.76302
41.981922,-87.76287
41.98181,-87.76269
41.981686,-87.762405
41.98167,-87.76238
41.98156,-87.76222
41.981434,-87.762085
41.981297,-87.76191
41.981167,-87.76176
41.980995,-87.761505
41.980877,-87.76128
41.980793,-87.761086
41.98067,-87.76082
41.98058,-87.76064
41.980476,-87.76045
41.98037,-87.7603
41.98025,-87.76013
41.980198,-87.760056
41.98009,-87.75989
41.980015,-87.759766
41.979923,-87.75959
41.979816,-87.759384
41.979717,-87.75922
41.9797,-87.759186
41.97955,-87.75898
41.97939,-87.758766
41.979256,-87.75857
41.979156,-87.75841
41.97903,-87.75821
41.97894,-87.75805
41.978924,-87.75802
41.97881,-87.75786
41.978714,-87.75766
41.978638,-87.75748
41.97851,-87.75723
41.97836,-87.757
41.978256,-87.75684
41.978146,-87.75667
41.978123,-87.75663
41.978024,-87.756454
41.977898,-87.75624
41.977802,-87.75608
41.97769,-87.75591
41.977577,-87.75574
41.977467,-87.75558
41.977425,-87.75554
41.977295,-87.7554
41.977272,-87.75538
41.977173,-87.75521
41.977024,-87.75502
41.976875,-87.75467
41.976784,-87.75448
41.976727,-87.75433
41.97663,-87.75413
41.976532,-87.75396
41.976418,-87.75379
41.9763,-87.75363
41.97618,-87.75349
41.976063,-87.75333
41.97595,-87.75312
41.97584,-87.75293
41.97574,-87.75277
41.975677,-87.75268
41.975563,-87.752495
41.975456,-87.75234
41.975292,-87.75205
41.97519,-87.75188
41.975174,-87.751854
41.974884,-87.75141
41.974457,-87.75075
41.97415,-87.75029
41.973785,-87.74962
41.973743,-87.74952
41.973644,-87.74936
41.973526,-87.74916
41.97347,-87.74906
41.97336,-87.74888
41.97325,-87.74867
41.973103,-87.74842
41.972996,-87.748245
41.97297,-87.748215
41.97285,-87.74804
41.972736,-87.74789
41.972637,-87.74769
41.972523,-87.74751
41.97242,-87.747345
41.9723,-87.74715
41.972176,-87.74696
41.97206,-87.74681
41.97195,-87.74665
41.97184,-87.74645
41.97174,-87.74627
41.971508,-87.74585
41.9712,-87.74539
41.97089,-87.74496
41.97079,-87.74473
41.970673,-87.74448
41.97058,-87.74431
41.970554,-87.74427
41.97045,-87.74409
41.970337,-87.7439
41.970215,-87.74372
41.969967,-87.74339
41.96986,-87.74319
41.96972,-87.74297
41.969593,-87.742744
41.969425,-87.74243
41.969326,-87.742195
41.96924,-87.74201
41.96913,-87.74184
41.969124,-87.74183
41.968994,-87.741615
41.96891,-87.74145
41.9688,-87.74122
41.968575,-87.740906
41.968494,-87.74078
41.968384,-87.74061
41.968285,-87.74044
41.967976,-87.740074
41.96763,-87.73963
41.96735,-87.7392
41.967106,-87.73872
41.966694,-87.738174
41.96635,-87.73775
41.966324,-87.7377
41.966206,-87.737495
41.96606,-87.737274
41.96588,-87.73696
41.965588,-87.73653
41.965363,-87.73619
41.96525,-87.73603
41.96513,-87.735855
41.96468,-87.735344
41.964382,-87.73491
41.964256,-87.73469
41.964153,-87.734535
41.96408,-87.73442
41.96399,-87.734245
41.963875,-87.734085
41.96376,-87.733925
41.963654,-87.73378
41.96353,-87.73361
41.9634,-87.73344
41.963226,-87.73315
41.96312,-87.73299
41.96301,-87.73283
41.96281,-87.732544
41.96268,-87.732346
41.962555,-87.732155
41.962345,-87.73188
41.961994,-87.731445
41.961636,-87.731094
41.961357,-87.730545
41.961334,-87.730515
41.96123,-87.730354
41.961117,-87.73021
41.96096,-87.73044
41.96096,-87.73065
41.960957,-87.7309
41.96096,-87.73146
41.96096,-87.73146
41.96097,-87.73179
41.960964,-87.73232
41.960957,-87.73313
41.960945,-87.73388
41.96096,-87.73446
41.96095,-87.73473
41.960938,-87.73495
41.960926,-87.73516
41.960926,-87.73516
41.96092,-87.73541
41.96093,-87.73563
41.96093,-87.73569
41.960934,-87.73591
41.960907,-87.7368
41.96096,-87.73759
41.96099,-87.738335
41.960987,-87.73856
41.96098,-87.738846
41.960976,-87.739365
41.96096,-87.74013
41.960938,-87.74093
41.960922,-87.741745
41.960907,-87.742096
41.96089,-87.74239
41.960888,-87.74268
41.960873,-87.742935
41.960865,-87.74322
41.960873,-87.743484
41.96088,-87.74369
41.96088,-87.74369
41.96088,-87.743935
41.96089,-87.744705
41.96089,-87.744705
41.960907,-87.74546
41.960884,-87.7462
41.96086,-87.74694
41.960865,-87.747025
41.960857,-87.747246
41.960854,-87.74728
41.96084,-87.74751
41.96083,-87.74766
41.960815,-87.747894
41.960815,-87.74791
41.96082,-87.74813
41.960823,-87.74822
41.96082,-87.74855
41.960762,-87.74942
41.960796,-87.75018
41.960827,-87.75093
41.960762,-87.7515
41.960796,-87.7522
41.96076,-87.75242
41.96068,-87.75299
41.960674,-87.75301
41.96067,-87.753235
41.960644,-87.75416
41.96093,-87.75475
41.961082,-87.75494
41.961277,-87.75504
41.961483,-87.755165
41.961613,-87.75527
41.96189,-87.75542
41.962116,-87.755554
41.96241,-87.75587
41.96241,-87.75587
41.96257,-87.756
41.96282,-87.75614
41.96314,-87.75657
41.963287,-87.75671
41.963432,-87.75681
41.963608,-87.75692
41.963768,-87.757065
41.963924,-87.75722
41.963943,-87.75723
41.964077,-87.75738
41.964245,-87.75752
41.9644,-87.75765
41.96455,-87.75779
41.964695,-87.75794
41.964977,-87.75819
41.965424,-87.75848
41.96564,-87.758675
41.96579,-87.75883
41.965828,-87.75886
41.965973,-87.75898
41.96611,-87.75915
41.966137,-87.75917
41.966274,-87.759315
41.96632,-87.759346
41.966427,-87.7595
41.966515,-87.75968
41.966637,-87.759865
41.96684,-87.76012
41.967247,-87.760475
41.96751,-87.76075
41.967747,-87.761024
41.967724,-87.76181
41.967743,-87.76234
41.96788,-87.76267
41.968456,-87.762474
41.968697,-87.762436
41.96883,-87.76265
41.96883,-87.76265
41.968914,-87.76284
41.968987,-87.76306
41.96905,-87.763275
41.96907,-87.76333
41.969143,-87.76351
41.96923,-87.76379
41.969296,-87.76398
41.969368,-87.76416
41.96941,-87.76432
41.969475,-87.764534
41.96953,-87.76475
41.96964,-87.76515
41.969707,-87.76537
41.969765,-87.765564
41.96982,-87.76576
41.969963,-87.76633
41.97009,-87.76691
41.97018,-87.76725
41.97033,-87.76742
41.97039,-87.76747
41.97047,-87.767654
41.970673,-87.76831
41.97083,-87.769
41.970936,-87.76929
41.97126,-87.77003
41.97129,-87.7708
41.97145,-87.77157
41.97157,-87.77228
41.971764,-87.773026
41.971947,-87.77372
41.97219,-87.77446
41.97247,-87.7751
41.9726,-87.77561
41.972668,-87.77597
41.97284,-87.77672
41.9729,-87.776955
41.97291,-87.777016
41.973,-87.77735
41.973072,-87.777565
41.973145,-87.77776
41.973587,-87.77835
41.973587,-87.77835
41.973774,-87.77837
41.974068,-87.77839
41.97424,-87.77838
41.97479,-87.77828
41.975067,-87.7783
41.975277,-87.77831
41.97544,-87.77831
41.97544,-87.77831
41.975624,-87.778305
41.975666,-87.778305
41.97588,-87.77829
41.97606,-87.77827
41.976166,-87.77827
41.97633,-87.77827
41.976505,-87.778275
41.976532,-87.778275
41.976685,-87.77826
41.976707,-87.77826
41.97687,-87.778244
41.977062,-87.778244
41.977215,-87.77826
41.97738,-87.77825
41.97761,-87.77821
41.977814,-87.77821
41.97797,-87.77824
41.978138,-87.778244
41.978294,-87.77824
41.978508,-87.77821
41.978638,-87.778366
41.978752,-87.77859
41.978867,-87.77878
41.978867,-87.77878
41.979004,-87.77889
41.979164,-87.778915
41.97931,-87.7788
41.979443,-87.77866
41.979584,-87.77853
41.979683,-87.77835
41.979706,-87.778076
41.97974,-87.77807
41.97991,-87.778015
41.98013,-87.77796
41.980305,-87.77799
41.980446,-87.77809
41.98061,-87.778175
41.980778,-87.77823
41.98083,-87.77823
41.980984,-87.778206
41.98118,-87.778175
41.98161,-87.77827
41.9817,-87.77827
41.98195,-87.77824
41.982117,-87.77823
41.982334,-87.77819
41.982594,-87.778206
41.982758,-87.778206
41.9828,-87.778206
41.982964,-87.77819
41.98312,-87.778175
41.98328,-87.77816
41.983448,-87.77815
41.983616,-87.778145
41.983845,-87.778114
41.98401,-87.77811
41.98425,-87.7781
41.984474,-87.778114
41.98478,-87.77811
41.984802,-87.77811
41.98497,-87.7781
41.98515,-87.778076
41.98531,-87.778076
41.98542,-87.77812
41.985577,-87.77814
41.985577,-87.77814
41.98578,-87.778114
41.98605,-87.77811
41.986225,-87.77812
41.986256,-87.77813
41.986423,-87.778145
41.986603,-87.77815
41.986767,-87.77817
41.98692,-87.77813
41.987045,-87.77809
41.987144,-87.77809
41.987194,-87.77809
41.98729,-87.778114
41.987373,-87.77818
41.987396,-87.7782
41.98749,-87.77829
41.987564,-87.77836
41.987698,-87.778496
41.987717,-87.77852
41.987793,-87.778595
41.9879,-87.7787
41.98797,-87.77877
41.987984,-87.778786
41.98807,-87.778854
41.98815,-87.77893
41.988323,-87.77909
41.988464,-87.77923
41.988605,-87.77935
41.988663,-87.7794
41.988747,-87.77949
41.988873,-87.779625
41.989006,-87.77979
41.98914,-87.779915
41.98935,-87.78007
41.98954,-87.780205
41.989723,-87.78037
41.989944,-87.780594
41.990086,-87.78072
41.99025,-87.780914
41.99038,-87.78104
41.99055,-87.78116
41.990734,-87.78135
41.990868,-87.781525
41.99099,-87.78167
41.991142,-87.78184
41.991283,-87.78198
41.991436,-87.78209
41.991493,-87.78212
41.991627,-87.78223
41.99175,-87.782364
41.991875,-87.78254
41.992023,-87.78266
41.99215,-87.78274
41.99224,-87.78277
41.992287,-87.78269
41.99227,-87.78239
41.992157,-87.78221
41.992043,-87.78206
41.99194,-87.78189
41.991806,-87.78166
41.991657,-87.78138
41.991554,-87.78111
41.99144,-87.78089
41.991325,-87.78068
41.99123,-87.780495
41.99109,-87.78025
41.99099,-87.78008
41.99099,-87.78008
41.990887,-87.7799
41.99078,-87.77972
41.990685,-87.77955
41.990585,-87.779366
41.99049,-87.77919
41.99038,-87.77894
41.990265,-87.778725
41.990166,-87.77852
41.990063,-87.77833
41.989967,-87.77816
41.989872,-87.77797
41.989872,-87.77797
41.989788,-87.77779
41.9897,-87.77762
41.989613,-87.77744
41.98952,-87.77722
41.989426,-87.77702
41.98941,-87.777
41.989307,-87.77682
41.98922,-87.77661
41.989132,-87.77642
41.98912,-87.7764
41.98901,-87.77624
41.9889,-87.77606
41.988804,-87.775894
41.988712,-87.775696
41.988632,-87.77551
41.988567,-87.7754
41.988556,-87.775375
41.988445,-87.7752
41.988422,-87.77517
41.988316,-87.774994
41.988228,-87.774826
41.988228,-87.774826
41.98813,-87.77454
41.988026,-87.7743
41.98791,-87.774055
41.98781,-87.773865
41.987694,-87.77363
41.987694,-87.77363
41.987576,-87.77339
41.987427,-87.77308
41.987427,-87.77308
41.987324,-87.772896
41.98719,-87.77269
41.987053,-87.77247
41.986954,-87.77231
41.986755,-87.771965
41.98662,-87.7717
41.986526,-87.77151
41.98644,-87.77132
41.9864,-87.77125
41.986294,-87.771034
41.98619,-87.77086
41.986176,-87.77083
41.986095,-87.77063
41.986008,-87.770454
41.985886,-87.77028
41.985783,-87.77012
41.985634,-87.769775
41.985573,-87.76965
41.98543,-87.76934
41.98534,-87.76915
41.985218,-87.76892
41.985046,-87.76859
41.984947,-87.768394
41.98485,-87.76819
41.98474,-87.768005
41.98471,-87.767944
41.98462,-87.767746
41.984474,-87.76741
41.984394,-87.767235
41.984207,-87.76695
41.984207,-87.76695
41.98408,-87.76668
41.983936,-87.76634
41.983704,-87.76589
41.983566,-87.76563
41.98344,-87.76545
41.983337,-87.76529
41.983265,-87.765144
41.98317,-87.76497
41.983067,-87.7648
41.983017,-87.76486
41.983036,-87.76946
41.983,-87.76926
41.983006,-87.7692
41.983013,-87.769
41.98303,-87.76874
41.983044,-87.76849
41.98313,-87.76831
41.983307,-87.76831
41.983467,-87.76832
41.983585,-87.76832
41.983902,-87.76828
41.984394,-87.768234
41.984722,-87.768196
41.98489,-87.768166
41.984913,-87.768166
41.985085,-87.76819
41.98511,-87.768196
41.98547,-87.76819
41.98564,-87.768166
41.985817,-87.76816
41.98603,-87.76817
41.986206,-87.768196
41.986362,-87.7682
41.986538,-87.76821
41.986725,-87.7682
41.98683,-87.76819
41.986996,-87.76817
41.987022,-87.768166
41.987183,-87.768135
41.987328,-87.76807
41.98746,-87.76796
41.987583,-87.76783
41.987713,-87.7677
41.987846,-87.76756
41.987873,-87.76755
41.988014,-87.76739
41.988132,-87.76724
41.98819,-87.76718
41.988335,-87.76706
41.988464,-87.76694
41.988644,-87.76673
41.98883,-87.766556
41.988968,-87.76644
41.98911,-87.76635
41.989265,-87.76629
41.989716,-87.76622
41.990044,-87.76617
41.99021,-87.76614
41.990383,-87.76613
41.990845,-87.76605
41.991276,-87.765976
41.99173,-87.76585
41.992165,-87.76572
41.992596,-87.76555
41.993042,-87.765366
41.99342,-87.76536
41.993584,-87.76532
41.99376,-87.76526
41.993916,-87.76519
41.99395,-87.765175
41.994118,-87.76512
41.994274,-87.76508
41.99444,-87.76504
41.9946,-87.76497
41.99476,-87.76488
41.994923,-87.7648
41.995094,-87.76475
41.995262,-87.764786
41.995403,-87.76486
41.995556,-87.76493
41.995705,-87.76501
41.995865,-87.76509
41.99597,-87.765144
41.996094,-87.765236
41.99643,-87.76559
41.996754,-87.765976
41.997074,-87.7664
41.997295,-87.76691
41.997307,-87.766945
41.997375,-87.76716
41.997448,-87.767365
41.997536,-87.767555
41.997578,-87.76778
41.99756,-87.76799
41.997528,-87.76858
41.997536,-87.76874
41.997498,-87.76905
41.99745,-87.76927
41.997414,-87.769516
41.997383,-87.76973
41.997383,-87.7701
41.99741,-87.770905
41.997433,-87.771194
41.997444,-87.771416
41.99744,-87.771515
41.99743,-87.77175
41.997425,-87.77198
41.99742,-87.772194
41.99745,-87.77243
41.99747,-87.77255
41.997513,-87.77277
41.997517,-87.77336
41.997574,-87.773964
41.99763,-87.77459
41.997704,-87.77524
41.99767,-87.775505
41.997658,-87.77579
41.997658,-87.77603
41.99772,-87.77661
41.99797,-87.77727
41.998253,-87.777916
41.998528,-87.77862
41.9987,-87.77916
41.999043,-87.77954
41.999386,-87.77962
41.999546,-87.77963
41.9997,-87.77966
41.999878,-87.779686
42.00005,-87.77972
42.000217,-87.779724
42.00037,-87.7797
42.000546,-87.77966
42.000713,-87.779655
42.0009,-87.77971
42.001053,-87.77978
42.001255,-87.77988
42.001427,-87.77991
42.001583,-87.77994
42.001633,-87.779945
42.001785,-87.78001
42.00194,-87.7801
42.002087,-87.780174
42.002243,-87.780205
42.002274,-87.780205
42.002445,-87.780205
42.002598,-87.78026
42.002728,-87.780396
42.002796,-87.78049
42.002922,-87.78063
42.003242,-87.78103
42.003414,-87.7817
42.003574,-87.78228
42.00362,-87.78285
42.003307,-87.78288
42.003147,-87.78285
42.002983,-87.7828
42.00288,-87.78277
42.002518,-87.78304
42.00211,-87.78347
42.001736,-87.783806
42.00165,-87.783936
42.001556,-87.784096
42.00153,-87.78418
42.00154,-87.7844
42.00168,-87.78465
42.001797,-87.7848
42.001923,-87.78493
42.00232,-87.78538
42.00257,-87.78586
42.002575,-87.78591
42.002575,-87.78617
42.002617,-87.78641
42.002747,-87.7869
42.002766,-87.78698
42.002827,-87.78717
42.002953,-87.78744
42.00307,-87.78775
42.003162,-87.78795
42.00328,-87.78813
42.00339,-87.78829
42.003513,-87.788445
42.00364,-87.788605
42.00378,-87.78875
42.003925,-87.78889
42.00395,-87.7889
42.00417,-87.78906
42.004364,-87.78922
42.00459,-87.7895
42.004723,-87.7897
42.00484,-87.78989
42.00496,-87.79008
42.0051,-87.79032
42.00522,-87.790504
42.00533,-87.79068
42.005455,-87.79091
42.00558,-87.79107
42.00572,-87.79122
42.005863,-87.79137
42.00602,-87.79144
42.006203,-87.791435
42.006355,-87.79133
42.006493,-87.7912
42.00663,-87.79106
42.006767,-87.79093
42.006916,-87.79087
42.007313,-87.79091
42.007736,-87.79113
42.007793,-87.79116
42.008038,-87.79117
42.008663,-87.79121
42.008873,-87.79175
42.00888,-87.79181
42.008907,-87.79202
42.00892,-87.79234
42.008915,-87.792564
42.008915,-87.7928
42.009094,-87.79343
42.00918,-87.793686
42.009228,-87.79393
42.009277,-87.794174
42.009323,-87.79438
42.00939,-87.79459
42.009644,-87.79507
42.009663,-87.79509
42.00978,-87.79525
42.00983,-87.79539
42.009823,-87.7956
42.009926,-87.79587
42.010082,-87.795975
42.01025,-87.79605
42.01043,-87.79607
42.01088,-87.79601
42.0113,-87.79584
42.011406,-87.79581
42.011574,-87.79574
42.011745,-87.79566
42.011917,-87.795586
42.012077,-87.795494
42.012154,-87.79543
42.012318,-87.79545
42.012432,-87.79566
42.01259,-87.79574
42.01302,-87.795654
42.01315,-87.79574
42.013256,-87.7959
42.0133,-87.79598
42.013493,-87.79647
42.013714,-87.79697
42.01399,-87.79741
42.014313,-87.79779
42.01465,-87.79801
42.014793,-87.7981
42.014965,-87.798195
42.015125,-87.79822
42.01524,-87.79821
42.01541,-87.798225
42.015472,-87.79823
42.01564,-87.79826
42.015797,-87.798256
42.015865,-87.79824
42.016026,-87.798195
42.016335,-87.79813
42.016552,-87.79809
42.016716,-87.79812
42.016792,-87.798195
42.01693,-87.79831
42.017094,-87.79827
42.01727,-87.79816
42.01742,-87.79805
42.01744,-87.798035
42.017548,-87.79788
42.017654,-87.7977
42.01777,-87.79756
42.01793,-87.79744
42.01811,-87.79735
42.01828,-87.7973
42.018444,-87.79727
42.01861,-87.79725
42.01863,-87.79726
42.018803,-87.79727
42.01898,-87.79726
42.01914,-87.797226
42.01927,-87.79709
42.01938,-87.79687
42.019527,-87.79677
42.01969,-87.796745
42.019867,-87.796715
42.020046,-87.79669
42.020145,-87.79668
42.020336,-87.79661
42.020542,-87.796585
42.020733,-87.79658
42.02094,-87.79657
42.021343,-87.79645
42.02147,-87.79642
42.021732,-87.79636
42.022015,-87.79633
42.02207,-87.79633
42.02224,-87.79634
42.022346,-87.79637
42.02275,-87.796486
42.02299,-87.79647
42.02314,-87.79643
42.023552,-87.79641
42.024,-87.79641
42.024075,-87.7964
42.02423,-87.79636
42.024372,-87.796265
42.024517,-87.79609
42.02457,-87.79587
42.024582,-87.79523
42.024593,-87.794975
42.024612,-87.79439
42.024616,-87.79434
42.024624,-87.794136
42.02472,-87.79388
42.02487,-87.79382
42.025036,-87.79383
42.025074,-87.79384
42.02523,-87.79385
42.02537,-87.793846
42.025524,-87.793846
42.025814,-87.79389
42.025978,-87.79388
42.026096,-87.79384
42.026325,-87.79376
42.026474,-87.7937
42.026474,-87.7937
42.026623,-87.793625
42.02665,-87.7936
42.026752,-87.793434
42.026978,-87.79293
42.02732,-87.79256
42.027924,-87.791985
42.02845,-87.79215
42.028774,-87.79276
42.029114,-87.79326
42.029446,-87.79364
42.029755,-87.79404
42.029827,-87.79409
42.03001,-87.794205
42.030174,-87.79424
42.03033,-87.79424
42.03046,-87.79426
42.030624,-87.79431
42.030697,-87.79434
42.03086,-87.79438
42.031025,-87.794395
42.031113,-87.79441
42.03129,-87.79445
42.031445,-87.79447
42.03147,-87.79448
42.031628,-87.7945
42.03188,-87.7948
42.031956,-87.79501
42.031982,-87.79509
42.032146,-87.795235
42.032307,-87.795235
42.032364,-87.795235
42.03252,-87.795204
42.032764,-87.79514
42.032944,-87.795135
42.033024,-87.795135
42.033188,-87.79513
42.033314,-87.79511
42.03352,-87.79505
42.033733,-87.795
42.033916,-87.794945
42.03408,-87.79491
42.034237,-87.79486
42.03441,-87.7948
42.03458,-87.79477
42.03475,-87.79478
42.03492,-87.79478
42.035095,-87.794815
42.035145,-87.79484
42.035305,-87.794914
42.035446,-87.79502
42.03559,-87.79511
42.035748,-87.79515
42.035915,-87.79512
42.036068,-87.795105
42.036175,-87.79508
42.03634,-87.79504
42.03637,-87.79503
42.036526,-87.794945
42.03666,-87.7948
42.036674,-87.79474
42.036686,-87.79452
42.036682,-87.79446
42.03671,-87.794235
42.036938,-87.79396
42.0371,-87.79386
42.037228,-87.7937
42.03735,-87.793625
42.03752,-87.7936
42.03752,-87.7936
42.03774,-87.7936
42.03805,-87.79354
42.038467,-87.79336
42.03851,-87.793335
42.038666,-87.79323
42.03887,-87.79262
42.038822,-87.79226
42.0388,-87.79202
42.03881,-87.79183
42.03884,-87.791626
42.038857,-87.791595
42.038944,-87.79141
42.03906,-87.79127
42.039253,-87.7912
42.039455,-87.79112
42.039623,-87.791016
42.03978,-87.79089
42.03987,-87.790794
42.03997,-87.79061
42.03999,-87.790405
42.03992,-87.790215
42.039917,-87.78964
42.039932,-87.7896
42.040043,-87.78942
42.040257,-87.789314
42.04048,-87.78925
42.040714,-87.78915
42.040813,-87.78892
42.040836,-87.788635
42.040836,-87.788284
42.040836,-87.7885
42.040813,-87.78878
42.040817,-87.78902
42.04081,-87.78903
42.04065,-87.78924
42.040485,-87.78932
42.04033,-87.78936
42.040283,-87.78937
42.04009,-87.78941
42.03994,-87.789474
42.03981,-87.78959
42.03979,-87.789635
42.0398,-87.78988
42.039814,-87.78996
42.03988,-87.79017
42.039906,-87.79023
42.03997,-87.79043
42.039963,-87.790634
42.039913,-87.79072
42.039787,-87.79086
42.0396,-87.791046
42.039406,-87.79114
42.039207,-87.791214
42.039013,-87.791336
42.038876,-87.79158
42.038807,-87.79183
42.038784,-87.79208
42.038776,-87.792244
42.038784,-87.79248
42.038788,-87.792564
42.038708,-87.79304
42.038586,-87.7932
42.038372,-87.79334
42.038204,-87.79345
42.03804,-87.79354
42.037876,-87.79359
42.03772,-87.79358
42.037514,-87.793625
42.03736,-87.793686
42.037212,-87.79376
42.03706,-87.79385
42.036877,-87.79397
42.036793,-87.79404
42.036667,-87.79421
42.03667,-87.79438
42.03669,-87.79467
42.036633,-87.794876
42.036633,-87.794876
42.036327,-87.79507
42.035706,-87.79511
42.03533,-87.79493
42.035156,-87.794876
42.03497,-87.79484
42.03476,-87.7948
42.03446,-87.7948
42.03428,-87.79482
42.034107,-87.794846
42.03393,-87.7949
42.03373,-87.79496
42.033573,-87.79502
42.033424,-87.79507
42.03325,-87.79511
42.03309,-87.79513
42.03292,-87.79514
42.032757,-87.79518
42.03272,-87.79519
42.03256,-87.79524
42.0324,-87.79528
42.032196,-87.79534
42.031937,-87.79505
42.03159,-87.79469
42.03152,-87.79467
42.031357,-87.79462
42.031124,-87.79452
42.03096,-87.79446
42.03092,-87.79443
42.030766,-87.79437
42.03062,-87.794304
42.030464,-87.794266
42.03044,-87.794266
42.030273,-87.79425
42.030117,-87.79421
42.02997,-87.79414
42.029713,-87.79392
42.029587,-87.79378
42.02932,-87.7933
42.029007,-87.79279
42.028496,-87.792206
42.02819,-87.79213
42.02791,-87.792145
42.027508,-87.79237
42.02725,-87.79251
42.026955,-87.79312
42.02686,-87.79337
42.02673,-87.793564
42.026573,-87.79366
42.0264,-87.79374
42.026325,-87.79377
42.026165,-87.793846
42.025906,-87.79386
42.025635,-87.79386
42.025394,-87.79387
42.025238,-87.79387
42.025013,-87.7939
42.02485,-87.79392
42.024796,-87.79391
42.02464,-87.79405
42.024612,-87.79427
42.024593,-87.79459
42.024582,-87.79484
42.024567,-87.795074
42.024555,-87.795296
42.024544,-87.79548
42.024536,-87.795715
42.02449,-87.79593
42.02438,-87.79612
42.024315,-87.79618
42.02416,-87.796265
42.024128,-87.79627
42.02395,-87.79631
42.023697,-87.79634
42.02353,-87.79635
42.023098,-87.79643
42.02267,-87.7964
42.02227,-87.79627
42.022087,-87.79624
42.02181,-87.796265
42.02138,-87.79644
42.021152,-87.79651
42.02099,-87.79654
42.020805,-87.79658
42.020653,-87.7966
42.020493,-87.79662
42.02046,-87.79663
42.02031,-87.79667
42.0202,-87.79671
42.020035,-87.79675
42.019863,-87.79677
42.019695,-87.79676
42.019672,-87.79676
42.01951,-87.796776
42.01938,-87.79689
42.019367,-87.796906
42.01925,-87.79714
42.019012,-87.79726
42.01883,-87.797264
42.01866,-87.79724
42.0185,-87.79723
42.01833,-87.79725
42.018303,-87.79726
42.018127,-87.797295
42.01796,-87.79733
42.01781,-87.79742
42.017677,-87.79754
42.017563,-87.7977
42.01747,-87.79788
42.01736,-87.79804
42.01722,-87.798134
42.017094,-87.79821
42.01687,-87.79819
42.01671,-87.798096
42.01651,-87.79807
42.01633,-87.79807
42.01633,-87.79807
42.016136,-87.7981
42.016094,-87.7981
42.015835,-87.79811
42.01572,-87.79811
42.015526,-87.798134
42.015347,-87.79816
42.01518,-87.79819
42.015022,-87.79815
42.01486,-87.79807
42.01469,-87.79799
42.014645,-87.797966
42.0145,-87.79785
42.014164,-87.79746
42.0139,-87.79696
42.013676,-87.79647
42.013428,-87.79598
42.013084,-87.79567
42.012897,-87.79564
42.012737,-87.795654
42.012577,-87.79567
42.012478,-87.79565
42.012337,-87.7955
42.01221,-87.79532
42.012123,-87.79535
42.01198,-87.79543
42.011787,-87.79557
42.011642,-87.795685
42.011482,-87.79578
42.011326,-87.79581
42.011147,-87.79585
42.010784,-87.795944
42.010624,-87.795975
42.01046,-87.796005
42.010174,-87.79595
42.010002,-87.79586
42.00994,-87.795654
42.009937,-87.79557
42.009876,-87.795364
42.009766,-87.795204
42.009644,-87.79504
42.0095,-87.79476
42.009315,-87.79424
42.00911,-87.79355
42.009068,-87.79346
42.00898,-87.79325
42.008926,-87.793015
42.008907,-87.79251
42.0089,-87.79228
42.00887,-87.79186
42.008858,-87.791504
42.008854,-87.79147
42.008774,-87.79123
42.008636,-87.791115
42.008373,-87.791046
42.00818,-87.791084
42.00788,-87.79104
42.007732,-87.79097
42.00758,-87.79091
42.007416,-87.79083
42.007263,-87.79081
42.00709,-87.79082
42.006836,-87.790886
42.00664,-87.79104
42.006584,-87.79109
42.006447,-87.79121
42.006245,-87.79135
42.00605,-87.79134
42.005898,-87.79124
42.005756,-87.79112
42.00562,-87.791
42.005592,-87.79098
42.005466,-87.79084
42.005352,-87.790695
42.005238,-87.790535
42.005135,-87.790375
42.004948,-87.78991
42.004597,-87.78926
42.004128,-87.78883
42.003826,-87.78859
42.00365,-87.7884
42.003582,-87.788315
42.003464,-87.78816
42.003357,-87.78799
42.003265,-87.7878
42.003185,-87.78762
42.003044,-87.78738
42.002922,-87.787186
42.002613,-87.78647
42.002487,-87.78571
42.002277,-87.78499
42.001858,-87.78456
42.001568,-87.784195
42.001602,-87.78379
42.001778,-87.78364
42.00193,-87.78354
42.002163,-87.78348
42.002316,-87.78339
42.00248,-87.78318
42.002586,-87.78294
42.002686,-87.78277
42.002842,-87.782646
42.003006,-87.78263
42.003006,-87.78263
42.00321,-87.78267
42.0034,-87.78272
42.003536,-87.7826
42.003487,-87.78213
42.003387,-87.78194
42.0033,-87.781746
42.003227,-87.7813
42.003174,-87.78107
42.00313,-87.780945
42.00303,-87.78074
42.00292,-87.78058
42.002815,-87.78038
42.002808,-87.78036
42.002655,-87.78016
42.002487,-87.78013
42.002316,-87.78011
42.00228,-87.78011
42.00211,-87.78007
42.001717,-87.779915
42.001343,-87.77981
42.001163,-87.77973
42.001015,-87.779686
42.00081,-87.77963
42.00065,-87.77961
42.000492,-87.77967
42.000313,-87.7797
42.00026,-87.779686
42.000088,-87.779655
41.999928,-87.77964
41.999485,-87.77956
41.99905,-87.77952
41.99881,-87.77941
41.998688,-87.779274
41.998528,-87.77871
41.998318,-87.778175
41.998142,-87.77738
41.99787,-87.776695
41.997677,-87.77594
41.99767,-87.77512
41.99767,-87.774315
41.997643,-87.77351
41.997566,-87.77276
41.997433,-87.77199
41.997395,-87.77118
41.99741,-87.7706
41.99741,-87.7706
41.99744,-87.77035
41.997417,-87.76991
41.997417,-87.76991
41.99743,-87.76951
41.997467,-87.76929
41.997513,-87.76907
41.99756,-87.768616
41.997505,-87.76818
41.997486,-87.76797
41.99742,-87.76772
41.997356,-87.76741
41.99734,-87.76713
41.997353,-87.76683
41.997368,-87.7666
41.99737,-87.766556
41.997307,-87.76632
41.99719,-87.7661
41.997074,-87.765854
41.996902,-87.76566
41.996723,-87.76553
41.996567,-87.76546
41.99642,-87.76541
41.996273,-87.76534
41.996098,-87.76527
41.995934,-87.765175
41.99578,-87.76511
41.995625,-87.765015
41.99533,-87.76483
41.995193,-87.76471
41.994976,-87.76456
41.994934,-87.76456
41.994717,-87.76456
41.994446,-87.76466
41.99391,-87.76479
41.993397,-87.765114
41.992783,-87.76531
41.99223,-87.765526
41.991684,-87.76572
41.99115,-87.76592
41.991028,-87.76594
41.990826,-87.765945
41.990547,-87.76598
41.990284,-87.766
41.990105,-87.766014
41.989937,-87.766045
41.989784,-87.76608
41.989456,-87.766174
41.989292,-87.76624
41.989017,-87.766396
41.988766,-87.766594
41.98852,-87.766815
41.98852,-87.766815
41.988396,-87.76695
41.988262,-87.76707
41.98823,-87.76709
41.988094,-87.76721
41.988068,-87.767235
41.987923,-87.76741
41.987797,-87.76754
41.987766,-87.76756
41.987637,-87.76768
41.987488,-87.7678
41.987316,-87.767914
41.987167,-87.76801
41.987022,-87.76809
41.98685,-87.768135
41.986694,-87.76817
41.98652,-87.768166
41.98634,-87.768166
41.986176,-87.76817
41.986,-87.768166
41.985825,-87.76814
41.985657,-87.76813
41.98551,-87.768135
41.985325,-87.76811
41.98516,-87.768105
41.985027,-87.76811
41.98486,-87.76813
41.9847,-87.768166
41.984676,-87.768166
41.984524,-87.768166
41.984344,-87.768196
41.98417,-87.76822
41.983994,-87.76822
41.98397,-87.76823
41.983803,-87.76823
41.98375,-87.76823
41.983597,-87.768234
41.983162,-87.76827
41.983047,-87.76829
41.98284,-87.76828
41.982815,-87.76827
41.98291,-87.76895
41.982872,-87.76873
41.982876,-87.768684
41.982853,-87.76846
41.982834,-87.76825
41.982834,-87.768005
41.982838,-87.76779
41.982845,-87.76752
41.982723,-87.767235
41.982773,-87.767044
41.982765,-87.76681
41.982857,-87.7663
41.982822,-87.76567
41.982822,-87.76505
41.982822,-87.76479
41.982834,-87.76454
41.982784,-87.7643
41.9827,-87.76407
41.98259,-87.76386
41.98246,-87.763664
41.982334,-87.76346
41.982296,-87.76339
41.982166,-87.76318
41.982048,-87.76297
41.98192,-87.76275
41.98179,-87.76252
41.98165,-87.76231
41.98151,-87.76209
41.98136,-87.76187
41.981213,-87.76164
41.98116,-87.76157
41.981007,-87.761345
41.980904,-87.761185
41.980804,-87.761024
41.980663,-87.760796
41.980522,-87.76056
41.980373,-87.76032
41.98022,-87.7601
41.980083,-87.759865
41.97995,-87.75964
41.97982,-87.759415
41.979687,-87.75919
41.979546,-87.75898
41.9794,-87.75877
41.979263,-87.75856
41.979137,-87.75835
41.979053,-87.7582
41.97893,-87.75799
41.978603,-87.757515
41.978474,-87.7573
41.978355,-87.75707
41.97832,-87.756996
41.978203,-87.75678
41.978077,-87.756546
41.977947,-87.75632
41.97782,-87.7561
41.9777,-87.7559
41.977573,-87.755714
41.977444,-87.75553
41.97733,-87.75543
41.97717,-87.755356
41.97701,-87.75529
41.97685,-87.75502
41.976933,-87.75435
41.976772,-87.754074
41.97663,-87.75376
41.97648,-87.75347
41.976345,-87.753296
41.976208,-87.75316
41.97612,-87.75295
41.975994,-87.75281
41.97586,-87.75317
41.97575,-87.75294
41.97563,-87.75273
41.97551,-87.75253
41.975395,-87.75236
41.975246,-87.7522
41.975174,-87.751976
41.975014,-87.751724
41.974876,-87.751495
41.97475,-87.751274
41.97471,-87.7512
41.974583,-87.751
41.974453,-87.7508
41.974327,-87.750595
41.974197,-87.75039
41.97407,-87.75017
41.97394,-87.74995
41.97381,-87.74973
41.973675,-87.749504
41.973537,-87.74928
41.97345,-87.74914
41.973316,-87.7489
41.97327,-87.74883
41.973133,-87.748604
41.97301,-87.74841
41.972916,-87.748215
41.972786,-87.748024
41.972748,-87.74796
41.972633,-87.747795
41.972515,-87.74762
41.972374,-87.7474
41.97233,-87.74732
41.972202,-87.7471
41.97211,-87.74695
41.971973,-87.746704
41.971878,-87.74654
41.971783,-87.746376
41.971684,-87.74621
41.97159,-87.74605
41.97149,-87.74589
41.971386,-87.74572
41.971336,-87.745636
41.971233,-87.745476
41.971138,-87.74531
41.970997,-87.74507
41.97095,-87.744995
41.9708,-87.74478
41.970654,-87.74456
41.97051,-87.74433
41.970356,-87.74411
41.97026,-87.74396
41.97012,-87.74373
41.96998,-87.74349
41.969837,-87.74326
41.9697,-87.74301
41.969555,-87.742775
41.969456,-87.742615
41.96936,-87.74245
41.96926,-87.74229
41.96916,-87.74212
41.96906,-87.74195
41.96901,-87.741875
41.968906,-87.7417
41.968803,-87.74153
41.9687,-87.741356
41.968597,-87.74118
41.96849,-87.741
41.96844,-87.74091
41.96834,-87.74074
41.96829,-87.74065
41.968185,-87.74047
41.96808,-87.7403
41.96798,-87.74013
41.967922,-87.74005
41.967773,-87.73982
41.96767,-87.73966
41.96757,-87.73951
41.967453,-87.739365
41.967335,-87.73922
41.96722,-87.73907
41.967106,-87.73892
41.966988,-87.73877
41.966873,-87.73862
41.966766,-87.738464
41.966656,-87.73832
41.96655,-87.73817
41.96644,-87.73802
41.96632,-87.737885
41.9662,-87.73774
41.966145,-87.73767
41.96603,-87.737526
41.965927,-87.737366
41.965828,-87.737206
41.965683,-87.73697
41.965588,-87.73682
41.965492,-87.73665
41.965393,-87.736496
41.96529,-87.73633
41.965183,-87.73616
41.965073,-87.736
41.964966,-87.73584
41.96486,-87.73568
41.964756,-87.73551
41.964653,-87.735344
41.964546,-87.73518
41.964443,-87.735016
41.964336,-87.73485
41.964226,-87.73469
41.964108,-87.734535
41.96399,-87.73438
41.96387,-87.73424
41.963753,-87.73408
41.963654,-87.7339
41.963547,-87.733734
41.963436,-87.73357
41.96332,-87.7334
41.963207,-87.73324
41.96309,-87.73308
41.962967,-87.73292
41.962852,-87.73275
41.962734,-87.73258
41.962624,-87.73242
41.96251,-87.73226
41.9624,-87.73209
41.962227,-87.73185
41.962055,-87.73161
41.961945,-87.73146
41.96184,-87.73129
41.961735,-87.73113
41.961624,-87.730965
41.96152,-87.7308
41.96142,-87.73062
41.96131,-87.73046
41.9612,-87.7303
41.96109,-87.73015
41.96098,-87.72999
41.960808,-87.72975
41.960693,-87.7296
41.96064,-87.729515
41.960506,-87.72927
41.960358,-87.72904
41.96021,-87.72882
41.960052,-87.72859
41.9599,-87.72837
41.95975,-87.72815
41.959602,-87.72795
41.959476,-87.72784
41.959404,-87.7278
41.95925,-87.727684
41.959103,-87.727486
41.958965,-87.72727
41.958836,-87.72705
41.958702,-87.72682
41.958557,-87.7266
41.958412,-87.726364
41.958275,-87.726135
41.95813,-87.72591
41.957985,-87.725685
41.95784,-87.72546
41.95769,-87.72522
41.95759,-87.72507
41.957485,-87.72491
41.957386,-87.724754
41.957237,-87.72452
41.957092,-87.72429
41.956985,-87.724144
41.956875,-87.72399
41.956768,-87.72385
41.956608,-87.723625
41.956448,-87.723404
41.956337,-87.72325
41.95628,-87.723175
41.956165,-87.72302
41.95605,-87.72287
41.955933,-87.72272
41.955822,-87.722565
41.955715,-87.7224
41.9556,-87.72224
41.95525,-87.72172
41.95512,-87.72156
41.954994,-87.721375
41.95487,-87.72119
41.954754,-87.72101
41.954636,-87.720825
41.954517,-87.72065
41.95439,-87.72046
41.954277,-87.72027
41.95416,-87.72008
41.954033,-87.719894
41.953915,-87.71973
41.953796,-87.719574
41.953674,-87.71943
41.953613,-87.71935
41.95349,-87.71921
41.95338,-87.719055
41.95311,-87.718666
41.95296,-87.718445
41.952827,-87.71824
41.952785,-87.71818
41.952652,-87.71799
41.952522,-87.71779
41.952404,-87.717575
41.952274,-87.71735
41.95213,-87.717125
41.951984,-87.71691
41.9517,-87.71645
41.95155,-87.716225
41.9514,-87.715996
41.951298,-87.715836
41.9512,-87.71568
41.95109,-87.71553
41.950993,-87.71537
41.950893,-87.71521
41.95079,-87.71505
41.950687,-87.71488
41.950535,-87.71466
41.950375,-87.71444
41.95032,-87.71437
41.950153,-87.71417
41.949997,-87.71396
41.949844,-87.71375
41.949707,-87.71355
41.94957,-87.71335
41.949425,-87.71314
41.949375,-87.71307
41.94923,-87.71285
41.949078,-87.71264
41.949028,-87.71257
41.94888,-87.712364
41.94873,-87.71216
41.94858,-87.711945
41.948334,-87.71156
41.94818,-87.711334
41.94808,-87.711174
41.947975,-87.71101
41.947872,-87.71086
41.94772,-87.710625
41.947575,-87.710396
41.947426,-87.71017
41.94732,-87.710014
41.94716,-87.70979
41.947,-87.70958
41.94683,-87.70941
41.94668,-87.70919
41.946568,-87.70903
41.946453,-87.70887
41.946342,-87.70871
41.946236,-87.708534
41.946117,-87.70837
41.946007,-87.7082
41.945896,-87.70803
41.94578,-87.70787
41.945667,-87.70771
41.945568,-87.70755
41.945473,-87.70739
41.945374,-87.70722
41.945217,-87.70698
41.94511,-87.70682
41.945007,-87.70665
41.944904,-87.70649
41.944798,-87.70633
41.944534,-87.705925
41.94443,-87.705765
41.944378,-87.70569
41.944267,-87.705536
41.944157,-87.70538
41.944,-87.70517
41.943836,-87.704956
41.94368,-87.70474
41.94352,-87.70454
41.943363,-87.70433
41.943203,-87.704124
41.943047,-87.7039
41.942947,-87.703766
41.942818,-87.70358
41.942535,-87.703156
41.942383,-87.702934
41.94228,-87.702774
41.942177,-87.70261
41.942078,-87.702446
41.94198,-87.702286
41.94183,-87.70205
41.941685,-87.70181
41.941532,-87.70159
41.941486,-87.70152
41.941345,-87.7013
41.941208,-87.70111
41.94107,-87.700905
41.94092,-87.7007
41.94076,-87.70051
41.940613,-87.7003
41.94048,-87.70007
41.940346,-87.69984
41.940205,-87.699615
41.940056,-87.69942
41.939907,-87.69923
41.939754,-87.69902
41.939613,-87.69881
41.939472,-87.69863
41.93944,-87.69859
41.93944,-87.69859
41.93948,-87.698555
41.93943,-87.69843
41.93936,-87.698204
41.939255,-87.698
41.939087,-87.697815
41.938934,-87.69762
41.938816,-87.69746
41.938686,-87.697296
41.938557,-87.69714
41.93843,-87.69699
41.938316,-87.696846
41.938164,-87.69663
41.938118,-87.696556
41.937862,-87.6962
41.937702,-87.69598
41.937546,-87.695755
41.9374,-87.69554
41.937252,-87.6953
41.937153,-87.695145
41.937008,-87.694916
41.936913,-87.69476
41.936752,-87.69454
41.936604,-87.69432
41.936455,-87.69409
41.936306,-87.69388
41.936165,-87.69366
41.936024,-87.693436
41.93597,-87.69336
41.93583,-87.69316
41.935783,-87.6931
41.93564,-87.6929
41.935593,-87.69283
41.935448,-87.69264
41.935295,-87.69244
41.93513,-87.69222
41.934975,-87.69202
41.93483,-87.691795
41.934776,-87.69173
41.934628,-87.6915
41.93448,-87.69126
41.934334,-87.691025
41.93405,-87.69059
41.933937,-87.69045
41.93378,-87.69024
41.93362,-87.690025
41.933464,-87.6898
41.933357,-87.68963
41.93323,-87.68944
41.93309,-87.68924
41.932945,-87.68903
41.932877,-87.688934
41.93273,-87.68874
41.932663,-87.688644
41.93253,-87.68845
41.9324,-87.68827
41.932274,-87.6881
41.93214,-87.687935
41.931953,-87.68768
41.931828,-87.68751
41.931717,-87.68733
41.93161,-87.687164
41.93151,-87.687
41.9314,-87.68683
41.931225,-87.6866
41.931114,-87.686424
41.930946,-87.68618
41.93084,-87.68602
41.93072,-87.68584
41.9306,-87.68566
41.930477,-87.68549
41.930363,-87.685326
41.930252,-87.685165
41.93014,-87.68501
41.930023,-87.684845
41.929913,-87.684685
41.92986,-87.68461
41.929752,-87.68444
41.92965,-87.68428
41.92954,-87.68413
41.929432,-87.683975
41.92933,-87.683815
41.929226,-87.683655
41.92911,-87.683495
41.92901,-87.683334
41.928886,-87.6832
41.92877,-87.68306
41.92861,-87.68284
41.92851,-87.682686
41.92845,-87.68262
41.928284,-87.68241
41.928234,-87.68233
41.928135,-87.68216
41.928036,-87.68199
41.927937,-87.68182
41.927834,-87.681656
41.92774,-87.68149
41.927643,-87.68132
41.927544,-87.681145
41.927437,-87.68098
41.92732,-87.680824
41.9272,-87.680664
41.927082,-87.68051
41.926968,-87.68035
41.92686,-87.68019
41.926746,-87.68004
41.926636,-87.67988
41.92658,-87.6798
41.926468,-87.67964
41.92637,-87.679474
41.926266,-87.679306
41.926216,-87.679214
41.926113,-87.67904
41.92601,-87.67888
41.925896,-87.67871
41.925774,-87.67854
41.92546,-87.67812
41.925262,-87.67788
41.925133,-87.677704
41.92501,-87.67752
41.924892,-87.677345
41.92477,-87.67718
41.92465,-87.67701
41.924522,-87.67684
41.9244,-87.676674
41.924274,-87.67651
41.924213,-87.67643
41.92409,-87.67626
41.92397,-87.67609
41.923847,-87.67592
41.92373,-87.67575
41.923615,-87.675575
41.92351,-87.67539
41.923405,-87.67522
41.923283,-87.67505
41.92299,-87.67461
41.922817,-87.67435
41.922703,-87.67417
41.92259,-87.674
41.922356,-87.673676
41.922222,-87.67348
41.922012,-87.673134
41.921913,-87.67295
41.921757,-87.672714
41.921608,-87.67254
41.921474,-87.67242
41.921185,-87.672104
41.92104,-87.67188
41.92089,-87.67165
41.92073,-87.67142
41.920616,-87.671265
41.920513,-87.6711
41.920403,-87.67094
41.920345,-87.67086
41.920197,-87.67064
41.919846,-87.67018
41.919533,-87.66971
41.919212,-87.66922
41.918922,-87.6688
41.91882,-87.66866
41.918674,-87.66847
41.91853,-87.66835
41.918526,-87.66835
41.918526,-87.66835
41.918613,-87.66832
41.918613,-87.66832
41.918453,-87.66817
41.91831,-87.66804
41.918255,-87.668
41.91808,-87.667946
41.917927,-87.66787
41.917763,-87.66775
41.917587,-87.66762
41.917458,-87.667496
41.91733,-87.667366
41.917168,-87.66723
41.91702,-87.6671
41.916878,-87.66701
41.91682,-87.66697
41.91662,-87.6668
41.916462,-87.666664
41.916294,-87.66655
41.91613,-87.66643
41.915974,-87.6663
41.915817,-87.66615
41.915665,-87.666016
41.915512,-87.665886
41.91536,-87.66576
41.915203,-87.66563
41.915043,-87.66549
41.91487,-87.66535
41.91469,-87.66521
41.914238,-87.664856
41.913837,-87.66455
41.913452,-87.664246
41.91305,-87.66396
41.91274,-87.66373
41.912582,-87.66362
41.912426,-87.66351
41.91228,-87.663414
41.91214,-87.663315
41.911877,-87.66312
41.911694,-87.66297
41.911636,-87.66292
41.91149,-87.66275
41.911343,-87.662605
41.91119,-87.66249
41.911037,-87.66239
41.91089,-87.662285
41.910793,-87.662224
41.910553,-87.66217
41.91037,-87.66208
41.910194,-87.66198
41.910038,-87.66186
41.909878,-87.661736
41.909725,-87.66161
41.909576,-87.66148
41.909424,-87.66136
41.909267,-87.66124
41.90911,-87.661125
41.908955,-87.66101
41.908794,-87.6609
41.908638,-87.6608
41.908485,-87.66069
41.908405,-87.660645
41.908257,-87.66054
41.908085,-87.66046
41.90792,-87.66038
41.90776,-87.660286
41.90729,-87.660034
41.906895,-87.659836
41.906723,-87.65983
41.906555,-87.659805
41.906475,-87.65979
41.906315,-87.65976
41.906155,-87.65974
41.905994,-87.65971
41.90584,-87.65969
41.90569,-87.65967
41.905457,-87.65962
41.9053,-87.6596
41.90507,-87.65957
41.90485,-87.65954
41.904633,-87.659485
41.904423,-87.659386
41.90435,-87.65935
41.904144,-87.659225
41.903942,-87.659096
41.903744,-87.65893
41.903416,-87.65853
41.903275,-87.65835
41.903133,-87.658165
41.902912,-87.65791
41.902763,-87.65776
41.902607,-87.657616
41.902454,-87.65748
41.902378,-87.65742
41.902218,-87.65731
41.902054,-87.65721
41.90189,-87.65711
41.901737,-87.657
41.901665,-87.656944
41.90152,-87.65684
41.90145,-87.65678
41.901314,-87.65667
41.901173,-87.65657
41.901016,-87.65656
41.900803,-87.656555
41.900593,-87.65656
41.899998,-87.6566
41.899643,-87.65665
41.899166,-87.656624
41.89903,-87.65663
41.898827,-87.656624
41.898987,-87.65664
41.89833,-87.65661
41.89783,-87.656555
41.897396,-87.656525
41.897156,-87.65652
41.89696,-87.65644
41.896736,-87.65615
41.896626,-87.65598
41.89652,-87.65582
41.89619,-87.65535
41.89615,-87.655396
41.89615,-87.655396
41.895996,-87.65485
41.8958,-87.654305
41.895535,-87.65384
41.895115,-87.65338
41.894753,-87.65298
41.894436,-87.65249
41.894115,-87.65204
41.893826,-87.65158
41.8935,-87.651146
41.8932,-87.65068
41.8929,-87.650185
41.892624,-87.649734
41.8923,-87.64928
41.891937,-87.64882
41.891605,-87.648384
41.891327,-87.64789
41.891033,-87.64727
41.890846,-87.6467
41.8906,-87.64616
41.8903,-87.64566
41.890026,-87.645134
41.889977,-87.64508
41.889458,-87.64465
41.889164,-87.64403
41.889046,-87.64327
41.888966,-87.642624
41.888878,-87.64204
41.888557,-87.641335
41.888065,-87.64129
41.88761,-87.64132
41.88715,-87.64126
41.8867,-87.641235
41.88625,-87.6412
41.886063,-87.6406
41.88579,-87.640144
41.885403,-87.639595
41.88543,-87.63899
41.885456,-87.6384
41.885696,-87.63788
41.885834,-87.63732
41.88573,-87.63732
41.88573,-87.63694
41.88513,-87.63704
41.885128,-87.637054
41.88513,-87.63704
41.88573,-87.63694
41.88572,-87.63674
41.88543,-87.63677
41.885406,-87.63638
41.884575,-87.636475
41.88361,-87.63679
41.878834,-87.63658
41.878258,-87.63671
41.878353,-87.63697
41.879375,-87.637054
41.879425,-87.63954
41.8858,-87.63991
41.886887,-87.64411
41.88909,-87.64429
41.899105,-87.65963
41.912006,-87.67973
41.922848,-87.697174
41.9395,-87.697754
41.939373,-87.7123
41.945133,-87.71252
41.945164,-87.71252
41.946457,-87.7125
41.94652,-87.71376
41.95032,-87.71396
41.969715,-87.74247
41.969948,-87.74319
41.970448,-87.7437
41.970825,-87.74453
41.97121,-87.74518
41.971596,-87.74598
41.97194,-87.74662
41.97225,-87.747154
41.972603,-87.74755
41.97267,-87.747635
41.972878,-87.747856
41.97299,-87.74801
41.973083,-87.74824
41.973175,-87.74847
41.97353,-87.749
41.973892,-87.74955
41.974064,-87.749855
41.974167,-87.750046
41.97431,-87.7503
41.97441,-87.750465
41.974552,-87.75071
41.974678,-87.75093
41.97476,-87.75112
41.975147,-87.751816
41.975433,-87.75236
41.975792,-87.75285
41.976166,-87.753296
41.976532,-87.75381
41.976856,-87.75435
41.97722,-87.75514
41.977615,-87.755844
41.978134,-87.75652
41.97843,-87.75732
41.97895,-87.75762
41.979366,-87.75833
41.98034,-87.75995
41.981144,-87.761185
41.98306,-87.76451
41.98298,-87.768715
41.98298,-87.76907
41.98307,-87.769226
41.98301,-87.76878
41.98306,-87.768486
41.98319,-87.76837
41.983345,-87.76835
41.98352,-87.76836
41.983543,-87.768364
41.983727,-87.76837
41.983917,-87.76838
41.983986,-87.76839
41.98414,-87.768394
41.984566,-87.768295
41.985,-87.768364
41.98515,-87.7684
41.985306,-87.76842
41.985462,-87.768425
41.985508,-87.76843
41.98567,-87.76843
41.9858,-87.76842
41.985962,-87.768394
41.986034,-87.76838
41.986187,-87.76836
41.98622,-87.76835
41.986393,-87.768326
41.98659,-87.768326
41.98675,-87.76833
41.986935,-87.76835
41.98713,-87.768364
41.98729,-87.76828
41.98734,-87.76824
41.98749,-87.7681
41.987564,-87.76802
41.987717,-87.767876
41.98774,-87.76786
41.987885,-87.76773
41.98825,-87.76737
41.988396,-87.767235
41.988544,-87.76711
41.988705,-87.76697
41.988728,-87.766945
41.988857,-87.766815
41.98892,-87.766754
41.989056,-87.76665
41.98944,-87.76646
41.989605,-87.766396
41.98974,-87.766365
41.98999,-87.76633
41.990177,-87.76629
41.990345,-87.76625
41.990547,-87.76622
41.990704,-87.76621
41.99113,-87.76616
41.991528,-87.766075
41.991714,-87.76602
41.992092,-87.76588
41.992283,-87.765785
41.99241,-87.765724
41.992714,-87.76558
41.99275,-87.765564
41.992958,-87.76551
41.992977,-87.7655
41.99321,-87.76543
41.993397,-87.76537
41.993607,-87.76534
41.99376,-87.76529
41.99428,-87.76508
41.99471,-87.76483
41.994858,-87.76474
41.995018,-87.76469
41.995182,-87.76471
41.995266,-87.76474
41.995434,-87.764824
41.995575,-87.76492
41.995773,-87.76503
41.995975,-87.76514
41.996128,-87.7652
41.996323,-87.76532
41.996517,-87.76544
41.99664,-87.765625
41.996803,-87.76592
41.9969,-87.76611
41.996998,-87.76631
41.997074,-87.76646
41.9971,-87.766495
41.99722,-87.7668
41.997246,-87.76701
41.997314,-87.76721
41.99735,-87.76728
41.997444,-87.76745
41.997444,-87.76745
41.99754,-87.7677
41.997524,-87.76793
41.99751,-87.768295
41.997513,-87.76843
41.99753,-87.76867
41.99748,-87.76924
41.9974,-87.769844
41.9974,-87.77018
41.9974,-87.77039
41.9974,-87.77039
41.99741,-87.7706
41.99741,-87.7706
41.99742,-87.77113
41.997433,-87.77139
41.997433,-87.771645
41.99744,-87.77185
41.99747,-87.77216
41.997498,-87.77237
41.997513,-87.77249
41.99754,-87.77272
41.99754,-87.77276
41.997566,-87.772995
41.99757,-87.77324
41.99759,-87.77365
41.997627,-87.7739
41.997696,-87.77459
41.99768,-87.77516
41.99766,-87.77577
41.997837,-87.7765
41.997894,-87.77668
41.99796,-87.77692
41.998043,-87.77718
41.99813,-87.77741
41.998222,-87.77774
41.998306,-87.77803
41.99856,-87.778885
41.99863,-87.77924
41.99863,-87.77924
41.998787,-87.779465
41.998936,-87.77955
41.999165,-87.77962
41.999344,-87.779655
41.99952,-87.779686
41.999836,-87.779724
42.000042,-87.77976
42.000195,-87.77978
42.000366,-87.77973
42.000404,-87.779724
42.00058,-87.7797
42.000797,-87.77971
42.00097,-87.77975
42.001137,-87.77982
42.00129,-87.77986
42.00132,-87.77986
42.00145,-87.779884
42.001537,-87.7799
42.001778,-87.77999
42.0018,-87.78
42.001984,-87.780075
42.002148,-87.780106
42.002373,-87.78013
42.002544,-87.780205
42.002693,-87.78043
42.00279,-87.780556
42.00295,-87.78073
42.003204,-87.78124
42.00344,-87.78202
42.00348,-87.78227
42.00306,-87.78272
42.002583,-87.782974
42.00244,-87.783134
42.00225,-87.78342
42.00203,-87.78356
42.001793,-87.78373
42.001675,-87.78389
42.001537,-87.78436
42.001556,-87.78443
42.00166,-87.784645
42.001774,-87.78479
42.00191,-87.78494
42.002033,-87.78508
42.002144,-87.78523
42.002266,-87.785385
42.002464,-87.785866
42.00249,-87.7861
42.00252,-87.78632
42.00268,-87.78687
42.002697,-87.78692
42.002766,-87.78711
42.003025,-87.78763
42.003197,-87.788
42.003284,-87.78818
42.003323,-87.788246
42.003418,-87.788414
42.00367,-87.78872
42.003803,-87.78884
42.003944,-87.78895
42.0041,-87.78904
42.004128,-87.789055
42.004265,-87.789154
42.0044,-87.789314
42.00467,-87.78981
42.004932,-87.7903
42.005123,-87.79055
42.005245,-87.7907
42.005478,-87.79097
42.005585,-87.79113
42.0056,-87.79115
42.005722,-87.7913
42.005768,-87.79133
42.005917,-87.79143
42.005947,-87.79145
42.00612,-87.79146
42.00628,-87.79138
42.006516,-87.79117
42.0066,-87.79109
42.00674,-87.790985
42.007114,-87.79096
42.00727,-87.79098
42.00729,-87.790985
42.00745,-87.791046
42.00749,-87.79106
42.007652,-87.791145
42.00803,-87.791214
42.0082,-87.791245
42.00844,-87.79127
42.008587,-87.79138
42.0086,-87.791405
42.008698,-87.791664
42.00871,-87.791695
42.008747,-87.79191
42.008774,-87.79223
42.00878,-87.79244
42.008923,-87.79306
42.00897,-87.79331
42.00901,-87.793526
42.00901,-87.793526
42.00907,-87.793755
42.00931,-87.79443
42.009598,-87.79509
42.00977,-87.79565
42.00978,-87.7957
42.00987,-87.79588
42.00999,-87.79604
42.01013,-87.79614
42.01047,-87.79613
42.01065,-87.79608
42.011093,-87.79603
42.01162,-87.795715
42.011814,-87.795525
42.012115,-87.79585
42.012424,-87.79579
42.012863,-87.795685
42.01296,-87.795685
42.013126,-87.79575
42.013435,-87.79619
42.013695,-87.7967
42.013977,-87.79715
42.01427,-87.79757
42.014328,-87.79764
42.01449,-87.79779
42.014854,-87.79809
42.015133,-87.79819
42.0153,-87.7982
42.015686,-87.79822
42.015915,-87.7982
42.016106,-87.79814
42.016266,-87.79811
42.016327,-87.798096
42.016514,-87.79809
42.01657,-87.79811
42.016716,-87.7982
42.016876,-87.798294
42.016922,-87.79832
42.01709,-87.79824
42.01724,-87.79814
42.017384,-87.798004
42.017456,-87.79791
42.017574,-87.79776
42.017696,-87.79759
42.017723,-87.79757
42.0178,-87.797516
42.017876,-87.79747
42.017963,-87.797424
42.018044,-87.79739
42.01822,-87.797325
42.018253,-87.79731
42.018414,-87.797264
42.01862,-87.79724
42.018692,-87.79725
42.018883,-87.79723
42.018974,-87.797226
42.019127,-87.7972
42.01929,-87.797134
42.01938,-87.796936
42.019485,-87.79675
42.019646,-87.796684
42.019817,-87.79668
42.01998,-87.796684
42.020176,-87.79668
42.020355,-87.79665
42.020527,-87.79665
42.020596,-87.79665
42.020775,-87.79664
42.02096,-87.796616
42.02098,-87.796616
42.02116,-87.796585
42.02133,-87.79651
42.02154,-87.7964
42.021965,-87.79629
42.02235,-87.796425
42.022507,-87.7965
42.02261,-87.796524
42.022778,-87.796524
42.0232,-87.796425
42.023624,-87.79643
42.023796,-87.79642
42.02398,-87.79639
42.024155,-87.79633
42.02418,-87.79631
42.02433,-87.796165
42.024498,-87.795746
42.024525,-87.79516
42.024544,-87.79476
42.02455,-87.794556
42.024548,-87.79431
42.024555,-87.79425
42.024597,-87.79403
42.02475,-87.79392
42.024902,-87.79389
42.025368,-87.79387
42.025597,-87.79388
42.025753,-87.7939
42.02591,-87.793915
42.02607,-87.793884
42.025864,-87.79393
42.025703,-87.793945
42.025665,-87.79394
42.025337,-87.793915
42.02516,-87.79389
42.024994,-87.79387
42.02491,-87.79387
42.024757,-87.79394
42.024647,-87.79412
42.024612,-87.79435
42.024586,-87.79459
42.02458,-87.79464
42.02455,-87.79504
42.02452,-87.79526
42.024513,-87.79532
42.024506,-87.79554
42.024475,-87.79605
42.024376,-87.79627
42.02436,-87.79628
42.024155,-87.79637
42.023975,-87.79637
42.02379,-87.79637
42.02336,-87.79639
42.02306,-87.796486
42.022835,-87.79652
42.02266,-87.796455
42.02261,-87.79643
42.022457,-87.79637
42.022015,-87.796326
42.021492,-87.796425
42.021458,-87.79643
42.021275,-87.79648
42.02124,-87.796486
42.02107,-87.79652
42.020885,-87.79657
42.02073,-87.796616
42.02053,-87.79666
42.020348,-87.796684
42.02019,-87.7967
42.02001,-87.796745
42.01986,-87.7968
42.019543,-87.79687
42.01943,-87.797035
42.01941,-87.79706
42.01928,-87.7972
42.019104,-87.79725
42.019073,-87.79725
42.018913,-87.79724
42.018726,-87.79723
42.018574,-87.79726
42.018402,-87.797295
42.018246,-87.797325
42.01809,-87.79736
42.017998,-87.7974
42.017906,-87.797455
42.017754,-87.797585
42.01773,-87.79761
42.01767,-87.79768
42.017628,-87.79777
42.017574,-87.797874
42.01753,-87.79798
42.017464,-87.79808
42.017326,-87.79818
42.017193,-87.79825
42.01698,-87.798225
42.016838,-87.798096
42.016758,-87.79808
42.01654,-87.798134
42.016525,-87.79815
42.01631,-87.79818
42.016144,-87.79822
42.016094,-87.798225
42.015934,-87.79825
42.015877,-87.79825
42.015705,-87.79824
42.01549,-87.79823
42.015335,-87.79822
42.01515,-87.798164
42.014942,-87.79811
42.014584,-87.79792
42.014416,-87.79775
42.01422,-87.79751
42.013958,-87.79704
42.013657,-87.79643
42.01355,-87.796234
42.013447,-87.79604
42.013325,-87.79587
42.01317,-87.795746
42.013004,-87.79571
42.01266,-87.79581
42.0125,-87.79578
42.0124,-87.7957
42.0123,-87.795525
42.01212,-87.79547
42.012077,-87.795494
42.01193,-87.7956
42.0118,-87.795685
42.011623,-87.79577
42.011578,-87.795784
42.011387,-87.795876
42.011307,-87.79592
42.011147,-87.79599
42.010864,-87.796074
42.010693,-87.79613
42.01066,-87.796135
42.010498,-87.79613
42.01033,-87.79609
42.01033,-87.79609
42.010178,-87.79601
42.010086,-87.79589
42.010033,-87.79569
42.010006,-87.7956
42.009926,-87.79542
42.00989,-87.79536
42.00973,-87.79514
42.009377,-87.79449
42.00936,-87.79445
42.009235,-87.794106
42.008965,-87.79345
42.00893,-87.79282
42.008884,-87.79221
42.008827,-87.79162
42.00881,-87.79145
42.008686,-87.791306
42.008644,-87.7913
42.00849,-87.79124
42.008427,-87.79122
42.008263,-87.79123
42.008247,-87.79124
42.008076,-87.79124
42.0079,-87.79119
42.0079,-87.79119
42.00754,-87.79102
42.00738,-87.79096
42.007217,-87.790955
42.006992,-87.79101
42.006836,-87.79109
42.00663,-87.79125
42.00648,-87.79139
42.006317,-87.79146
42.00616,-87.7915
42.006023,-87.791466
42.005947,-87.79142
42.005814,-87.79129
42.005695,-87.791145
42.005573,-87.79099
42.005444,-87.79087
42.005424,-87.79085
42.00535,-87.79076
42.005222,-87.79059
42.005127,-87.7904
42.004993,-87.79009
42.004925,-87.78995
42.004803,-87.78971
42.004692,-87.78953
42.00453,-87.789345
42.004517,-87.78933
42.004284,-87.78918
42.004116,-87.78906
42.003963,-87.788925
42.00383,-87.788795
42.003693,-87.78863
42.00357,-87.788475
42.00346,-87.788315
42.003353,-87.78812
42.00329,-87.78798
42.00324,-87.78787
42.003155,-87.7877
42.003147,-87.787674
42.00305,-87.78748
42.00305,-87.78748
42.00296,-87.78729
42.00287,-87.78709
42.00282,-87.78697
42.002712,-87.786705
42.002644,-87.78646
42.00259,-87.786194
42.002552,-87.78598
42.002514,-87.78576
42.002476,-87.78555
42.00241,-87.78536
42.002304,-87.785194
42.002254,-87.785126
42.002106,-87.78492
42.00197,-87.78474
42.001846,-87.7846
42.001717,-87.78445
42.001602,-87.784195
42.001595,-87.78415
42.0016,-87.783936
42.001675,-87.78373
42.001823,-87.7836
42.00199,-87.78351
42.002014,-87.7835
42.002193,-87.7834
42.002335,-87.78329
42.002483,-87.78308
42.00262,-87.782875
42.00264,-87.78286
42.002796,-87.78277
42.00296,-87.78275
42.003136,-87.78276
42.0033,-87.782776
42.00346,-87.78273
42.00347,-87.78272
42.003624,-87.78252
42.00352,-87.78195
42.00335,-87.78141
42.00332,-87.781334
42.003185,-87.78098
42.003075,-87.78079
42.00295,-87.78062
42.00282,-87.780396
42.002693,-87.780266
42.002693,-87.780266
42.002502,-87.780235
42.002335,-87.78023
42.002045,-87.78011
42.002014,-87.7801
42.00183,-87.78001
42.001667,-87.779945
42.001667,-87.779945
42.00148,-87.77989
42.00132,-87.77984
42.001167,-87.779785
42.001072,-87.77975
42.00104,-87.77974
42.00095,-87.77971
42.000866,-87.77969
42.000694,-87.77965
42.00065,-87.77964
42.00047,-87.779655
42.0003,-87.77969
42.00025,-87.77969
42.000072,-87.77967
41.999966,-87.779655
41.9998,-87.779625
41.999756,-87.77962
41.99957,-87.7796
41.999374,-87.779564
41.99922,-87.779526
41.9992,-87.77952
41.999027,-87.77948
41.998955,-87.77945
41.998753,-87.779305
41.998734,-87.779274
41.998653,-87.77903
41.998604,-87.778824
41.99857,-87.778725
41.99852,-87.77852
41.99851,-87.778465
41.998417,-87.77799
41.998417,-87.77799
41.998367,-87.777756
41.998154,-87.77718
41.99805,-87.777016
41.998024,-87.77696
41.997776,-87.77654
41.99772,-87.776306
41.997677,-87.775986
41.997677,-87.77594
41.99768,-87.775734
41.99771,-87.77549
41.997726,-87.77523
41.997726,-87.775154
41.997723,-87.774925
41.997723,-87.7749
41.997707,-87.77468
41.997707,-87.77468
41.997696,-87.774536
41.997677,-87.77429
41.997654,-87.77407
41.99764,-87.77394
41.99762,-87.773705
41.99762,-87.77366
41.997612,-87.77344
41.997604,-87.773254
41.997593,-87.773026
41.997585,-87.77292
41.99755,-87.77265
41.99754,-87.772575
41.99751,-87.772354
41.9975,-87.77207
41.997505,-87.77185
41.997524,-87.77164
41.997513,-87.77138
41.997494,-87.77116
41.997456,-87.7708
41.997433,-87.770584
41.997425,-87.770294
41.99741,-87.77008
41.997414,-87.76948
41.997433,-87.769264
41.99751,-87.76904
41.997555,-87.76874
41.997543,-87.76848
41.997524,-87.768265
41.997524,-87.768234
41.997467,-87.76792
41.997414,-87.76766
41.99738,-87.767456
41.997326,-87.76707
41.99727,-87.76683
41.997177,-87.766624
41.996975,-87.76626
41.996784,-87.76593
41.996655,-87.7657
41.996555,-87.76551
41.996487,-87.765366
41.996407,-87.76518
41.996315,-87.76498
41.99624,-87.76479
41.996185,-87.76467
41.99614,-87.76456
41.996063,-87.764366
41.99598,-87.76418
41.995815,-87.76417
41.995747,-87.764206
41.99559,-87.76427
41.99542,-87.76433
41.995296,-87.76439
41.9949,-87.76457
41.994766,-87.76462
41.994576,-87.76469
41.99442,-87.76476
41.9943,-87.764824
41.994076,-87.764915
41.993835,-87.76503
41.99364,-87.76509
41.993427,-87.76516
41.993195,-87.765236
41.993027,-87.76529
41.99295,-87.76532
41.992786,-87.76538
41.992764,-87.76539
41.992588,-87.76549
41.992554,-87.765495
41.99233,-87.76556
41.992287,-87.76557
41.992046,-87.765656
41.991848,-87.765724
41.991817,-87.76573
41.991596,-87.76579
41.99143,-87.76584
41.99121,-87.765884
41.99099,-87.76593
41.990776,-87.76596
41.990593,-87.76598
41.990337,-87.76604
41.990314,-87.76604
41.99005,-87.76609
41.9899,-87.76612
41.98973,-87.76616
41.989548,-87.76621
41.98949,-87.766235
41.98934,-87.7663
41.989277,-87.76634
41.989113,-87.76643
41.989075,-87.76646
41.98892,-87.76657
41.988766,-87.76671
41.988583,-87.7669
41.988426,-87.76704
41.98829,-87.76717
41.988243,-87.76721
41.988106,-87.767334
41.988007,-87.767426
41.987854,-87.767555
41.98772,-87.76769
41.987595,-87.76783
41.98745,-87.76799
41.987324,-87.76811
41.987156,-87.768196
41.986996,-87.768234
41.986958,-87.768234
41.986797,-87.76824
41.986633,-87.76823
41.98643,-87.76821
41.986195,-87.768234
41.98617,-87.768234
41.986008,-87.768234
41.985977,-87.76823
41.985886,-87.76822
41.9858,-87.76822
41.98564,-87.76823
41.98536,-87.76823
41.98518,-87.76822
41.98518,-87.76822
41.983112,-87.769424
41.982655,-87.76855
41.981888,-87.76841
41.98119,-87.768364
41.980476,-87.76842
41.979347,-87.768394
41.978493,-87.76853
41.977783,-87.76859
41.977528,-87.7686
41.97708,-87.768715
41.976643,-87.768776
41.976616,-87.768776
41.976185,-87.76872
41.975895,-87.76917
41.97603,-87.76968
41.976204,-87.77
41.976353,-87.77028
41.976456,-87.77048
41.97651,-87.77058
41.976574,-87.770775
41.97665,-87.77097
41.97691,-87.771454
41.97716,-87.77192
41.977604,-87.77262
41.977905,-87.77313
41.978237,-87.773705
41.97854,-87.774185
41.978786,-87.77468
41.979004,-87.77503
41.979115,-87.77523
41.979412,-87.775795
41.979748,-87.77646
41.980072,-87.777084
41.98041,-87.77767
41.980625,-87.77804
41.980732,-87.77822
41.980843,-87.77843
41.981125,-87.77891
41.98137,-87.77942
41.98167,-87.77991
41.981857,-87.78029
41.982,-87.78062
41.982338,-87.7812
41.98247,-87.78139
41.982555,-87.781586
41.982716,-87.7819
41.982796,-87.78209
41.983135,-87.78272
41.983433,-87.78319
41.98381,-87.78371
41.98404,-87.7842
41.98411,-87.78432
41.98422,-87.78448
41.98429,-87.784584
41.984493,-87.78487
41.98453,-87.78494
41.984634,-87.78515
41.984833,-87.78544
41.985027,-87.78571
41.985268,-87.786224
41.985325,-87.78637
41.9854,-87.78657
41.98561,-87.787094
41.986248,-87.78745
41.98685,-87.787506
41.987286,-87.78754
41.987724,-87.7876
41.988174,-87.78764
41.988617,-87.787636
41.989056,-87.78751
41.98941,-87.78745
41.989586,-87.78745
41.989784,-87.787445
41.989964,-87.787445
41.9902,-87.787445
41.990353,-87.78745
41.990433,-87.78745
41.99079,-87.78746
41.990948,-87.78747
41.99144,-87.78749
41.99193,-87.78748
41.992256,-87.787476
41.992554,-87.787476
41.992973,-87.78747
41.993214,-87.78746
41.993393,-87.78746
41.99355,-87.78746
41.993797,-87.787445
41.994038,-87.78744
41.99419,-87.78743
41.99437,-87.78743
41.994835,-87.78742
41.99496,-87.78742
41.99513,-87.78741
41.995155,-87.787415
41.99533,-87.7874
41.99549,-87.787384
41.995644,-87.78739
41.995853,-87.78742
41.99613,-87.78741
41.996407,-87.787346
41.996586,-87.78732
41.996666,-87.787285
41.996746,-87.78702
41.99665,-87.78684
41.99663,-87.78682
41.99649,-87.786674
41.996357,-87.78655
41.9963,-87.7865
41.996147,-87.78638
41.99576,-87.78608
41.995434,-87.78568
41.9951,-87.785324
41.99487,-87.78515
41.994713,-87.78505
41.994556,-87.78493
41.994423,-87.784805
41.994137,-87.78446
41.9941,-87.78442
41.99396,-87.78431
41.993813,-87.7842
41.993366,-87.78387
41.993225,-87.78371
41.993084,-87.78357
41.99296,-87.78341
41.992805,-87.78312
41.99271,-87.782936
41.992626,-87.78273
41.992603,-87.78267
41.992523,-87.78246
41.992287,-87.78193
41.991985,-87.78136
41.99171,-87.780876
41.991688,-87.78082
41.99157,-87.7806
41.99142,-87.78029
41.991318,-87.780106
41.991222,-87.77997
41.99109,-87.77972
41.990906,-87.779335
41.990753,-87.77901
41.990467,-87.77839
41.990196,-87.777885
41.990078,-87.77768
41.98997,-87.77749
41.989594,-87.77689
41.989365,-87.77638
41.98916,-87.77599
41.989056,-87.77582
41.989033,-87.77577
41.988914,-87.77556
41.988888,-87.77551
41.9888,-87.77534
41.988743,-87.775185
41.98867,-87.774994
41.98846,-87.77454
41.988365,-87.774376
41.98826,-87.77419
41.98815,-87.77402
41.987938,-87.77362
41.987755,-87.77316
41.98744,-87.77263
41.987366,-87.77251
41.98727,-87.77233
41.987164,-87.77214
41.98711,-87.77205
41.987,-87.77185
41.98689,-87.77166
41.98679,-87.77147
41.9867,-87.771286
41.986557,-87.77101
41.986458,-87.77082
41.98626,-87.77048
41.986168,-87.77031
41.986076,-87.77012
41.986046,-87.77006
41.985947,-87.76986
41.985825,-87.76964
41.985706,-87.76948
41.98559,-87.76932
41.98539,-87.76896
41.985268,-87.76876
41.98522,-87.76869
41.98511,-87.76854
41.985092,-87.76851
41.984684,-87.76825
41.98401,-87.768394
41.98336,-87.768394
41.982952,-87.76864
41.982925,-87.76883
41.982914,-87.76905
41.98291,-87.769295
41.98291,-87.76936
41.9829,-87.769585
41.98286,-87.7698
41.98287,-87.770386
41.982887,-87.77057
41.982925,-87.77077
41.982944,-87.77099
41.98294,-87.771034
41.98291,-87.77128
41.982903,-87.77159
41.9829,-87.77182
41.98292,-87.772415
41.98292,-87.773
41.982975,-87.77363
41.982967,-87.7737
