42.038036,-87.67031
42.037956,-87.67033
42.037838,-87.67032
42.037727,-87.67032
42.03761,-87.670334
42.03752,-87.670334
42.037437,-87.67034
42.03735,-87.67034
42.037266,-87.67035
42.037186,-87.67035
42.037067,-87.670334
42.03695,-87.67033
42.03683,-87.67033
42.03674,-87.67032
42.036655,-87.67031
42.0365,-87.670296
42.036392,-87.67032
42.036293,-87.67035
42.036186,-87.67037
42.036083,-87.670364
42.035973,-87.67032
42.035862,-87.67029
42.035755,-87.67027
42.035664,-87.67026
42.035614,-87.6704
42.035603,-87.670525
42.03559,-87.67064
42.035515,-87.670715
42.035427,-87.67074
42.03535,-87.6708
42.035255,-87.67084
42.035164,-87.67082
42.035065,-87.6708
42.034966,-87.670784
42.034863,-87.67077
42.034756,-87.67077
42.03467,-87.67075
42.03457,-87.67077
42.03448,-87.67077
42.03439,-87.67075
42.034306,-87.670715
42.03423,-87.670685
42.03413,-87.670685
42.034046,-87.670685
42.033985,-87.67061
42.033947,-87.670494
42.033863,-87.67048
42.03377,-87.670425
42.033688,-87.67042
42.033577,-87.67041
42.033493,-87.670425
42.033386,-87.67043
42.03327,-87.67043
42.033165,-87.67044
42.033054,-87.67045
42.03295,-87.67045
42.032845,-87.670456
42.032738,-87.67046
42.032642,-87.670456
42.032547,-87.67045
42.03245,-87.67044
42.032356,-87.670425
42.03226,-87.67043
42.032173,-87.67044
42.03209,-87.670494
42.032005,-87.67045
42.03192,-87.67043
42.03182,-87.670425
42.031727,-87.67043
42.031647,-87.67044
42.031536,-87.67044
42.031456,-87.67044
42.031353,-87.67043
42.031265,-87.67043
42.031178,-87.670425
42.03109,-87.67042
42.03099,-87.67042
42.030907,-87.67043
42.030807,-87.67044
42.030724,-87.67044
42.030632,-87.67045
42.030533,-87.67045
42.03044,-87.67041
42.030354,-87.670395
42.030247,-87.670395
42.03015,-87.670395
42.03005,-87.67041
42.02994,-87.67042
42.02985,-87.670425
42.029762,-87.670425
42.029682,-87.670425
42.02959,-87.67045
42.029495,-87.670456
42.02947,-87.67032
42.02947,-87.670204
42.02947,-87.670074
42.02946,-87.66993
42.02945,-87.66979
42.0294,-87.66968
42.02935,-87.669586
42.02933,-87.66945
42.02933,-87.669334
42.029285,-87.66924
42.029205,-87.6692
42.029106,-87.66917
42.02902,-87.6692
42.028915,-87.6692
42.02882,-87.669205
42.028725,-87.66915
42.02865,-87.669106
42.028545,-87.66905
42.02844,-87.669
42.028362,-87.66897
42.028255,-87.66895
42.02815,-87.66893
42.028046,-87.6689
42.027946,-87.66888
42.02784,-87.668846
42.02776,-87.668816
42.02767,-87.66881
42.027546,-87.66876
42.02746,-87.66873
42.02735,-87.66869
42.027294,-87.66861
42.027283,-87.6685
42.027245,-87.66839
42.027214,-87.66827
42.027164,-87.66812
42.027122,-87.667984
42.027073,-87.66789
42.027004,-87.66778
42.026936,-87.66768
42.026875,-87.66759
42.026817,-87.6675
42.026756,-87.66743
42.026688,-87.66735
42.02661,-87.66726
42.02654,-87.66716
42.026463,-87.66708
42.026394,-87.66701
42.02631,-87.66694
42.02623,-87.66688
42.026146,-87.66681
42.026054,-87.666756
42.025955,-87.6667
42.025867,-87.66665
42.025772,-87.6666
42.025692,-87.66655
42.025608,-87.6665
42.025524,-87.66645
42.025436,-87.6664
42.025356,-87.66634
42.025272,-87.66629
42.025192,-87.666245
42.02511,-87.6662
42.02502,-87.66612
42.02494,-87.66608
42.024857,-87.666046
42.02475,-87.666
42.02467,-87.66596
42.024567,-87.66592
42.02449,-87.66586
42.02441,-87.66583
42.024326,-87.66578
42.024254,-87.665726
42.024155,-87.66569
42.024055,-87.66564
42.023968,-87.66561
42.02388,-87.665565
42.023792,-87.66552
42.023685,-87.66546
42.023582,-87.66541
42.0235,-87.66536
42.0234,-87.6653
42.02332,-87.66525
42.023247,-87.66519
42.023144,-87.6652
42.02304,-87.66523
42.02294,-87.66526
42.02286,-87.66532
42.022778,-87.66539
42.022713,-87.66547
42.022655,-87.66556
42.02261,-87.665665
42.02252,-87.665695
42.02243,-87.66563
42.022335,-87.66559
42.022243,-87.66556
42.02216,-87.66553
42.022076,-87.66545
42.021988,-87.665375
42.021896,-87.665344
42.02181,-87.665306
42.02172,-87.66527
42.02163,-87.665245
42.02153,-87.665215
42.021427,-87.665184
42.021336,-87.665146
42.02125,-87.665115
42.021164,-87.6651
42.021076,-87.665054
42.020977,-87.66501
42.020878,-87.66495
42.020786,-87.664894
42.020702,-87.66487
42.02062,-87.66484
42.020535,-87.66482
42.020454,-87.6648
42.020363,-87.66477
42.020283,-87.66476
42.020187,-87.66472
42.020092,-87.664696
42.02,-87.66463
42.019917,-87.6646
42.019814,-87.66457
42.019726,-87.66453
42.019646,-87.664474
42.01955,-87.66446
42.019463,-87.664444
42.019356,-87.66441
42.019245,-87.664406
42.01916,-87.66438
42.01907,-87.66434
42.018944,-87.664314
42.018837,-87.66431
42.018726,-87.664276
42.018623,-87.66427
42.018543,-87.66425
42.018448,-87.66423
42.018345,-87.66421
42.01829,-87.66411
42.01832,-87.664
42.018333,-87.66387
42.01835,-87.66373
42.01839,-87.663605
42.01833,-87.663536
42.018272,-87.663635
42.018257,-87.66374
42.018227,-87.66388
42.018208,-87.664
42.018192,-87.66412
42.018166,-87.66422
42.018154,-87.66434
42.01813,-87.66447
42.018116,-87.66458
42.01812,-87.6647
42.01814,-87.66481
42.018116,-87.66495
42.018105,-87.66509
42.01811,-87.665245
42.01811,-87.66538
42.018074,-87.665504
42.017994,-87.665474
42.01791,-87.66544
42.01782,-87.66541
42.017715,-87.66536
42.017616,-87.66533
42.017506,-87.665306
42.017426,-87.66528
42.017334,-87.66526
42.017246,-87.665245
42.017155,-87.66521
42.017067,-87.66519
42.016987,-87.66517
42.01689,-87.66511
42.016785,-87.66508
42.016685,-87.665054
42.016582,-87.66502
42.016476,-87.66501
42.016376,-87.66497
42.016285,-87.66493
42.016186,-87.6649
42.016087,-87.66487
42.015984,-87.664856
42.01588,-87.66484
42.015785,-87.6648
42.01569,-87.66474
42.0156,-87.66472
42.01552,-87.66469
42.015434,-87.664604
42.015335,-87.66456
42.01524,-87.66452
42.015152,-87.66447
42.015064,-87.66442
42.014977,-87.66439
42.014866,-87.66435
42.014774,-87.664314
42.014687,-87.66425
42.014587,-87.66422
42.014496,-87.66418
42.014397,-87.66412
42.014328,-87.66406
42.01425,-87.66398
42.014164,-87.66392
42.014076,-87.663895
42.014,-87.66385
42.01392,-87.66381
42.01381,-87.66378
42.013725,-87.66374
42.013634,-87.66369
42.013527,-87.66364
42.013428,-87.66361
42.013325,-87.663574
42.01324,-87.66353
42.013165,-87.66348
42.01307,-87.663414
42.01299,-87.66337
42.012894,-87.663315
42.012787,-87.66326
42.012695,-87.663216
42.012596,-87.66317
42.0125,-87.66313
42.012405,-87.663086
42.012306,-87.66305
42.012215,-87.663
42.012135,-87.662964
42.01201,-87.66293
42.011925,-87.662895
42.01185,-87.66284
42.011765,-87.662796
42.01169,-87.66276
42.011578,-87.66272
42.01147,-87.66269
42.011368,-87.66265
42.01127,-87.66261
42.011173,-87.662575
42.011074,-87.66254
42.010994,-87.66251
42.010906,-87.66248
42.010796,-87.66243
42.010693,-87.66239
42.010597,-87.66235
42.010517,-87.66233
42.01041,-87.66229
42.010307,-87.66228
42.010212,-87.66224
42.010117,-87.66222
42.01002,-87.66221
42.00993,-87.6622
42.00984,-87.66219
42.00976,-87.662155
42.00966,-87.66212
42.009563,-87.662094
42.00948,-87.66205
42.009422,-87.66195
42.009335,-87.66193
42.00923,-87.6619
42.009132,-87.66187
42.009037,-87.661835
42.008953,-87.66183
42.008842,-87.66179
42.00874,-87.66174
42.00866,-87.66171
42.00854,-87.66169
42.008442,-87.661674
42.008358,-87.66166
42.008236,-87.66161
42.008125,-87.66159
42.008034,-87.66154
42.007935,-87.6615
42.007854,-87.66146
42.007904,-87.66138
42.00794,-87.66125
42.007954,-87.66112
42.00794,-87.661
42.00796,-87.66089
42.008022,-87.66078
42.00805,-87.66065
42.00803,-87.66053
42.00802,-87.660416
42.00801,-87.66026
42.008003,-87.66013
42.00799,-87.659996
42.00797,-87.65988
42.007942,-87.65976
42.007923,-87.65962
42.00793,-87.6595
42.00793,-87.659386
42.007908,-87.65927
42.007816,-87.659225
42.007717,-87.659195
42.00762,-87.659164
42.007538,-87.659134
42.007446,-87.659096
42.007355,-87.65905
42.00728,-87.659
42.007202,-87.658905
42.00711,-87.65887
42.007023,-87.65884
42.006943,-87.65875
42.0069,-87.65864
42.006844,-87.65852
42.006786,-87.65845
42.00674,-87.65834
42.006695,-87.658226
42.006664,-87.65812
42.00662,-87.658005
42.00653,-87.65796
42.006428,-87.657936
42.006336,-87.65791
42.00625,-87.65792
42.006153,-87.65794
42.00611,-87.65804
42.006096,-87.65815
42.006054,-87.65825
42.005962,-87.65828
42.00588,-87.65825
42.00579,-87.658165
42.0057,-87.65813
42.005676,-87.65825
42.00568,-87.65838
42.00567,-87.658516
42.005657,-87.65863
42.005657,-87.65875
42.005665,-87.65887
42.005695,-87.65899
42.005733,-87.65909
42.005745,-87.65925
42.00573,-87.659386
42.005688,-87.65954
42.00565,-87.65967
42.00563,-87.6598
42.005657,-87.65993
42.005653,-87.66007
42.0056,-87.660164
42.005512,-87.66021
42.00548,-87.660324
42.005505,-87.66044
42.005524,-87.66055
42.005497,-87.66068
42.00545,-87.660774
42.005356,-87.66078
42.005253,-87.66078
42.005157,-87.660774
42.005062,-87.66077
42.004986,-87.660805
42.00489,-87.66082
42.00479,-87.660805
42.00472,-87.660736
42.00462,-87.660706
42.0045,-87.66069
42.004395,-87.66066
42.0043,-87.660645
42.004196,-87.66063
42.0041,-87.66062
42.004,-87.660614
42.0039,-87.660614
42.003807,-87.660614
42.00372,-87.66062
42.00361,-87.66066
42.00353,-87.66069
42.003418,-87.66065
42.003323,-87.660645
42.003197,-87.66064
42.003086,-87.66062
42.003,-87.66063
42.002888,-87.66062
42.002773,-87.660614
42.002674,-87.6606
42.00258,-87.6606
42.00249,-87.66061
42.002396,-87.66058
42.002296,-87.660576
42.00221,-87.660576
42.00211,-87.66057
42.00201,-87.66055
42.001923,-87.66054
42.001835,-87.660545
42.001736,-87.66054
42.001633,-87.66055
42.001545,-87.66055
42.001446,-87.66057
42.001347,-87.66055
42.00126,-87.660545
42.001156,-87.66052
42.001057,-87.66051
42.00094,-87.6605
42.00084,-87.66049
42.000744,-87.66048
42.00064,-87.66049
42.000553,-87.66052
42.00045,-87.660545
42.00036,-87.66056
42.000275,-87.660576
42.00017,-87.66058
42.00009,-87.66061
41.999996,-87.660645
41.999878,-87.660645
41.999794,-87.660645
41.999676,-87.66062
41.999577,-87.660614
41.99948,-87.660614
41.999367,-87.660614
41.999252,-87.6606
41.999172,-87.66057
41.99909,-87.6605
41.998997,-87.66049
41.998905,-87.66047
41.99881,-87.660416
41.998722,-87.66037
41.998642,-87.66029
41.99857,-87.66022
41.998512,-87.66014
41.998444,-87.66005
41.998394,-87.65995
41.998333,-87.659874
41.998283,-87.65979
41.998253,-87.65968
41.998264,-87.65954
41.998264,-87.65941
41.998238,-87.6593
41.99825,-87.659164
41.99826,-87.65905
41.99828,-87.65891
41.9983,-87.65877
41.99829,-87.65864
41.998295,-87.6585
41.998302,-87.65836
41.998302,-87.658226
41.99831,-87.6581
41.998318,-87.65798
41.998337,-87.65785
41.998352,-87.65772
41.998375,-87.6576
41.998386,-87.65749
41.998383,-87.657364
41.99838,-87.65725
41.99843,-87.65713
41.998466,-87.657005
41.99845,-87.65688
41.998447,-87.65676
41.99845,-87.65664
41.998466,-87.656494
41.99846,-87.65636
41.99842,-87.65624
41.998386,-87.656105
41.99839,-87.656
41.99839,-87.655876
41.998363,-87.65571
41.998302,-87.65562
41.99821,-87.65553
41.998104,-87.65551
41.997997,-87.65551
41.997902,-87.65551
41.9978,-87.65551
41.997704,-87.65551
41.997604,-87.6555
41.99749,-87.6555
41.997383,-87.65549
41.997303,-87.65548
41.997192,-87.65547
41.99711,-87.65544
41.99701,-87.65541
41.99691,-87.65543
41.996807,-87.65545
41.996716,-87.65544
41.99662,-87.65542
41.99654,-87.655426
41.996452,-87.65542
41.99636,-87.655426
41.99626,-87.65543
41.99618,-87.655464
41.996044,-87.65546
41.99594,-87.65543
41.995842,-87.65543
41.995754,-87.65541
41.995667,-87.65542
41.995544,-87.65543
41.995445,-87.65543
41.99536,-87.65543
41.995274,-87.65543
41.99519,-87.655426
41.995094,-87.65544
41.995014,-87.65546
41.994923,-87.65542
41.994843,-87.65539
41.994743,-87.65538
41.99466,-87.6554
41.994564,-87.655396
41.994453,-87.655396
41.994347,-87.655426
41.99425,-87.65544
41.994164,-87.65547
41.99407,-87.65551
41.993988,-87.655525
41.993885,-87.65552
41.993782,-87.655495
41.993683,-87.65545
41.993584,-87.65544
41.99348,-87.65542
41.993393,-87.65538
41.993313,-87.655396
41.99323,-87.655426
41.993137,-87.65545
41.99305,-87.65548
41.99295,-87.65552
41.992874,-87.65554
41.992786,-87.65554
41.992676,-87.65553
41.992573,-87.65554
41.992485,-87.65551
41.99243,-87.65542
41.992355,-87.65535
41.992268,-87.65533
41.992172,-87.655334
41.992077,-87.65536
41.991985,-87.655365
41.991886,-87.655334
41.991783,-87.65537
41.99169,-87.65542
41.991592,-87.655464
41.99148,-87.655495
41.9912,-87.655396
41.991116,-87.65535
41.991016,-87.65536
41.990913,-87.655396
41.99081,-87.655396
41.99072,-87.65537
41.990616,-87.65537
41.990536,-87.65536
41.990444,-87.65535
41.990334,-87.65534
41.99023,-87.655334
41.99014,-87.65533
41.99003,-87.65531
41.989918,-87.65528
41.98981,-87.65529
41.989697,-87.6553
41.9896,-87.6553
41.98951,-87.65529
41.989395,-87.65527
41.98928,-87.655266
41.98916,-87.65527
41.989048,-87.655304
41.988956,-87.65529
41.988895,-87.65522
41.988827,-87.65517
41.988712,-87.65516
41.98862,-87.65516
41.988537,-87.65516
41.988415,-87.655205
41.988335,-87.655235
41.988235,-87.65525
41.988106,-87.655266
41.98799,-87.65527
41.98786,-87.65528
41.987766,-87.65529
41.98765,-87.65529
41.98755,-87.65533
41.987473,-87.65539
41.987396,-87.65535
41.98733,-87.655266
41.987335,-87.65515
41.98738,-87.65504
41.987415,-87.65491
41.98742,-87.65478
41.987415,-87.65465
41.98741,-87.654495
41.987396,-87.65438
41.987366,-87.654236
41.98731,-87.65414
41.98723,-87.6541
41.98711,-87.65417
41.987003,-87.6542
41.9869,-87.65416
41.986755,-87.65409
41.986656,-87.65407
41.986553,-87.65405
41.986473,-87.65405
41.986374,-87.654106
41.986267,-87.6541
41.986176,-87.65407
41.986095,-87.65403
41.98602,-87.65396
41.98595,-87.65387
41.98588,-87.65379
41.985798,-87.65372
41.985714,-87.653656
41.98565,-87.65359
41.98559,-87.653496
41.985542,-87.6534
41.985497,-87.65329
41.98545,-87.65319
41.98541,-87.65309
41.985355,-87.65297
41.985294,-87.65284
41.985245,-87.65274
41.985153,-87.65265
41.985085,-87.65258
41.985016,-87.65252
41.984936,-87.652466
41.984844,-87.65242
41.984768,-87.65237
41.984688,-87.65232
41.984604,-87.65227
41.98451,-87.65222
41.98442,-87.65217
41.984318,-87.65211
41.984226,-87.65204
41.98414,-87.65196
41.98405,-87.651886
41.983963,-87.65182
41.983868,-87.65179
41.98377,-87.65176
41.983673,-87.65175
41.983562,-87.65176
41.983414,-87.65182
41.983307,-87.65188
41.983204,-87.651924
41.9831,-87.65197
41.983006,-87.651985
41.982914,-87.65201
41.982803,-87.65202
41.9827,-87.652054
41.9826,-87.65207
41.982483,-87.652084
41.98238,-87.65211
41.982277,-87.65212
41.982155,-87.65215
41.982037,-87.65217
41.981922,-87.65218
41.98184,-87.65217
41.98175,-87.65215
41.981552,-87.65209
41.981445,-87.65208
41.98134,-87.65203
41.981236,-87.652
41.981125,-87.65198
41.981037,-87.651955
41.98094,-87.651924
41.980843,-87.6519
41.980747,-87.65186
41.98065,-87.65183
41.980545,-87.65178
41.980473,-87.651726
41.980396,-87.65166
41.980316,-87.6516
41.980213,-87.65156
41.98012,-87.65148
41.98004,-87.651436
41.97995,-87.65137
41.97985,-87.65136
41.979748,-87.65129
41.979664,-87.651245
41.97957,-87.65121
41.97949,-87.65116
41.97939,-87.651115
41.979282,-87.65108
41.979187,-87.65105
41.9791,-87.65096
41.978996,-87.65092
41.978905,-87.65089
41.9788,-87.650856
41.978706,-87.65082
41.9786,-87.65078
41.978504,-87.65075
41.978394,-87.650696
41.978313,-87.65063
41.978218,-87.65056
41.97812,-87.65049
41.97801,-87.65042
41.97792,-87.65034
41.977833,-87.650276
41.97773,-87.65021
41.97764,-87.65012
41.97755,-87.65007
41.977486,-87.649994
41.977417,-87.64992
41.97734,-87.64987
41.97726,-87.649826
41.977142,-87.64979
41.977062,-87.649765
41.97699,-87.64971
41.97692,-87.64962
41.976856,-87.64955
41.97674,-87.64949
41.976665,-87.649445
41.976555,-87.64943
41.97644,-87.64939
41.976364,-87.64935
41.976284,-87.64934
41.976173,-87.649284
41.976078,-87.649284
41.975967,-87.64926
41.97588,-87.64925
41.9758,-87.64922
41.97571,-87.649216
41.97562,-87.6492
41.975487,-87.64918
41.9754,-87.649155
41.975304,-87.64912
41.975193,-87.64908
41.975094,-87.649025
41.97501,-87.648994
41.97493,-87.64891
41.974857,-87.64882
41.97478,-87.64871
41.97471,-87.64864
41.974644,-87.64856
41.974567,-87.64847
41.974472,-87.64844
41.974377,-87.64839
41.97428,-87.64837
41.974182,-87.64835
41.974068,-87.648346
41.973953,-87.64833
41.973843,-87.648346
41.973763,-87.64833
41.97365,-87.64827
41.97356,-87.648254
41.973465,-87.64823
41.97337,-87.64819
41.97326,-87.64817
41.97316,-87.6482
41.97307,-87.64819
41.972927,-87.64822
41.97284,-87.64822
41.97268,-87.64822
41.972576,-87.64823
41.972454,-87.648254
41.97235,-87.64824
41.97224,-87.64823
41.972134,-87.648224
41.97203,-87.648224
41.971924,-87.64822
41.97183,-87.64819
41.971725,-87.648186
41.97163,-87.64816
41.971523,-87.648125
41.971413,-87.64811
41.97133,-87.64809
41.97122,-87.64805
41.971127,-87.648
41.971027,-87.64794
41.970932,-87.647896
41.97084,-87.647835
41.970745,-87.64777
41.970646,-87.647705
41.970516,-87.64756
41.97044,-87.647484
41.970367,-87.6474
41.970287,-87.64729
41.970215,-87.6472
41.97012,-87.647156
41.970036,-87.647156
41.969936,-87.6472
41.969845,-87.6472
41.96976,-87.64719
41.96965,-87.64719
41.96975,-87.64713
41.969833,-87.647125
41.96992,-87.647125
41.970013,-87.6471
41.970116,-87.64709
41.97022,-87.64714
41.970284,-87.64724
41.97036,-87.64732
41.970417,-87.6474
41.9705,-87.6475
41.970585,-87.6476
41.97072,-87.64771
41.970814,-87.647766
41.970898,-87.647835
41.970993,-87.6479
41.971085,-87.647964
41.971233,-87.64802
41.97134,-87.648056
41.971443,-87.64806
41.97154,-87.64809
41.971638,-87.6481
41.971737,-87.64813
41.971848,-87.64814
41.971973,-87.64818
41.97208,-87.64819
41.97218,-87.648186
41.97234,-87.648186
41.97245,-87.648186
41.97255,-87.64818
41.972687,-87.64818
41.972786,-87.64818
41.972893,-87.64817
41.97301,-87.648155
41.973137,-87.64815
41.97326,-87.64817
41.97337,-87.64817
41.97346,-87.648186
41.973557,-87.64822
41.973644,-87.64823
41.973793,-87.64828
41.973896,-87.648285
41.97398,-87.6483
41.974094,-87.64833
41.974197,-87.64833
41.974285,-87.64834
41.974384,-87.64837
41.974495,-87.64841
41.97458,-87.648445
41.974655,-87.64854
41.97476,-87.64863
41.97482,-87.64871
41.974953,-87.64887
41.975037,-87.64896
41.975132,-87.648994
41.975227,-87.64904
41.975323,-87.649086
41.97542,-87.64911
41.975513,-87.64913
41.975628,-87.64914
41.975727,-87.64917
41.97583,-87.649185
41.97593,-87.649216
41.976032,-87.64921
41.9762,-87.64925
41.976303,-87.64927
41.976406,-87.64929
41.976498,-87.64934
41.976597,-87.64937
41.97668,-87.649376
41.97676,-87.64942
41.976845,-87.64948
41.976917,-87.64956
41.977005,-87.649605
41.977077,-87.64972
41.977177,-87.649796
41.977283,-87.64982
41.977364,-87.64986
41.97744,-87.6499
41.977528,-87.64999
41.977623,-87.65008
41.97769,-87.65015
41.977764,-87.6502
41.97784,-87.65026
41.97792,-87.650314
41.978004,-87.65039
41.978092,-87.65048
41.978184,-87.650536
41.97827,-87.65061
41.978355,-87.65069
41.978455,-87.65074
41.978554,-87.65079
41.97864,-87.65083
41.97873,-87.65089
41.97883,-87.65092
41.978935,-87.65095
41.979053,-87.651
41.979164,-87.65104
41.97926,-87.65107
41.979366,-87.651115
41.97948,-87.651146
41.97956,-87.65117
41.979656,-87.65121
41.979717,-87.65114
41.97976,-87.65126
41.979843,-87.651344
41.979946,-87.6514
41.980026,-87.65146
41.980152,-87.651535
41.980247,-87.65159
41.98032,-87.65169
41.98042,-87.65174
41.980503,-87.65178
41.98062,-87.65181
41.98072,-87.65184
41.980824,-87.65186
41.980953,-87.65188
41.981056,-87.6519
41.98116,-87.65192
41.981255,-87.65194
41.98136,-87.65198
41.98144,-87.65202
41.981525,-87.65208
41.98164,-87.65211
41.981747,-87.65211
41.981857,-87.652115
41.981964,-87.652115
41.982067,-87.6521
41.98217,-87.65211
41.98228,-87.65206
41.982365,-87.65205
41.98247,-87.65205
41.98256,-87.65202
41.982677,-87.652016
41.982796,-87.65198
41.98288,-87.651955
41.98298,-87.65191
41.983086,-87.65189
41.983177,-87.65186
41.98327,-87.65184
41.983376,-87.6518
41.983467,-87.651764
41.98357,-87.65172
41.983665,-87.6517
41.98378,-87.65171
41.983868,-87.651726
41.983963,-87.65175
41.98406,-87.65181
41.984142,-87.65192
41.98424,-87.65197
41.984344,-87.65205
41.98442,-87.6521
41.984493,-87.652145
41.984577,-87.652176
41.98471,-87.65227
41.98479,-87.65229
41.984886,-87.65234
41.984978,-87.65242
41.985058,-87.652504
41.98513,-87.65257
41.9852,-87.65266
41.985283,-87.65276
41.98534,-87.652855
41.985386,-87.65297
41.985455,-87.65308
41.98553,-87.653206
41.985615,-87.653336
41.985664,-87.65344
41.985733,-87.65353
41.985798,-87.653595
41.98588,-87.653694
41.985947,-87.65376
41.986034,-87.65387
41.98615,-87.65393
41.986263,-87.653915
41.98636,-87.65386
41.98643,-87.6538
41.98654,-87.6538
41.98662,-87.65385
41.98671,-87.65389
41.98683,-87.65401
41.986923,-87.65406
41.987007,-87.654106
41.987118,-87.65413
41.987244,-87.65412
41.98733,-87.6542
41.98735,-87.654335
41.98736,-87.654495
41.987354,-87.654625
41.987335,-87.654755
41.987354,-87.65488
41.98739,-87.655014
41.987427,-87.65513
41.987503,-87.6552
41.98762,-87.65519
41.987713,-87.65517
41.987812,-87.65516
41.987915,-87.65516
41.98801,-87.655174
41.98812,-87.6552
41.98821,-87.65521
41.98832,-87.655235
41.988407,-87.65522
41.988506,-87.6552
41.98862,-87.65521
41.988716,-87.65521
41.988815,-87.655205
41.9889,-87.6552
41.988995,-87.65519
41.989067,-87.65526
41.989162,-87.655266
41.98926,-87.65527
41.989372,-87.655266
41.989475,-87.65526
41.98956,-87.65526
41.98965,-87.65524
41.98973,-87.65525
41.98982,-87.65527
41.98993,-87.65527
41.990044,-87.655266
41.990147,-87.655266
41.990246,-87.65527
41.99036,-87.65528
41.990467,-87.65529
41.990574,-87.655304
41.99069,-87.6553
41.990807,-87.6553
41.9909,-87.65528
41.99101,-87.6553
41.991096,-87.655304
41.991184,-87.65529
41.99128,-87.65527
41.991356,-87.65521
41.991444,-87.655205
41.991543,-87.65527
41.991646,-87.65536
41.991734,-87.65543
41.99182,-87.6555
41.991936,-87.65553
41.992058,-87.6555
41.99218,-87.655464
41.99229,-87.65543
41.992382,-87.655365
41.992485,-87.65538
41.992588,-87.655396
41.992695,-87.655396
41.99278,-87.65534
41.99287,-87.655304
41.99296,-87.65532
41.993076,-87.65536
41.99316,-87.65537
41.993244,-87.65538
41.993343,-87.65537
41.993454,-87.65538
41.993546,-87.65539
41.993637,-87.65538
41.99373,-87.65537
41.993813,-87.65534
41.993893,-87.65532
41.993973,-87.65532
41.99407,-87.65533
41.994156,-87.65531
41.99426,-87.65531
41.994347,-87.65534
41.994442,-87.655365
41.994534,-87.65538
41.994648,-87.65538
41.99473,-87.655396
41.994843,-87.65541
41.994926,-87.65542
41.99503,-87.65543
41.995113,-87.65542
41.9952,-87.655426
41.995304,-87.65543
41.995388,-87.65545
41.995495,-87.655464
41.995583,-87.655464
41.995674,-87.655464
41.995766,-87.655464
41.995937,-87.65545
41.996082,-87.655426
41.99617,-87.65541
41.996258,-87.655426
41.996346,-87.65543
41.996433,-87.65545
41.996525,-87.6555
41.99663,-87.655525
41.99672,-87.65553
41.996822,-87.655525
41.99693,-87.6555
41.997017,-87.6555
41.99711,-87.655495
41.99726,-87.65549
41.997353,-87.65549
41.997463,-87.65549
41.997574,-87.65549
41.997677,-87.655495
41.99778,-87.6555
41.997883,-87.655525
41.997986,-87.65555
41.998108,-87.65556
41.998226,-87.65558
41.998295,-87.65566
41.998356,-87.65577
41.998367,-87.65588
41.998333,-87.656044
41.99833,-87.65616
41.998318,-87.65629
41.998325,-87.6564
41.998352,-87.65651
41.99838,-87.65666
41.99841,-87.65679
41.99842,-87.65691
41.998398,-87.65704
41.998386,-87.657166
41.99837,-87.65732
41.998375,-87.65744
41.99838,-87.657555
41.998375,-87.65767
41.998383,-87.65778
41.998386,-87.6579
41.998386,-87.65806
41.998367,-87.65817
41.99834,-87.65829
41.99832,-87.6584
41.998287,-87.65855
41.998302,-87.65866
41.998283,-87.65879
41.99825,-87.6589
41.99824,-87.65902
41.99829,-87.65914
41.998318,-87.65927
41.998318,-87.65941
41.998314,-87.659546
41.998344,-87.659676
41.99842,-87.65984
41.99849,-87.65992
41.99856,-87.65997
41.998646,-87.66006
41.998722,-87.66018
41.998806,-87.660286
41.9989,-87.66035
41.998985,-87.660355
41.99909,-87.66039
41.999157,-87.66047
41.999245,-87.66053
41.99935,-87.66057
41.99945,-87.66059
41.999535,-87.66059
41.99963,-87.6606
41.99973,-87.66067
41.999805,-87.660706
41.999886,-87.660736
41.999985,-87.660736
42.000053,-87.66066
42.00015,-87.66059
42.00023,-87.660576
42.000317,-87.66059
42.000412,-87.66062
42.000496,-87.66068
42.000584,-87.6607
42.000683,-87.66069
42.00078,-87.66065
42.000862,-87.66062
42.00095,-87.6606
42.001034,-87.66059
42.00112,-87.660614
42.00121,-87.66064
42.00129,-87.66063
42.001408,-87.6606
42.00149,-87.660576
42.001595,-87.660576
42.001823,-87.66058
42.00194,-87.66059
42.002026,-87.6606
42.00211,-87.66061
42.002216,-87.66062
42.002296,-87.660645
42.002377,-87.66069
42.00245,-87.66063
42.002537,-87.66062
42.002632,-87.66063
42.002728,-87.66063
42.00283,-87.66062
42.002937,-87.6606
42.003025,-87.6606
42.003117,-87.66059
42.003204,-87.66059
42.00329,-87.6606
42.00338,-87.6606
42.003475,-87.66062
42.00358,-87.66062
42.00367,-87.66062
42.00378,-87.66062
42.003902,-87.66062
42.00401,-87.66063
42.004112,-87.66062
42.004204,-87.66062
42.00429,-87.660614
42.004368,-87.66066
42.00447,-87.660675
42.004574,-87.66069
42.004684,-87.66068
42.00475,-87.660614
42.00472,-87.66051
42.0047,-87.66038
42.00466,-87.66024
42.004654,-87.660095
42.004654,-87.65995
42.004673,-87.65985
42.004704,-87.65974
42.00471,-87.6596
42.00471,-87.65945
42.004707,-87.659294
42.00468,-87.659164
42.00466,-87.659035
42.0047,-87.658905
42.00473,-87.65875
42.00475,-87.658615
42.00473,-87.65848
42.004704,-87.65835
42.004704,-87.658226
42.00472,-87.6581
42.004723,-87.65798
42.004726,-87.65782
42.004757,-87.6577
42.00475,-87.657585
42.00475,-87.6577
42.00479,-87.65784
42.004795,-87.65796
42.00479,-87.65807
42.004784,-87.65821
42.00477,-87.65837
42.00474,-87.65851
42.004715,-87.65864
42.00469,-87.65875
42.00465,-87.6589
42.004627,-87.65902
42.00465,-87.65919
42.004677,-87.6593
42.0047,-87.659424
42.004696,-87.65957
42.004673,-87.659676
42.004665,-87.659805
42.00466,-87.65994
42.00467,-87.66008
42.004658,-87.66022
42.004673,-87.66037
42.00468,-87.66052
42.00465,-87.66065
42.004707,-87.66073
42.004795,-87.66073
42.004883,-87.66075
42.00497,-87.66073
42.005066,-87.66075
42.00518,-87.66081
42.005264,-87.660866
42.005375,-87.66092
42.005463,-87.66088
42.005474,-87.66077
42.005444,-87.66066
42.005432,-87.66052
42.00545,-87.66033
42.005463,-87.66015
42.005463,-87.659996
42.00546,-87.65987
42.005432,-87.65976
42.00543,-87.659645
42.005444,-87.659485
42.00544,-87.659325
42.00544,-87.65918
42.005444,-87.65905
42.005447,-87.65893
42.00545,-87.65879
42.005432,-87.65866
42.00544,-87.65854
42.00548,-87.65844
42.005558,-87.658485
42.00558,-87.6586
42.005665,-87.65852
42.005726,-87.65842
42.005848,-87.6583
42.006054,-87.65813
42.006313,-87.65794
42.006416,-87.65796
42.006527,-87.65796
42.006584,-87.65804
42.006626,-87.658165
42.00671,-87.65826
42.006763,-87.65836
42.006817,-87.658455
42.00688,-87.658554
42.006947,-87.65866
42.006996,-87.65877
42.007046,-87.65886
42.007114,-87.65895
42.007202,-87.65901
42.007298,-87.65906
42.007378,-87.659096
42.007454,-87.659134
42.00755,-87.65918
42.007664,-87.6592
42.007767,-87.65923
42.007877,-87.659256
42.007977,-87.65923
42.00806,-87.65927
42.008133,-87.65936
42.00822,-87.65942
42.008297,-87.659454
42.008377,-87.65949
42.00846,-87.659515
42.00854,-87.659546
42.008633,-87.65958
42.00872,-87.65961
42.008793,-87.65967
42.00887,-87.65973
42.008953,-87.659805
42.00905,-87.65988
42.009148,-87.65995
42.009243,-87.659996
42.00935,-87.66005
42.009457,-87.660095
42.009552,-87.66015
42.00965,-87.660194
42.009747,-87.6602
42.009842,-87.660225
42.00994,-87.66026
42.010044,-87.66028
42.01013,-87.660286
42.010216,-87.6603
42.0103,-87.660324
42.010387,-87.66033
42.010494,-87.660355
42.010563,-87.66042
42.0106,-87.66054
42.010624,-87.66066
42.010647,-87.660805
42.01062,-87.66091
42.01059,-87.66102
42.01055,-87.66114
42.010548,-87.66127
42.010548,-87.661385
42.010525,-87.66154
42.010525,-87.661766
42.01054,-87.66192
42.010536,-87.66204
42.010513,-87.66218
42.010487,-87.6623
42.010544,-87.6624
42.010624,-87.66244
42.01071,-87.66247
42.010796,-87.66248
42.010952,-87.66251
42.011093,-87.662544
42.01119,-87.66257
42.01128,-87.66259
42.011368,-87.662605
42.011467,-87.66262
42.01155,-87.66264
42.01163,-87.66267
42.011745,-87.66272
42.011852,-87.66277
42.01198,-87.66283
42.012123,-87.66292
42.012196,-87.66296
42.012276,-87.662994
42.012356,-87.663025
42.01245,-87.66308
42.012543,-87.6631
42.012623,-87.66313
42.01271,-87.66315
42.0128,-87.663155
42.012787,-87.66326
42.012875,-87.66332
42.01297,-87.66337
42.013077,-87.663414
42.013157,-87.66349
42.01323,-87.66354
42.013317,-87.663605
42.01341,-87.66366
42.013504,-87.66369
42.01361,-87.663704
42.01372,-87.66372
42.013817,-87.663765
42.013893,-87.66382
42.01398,-87.6639
42.014065,-87.66398
42.014137,-87.66404
42.014248,-87.66411
42.01433,-87.664154
42.014423,-87.6642
42.01451,-87.664215
42.01459,-87.66424
42.01467,-87.66427
42.014774,-87.66432
42.014854,-87.66435
42.014942,-87.66438
42.015015,-87.664444
42.0151,-87.66453
42.015163,-87.664604
42.01525,-87.66466
42.01533,-87.66472
42.01541,-87.66478
42.015514,-87.6648
42.015594,-87.66482
42.015682,-87.664825
42.015774,-87.664825
42.015858,-87.66483
42.01597,-87.66485
42.016056,-87.6649
42.016144,-87.66494
42.016224,-87.66497
42.0163,-87.66501
42.01641,-87.665016
42.01651,-87.66504
42.016613,-87.66508
42.0167,-87.66509
42.01679,-87.665115
42.016884,-87.66513
42.016975,-87.66516
42.01705,-87.6652
42.01715,-87.66524
42.017242,-87.66526
42.01735,-87.66526
42.01745,-87.665276
42.017555,-87.66529
42.01765,-87.66531
42.017765,-87.66535
42.017857,-87.66541
42.01795,-87.66546
42.018036,-87.66548
42.01813,-87.665504
42.018253,-87.66553
42.018333,-87.66554
42.018448,-87.66557
42.018555,-87.66562
42.018665,-87.66567
42.01876,-87.66572
42.01885,-87.66574
42.018932,-87.665764
42.019024,-87.665794
42.019123,-87.66581
42.01921,-87.66585
42.019314,-87.66588
42.019413,-87.665886
42.019485,-87.66593
42.019573,-87.66594
42.019684,-87.66593
42.01978,-87.66594
42.01986,-87.66596
42.019962,-87.666
42.020035,-87.66605
42.020115,-87.666115
42.020206,-87.66614
42.020298,-87.66612
42.02039,-87.66616
42.02045,-87.66608
42.020515,-87.66596
42.020557,-87.66585
42.020588,-87.66574
42.020657,-87.66563
42.020718,-87.66553
42.020763,-87.66542
42.02081,-87.66532
42.020855,-87.66522
42.020878,-87.66511
42.02095,-87.66502
42.02103,-87.664986
42.021114,-87.66503
42.021202,-87.665085
42.021286,-87.665115
42.02137,-87.66517
42.021446,-87.66522
42.02153,-87.665276
42.02163,-87.66534
42.021717,-87.665375
42.021805,-87.6654
42.021896,-87.665436
42.021984,-87.665504
42.022083,-87.665535
42.022163,-87.66553
42.022274,-87.66554
42.022346,-87.66563
42.02245,-87.66565
42.022545,-87.665665
42.022633,-87.66566
42.022667,-87.66555
42.022747,-87.66544
42.02284,-87.665344
42.022926,-87.665276
42.023033,-87.66524
42.02315,-87.66522
42.023293,-87.66527
42.0234,-87.665306
42.023537,-87.6654
42.023624,-87.665474
42.02371,-87.66553
42.023792,-87.665565
42.023888,-87.66561
42.023994,-87.665665
42.02407,-87.6657
42.024174,-87.66576
42.024258,-87.665794
42.02434,-87.66583
42.02442,-87.66589
42.024513,-87.66595
42.024628,-87.66599
42.024704,-87.66604
42.024807,-87.66609
42.024906,-87.66614
42.025017,-87.6662
42.025097,-87.66624
42.025177,-87.66627
42.02526,-87.666306
42.025356,-87.66636
42.025448,-87.66642
42.02555,-87.666466
42.02566,-87.6665
42.02575,-87.66654
42.025826,-87.66659
42.025917,-87.66664
42.026016,-87.6667
42.02611,-87.66676
42.02617,-87.66684
42.02626,-87.66691
42.026344,-87.66699
42.02643,-87.66707
42.026516,-87.667145
42.026596,-87.66721
42.026676,-87.66728
42.026756,-87.66739
42.02682,-87.66748
42.026894,-87.667564
42.02695,-87.66766
42.026985,-87.66778
42.02701,-87.6679
42.027058,-87.66802
42.02708,-87.66816
42.027122,-87.66835
42.02717,-87.66849
42.027203,-87.66863
42.02724,-87.66875
42.027344,-87.66879
42.027466,-87.66882
42.027588,-87.66886
42.027702,-87.668884
42.02781,-87.66889
42.02793,-87.66889
42.02802,-87.6689
42.02813,-87.668915
42.02821,-87.668945
42.02829,-87.668976
42.02837,-87.66901
42.028477,-87.66906
42.02859,-87.669106
42.028683,-87.66911
42.028797,-87.669106
42.028927,-87.669075
42.02902,-87.66908
42.029133,-87.6691
42.02922,-87.66918
42.029243,-87.669334
42.029243,-87.66947
42.02923,-87.6696
42.029217,-87.66973
42.029205,-87.66985
42.029198,-87.66997
42.029186,-87.670074
42.029167,-87.6702
42.02915,-87.67031
42.029152,-87.67044
42.02922,-87.6705
42.029327,-87.6705
42.029434,-87.6705
42.029526,-87.6705
42.029633,-87.67053
42.029724,-87.67057
42.02983,-87.67057
42.029938,-87.67055
42.030018,-87.670525
42.03015,-87.67049
42.030262,-87.67047
42.030346,-87.670456
42.030476,-87.67044
42.030586,-87.670425
42.03072,-87.6704
42.030834,-87.6704
42.030945,-87.67041
42.03105,-87.670425
42.031155,-87.67044
42.03125,-87.67045
42.03137,-87.67045
42.03146,-87.67044
42.031567,-87.67044
42.03166,-87.67044
42.03174,-87.67043
42.03184,-87.67044
42.031963,-87.670425
42.03206,-87.67042
42.03214,-87.67041
42.03225,-87.670395
42.032352,-87.670395
42.032467,-87.67039
42.032578,-87.67038
42.03269,-87.67037
42.03277,-87.67038
42.03289,-87.6704
42.032986,-87.67041
42.03309,-87.6704
42.033195,-87.67042
42.033306,-87.67043
42.0334,-87.67042
42.033512,-87.67041
42.03364,-87.670395
42.033745,-87.67041
42.03383,-87.67039
42.033916,-87.6704
42.03402,-87.67042
42.03412,-87.67044
42.03421,-87.67048
42.034294,-87.67051
42.034374,-87.67054
42.03447,-87.670555
42.03455,-87.67056
42.034637,-87.67056
42.03475,-87.67056
42.03487,-87.67056
42.034973,-87.67057
42.03509,-87.670616
42.03519,-87.67061
42.035305,-87.67061
42.03539,-87.67062
42.035496,-87.67062
42.03559,-87.670616
42.035656,-87.670525
42.03568,-87.67041
42.035713,-87.67027
42.035805,-87.67022
42.035927,-87.67026
42.03603,-87.6703
42.036106,-87.67034
42.036205,-87.67035
42.03628,-87.6703
42.036366,-87.67029
42.036453,-87.67028
42.036552,-87.67026
42.03665,-87.670296
42.03676,-87.67035
42.036907,-87.67037
42.03703,-87.67037
42.037113,-87.67037
42.0372,-87.67035
42.037285,-87.67033
42.03737,-87.67032
42.037457,-87.67031
42.037563,-87.6703
42.03766,-87.6703
42.037754,-87.6703
42.037846,-87.67028
42.037937,-87.67026
42.03803,-87.67024
42.03814,-87.67022
42.03825,-87.67018
42.038338,-87.670166
42.038418,-87.67021
42.038494,-87.67026
42.03858,-87.670296
42.038708,-87.670296
42.038795,-87.67031
42.038876,-87.67033
42.038986,-87.67033
42.03908,-87.67031
42.039165,-87.67028
42.039246,-87.670204
42.039337,-87.670166
42.039436,-87.67014
42.03952,-87.67012
42.039604,-87.670135
42.039696,-87.670166
42.039783,-87.670166
42.03988,-87.67015
42.039993,-87.67013
42.040104,-87.67009
42.040226,-87.67008
42.04031,-87.67019
42.040405,-87.6703
42.040504,-87.67037
42.04062,-87.670425
42.0407,-87.67044
42.040783,-87.670456
42.04088,-87.670456
42.04096,-87.67053
42.041058,-87.67058
42.041183,-87.670654
42.04129,-87.670715
42.04137,-87.67076
42.041447,-87.6708
42.041527,-87.67084
42.041634,-87.6709
42.041744,-87.67096
42.04185,-87.67102
42.041973,-87.671074
42.04206,-87.67113
42.042137,-87.67117
42.042217,-87.67122
42.0423,-87.67125
42.042385,-87.67132
42.042458,-87.67136
42.042534,-87.67141
42.042603,-87.67149
42.04265,-87.6716
42.042667,-87.671745
42.042686,-87.67187
42.042736,-87.672
42.04283,-87.67208
42.042908,-87.67215
42.042984,-87.67226
42.04305,-87.67233
42.04317,-87.67243
42.04328,-87.672485
42.043365,-87.6725
42.04345,-87.67252
42.04355,-87.672585
42.04363,-87.672646
42.043716,-87.67277
42.043823,-87.6728
42.043903,-87.67282
42.043987,-87.67282
42.044075,-87.67284
42.04419,-87.67286
42.044273,-87.672874
42.044376,-87.67289
42.044483,-87.67292
42.044598,-87.67296
42.04468,-87.67299
42.04476,-87.67303
42.044834,-87.67308
42.04491,-87.67319
42.04499,-87.67326
42.045094,-87.67334
42.0452,-87.6734
42.045288,-87.67347
42.045383,-87.673546
42.045498,-87.67359
42.0456,-87.673615
42.045692,-87.67363
42.045776,-87.67364
42.04591,-87.67367
42.045994,-87.67369
42.046085,-87.67372
42.046177,-87.67374
42.046257,-87.67377
42.046375,-87.67382
42.046463,-87.67386
42.04655,-87.673874
42.046703,-87.6739
42.04679,-87.67393
42.04688,-87.67393
42.046986,-87.67393
42.047077,-87.67392
42.047173,-87.67392
42.047268,-87.673935
42.047348,-87.673965
42.047447,-87.67401
42.04757,-87.67405
42.047672,-87.67407
42.047775,-87.674095
42.047863,-87.674126
42.047955,-87.67415
42.048046,-87.67415
42.04814,-87.67419
42.04822,-87.67422
42.048347,-87.67424
42.04845,-87.67425
42.048542,-87.67424
42.04863,-87.67423
42.048725,-87.67424
42.048813,-87.67424
42.048912,-87.67422
42.049004,-87.67419
42.0491,-87.67418
42.04921,-87.67413
42.049294,-87.674095
42.04941,-87.67404
42.049515,-87.67401
42.049618,-87.67397
42.049706,-87.67401
42.049805,-87.67401
42.049904,-87.673996
42.05,-87.67399
42.049908,-87.67402
42.049786,-87.674034
42.04969,-87.674034
42.049606,-87.67404
42.04951,-87.674065
42.04938,-87.6741
42.049305,-87.67415
42.04922,-87.67422
42.049114,-87.674286
42.048965,-87.67431
42.048843,-87.67432
42.048756,-87.67432
42.048668,-87.674324
42.048557,-87.67431
42.048454,-87.674286
42.048367,-87.674286
42.04821,-87.6743
42.048126,-87.67429
42.04804,-87.67428
42.047947,-87.67425
42.047855,-87.67422
42.04776,-87.67418
42.047672,-87.67415
42.04759,-87.67411
42.047474,-87.67409
42.047398,-87.67404
42.047318,-87.674
42.047234,-87.67398
42.04714,-87.673965
42.047043,-87.67396
42.046947,-87.673965
42.046864,-87.673965
42.046772,-87.673965
42.04669,-87.673965
42.04655,-87.67391
42.046455,-87.67391
42.046356,-87.673874
42.046246,-87.673836
42.04616,-87.67381
42.046078,-87.673775
42.045994,-87.67375
42.045895,-87.67372
42.045803,-87.67371
42.045723,-87.6737
42.045628,-87.67368
42.045536,-87.67367
42.045452,-87.67364
42.04536,-87.67355
42.04526,-87.673515
42.045177,-87.67347
42.04509,-87.67343
42.044964,-87.673386
42.044903,-87.673294
42.044796,-87.67319
42.044724,-87.67312
42.044655,-87.67304
42.04451,-87.673
42.04443,-87.672966
42.04435,-87.672935
42.044266,-87.67291
42.044167,-87.672905
42.04407,-87.67289
42.04398,-87.67289
42.043865,-87.672844
42.04379,-87.672806
42.043716,-87.67276
42.04361,-87.67273
42.043533,-87.672615
42.04344,-87.67257
42.043346,-87.67253
42.043247,-87.672485
42.04317,-87.67244
42.04308,-87.672386
42.042995,-87.67234
42.04288,-87.67226
42.042786,-87.67215
42.042686,-87.672005
42.042667,-87.67188
42.042645,-87.671776
42.042618,-87.67167
42.04257,-87.67156
42.04247,-87.67148
42.04236,-87.6714
42.04228,-87.67134
42.0422,-87.67131
42.042118,-87.67127
42.04202,-87.67123
42.041943,-87.67118
42.04186,-87.671135
42.041775,-87.67109
42.04167,-87.67104
42.041595,-87.67097
42.04151,-87.67091
42.041412,-87.6709
42.04132,-87.67085
42.041233,-87.67079
42.04115,-87.67075
42.041046,-87.67067
42.040974,-87.6706
42.040894,-87.67053
42.04078,-87.67049
42.040672,-87.67043
42.04056,-87.67039
42.04046,-87.67033
42.040382,-87.67027
42.040314,-87.6702
42.04025,-87.67012
42.040146,-87.670105
42.040043,-87.67011
42.039967,-87.67014
42.03988,-87.6702
42.039753,-87.670235
42.03963,-87.67023
42.039516,-87.67021
42.039402,-87.6702
42.039314,-87.67022
42.039246,-87.67028
42.039165,-87.67031
42.039085,-87.67036
42.038967,-87.67036
42.038883,-87.67035
42.038765,-87.670334
42.038677,-87.670334
42.038563,-87.670334
42.038467,-87.67027
42.038376,-87.67024
42.038296,-87.67023
42.038216,-87.67027
42.038094,-87.670334
42.03799,-87.67036
42.03788,-87.67037
42.037796,-87.67039
42.037636,-87.67038
42.037533,-87.67038
42.037415,-87.67038
42.037296,-87.67037
42.037178,-87.67038
42.03706,-87.670395
42.036957,-87.670395
42.036842,-87.67038
42.036724,-87.67038
42.03661,-87.67035
42.03649,-87.67034
42.036377,-87.67035
42.036278,-87.67038
42.036167,-87.67041
42.036064,-87.67041
42.035957,-87.67038
42.035847,-87.67034
42.035744,-87.67031
42.035656,-87.6703
42.03575,-87.67028
42.035862,-87.670296
42.03597,-87.670334
42.036068,-87.67037
42.03617,-87.6704
42.03626,-87.67041
42.03634,-87.67037
42.036453,-87.67033
42.03654,-87.67031
42.036625,-87.6703
42.03671,-87.67031
42.036793,-87.67032
42.03688,-87.67033
42.036964,-87.670334
42.03705,-87.670334
42.03715,-87.670334
42.037277,-87.670334
42.037365,-87.67033
42.037445,-87.67032
42.03753,-87.67032
42.037617,-87.670296
42.037724,-87.670296
42.037838,-87.6703
42.03793,-87.6703
42.038033,-87.6703
42.038116,-87.67029
42.038208,-87.67026
42.038296,-87.67025
42.038387,-87.67025
42.03848,-87.67027
42.03855,-87.67033
42.03865,-87.67032
42.03874,-87.67032
42.038822,-87.67032
42.03893,-87.6703
42.03903,-87.67027
42.03912,-87.670235
42.039223,-87.6702
42.039307,-87.670135
42.0394,-87.6701
42.039486,-87.6701
42.039577,-87.670135
42.03966,-87.67017
42.03976,-87.670166
42.03988,-87.67016
42.039963,-87.67011
42.040047,-87.670074
42.040142,-87.67007
42.04023,-87.670074
42.040325,-87.67016
42.0404,-87.67023
42.040493,-87.67028
42.040627,-87.67031
42.04075,-87.670364
42.04083,-87.67041
42.04093,-87.67048
42.041027,-87.67055
42.04112,-87.67064
42.041233,-87.67071
42.041317,-87.670746
42.0414,-87.670784
42.041523,-87.67085
42.041595,-87.67089
42.041676,-87.67094
42.04175,-87.67099
42.041832,-87.67106
42.04191,-87.67111
42.042004,-87.67114
42.042118,-87.67119
42.0422,-87.67123
42.042274,-87.671265
42.042377,-87.67135
42.042458,-87.6714
42.042557,-87.67147
42.042606,-87.67157
42.042625,-87.67168
42.04267,-87.67182
42.04271,-87.67197
42.0428,-87.67212
42.042866,-87.67219
42.042927,-87.67227
42.043003,-87.67233
42.043076,-87.672386
42.043167,-87.67243
42.04326,-87.67247
42.043343,-87.672516
42.043423,-87.67255
42.0435,-87.6726
42.04357,-87.67266
42.043648,-87.672714
42.04372,-87.67277
42.043797,-87.672806
42.043888,-87.67284
42.044014,-87.672844
42.044098,-87.67287
42.0442,-87.672874
42.044304,-87.6729
42.044422,-87.67289
42.044518,-87.67291
42.04463,-87.67296
42.044727,-87.67302
42.044804,-87.67309
42.04487,-87.67315
42.04494,-87.67322
42.04501,-87.67328
42.04508,-87.67334
42.04518,-87.673416
42.04528,-87.673485
42.04536,-87.67352
42.04544,-87.67356
42.045544,-87.673584
42.045666,-87.673615
42.045753,-87.67363
42.045837,-87.67364
42.045967,-87.673676
42.04608,-87.67371
42.046185,-87.673744
42.04627,-87.673775
42.046352,-87.673805
42.046436,-87.67384
42.04655,-87.67389
42.04664,-87.67393
42.046722,-87.673935
42.04682,-87.67395
42.046913,-87.673935
42.04702,-87.67393
42.047108,-87.67393
42.047207,-87.67395
42.047302,-87.67397
42.047394,-87.674
42.04749,-87.67403
42.047573,-87.674034
42.047676,-87.674034
42.0478,-87.674065
42.047886,-87.67409
42.047974,-87.67411
42.048065,-87.67414
42.048145,-87.67419
42.04825,-87.67421
42.048355,-87.67422
42.048447,-87.67423
42.048534,-87.67424
42.04858,-87.67434
42.04855,-87.67446
42.04855,-87.67458
42.048557,-87.67471
42.04857,-87.67486
42.0486,-87.67502
42.048595,-87.675125
42.048603,-87.67527
42.048637,-87.67539
42.04867,-87.675514
42.04872,-87.67565
42.04875,-87.675766
42.04878,-87.67587
42.04882,-87.675995
42.04885,-87.67611
42.048878,-87.67624
42.048904,-87.676384
42.04894,-87.6765
42.04897,-87.67662
42.048992,-87.676735
42.049015,-87.67684
42.049053,-87.67696
42.049095,-87.67709
42.049137,-87.67724
42.049164,-87.67736
42.04919,-87.67747
42.049232,-87.67759
42.049267,-87.677704
42.049294,-87.67784
42.04931,-87.67796
42.04934,-87.67807
42.04937,-87.678185
42.049397,-87.6783
42.049435,-87.678444
42.04947,-87.67856
42.049465,-87.67869
42.049473,-87.6788
42.04944,-87.67883
42.048325,-87.674324
42.042713,-87.67248
42.042683,-87.67153
42.042427,-87.67115
42.041218,-87.67055
42.04042,-87.670074
42.03564,-87.67038
42.040276,-87.67029
42.042637,-87.67134
42.042706,-87.672295
42.04286,-87.67239
42.048466,-87.6743
42.050076,-87.67422
42.050423,-87.67456
42.050426,-87.67456
42.050594,-87.67454
42.05173,-87.67437
42.052402,-87.674194
42.05269,-87.67336
42.052822,-87.67323
42.053307,-87.67308
42.05374,-87.67314
42.053753,-87.672485
42.0537,-87.6721
42.053738,-87.67182
42.0537,-87.671715
42.053528,-87.67166
42.05313,-87.671715
42.05288,-87.67166
42.052578,-87.671524
42.05252,-87.6713
42.05252,-87.6703
42.05217,-87.67014
42.0521,-87.670006
42.0521,-87.6698
42.05214,-87.66966
42.052227,-87.66959
42.05267,-87.669876
42.05303,-87.67004
42.0532,-87.6701
42.05344,-87.670135
42.053795,-87.67017
42.054646,-87.67032
42.0548,-87.67034
42.05512,-87.67036
42.055725,-87.67047
42.05601,-87.6705
42.05566,-87.670906
42.055645,-87.67129
42.055645,-87.671646
42.055534,-87.67174
42.05543,-87.67171
42.05524,-87.67158
42.05502,-87.67139
42.05472,-87.67095
42.054558,-87.67071
42.054382,-87.67063
42.054123,-87.67056
42.05389,-87.670555
42.053783,-87.67056
42.0537,-87.67051
42.053112,-87.67049
42.05261,-87.67031
42.05256,-87.6703
42.052517,-87.67031
42.052547,-87.67136
42.052612,-87.671555
42.052937,-87.67169
42.053497,-87.671646
42.053658,-87.67168
42.05374,-87.67177
42.0537,-87.67206
42.053764,-87.67243
42.053745,-87.67321
42.05376,-87.67339
42.052765,-87.6734
42.052677,-87.673645
42.052685,-87.67403
42.052483,-87.67424
42.052258,-87.67427
42.05192,-87.674355
42.051525,-87.674484
42.051147,-87.674576
42.050926,-87.67457
42.05076,-87.674614
42.050617,-87.67463
42.05043,-87.67462
42.050385,-87.67466
42.05052,-87.6752
42.051086,-87.67722
42.051117,-87.67734
42.050613,-87.67758
42.04952,-87.67812
42.049427,-87.67818
42.049557,-87.67873
42.052914,-87.67351
42.05282,-87.67364
42.05293,-87.67364
42.05303,-87.67366
42.053135,-87.67366
42.05327,-87.67362
42.053413,-87.67356
42.053535,-87.673515
42.05367,-87.67351
42.053764,-87.67349
42.05386,-87.67349
42.053955,-87.673485
42.054035,-87.67349
42.054134,-87.67353
42.054234,-87.67359
42.054317,-87.67364
42.054382,-87.67371
42.054344,-87.67381
42.054237,-87.67378
42.054165,-87.67374
42.054092,-87.67366
42.053974,-87.67355
42.05392,-87.673454
42.05389,-87.67333
42.053844,-87.673225
42.053806,-87.67312
42.053772,-87.673004
42.053764,-87.67287
42.05376,-87.67274
42.053753,-87.672615
42.053745,-87.67249
42.053726,-87.67238
42.05371,-87.67227
42.0537,-87.67216
42.053745,-87.672
42.053764,-87.671844
42.05376,-87.67172
42.053722,-87.671585
42.05365,-87.67151
42.053555,-87.67147
42.05344,-87.67151
42.05332,-87.67153
42.053215,-87.6716
42.053116,-87.671646
42.053024,-87.67166
42.05293,-87.67168
42.05285,-87.6717
42.052765,-87.67172
42.05265,-87.671715
42.052547,-87.671684
42.052498,-87.67158
42.05249,-87.67147
42.052505,-87.671326
42.05253,-87.67122
42.052555,-87.67111
42.05251,-87.67098
42.05251,-87.67087
42.052513,-87.67074
42.052525,-87.67061
42.052532,-87.67049
42.052525,-87.67037
42.052444,-87.670296
42.052338,-87.67026
42.052254,-87.67022
42.052177,-87.67016
42.05213,-87.67005
42.052128,-87.669914
42.05214,-87.66979
42.052174,-87.66967
42.052246,-87.66961
42.05235,-87.669655
42.05242,-87.66972
42.052498,-87.66979
42.052605,-87.66987
42.052704,-87.66992
42.0528,-87.66996
42.052887,-87.66998
42.052975,-87.67003
42.053066,-87.67007
42.053165,-87.6701
42.053265,-87.67013
42.053364,-87.67016
42.053467,-87.670166
42.05358,-87.670166
42.05367,-87.670166
42.05376,-87.670166
42.053905,-87.6702
42.05401,-87.67019
42.054115,-87.670204
42.05422,-87.67022
42.054317,-87.670235
42.05442,-87.67024
42.054516,-87.670235
42.054653,-87.67027
42.054745,-87.67032
42.054836,-87.67034
42.054947,-87.670364
42.05503,-87.67035
42.05512,-87.67031
42.055225,-87.67033
42.05532,-87.67034
42.05541,-87.670364
42.05551,-87.67038
42.055603,-87.670395
42.055687,-87.67041
42.055775,-87.67043
42.05586,-87.67044
42.055943,-87.670456
42.056023,-87.67048
42.05614,-87.67049
42.056263,-87.67048
42.056374,-87.67045
42.056488,-87.67042
42.056576,-87.67041
42.05667,-87.670425
42.05675,-87.67041
42.05684,-87.67039
42.05693,-87.67038
42.05702,-87.67035
42.057102,-87.67031
42.057224,-87.67029
42.057312,-87.670296
42.057396,-87.67029
42.057484,-87.67026
42.05757,-87.67025
42.057667,-87.67026
42.05775,-87.67025
42.05783,-87.67022
42.057945,-87.67021
42.05803,-87.670204
42.058155,-87.67019
42.058235,-87.67015
42.05835,-87.670135
42.058437,-87.67016
42.058525,-87.670166
42.058605,-87.67015
42.05869,-87.67014
42.05877,-87.67014
42.05888,-87.67015
42.058968,-87.67023
42.05897,-87.67035
42.058964,-87.67047
42.058968,-87.67061
42.05897,-87.670746
42.058968,-87.67087
42.058968,-87.67098
42.058964,-87.6711
42.058964,-87.67122
42.05897,-87.67134
42.059013,-87.67148
42.059063,-87.6716
42.059086,-87.671715
42.059097,-87.671844
42.05909,-87.67198
42.05907,-87.67209
42.059048,-87.67223
42.059025,-87.67234
42.059025,-87.67246
42.059036,-87.6726
42.059048,-87.67273
42.05906,-87.67286
42.059063,-87.673
42.059067,-87.67314
42.059074,-87.67327
42.05907,-87.6734
42.059086,-87.67352
42.05911,-87.67364
42.059128,-87.673775
42.05913,-87.67391
42.05913,-87.674034
42.059216,-87.674065
42.059303,-87.67404
42.059402,-87.67404
42.059486,-87.67404
42.05957,-87.67404
42.059654,-87.674034
42.059734,-87.67402
42.059834,-87.67401
42.059933,-87.67401
42.060024,-87.67403
42.06014,-87.674034
42.06024,-87.67405
42.060333,-87.67406
42.06042,-87.67405
42.060528,-87.67405
42.060616,-87.67407
42.060696,-87.67412
42.060776,-87.67415
42.06088,-87.67414
42.06097,-87.67413
42.061073,-87.674126
42.061184,-87.67412
42.06128,-87.6741
42.06139,-87.674095
42.0615,-87.67409
42.061596,-87.67413
42.061646,-87.67424
42.06166,-87.67437
42.06167,-87.67449
42.06167,-87.674614
42.061672,-87.67474
42.06167,-87.67485
42.061672,-87.674995
42.061672,-87.675125
42.06168,-87.67524
42.061703,-87.67537
42.061707,-87.67548
42.061703,-87.67561
42.061703,-87.67572
42.0617,-87.67586
42.06169,-87.67599
42.061695,-87.676125
42.0617,-87.676254
42.061695,-87.67638
42.061687,-87.67649
42.061695,-87.67661
42.061695,-87.67676
42.0617,-87.67689
42.061764,-87.67697
42.061874,-87.676956
42.061966,-87.67694
42.062057,-87.67693
42.062138,-87.67693
42.062225,-87.67694
42.062336,-87.67694
42.06244,-87.67693
42.062546,-87.676926
42.062634,-87.676926
42.062725,-87.676926
42.062817,-87.6769
42.0629,-87.6769
42.06298,-87.676926
42.063087,-87.67693
42.063187,-87.67692
42.063297,-87.67691
42.06341,-87.6769
42.06352,-87.676895
42.06364,-87.676895
42.06375,-87.6769
42.06385,-87.6769
42.06397,-87.676926
42.064056,-87.67694
42.064144,-87.67696
42.06423,-87.67699
42.06435,-87.67704
42.06443,-87.67707
42.064575,-87.67714
42.064655,-87.6772
42.064747,-87.67725
42.064823,-87.67729
42.064926,-87.67731
42.065014,-87.677345
42.065117,-87.67739
42.065205,-87.677414
42.065296,-87.67746
42.065376,-87.677505
42.065456,-87.67755
42.065567,-87.6776
42.065678,-87.677635
42.065777,-87.67767
42.06586,-87.67771
42.065964,-87.677765
42.066067,-87.67781
42.066166,-87.67785
42.06626,-87.677895
42.06636,-87.67793
42.06647,-87.67797
42.066563,-87.67803
42.06665,-87.678085
42.066753,-87.67811
42.066845,-87.67815
42.066944,-87.678185
42.067036,-87.67822
42.067116,-87.67827
42.067204,-87.6783
42.0673,-87.67835
42.06739,-87.6784
42.0675,-87.67846
42.067616,-87.678505
42.067696,-87.67854
42.06781,-87.67858
42.067924,-87.67862
42.068005,-87.678635
42.06811,-87.67867
42.068214,-87.67872
42.06832,-87.67877
42.068428,-87.67881
42.06853,-87.678856
42.068626,-87.6789
42.06871,-87.67892
42.068745,-87.67905
42.06874,-87.67919
42.06874,-87.679344
42.068737,-87.6795
42.068733,-87.67965
42.06874,-87.67977
42.068752,-87.679886
42.068768,-87.68001
42.06876,-87.68012
42.06876,-87.680244
42.068764,-87.68035
42.068768,-87.6805
42.06876,-87.68062
42.068752,-87.680756
42.068752,-87.680885
42.068756,-87.681
42.068756,-87.681114
42.068768,-87.68126
42.06879,-87.6814
42.068798,-87.68153
42.068794,-87.68164
42.0688,-87.681786
42.068806,-87.68191
42.068798,-87.682014
42.068794,-87.68216
42.068787,-87.68229
42.068775,-87.68246
42.068787,-87.68259
42.068806,-87.68271
42.068848,-87.682816
42.068806,-87.68268
42.0688,-87.68254
42.06879,-87.6824
42.0688,-87.6823
42.068817,-87.68216
42.06881,-87.682045
42.068794,-87.6819
42.068783,-87.68176
42.06877,-87.68163
42.06877,-87.68152
42.06877,-87.68135
42.06877,-87.681244
42.068775,-87.68113
42.068787,-87.68098
42.068787,-87.68083
42.068783,-87.680725
42.06878,-87.68061
42.068783,-87.68049
42.068787,-87.68037
42.06877,-87.68022
42.068764,-87.68008
42.068783,-87.67993
42.068787,-87.67979
42.068775,-87.67963
42.068764,-87.67946
42.06875,-87.67932
42.06873,-87.679184
42.068756,-87.67907
42.0687,-87.67899
42.068615,-87.67897
42.068512,-87.67894
42.06841,-87.67891
42.06832,-87.67886
42.068226,-87.678825
42.06812,-87.67878
42.068012,-87.67874
42.067917,-87.67869
42.06782,-87.678635
42.067722,-87.67861
42.06764,-87.67858
42.067554,-87.67854
42.067463,-87.6785
42.06737,-87.67845
42.067295,-87.6784
42.067215,-87.67837
42.06713,-87.67834
42.067043,-87.67829
42.066936,-87.67824
42.06684,-87.67819
42.066746,-87.67817
42.06665,-87.67817
42.06656,-87.678116
42.066463,-87.678085
42.066376,-87.67806
42.06628,-87.678024
42.066185,-87.67797
42.066093,-87.67793
42.065994,-87.677895
42.06591,-87.677864
42.065815,-87.677826
42.065735,-87.67777
42.065647,-87.67772
42.065567,-87.67767
42.065483,-87.677635
42.06538,-87.6776
42.065277,-87.67754
42.065174,-87.6775
42.065067,-87.677475
42.064953,-87.67742
42.064842,-87.67736
42.064735,-87.67731
42.064632,-87.67727
42.064533,-87.67723
42.064434,-87.67717
42.064323,-87.67712
42.06422,-87.67705
42.06412,-87.67699
42.064014,-87.67698
42.063908,-87.676994
42.063793,-87.677
42.063675,-87.67699
42.063576,-87.677025
42.06349,-87.677
42.063393,-87.677
42.063293,-87.677
42.063194,-87.67702
42.063076,-87.677025
42.06298,-87.677025
42.062878,-87.67702
42.06277,-87.67703
42.06267,-87.677025
42.06258,-87.67703
42.062492,-87.67704
42.062386,-87.67703
42.062286,-87.67703
42.062183,-87.67704
42.062077,-87.67703
42.061962,-87.67704
42.061863,-87.67703
42.061768,-87.67702
42.061665,-87.67702
42.06156,-87.67701
42.061462,-87.676994
42.061363,-87.67698
42.061253,-87.67699
42.06115,-87.676994
42.06104,-87.677
42.060925,-87.677
42.06082,-87.677
42.06071,-87.677
42.0606,-87.677
42.060482,-87.676994
42.060368,-87.677
42.060253,-87.67702
42.06009,-87.67702
42.06001,-87.67701
42.059895,-87.677
42.059772,-87.67701
42.059658,-87.67702
42.05955,-87.67704
42.05946,-87.67705
42.059372,-87.67705
42.059273,-87.677025
42.059166,-87.67701
42.059067,-87.67702
42.058964,-87.677
42.058872,-87.67699
42.058765,-87.67697
42.058685,-87.67699
42.058563,-87.67702
42.058483,-87.677025
42.058376,-87.677025
42.05828,-87.67704
42.05819,-87.67705
42.058086,-87.677055
42.05798,-87.67705
42.057884,-87.67705
42.057755,-87.677025
42.057648,-87.67703
42.05756,-87.67705
42.057453,-87.677055
42.057365,-87.677055
42.057266,-87.67705
42.057182,-87.67703
42.0571,-87.67703
42.056995,-87.677025
42.056896,-87.67702
42.05679,-87.67702
42.056683,-87.67703
42.056587,-87.677055
42.0565,-87.677055
42.05641,-87.67705
42.05628,-87.67705
42.05617,-87.677055
42.056076,-87.67707
42.055973,-87.67707
42.055874,-87.67708
42.05577,-87.67708
42.055645,-87.67709
42.05556,-87.67709
42.055447,-87.67708
42.055347,-87.67707
42.05525,-87.67707
42.055138,-87.67706
42.055023,-87.67705
42.054928,-87.67704
42.054825,-87.677055
42.054737,-87.67706
42.05464,-87.67707
42.054558,-87.67707
42.05446,-87.67708
42.054363,-87.67708
42.05427,-87.67708
42.054176,-87.67709
42.054066,-87.67711
42.053955,-87.67712
42.05385,-87.67711
42.053745,-87.67711
42.053642,-87.6771
42.053535,-87.6771
42.053375,-87.67712
42.053276,-87.67712
42.05318,-87.6771
42.053074,-87.67709
42.052963,-87.6771
42.052853,-87.677124
42.052746,-87.67713
42.052643,-87.677124
42.052544,-87.67712
42.052452,-87.67712
42.052364,-87.67712
42.052258,-87.67712
42.05215,-87.67714
42.05204,-87.67715
42.051945,-87.677155
42.05185,-87.677155
42.051743,-87.67716
42.051636,-87.67717
42.051548,-87.67717
42.051453,-87.67717
42.051346,-87.67717
42.05124,-87.67715
42.051132,-87.67708
42.05107,-87.677
42.05103,-87.6769
42.051,-87.676796
42.050972,-87.67669
42.05094,-87.67658
42.05091,-87.67644
42.05087,-87.67629
42.05082,-87.67616
42.050777,-87.676025
42.050743,-87.67587
42.050713,-87.67571
42.05069,-87.675606
42.05066,-87.67551
42.05063,-87.6754
42.05059,-87.67526
42.05055,-87.67513
42.050507,-87.67499
42.05048,-87.67487
42.05044,-87.674774
42.050407,-87.67466
42.050377,-87.674545
42.050346,-87.67444
42.050285,-87.67432
42.0502,-87.67423
42.05012,-87.67413
42.050056,-87.673996
42.04997,-87.673965
42.04985,-87.67397
42.049732,-87.67398
42.049614,-87.67402
42.04953,-87.674034
42.049446,-87.674065
42.049362,-87.67409
42.049286,-87.674126
42.049187,-87.67418
42.049095,-87.67423
42.04899,-87.67428
42.048897,-87.67431
42.048813,-87.67433
42.0487,-87.67434
42.048615,-87.67435
42.048492,-87.67434
42.048374,-87.67433
42.04829,-87.67433
42.048206,-87.674324
42.048065,-87.67428
42.04798,-87.67425
42.047897,-87.67419
42.04782,-87.67414
42.047707,-87.67413
42.047592,-87.6741
42.04749,-87.67409
42.047398,-87.674065
42.047302,-87.67404
42.04722,-87.674034
42.04711,-87.67403
42.046978,-87.67401
42.046852,-87.67398
42.046703,-87.67396
42.0466,-87.67395
42.046513,-87.67392
42.046333,-87.67384
42.046238,-87.67382
42.046127,-87.67378
42.04605,-87.673744
42.04597,-87.673706
42.045887,-87.67368
42.045784,-87.67367
42.04568,-87.67366
42.045567,-87.673645
42.045483,-87.67362
42.045364,-87.67358
42.045254,-87.67352
42.045174,-87.67348
42.04507,-87.67339
42.04497,-87.67331
42.044903,-87.67324
42.044834,-87.67318
42.044765,-87.67312
42.04469,-87.67306
42.04458,-87.67299
42.044495,-87.67295
42.044415,-87.67292
42.044334,-87.67289
42.044247,-87.672874
42.04415,-87.672874
42.044067,-87.67287
42.043972,-87.67287
42.043877,-87.67286
42.04366,-87.67277
42.043568,-87.672676
42.043488,-87.67264
42.04336,-87.6726
42.043266,-87.67255
42.04318,-87.6725
42.043106,-87.672424
42.043026,-87.67236
42.042965,-87.67228
42.042896,-87.67221
42.042793,-87.67211
42.04274,-87.671974
42.04271,-87.671814
42.042667,-87.67169
42.042583,-87.67156
42.04246,-87.67146
42.042355,-87.67141
42.042244,-87.67136
42.042168,-87.6713
42.042088,-87.67125
42.04201,-87.671196
42.041897,-87.67113
42.041782,-87.67106
42.041702,-87.67101
42.041622,-87.67096
42.041523,-87.670906
42.04141,-87.67083
42.041317,-87.6708
42.041214,-87.67074
42.0411,-87.67068
42.04101,-87.67061
42.040924,-87.67055
42.04084,-87.67051
42.04074,-87.67046
42.04063,-87.670425
42.040527,-87.67039
42.040424,-87.67033
42.04035,-87.670265
42.04025,-87.67018
42.040123,-87.67012
42.040035,-87.67011
42.039948,-87.67013
42.03986,-87.67015
42.039783,-87.67019
42.039665,-87.67024
42.039562,-87.67024
42.039417,-87.67022
42.039295,-87.67024
42.03921,-87.67028
42.03913,-87.67031
42.039047,-87.67034
42.038967,-87.67036
42.03885,-87.670364
42.03874,-87.67036
42.038635,-87.670334
42.03849,-87.670265
42.038406,-87.67023
42.03831,-87.67022
42.038223,-87.67024
42.038143,-87.67028
42.03804,-87.67033
42.03793,-87.67034
42.037846,-87.67036
42.037758,-87.670395
42.03767,-87.67039
42.03757,-87.67042
42.037445,-87.670395
42.03736,-87.670395
42.037247,-87.67038
42.037132,-87.67038
42.037052,-87.67038
42.036934,-87.67038
42.036854,-87.67038
42.03677,-87.67038
42.036682,-87.67037
42.036526,-87.67035
42.036407,-87.670334
42.036297,-87.670364
42.03614,-87.670395
42.036026,-87.670395
42.035908,-87.670364
42.0358,-87.67034
42.035694,-87.67031
42.035606,-87.67033
42.035645,-87.67023
42.03577,-87.67022
42.035873,-87.67026
42.035973,-87.67029
42.03606,-87.670334
42.036148,-87.670364
42.036232,-87.67037
42.036316,-87.670364
42.036404,-87.67035
42.03649,-87.67033
42.036575,-87.6703
42.03666,-87.67031
42.036835,-87.67035
42.036934,-87.670364
42.037052,-87.67035
42.03716,-87.67032
42.037247,-87.67034
42.03736,-87.67035
42.037453,-87.67036
42.0376,-87.670364
42.0377,-87.67037
42.037796,-87.67038
42.037884,-87.67038
42.038006,-87.670364
42.03817,-87.67032
42.038265,-87.67028
42.038452,-87.67024
42.038544,-87.67026
42.03863,-87.67031
42.038727,-87.67035
42.038815,-87.67036
42.038895,-87.670364
42.039,-87.67034
42.039104,-87.6703
42.039204,-87.67024
42.039288,-87.6702
42.039383,-87.670166
42.039482,-87.67014
42.03965,-87.670204
42.039738,-87.67026
42.039845,-87.67025
42.03992,-87.670204
42.040024,-87.67014
42.040134,-87.67008
42.04024,-87.670074
42.04034,-87.67013
42.04042,-87.67021
42.0405,-87.6703
42.040573,-87.67037
42.040672,-87.670425
42.040787,-87.67045
42.040867,-87.67049
42.04095,-87.67052
42.041073,-87.67059
42.041172,-87.67067
42.041245,-87.670746
42.041325,-87.6708
42.041424,-87.670845
42.04152,-87.670906
42.04162,-87.67096
42.041725,-87.67101
42.04183,-87.671074
42.04194,-87.671135
42.042046,-87.67119
42.042126,-87.67123
42.042213,-87.67128
42.042294,-87.67132
42.042377,-87.67135
42.042454,-87.671394
42.042557,-87.67147
42.042686,-87.67157
42.04272,-87.6717
42.042732,-87.67185
42.04276,-87.67198
42.042812,-87.672104
42.04288,-87.67222
42.042973,-87.672325
42.04305,-87.672386
42.043125,-87.67245
42.0432,-87.67249
42.043278,-87.67254
42.043358,-87.67257
42.043472,-87.672585
42.043556,-87.67261
42.043648,-87.672676
42.043716,-87.672745
42.04379,-87.672806
42.043877,-87.67285
42.043964,-87.67288
42.04408,-87.67289
42.04422,-87.67289
42.04431,-87.672905
42.04439,-87.67293
42.044502,-87.67295
42.044605,-87.673
42.044712,-87.67304
42.044792,-87.673096
42.044872,-87.67316
42.04494,-87.673225
42.04502,-87.673325
42.04513,-87.67339
42.04521,-87.673454
42.045307,-87.67352
42.045467,-87.67358
42.04558,-87.67362
42.045696,-87.67367
42.04581,-87.67368
42.045906,-87.6737
42.045998,-87.67371
42.0461,-87.673744
42.04623,-87.67381
42.04636,-87.67387
42.046444,-87.67389
42.046555,-87.67393
42.04667,-87.67398
42.046783,-87.67402
42.0469,-87.674034
42.04699,-87.674034
42.04712,-87.673996
42.04725,-87.67401
42.047363,-87.67404
42.047455,-87.67407
42.047535,-87.6741
42.04765,-87.6741
42.04774,-87.67411
42.04784,-87.674126
42.04794,-87.67415
42.048023,-87.67417
42.048103,-87.67419
42.04821,-87.67424
42.048286,-87.6743
42.048386,-87.67429
42.04847,-87.67427
42.04857,-87.67427
42.048588,-87.67441
42.04858,-87.67453
42.04859,-87.67467
42.048626,-87.67483
42.04863,-87.674934
42.048607,-87.675095
42.04859,-87.67524
42.048626,-87.67537
42.048664,-87.67551
42.048714,-87.67564
42.04876,-87.67574
42.048813,-87.67584
42.048855,-87.67594
42.0489,-87.67607
42.048927,-87.676186
42.04896,-87.67631
42.048977,-87.67643
42.049004,-87.676544
42.049026,-87.67665
42.049057,-87.67677
42.049095,-87.67699
42.049084,-87.67709
42.04911,-87.67724
42.049168,-87.67736
42.049217,-87.67748
42.049248,-87.6776
42.049282,-87.677704
42.04934,-87.677795
42.049393,-87.67789
42.049366,-87.678
42.04939,-87.67813
42.049442,-87.67824
42.049515,-87.6784
42.049538,-87.67852
42.049553,-87.67864
42.049572,-87.67877
42.0496,-87.67888
42.049618,-87.678986
