42.11846,-88.05271
42.11842,-88.05279
42.118477,-88.052704
42.118484,-88.05256
42.11848,-88.05245
42.11847,-88.05233
42.11847,-88.05221
42.11846,-88.05208
42.118473,-88.05194
42.118523,-88.05186
42.11862,-88.05183
42.118736,-88.05182
42.118843,-88.05179
42.11894,-88.05175
42.119022,-88.05166
42.119087,-88.05154
42.119144,-88.051414
42.119186,-88.05129
42.119213,-88.05116
42.119244,-88.05103
42.11927,-88.05089
42.119274,-88.05074
42.11928,-88.05059
42.119297,-88.05045
42.11931,-88.0503
42.119312,-88.05013
42.119328,-88.04998
42.119343,-88.04983
42.11935,-88.04969
42.119354,-88.04954
42.119358,-88.04939
42.11936,-88.049255
42.11937,-88.04913
42.11937,-88.04901
42.119392,-88.04888
42.1194,-88.04875
42.119434,-88.04864
42.11952,-88.04866
42.11963,-88.04867
42.119724,-88.048676
42.119812,-88.04867
42.119907,-88.04866
42.119995,-88.048645
42.120075,-88.04863
42.12015,-88.04859
42.120228,-88.0485
42.120316,-88.048485
42.120422,-88.04851
42.12053,-88.048515
42.120636,-88.04853
42.12073,-88.048546
42.12083,-88.04855
42.120926,-88.04856
42.121014,-88.04856
42.1211,-88.04857
42.1212,-88.04858
42.121307,-88.04859
42.121414,-88.04859
42.12152,-88.04858
42.121613,-88.04857
42.121693,-88.04857
42.121773,-88.04858
42.121876,-88.04859
42.12197,-88.04861
42.122055,-88.04861
42.122147,-88.0486
42.122227,-88.048584
42.122295,-88.04864
42.122295,-88.04864
42.122417,-88.04872
42.122528,-88.04874
42.122623,-88.04871
42.12272,-88.04869
42.12282,-88.0487
42.12293,-88.04871
42.12303,-88.048706
42.12311,-88.04871
42.123215,-88.0487
42.1233,-88.04869
42.12339,-88.0487
42.123478,-88.04869
42.12357,-88.048676
42.12365,-88.04865
42.12373,-88.048645
42.12383,-88.048645
42.12392,-88.04865
42.12401,-88.04863
42.124096,-88.0486
42.124184,-88.0486
42.124275,-88.04858
42.12436,-88.048584
42.12444,-88.048615
42.12453,-88.048584
42.124615,-88.048546
42.124706,-88.04855
42.1248,-88.04857
42.124832,-88.04843
42.124832,-88.04829
42.124825,-88.04814
42.12484,-88.048035
42.124943,-88.047905
42.124985,-88.0478
42.12503,-88.04766
42.125004,-88.04752
42.124985,-88.04739
42.124966,-88.047264
42.12495,-88.04715
42.12492,-88.047035
42.124866,-88.046875
42.124844,-88.04677
42.124825,-88.04666
42.12482,-88.04655
42.12483,-88.046394
42.124832,-88.04628
42.12484,-88.04614
42.124836,-88.04602
42.12482,-88.045906
42.124817,-88.04579
42.124805,-88.045654
42.124756,-88.0455
42.12475,-88.04538
42.124763,-88.0452
42.124775,-88.04508
42.12477,-88.044914
42.124725,-88.04477
42.12473,-88.044624
42.124756,-88.044495
42.124794,-88.044334
42.12481,-88.0442
42.124836,-88.04408
42.12484,-88.04396
42.124866,-88.04382
42.124874,-88.0437
42.124855,-88.04357
42.124844,-88.04345
42.124832,-88.043335
42.124825,-88.04322
42.124783,-88.043076
42.12474,-88.04297
42.124702,-88.042854
42.12467,-88.042694
42.124653,-88.04258
42.12464,-88.04244
42.124603,-88.04229
42.12461,-88.04217
42.12461,-88.04204
42.12462,-88.0419
42.12461,-88.04179
42.124584,-88.04163
42.124516,-88.0415
42.12454,-88.04131
42.12455,-88.04115
42.12464,-88.04104
42.124718,-88.04094
42.124794,-88.040855
42.12485,-88.040764
42.124897,-88.04067
42.124943,-88.04057
42.124992,-88.04048
42.125084,-88.04038
42.125175,-88.04028
42.12524,-88.040146
42.125244,-88.04003
42.12522,-88.039925
42.125187,-88.039825
42.12515,-88.03968
42.125126,-88.039536
42.125122,-88.039406
42.12516,-88.03929
42.125134,-88.03916
42.125034,-88.03908
42.124973,-88.03901
42.124893,-88.038895
42.12486,-88.038795
42.124825,-88.03864
42.12479,-88.0385
42.12477,-88.03836
42.1248,-88.03812
42.12483,-88.037964
42.12487,-88.03787
42.12483,-88.037735
42.124893,-88.037674
42.124886,-88.03755
42.124775,-88.03749
42.12466,-88.03749
42.124554,-88.03748
42.12445,-88.037476
42.124344,-88.037476
42.124233,-88.03745
42.12414,-88.0374
42.124035,-88.03739
42.12394,-88.037415
42.123833,-88.03742
42.123737,-88.03736
42.123653,-88.03728
42.123592,-88.03719
42.123516,-88.037155
42.123425,-88.03713
42.123295,-88.037056
42.123188,-88.036995
42.123116,-88.03692
42.12305,-88.03684
42.12299,-88.03676
42.12293,-88.03667
42.12287,-88.03656
42.12282,-88.036446
42.122776,-88.03634
42.122726,-88.03625
42.122677,-88.03615
42.122578,-88.03594
42.1225,-88.03586
42.12243,-88.035805
42.12236,-88.035706
42.12227,-88.03564
42.122166,-88.035576
42.122066,-88.03547
42.121994,-88.03538
42.12192,-88.03528
42.12187,-88.035194
42.12182,-88.03509
42.121834,-88.03496
42.12185,-88.034805
42.121902,-88.03465
42.12195,-88.0345
42.12199,-88.03439
42.122044,-88.0343
42.122055,-88.03419
42.12208,-88.03402
42.12219,-88.03385
42.122303,-88.03375
42.122414,-88.03371
42.122524,-88.03369
42.122623,-88.033676
42.12272,-88.03364
42.122814,-88.03363
42.12291,-88.033646
42.123013,-88.03365
42.123116,-88.03366
42.12322,-88.033676
42.123325,-88.03371
42.12341,-88.03373
42.12351,-88.03373
42.12361,-88.03375
42.123714,-88.03377
42.12381,-88.03377
42.123917,-88.033745
42.124027,-88.03373
42.124146,-88.03372
42.124226,-88.03372
42.12433,-88.03373
42.124416,-88.03373
42.124504,-88.03375
42.1246,-88.03377
42.12469,-88.03377
42.124775,-88.03377
42.124866,-88.03377
42.124954,-88.03377
42.12504,-88.03375
42.125153,-88.033745
42.125256,-88.03373
42.12535,-88.03372
42.125454,-88.033745
42.125553,-88.03374
42.12564,-88.033714
42.125732,-88.033714
42.125843,-88.03373
42.125957,-88.03373
42.126072,-88.03373
42.12619,-88.03373
42.12629,-88.03374
42.126385,-88.03376
42.126534,-88.03382
42.12666,-88.03382
42.126762,-88.0338
42.126877,-88.033806
42.126987,-88.03379
42.1271,-88.033775
42.12719,-88.03379
42.127274,-88.03379
42.127365,-88.03379
42.127453,-88.03378
42.12754,-88.033775
42.127625,-88.03376
42.127724,-88.03375
42.127808,-88.03373
42.127907,-88.033714
42.12799,-88.033714
42.12808,-88.033714
42.12816,-88.03371
42.12828,-88.033745
42.128372,-88.03375
42.128468,-88.03376
42.128548,-88.033745
42.12863,-88.033745
42.12872,-88.033745
42.128838,-88.03375
42.128963,-88.03376
42.129086,-88.03375
42.129204,-88.03373
42.12929,-88.033745
42.129406,-88.033745
42.129524,-88.033745
42.129642,-88.033745
42.129745,-88.03374
42.129852,-88.03372
42.129967,-88.033714
42.13008,-88.03371
42.130188,-88.03371
42.130295,-88.03369
42.130394,-88.03369
42.130493,-88.0337
42.13058,-88.033714
42.13066,-88.03373
42.13075,-88.03373
42.130856,-88.03373
42.13096,-88.033745
42.13108,-88.03375
42.1312,-88.03375
42.13128,-88.03375
42.131367,-88.03375
42.13145,-88.03375
42.131535,-88.03375
42.131653,-88.033745
42.131737,-88.03372
42.131817,-88.03371
42.131905,-88.03368
42.13201,-88.03369
42.1321,-88.033676
42.132217,-88.03367
42.132313,-88.03363
42.132423,-88.03363
42.13254,-88.033646
42.132668,-88.03366
42.132755,-88.03364
42.132866,-88.033646
42.132954,-88.03366
42.133038,-88.03364
42.13314,-88.03364
42.133244,-88.03361
42.133335,-88.0336
42.13345,-88.033646
42.133575,-88.033646
42.133675,-88.03361
42.13376,-88.03359
42.13386,-88.03363
42.133984,-88.03366
42.134117,-88.03365
42.134212,-88.03371
42.134308,-88.03376
42.13441,-88.03373
42.134495,-88.03373
42.134583,-88.03372
42.134686,-88.033714
42.134804,-88.03371
42.134926,-88.03368
42.135025,-88.03367
42.135113,-88.03362
42.13524,-88.033646
42.135357,-88.03365
42.13545,-88.03367
42.13553,-88.03369
42.135647,-88.03369
42.13573,-88.03368
42.135838,-88.03366
42.13595,-88.03366
42.13607,-88.03364
42.136154,-88.033615
42.13624,-88.033615
42.136337,-88.03361
42.13642,-88.03363
42.136543,-88.033646
42.13665,-88.03364
42.136765,-88.03366
42.13688,-88.03369
42.136963,-88.03368
42.137074,-88.033676
42.13718,-88.03369
42.13729,-88.03369
42.137394,-88.03371
42.137493,-88.03368
42.1376,-88.03367
42.137703,-88.03367
42.13781,-88.03366
42.137924,-88.033646
42.138027,-88.03369
42.13812,-88.03368
42.138206,-88.0337
42.138336,-88.03373
42.138412,-88.03369
42.138515,-88.03368
42.138603,-88.03367
42.138687,-88.033676
42.138817,-88.03368
42.13894,-88.03368
42.139038,-88.03366
42.139122,-88.03362
42.139244,-88.0336
42.13935,-88.033615
42.13936,-88.03366
42.139385,-88.033775
42.1394,-88.0339
42.13942,-88.03401
42.139496,-88.03413
42.139587,-88.03418
42.13968,-88.034225
42.139774,-88.03431
42.139854,-88.03435
42.13994,-88.03442
42.140026,-88.03445
42.14013,-88.03444
42.140247,-88.0344
42.140366,-88.03436
42.140495,-88.03436
42.14057,-88.03441
42.140694,-88.03441
42.1408,-88.03441
42.140884,-88.03444
42.140987,-88.03444
42.14109,-88.03445
42.14118,-88.03445
42.141262,-88.034386
42.14136,-88.03431
42.141476,-88.034294
42.14159,-88.03427
42.14169,-88.03425
42.14181,-88.034256
42.1419,-88.03425
42.141983,-88.0342
42.14205,-88.03408
42.142155,-88.03404
42.142284,-88.03404
42.142406,-88.03406
42.142513,-88.03411
42.142643,-88.03416
42.142754,-88.034225
42.142826,-88.0343
42.142902,-88.03436
42.142986,-88.03446
42.143063,-88.03456
42.143116,-88.034676
42.143147,-88.03485
42.143204,-88.03498
42.143238,-88.0351
42.14322,-88.03521
42.143158,-88.03528
42.143093,-88.03536
42.143257,-88.037186
42.143238,-88.037415
42.143234,-88.03772
42.1432,-88.037865
42.143223,-88.03806
42.143234,-88.03819
42.143238,-88.038345
42.143238,-88.03849
42.143234,-88.03864
42.143238,-88.038795
42.143303,-88.03891
42.143356,-88.03903
42.143414,-88.03912
42.143528,-88.03923
42.143585,-88.03933
42.143654,-88.039406
42.14376,-88.03948
42.143852,-88.03955
42.143944,-88.039604
42.144035,-88.03964
42.14414,-88.03972
42.144238,-88.03978
42.14434,-88.03982
42.14444,-88.03987
42.144527,-88.03989
42.144627,-88.03989
42.144726,-88.0399
42.14482,-88.03995
42.144924,-88.03996
42.14504,-88.04002
42.145126,-88.040115
42.145203,-88.04024
42.145233,-88.04038
42.14526,-88.04053
42.145275,-88.040665
42.145264,-88.04079
42.145245,-88.040955
42.14525,-88.04109
42.145245,-88.04124
42.14524,-88.04137
42.145218,-88.0415
42.145214,-88.041626
42.14522,-88.04176
42.145237,-88.04191
42.14526,-88.04206
42.145267,-88.042206
42.145287,-88.04235
42.1453,-88.04249
42.145317,-88.04265
42.14533,-88.04279
42.145348,-88.04293
42.14536,-88.043076
42.145374,-88.04321
42.145412,-88.04334
42.14545,-88.04346
42.145508,-88.04357
42.14557,-88.04368
42.14565,-88.043755
42.14574,-88.04382
42.14583,-88.04386
42.14593,-88.04388
42.146023,-88.04391
42.146114,-88.04392
42.146214,-88.043945
42.146305,-88.04396
42.146393,-88.04397
42.146477,-88.04398
42.146557,-88.044
42.14664,-88.044014
42.146732,-88.04405
42.146812,-88.04407
42.14691,-88.04413
42.146973,-88.04421
42.147007,-88.04433
42.147022,-88.04446
42.147026,-88.04463
42.147,-88.044785
42.14697,-88.044945
42.14694,-88.04506
42.146942,-88.0452
42.14691,-88.0453
42.146885,-88.045425
42.146847,-88.04554
42.1468,-88.04567
42.146763,-88.04578
42.14671,-88.04588
42.14665,-88.045975
42.146576,-88.0461
42.14651,-88.04619
42.146446,-88.046265
42.14638,-88.04633
42.1463,-88.0464
42.146233,-88.04646
42.146122,-88.04655
42.146046,-88.04662
42.145954,-88.04669
42.145866,-88.04677
42.145763,-88.04683
42.14567,-88.0469
42.145588,-88.046974
42.14551,-88.04705
42.145428,-88.04714
42.14536,-88.04722
42.14527,-88.04732
42.14519,-88.04737
42.145096,-88.047455
42.14501,-88.047554
42.14494,-88.04765
42.144844,-88.04777
42.144745,-88.04788
42.14464,-88.048
42.144543,-88.04811
42.144444,-88.04824
42.144356,-88.04833
42.144325,-88.04847
42.144287,-88.04861
42.144268,-88.04873
42.144257,-88.04887
42.144253,-88.04899
42.144234,-88.04913
42.144215,-88.049255
42.144222,-88.04936
42.14424,-88.04949
42.144253,-88.04961
42.14427,-88.049736
42.144283,-88.049866
42.144283,-88.05
42.144318,-88.05017
42.14431,-88.0503
42.144306,-88.05042
42.14428,-88.050545
42.144268,-88.05069
42.144257,-88.05082
42.144245,-88.05095
42.144264,-88.05106
42.144276,-88.051186
42.144276,-88.05133
42.144283,-88.05147
42.1443,-88.05158
42.144283,-88.05175
42.14428,-88.051865
42.144253,-88.05198
42.144245,-88.05209
42.144238,-88.05221
42.144173,-88.05234
42.144142,-88.05248
42.14411,-88.05259
42.144093,-88.052704
42.14406,-88.05281
42.144024,-88.05293
42.143997,-88.05303
42.14398,-88.05316
42.14396,-88.05327
42.14393,-88.05338
42.143894,-88.0535
42.143867,-88.053604
42.14384,-88.05372
42.143818,-88.05383
42.14379,-88.05395
42.143734,-88.054085
42.143665,-88.05421
42.143593,-88.05431
42.143513,-88.05441
42.143448,-88.05453
42.143383,-88.05463
42.143322,-88.05472
42.14326,-88.05482
42.143196,-88.05492
42.143177,-88.05504
42.143307,-88.05509
42.143387,-88.05518
42.14346,-88.05529
42.14353,-88.055405
42.14358,-88.055534
42.143635,-88.055664
42.143677,-88.05578
42.143723,-88.05591
42.143738,-88.05603
42.14374,-88.056145
42.143753,-88.05632
42.14375,-88.05647
42.14376,-88.056625
42.143776,-88.05681
42.14376,-88.05697
42.14376,-88.05714
42.14377,-88.057304
42.14381,-88.057465
42.143795,-88.05765
42.143803,-88.05783
42.14381,-88.05795
42.143837,-88.05809
42.143913,-88.05817
42.144016,-88.05816
42.144104,-88.058205
42.14421,-88.05826
42.144295,-88.05829
42.144405,-88.05833
42.144505,-88.05837
42.144596,-88.05844
42.144665,-88.05855
42.144726,-88.05866
42.144756,-88.05876
42.14467,-88.059
42.14466,-88.05911
42.14463,-88.05922
42.144608,-88.05938
42.144604,-88.059494
42.144527,-88.05961
42.144444,-88.05972
42.14438,-88.05982
42.144333,-88.05994
42.144276,-88.06006
42.144234,-88.06019
42.144203,-88.0603
42.144173,-88.060425
42.144135,-88.06054
42.1441,-88.06066
42.144054,-88.06078
42.144016,-88.060905
42.143986,-88.06101
42.143963,-88.06113
42.143963,-88.061264
42.143955,-88.06141
42.143932,-88.06152
42.143906,-88.061646
42.1439,-88.06177
42.143894,-88.061935
42.143856,-88.06208
42.14381,-88.06219
42.14375,-88.0623
42.143684,-88.062386
42.143623,-88.06246
42.14355,-88.06254
42.14343,-88.0626
42.143345,-88.06266
42.143288,-88.06274
42.143246,-88.06285
42.143196,-88.06295
42.143154,-88.063065
42.14313,-88.06321
42.14314,-88.063354
42.14316,-88.06351
42.14316,-88.06365
42.14316,-88.0638
42.14315,-88.063965
42.143204,-88.064095
42.14322,-88.06424
42.143253,-88.064354
42.143284,-88.06447
42.143295,-88.06458
42.143295,-88.0647
42.143303,-88.06483
42.143295,-88.064964
42.143284,-88.06513
42.14327,-88.06525
42.143257,-88.06538
42.143196,-88.06551
42.143147,-88.065636
42.14306,-88.06574
42.142796,-88.06589
42.14272,-88.06594
42.142555,-88.066025
42.142445,-88.066086
42.14232,-88.06617
42.142204,-88.06626
42.142075,-88.066345
42.141953,-88.06642
42.141876,-88.066475
42.141773,-88.06651
42.141685,-88.06653
42.141605,-88.06654
42.141518,-88.06653
42.14143,-88.06655
42.141342,-88.066536
42.141144,-88.06648
42.141026,-88.06638
42.140934,-88.06633
42.140816,-88.06633
42.14071,-88.0664
42.14063,-88.066475
42.140537,-88.06659
42.140503,-88.066696
42.140438,-88.066826
42.140392,-88.06693
42.140324,-88.06704
42.140297,-88.06718
42.14035,-88.06725
42.140423,-88.067314
42.140495,-88.06743
42.14057,-88.06754
42.14061,-88.06764
42.14064,-88.06776
42.14065,-88.0679
42.14065,-88.06802
42.14071,-88.068115
42.14079,-88.0681
42.14087,-88.06806
42.140965,-88.06805
42.14105,-88.06809
42.141083,-88.06809
42.14107,-88.06821
42.14099,-88.06822
42.14089,-88.06823
42.140785,-88.06823
42.140697,-88.0682
42.14075,-88.06823
42.14075,-88.06834
42.140736,-88.06847
42.140736,-88.0686
42.140743,-88.06872
42.140747,-88.06887
42.140846,-88.06897
42.140873,-88.06909
42.14094,-88.069214
42.141006,-88.069305
42.141094,-88.06941
42.141167,-88.0695
42.141228,-88.0696
42.14129,-88.069695
42.141376,-88.06978
42.141453,-88.06983
42.141533,-88.06987
42.141624,-88.06988
42.14172,-88.069786
42.142136,-88.06929
42.142063,-88.06898
42.141888,-88.06898
42.141876,-88.06886
42.141884,-88.06868
42.14191,-88.068565
42.141975,-88.06847
42.142036,-88.06829
42.1421,-88.06819
42.142174,-88.06809
42.142246,-88.06797
42.142307,-88.06787
42.142387,-88.067764
42.14255,-88.067604
42.14275,-88.06736
42.14313,-88.06708
42.143238,-88.06712
42.143345,-88.067184
42.14345,-88.06722
42.143547,-88.06728
42.143654,-88.0674
42.143845,-88.06767
42.143852,-88.06753
42.14397,-88.0676
42.143925,-88.06775
42.144207,-88.06742
42.144363,-88.06746
42.144592,-88.06705
42.144688,-88.06676
42.1447,-88.06657
42.14483,-88.06617
42.144867,-88.065926
42.145016,-88.06529
42.14504,-88.06487
42.144867,-88.06457
42.144806,-88.064415
42.144787,-88.064255
42.144722,-88.0641
42.144653,-88.063934
42.144516,-88.06384
42.14445,-88.063774
42.14435,-88.06368
42.144234,-88.063644
42.144115,-88.0636
42.143993,-88.063576
42.143887,-88.06358
42.1438,-88.06357
42.143723,-88.06353
42.14364,-88.06352
42.14354,-88.06348
42.143444,-88.063416
42.143345,-88.0634
42.143276,-88.06334
42.143227,-88.06325
42.143158,-88.06319
42.143078,-88.06318
42.14308,-88.06318
42.14309,-88.062965
42.143124,-88.06286
42.14327,-88.06286
42.143253,-88.06268
42.143322,-88.06261
42.143402,-88.0625
42.14349,-88.06241
42.143566,-88.062325
42.143623,-88.06222
42.14367,-88.0621
42.1437,-88.06198
42.143723,-88.061844
42.143753,-88.0617
42.143757,-88.061554
42.143764,-88.06141
42.14377,-88.06129
42.143776,-88.06117
42.1438,-88.061035
42.143833,-88.060936
42.14387,-88.06083
42.14401,-88.06063
42.144073,-88.06047
42.14414,-88.060356
42.144222,-88.06023
42.144238,-88.06007
42.144268,-88.05996
42.14429,-88.05979
42.144325,-88.05965
42.144375,-88.05954
42.14448,-88.05944
42.14438,-88.059425
42.144527,-88.059326
42.144825,-88.05862
42.14461,-88.05851
42.1445,-88.05841
42.14435,-88.0584
42.144257,-88.05839
42.144165,-88.058365
42.143982,-88.05829
42.143852,-88.058205
42.143837,-88.05803
42.143833,-88.05782
42.143818,-88.05761
42.14381,-88.057495
42.143776,-88.05677
42.143784,-88.05661
42.143776,-88.05644
42.143776,-88.05629
42.14383,-88.056145
42.143723,-88.05602
42.14369,-88.05586
42.143658,-88.055725
42.1436,-88.05558
42.143517,-88.05543
42.14345,-88.055336
42.143368,-88.05523
42.14328,-88.05512
42.143204,-88.05505
42.14313,-88.054985
42.14302,-88.05491
42.142937,-88.05487
42.142853,-88.05483
42.142735,-88.05481
42.142654,-88.05477
42.14257,-88.05474
42.142467,-88.0547
42.142372,-88.05467
42.142265,-88.05461
42.142155,-88.054535
42.142086,-88.05448
42.142017,-88.05441
42.141945,-88.05433
42.141865,-88.05422
42.141785,-88.05413
42.14171,-88.05401
42.1416,-88.05393
42.141556,-88.05375
42.141483,-88.053635
42.14142,-88.05351
42.14137,-88.053375
42.141308,-88.05323
42.141266,-88.05309
42.14123,-88.052956
42.141193,-88.05283
42.141098,-88.05259
42.141045,-88.05247
42.141006,-88.05234
42.140987,-88.05219
42.140972,-88.052086
42.141018,-88.051956
42.141014,-88.05185
42.141026,-88.051735
42.14105,-88.051605
42.14106,-88.05145
42.14113,-88.051315
42.14119,-88.05123
42.141262,-88.05112
42.141315,-88.05102
42.141365,-88.05089
42.141426,-88.05077
42.141468,-88.05066
42.1415,-88.05053
42.141582,-88.05035
42.141644,-88.05022
42.14171,-88.05008
42.141747,-88.04995
42.141796,-88.0498
42.14185,-88.04965
42.141834,-88.04952
42.141865,-88.04938
42.141888,-88.0492
42.141888,-88.04909
42.14193,-88.048935
42.141857,-88.04881
42.14187,-88.0487
42.141846,-88.048546
42.14176,-88.04849
42.14166,-88.0485
42.141575,-88.048515
42.141457,-88.04853
42.141342,-88.04852
42.141254,-88.04851
42.141167,-88.048515
42.141087,-88.04852
42.140972,-88.04855
42.140892,-88.04858
42.140747,-88.04859
42.140636,-88.048584
42.14052,-88.04856
42.140396,-88.04858
42.14028,-88.04857
42.140167,-88.048515
42.140076,-88.04853
42.140003,-88.048584
42.139847,-88.04855
42.13973,-88.04853
42.13963,-88.04856
42.139523,-88.04858
42.139435,-88.048515
42.139362,-88.04857
42.139275,-88.04859
42.139153,-88.04862
42.139065,-88.04862
42.138744,-88.048706
42.138657,-88.048615
42.138466,-88.048645
42.13824,-88.04862
42.13814,-88.048744
42.138035,-88.04873
42.13793,-88.04874
42.13783,-88.04874
42.137726,-88.048706
42.137634,-88.048676
42.137505,-88.04869
42.137398,-88.04871
42.137295,-88.04872
42.137188,-88.048706
42.137043,-88.04871
42.13693,-88.04873
42.136818,-88.04876
42.136696,-88.04876
42.136578,-88.04874
42.13647,-88.04874
42.13635,-88.0487
42.136223,-88.04869
42.136124,-88.0487
42.136013,-88.048706
42.13591,-88.0487
42.135803,-88.04871
42.13571,-88.0487
42.13562,-88.04869
42.13551,-88.04867
42.135418,-88.04865
42.135338,-88.04868
42.135235,-88.048676
42.135143,-88.04865
42.13505,-88.04867
42.134956,-88.04869
42.13484,-88.04869
42.134754,-88.048676
42.13464,-88.04867
42.13452,-88.04869
42.134403,-88.04865
42.13427,-88.048645
42.13414,-88.04865
42.13402,-88.04864
42.133907,-88.04863
42.133812,-88.04864
42.133694,-88.04865
42.133614,-88.04862
42.13349,-88.04862
42.133377,-88.048645
42.133255,-88.04863
42.133144,-88.04862
42.133038,-88.04862
42.132946,-88.04867
42.132847,-88.04869
42.13276,-88.04869
42.13266,-88.04868
42.132553,-88.04866
42.132458,-88.04866
42.132328,-88.04865
42.132217,-88.04867
42.132103,-88.04867
42.131996,-88.04867
42.13189,-88.04866
42.131786,-88.04867
42.13169,-88.04867
42.1316,-88.04865
42.131516,-88.04867
42.131428,-88.04867
42.131317,-88.04864
42.131226,-88.04866
42.13111,-88.04868
42.130993,-88.04869
42.13089,-88.0487
42.130787,-88.04866
42.13068,-88.04867
42.130566,-88.04867
42.130463,-88.04866
42.13035,-88.048645
42.130257,-88.04866
42.130173,-88.04864
42.130062,-88.04865
42.12997,-88.04866
42.12987,-88.04865
42.129776,-88.04865
42.129677,-88.048645
42.129578,-88.04864
42.12948,-88.048645
42.129368,-88.04863
42.129265,-88.04862
42.129173,-88.04862
42.12907,-88.04862
42.128967,-88.04862
42.128857,-88.048615
42.12874,-88.04862
42.12866,-88.048584
42.128567,-88.04858
42.12848,-88.04859
42.1284,-88.04861
42.128284,-88.04863
42.128185,-88.04864
42.128098,-88.04864
42.127975,-88.04864
42.127857,-88.04863
42.127735,-88.04864
42.127644,-88.048645
42.127544,-88.048645
42.127438,-88.04865
42.127327,-88.04865
42.127216,-88.048645
42.12709,-88.04863
42.126972,-88.04863
42.12686,-88.04864
42.12676,-88.04865
42.12666,-88.04864
42.126553,-88.048645
42.126457,-88.048676
42.12636,-88.048676
42.126247,-88.04871
42.126152,-88.04872
42.126026,-88.04872
42.125942,-88.04873
42.125847,-88.04871
42.12573,-88.0487
42.125645,-88.04868
42.125526,-88.04867
42.125412,-88.04865
42.125305,-88.04866
42.1252,-88.04866
42.125088,-88.04865
42.124966,-88.048645
42.124855,-88.04864
42.12477,-88.04863
42.124638,-88.04863
42.12455,-88.04864
42.12446,-88.04865
42.12434,-88.04865
42.124237,-88.048676
42.12412,-88.04869
42.124,-88.04869
42.123886,-88.048676
42.123783,-88.04867
42.12367,-88.04866
42.12355,-88.04867
42.12343,-88.04867
42.123344,-88.048676
42.123257,-88.048706
42.123146,-88.04871
42.123028,-88.0487
42.122925,-88.04872
42.122837,-88.04873
42.12273,-88.04873
42.122646,-88.04872
42.12266,-88.04872
42.1225,-88.04878
42.12241,-88.04876
42.122314,-88.04873
42.12222,-88.0487
42.122128,-88.04868
42.122025,-88.04867
42.12191,-88.04866
42.121826,-88.04865
42.121742,-88.048645
42.12166,-88.04865
42.121574,-88.04866
42.121475,-88.04865
42.12138,-88.04865
42.121277,-88.048645
42.121178,-88.04865
42.121075,-88.04867
42.120953,-88.04868
42.120842,-88.048706
42.12073,-88.0487
42.120632,-88.0487
42.12055,-88.0487
42.12043,-88.048676
42.120335,-88.048676
42.12021,-88.04869
42.12012,-88.04868
42.120007,-88.04866
42.11992,-88.048645
42.119812,-88.048676
42.119717,-88.04867
42.119625,-88.04868
42.11954,-88.04868
42.119442,-88.04873
42.119473,-88.04887
42.11943,-88.048996
42.119415,-88.0491
42.11941,-88.04922
42.119404,-88.049355
42.119404,-88.04949
42.11943,-88.049644
42.119446,-88.04979
42.119453,-88.049934
42.119453,-88.05005
42.11945,-88.05016
42.11946,-88.05028
42.11947,-88.05039
42.119476,-88.05051
42.119446,-88.05062
42.11945,-88.05075
42.119392,-88.05092
42.119358,-88.05104
42.119335,-88.05116
42.119312,-88.05132
42.119278,-88.05143
42.11925,-88.05154
42.119213,-88.05164
42.11916,-88.05174
42.118977,-88.05184
42.118877,-88.05188
42.118782,-88.05189
42.118687,-88.051895
42.118603,-88.051895
42.118496,-88.05192
42.11849,-88.05208
42.118484,-88.05219
42.11848,-88.0523
42.11846,-88.052444
42.118443,-88.052574
42.118435,-88.05272
42.118317,-88.05287
42.119137,-88.05294
42.11914,-88.05294
42.11916,-88.05291
42.11913,-88.05218
42.11912,-88.05203
42.11909,-88.05189
42.11906,-88.05181
42.119,-88.05173
42.11915,-88.05149
42.11926,-88.05115
42.11933,-88.0507
42.11938,-88.05028
42.11939,-88.04996
42.11939,-88.04901
42.11944,-88.04886
42.11944,-88.04865
42.120968,-88.04869
42.121716,-88.04867
42.122353,-88.04873
42.12267,-88.04873
42.122997,-88.04873
42.12353,-88.04873
42.12485,-88.0487
42.12484,-88.0487
42.12484,-88.04873
42.1249,-88.04886
42.12502,-88.04908
42.12506,-88.04926
42.12505,-88.04943
42.12499,-88.04959
42.1249,-88.04977
42.12487,-88.04988
42.12486,-88.04998
42.12487,-88.05016
42.12489,-88.05029
42.12492,-88.05039
42.12502,-88.05059
42.12529,-88.051
42.12529,-88.05101
42.12534,-88.05109
42.12538,-88.05112
42.12543,-88.05113
42.12553,-88.05115
42.12565,-88.0512
42.12577,-88.05124
42.12587,-88.05125
42.12593,-88.05125
42.126,-88.05132
42.12602,-88.05161
42.12602,-88.05273
42.12603,-88.05307
42.12605,-88.05317
42.12608,-88.05327
42.12614,-88.05331
42.12628,-88.05331
42.12628,-88.05331
42.12676,-88.05333
42.12783,-88.05338
42.12824,-88.05358
42.12836,-88.0537
42.12847,-88.05406
42.12849,-88.05435
42.1285,-88.0555
42.12848,-88.05575
42.12845,-88.0562
42.12842,-88.05665
42.12841,-88.05677
42.12843,-88.057
42.12846,-88.05714
42.12853,-88.05728
42.12863,-88.05743
42.12878,-88.05757
42.12909,-88.05783
42.12936,-88.05818
42.12962,-88.05836
42.12967,-88.05837
42.12967,-88.05837
42.13022,-88.05838
42.13062,-88.05852
42.13071,-88.05852
42.13079,-88.05848
42.13084,-88.05847
42.13172,-88.05849
42.13214,-88.05846
42.13262,-88.05844
42.13297,-88.05841
42.13301,-88.05839
42.13306,-88.05834
42.13307,-88.05832
42.13307,-88.05832
42.13316,-88.05808
42.13324,-88.05801
42.1333,-88.05801
42.13357,-88.05794
42.13364,-88.05789
42.13373,-88.05782
42.13379,-88.05776
42.13384,-88.05775
42.13465,-88.05773
42.13481,-88.05776
42.13493,-88.05784
42.13503,-88.05805
42.13507,-88.05827
42.13511,-88.05836
42.13515,-88.0584
42.1352,-88.05843
42.13586,-88.05845
42.13586,-88.05845
42.13602,-88.05846
42.13732,-88.05856
42.13755,-88.05859
42.13766,-88.05855
42.13778,-88.05851
42.13816,-88.05862
42.13821,-88.05864
42.13821,-88.05867
42.137726,-88.060715
42.137177,-88.06286
42.13747,-88.06282
42.137383,-88.063194
42.13739,-88.06319
42.13739,-88.06321
42.13741,-88.06325
42.13747,-88.06341
42.13777,-88.06429
42.13788,-88.06446
42.13799,-88.0646
42.13822,-88.0648
42.13844,-88.06495
42.1386,-88.06509
42.1386,-88.06509
42.13862,-88.06511
42.13901,-88.06554
42.1391,-88.06566
42.13918,-88.06577
42.13923,-88.06599
42.1392,-88.06623
42.13916,-88.06636
42.13913,-88.06658
42.13911,-88.06682
42.13912,-88.06699
42.13919,-88.06715
42.13928,-88.06726
42.13937,-88.06732
42.13954,-88.06733
42.13978,-88.06728
42.14007,-88.06723
42.1402,-88.06724
42.1402,-88.06724
42.14024,-88.06712
42.14036,-88.06674
42.14038,-88.0667
42.1404,-88.06661
42.14044,-88.06649
42.14051,-88.06635
42.14055,-88.0663
42.14064,-88.06624
42.14073,-88.0662
42.14081,-88.06619
42.14089,-88.0662
42.14098,-88.06624
42.14108,-88.0663
42.14123,-88.06638
42.14129,-88.0664
42.14146,-88.0664
42.14164,-88.06641
42.14182,-88.06637
42.14198,-88.0663
42.1422,-88.06614
42.14258,-88.06586
42.14293,-88.06561
42.14311,-88.06549
42.14316,-88.0654
42.14322,-88.06528
42.14325,-88.06507
42.14325,-88.06507
42.14326,-88.06501
42.14327,-88.06487
42.14325,-88.06465
42.14324,-88.06459
42.14322,-88.06444
42.14319,-88.06426
42.14318,-88.06423
42.14317,-88.06415
42.14318,-88.06388
42.14318,-88.06353
42.14315,-88.06334
42.14311,-88.0631
42.14309,-88.06297
42.14316,-88.06297
42.14316,-88.06286
42.1432,-88.06278
42.14333,-88.06266
42.14333,-88.06266
42.14335,-88.06264
42.14355,-88.06244
42.14372,-88.06219
42.1439,-88.06174
42.14409,-88.06105
42.14428,-88.06014
42.14439,-88.05973
42.14451,-88.05948
42.1446,-88.05934
42.14473,-88.05906
42.14475,-88.05894
42.14474,-88.05878
42.14468,-88.05864
42.1446,-88.05853
42.14455,-88.05846
42.1445,-88.0584
42.14439,-88.05834
42.14439,-88.05834
42.14436,-88.05833
42.1441,-88.0582
42.14398,-88.05812
42.14391,-88.05802
42.14384,-88.0578
42.14384,-88.05779
42.14382,-88.05741
42.14381,-88.05677
42.14378,-88.05605
42.14367,-88.05564
42.14354,-88.05534
42.14346,-88.05522
42.1433,-88.05504
42.14315,-88.05492
42.1431,-88.05488
42.143,-88.05483
42.14279,-88.05478
42.14254,-88.05471
42.14247,-88.05468
42.14235,-88.05462
42.14223,-88.05454
42.14213,-88.05446
42.14203,-88.05436
42.14197,-88.05429
42.14197,-88.05429
42.14196,-88.05427
42.14186,-88.05414
42.14173,-88.05394
42.1416,-88.05375
42.14146,-88.05352
42.14135,-88.05326
42.14115,-88.0528
42.14106,-88.05257
42.14101,-88.05239
42.14098,-88.05227
42.14098,-88.05215
42.14097,-88.05196
42.14098,-88.05183
42.14107,-88.05154
42.14135,-88.05095
42.14162,-88.05035
42.14171,-88.05015
42.14193,-88.04959
42.14199,-88.04945
42.14204,-88.04929
42.14207,-88.04914
42.14206,-88.04903
42.14202,-88.04887
42.14192,-88.04856
42.1419,-88.04843
42.14186,-88.04826
42.14177,-88.04795
42.14171,-88.0477
42.14161,-88.04742
42.14136,-88.04638
42.14135,-88.04611
42.14137,-88.04579
42.14139,-88.0457
42.1414,-88.04555
42.1414,-88.04543
42.14138,-88.04531
42.14138,-88.04531
42.14137,-88.04523
42.14136,-88.04506
42.14138,-88.04487
42.14148,-88.04461
42.14152,-88.04451
42.14159,-88.04433
42.14163,-88.04419
42.14164,-88.04411
42.1416,-88.04393
42.1415,-88.04362
42.14139,-88.04334
42.14132,-88.04316
42.14128,-88.04305
42.14126,-88.04292
42.14127,-88.04271
42.14128,-88.04248
42.1413,-88.04224
42.1413,-88.0422
42.1413,-88.0421
42.14129,-88.04197
42.14128,-88.04195
42.14128,-88.04183
42.14126,-88.04173
42.14125,-88.04168
42.14121,-88.04161
42.14115,-88.04154
42.14106,-88.04147
42.14097,-88.04143
42.14092,-88.04142
42.14076,-88.04142
42.14034,-88.04144
42.14021,-88.04144
42.14021,-88.04144
42.1399,-88.04145
42.1398,-88.04141
42.13974,-88.04138
42.13966,-88.04124
42.13961,-88.04113
42.13956,-88.04095
42.13953,-88.04084
42.13949,-88.04065
42.13945,-88.04047
42.13945,-88.04039
42.13946,-88.04015
42.13948,-88.03988
42.13949,-88.03967
42.13951,-88.03944
42.13951,-88.03931
42.1395,-88.03893
42.1395,-88.03884
42.13948,-88.03856
42.13946,-88.03841
42.13945,-88.03831
42.13945,-88.03815
42.13946,-88.038
42.13946,-88.03766
42.13945,-88.03731
42.13946,-88.03707
42.13944,-88.0366
42.13944,-88.03648
42.13945,-88.0364
42.13947,-88.03629
42.13951,-88.03617
42.13958,-88.03601
42.13969,-88.0358
42.13974,-88.03571
42.13976,-88.03562
42.13977,-88.03555
42.13977,-88.03546
42.13976,-88.03533
42.13975,-88.03524
42.13974,-88.03509
42.13976,-88.03494
42.13981,-88.03479
42.1399,-88.03462
42.13993,-88.0346
42.14001,-88.03449
42.14007,-88.03443
42.14016,-88.03437
42.14023,-88.03435
42.14033,-88.03435
42.14063,-88.03438
42.14088,-88.0344
42.14109,-88.03439
42.14121,-88.03438
42.14134,-88.03435
42.14165,-88.03427
42.14197,-88.0342
42.14207,-88.03418
42.14212,-88.03417
42.14226,-88.03417
42.14241,-88.03419
42.1426,-88.03421
42.14272,-88.03424
42.14283,-88.03428
42.14291,-88.03435
42.143,-88.03446
42.14305,-88.03455
42.14309,-88.03471
42.14314,-88.03494
42.14323,-88.03533
42.14327,-88.03553
42.1433,-88.03568
42.14331,-88.03577
42.1433,-88.03587
42.14329,-88.03617
42.14328,-88.03661
42.14327,-88.03703
42.14327,-88.03703
42.14326,-88.03724
42.14325,-88.03821
42.14325,-88.03852
42.14326,-88.03866
42.14327,-88.03874
42.14328,-88.03882
42.14331,-88.03892
42.14337,-88.03905
42.14347,-88.03919
42.14358,-88.03933
42.14368,-88.03944
42.1438,-88.03955
42.14391,-88.03963
42.14404,-88.03971
42.14416,-88.03977
42.14428,-88.03983
42.14435,-88.03985
42.14453,-88.03989
42.14472,-88.03991
42.14492,-88.03995
42.145,-88.03999
42.14507,-88.04004
42.14512,-88.0401
42.14519,-88.04022
42.14522,-88.04031
42.14525,-88.0404
42.14526,-88.04049
42.14526,-88.04069
42.14525,-88.04096
42.14523,-88.04142
42.14523,-88.04164
42.14524,-88.04177
42.14526,-88.04194
42.14527,-88.04208
42.14528,-88.04217
42.14532,-88.04246
42.14536,-88.04286
42.14539,-88.04306
42.14541,-88.0432
42.14545,-88.04333
42.14546,-88.04335
42.14546,-88.04335
42.14548,-88.04342
42.14553,-88.04352
42.14563,-88.04366
42.14576,-88.04376
42.14587,-88.04381
42.14614,-88.04391
42.14642,-88.04398
42.14678,-88.04408
42.14689,-88.04412
42.14697,-88.04419
42.14703,-88.04429
42.14706,-88.04441
42.14708,-88.04452
42.14706,-88.04465
42.14704,-88.04476
42.14698,-88.04501
42.1469,-88.0454
42.14686,-88.04555
42.14682,-88.04568
42.14678,-88.04579
42.14672,-88.04589
42.14666,-88.04599
42.14656,-88.04612
42.14653,-88.04615
42.14647,-88.04621
42.14635,-88.04632
42.14609,-88.04654
42.14573,-88.04683
42.14541,-88.0471
42.14522,-88.04728
42.14513,-88.04734
42.14501,-88.04748
42.14496,-88.04755
42.14489,-88.04764
42.14489,-88.04764
42.14487,-88.04766
42.14468,-88.0479
42.14452,-88.0481
42.14441,-88.04825
42.14434,-88.04836
42.1443,-88.04847
42.14427,-88.04861
42.14426,-88.04872
42.14426,-88.04888
42.14427,-88.04922
42.14428,-88.04954
42.1443,-88.04995
42.14431,-88.05024
42.1443,-88.05034
42.14429,-88.05046
42.14427,-88.05055
42.14427,-88.0507
42.14428,-88.05094
42.14429,-88.05133
42.14431,-88.0516
42.14429,-88.05181
42.14425,-88.052
42.1442,-88.05221
42.14412,-88.05251
42.14408,-88.05267
42.14398,-88.05302
42.14392,-88.05329
42.14386,-88.05358
42.1438,-88.05385
42.14378,-88.05392
42.14373,-88.05402
42.14366,-88.05414
42.14354,-88.05433
42.14333,-88.05465
42.14333,-88.05465
42.14315,-88.05492
42.1433,-88.05504
42.14346,-88.05522
42.14354,-88.05534
42.14367,-88.05564
42.14378,-88.05605
42.14381,-88.05677
42.14382,-88.05741
42.14384,-88.05779
42.14384,-88.0578
42.14391,-88.05802
42.14398,-88.05812
42.1441,-88.0582
42.14436,-88.05833
42.1445,-88.0584
42.14455,-88.05846
42.1446,-88.05853
42.14468,-88.05864
42.14474,-88.05878
42.14475,-88.05894
42.14473,-88.05906
42.1446,-88.05934
42.14451,-88.05948
42.14439,-88.05973
42.14428,-88.06014
42.14409,-88.06105
42.1439,-88.06174
42.14372,-88.06219
42.14355,-88.06244
42.14335,-88.06264
42.1432,-88.06278
42.14316,-88.06286
42.14316,-88.06297
42.14309,-88.06297
42.14311,-88.0631
42.14315,-88.06334
42.14318,-88.06353
42.14318,-88.06388
42.14317,-88.06415
42.14318,-88.06423
42.14297,-88.06428
42.14285,-88.06433
42.14269,-88.06454
42.14261,-88.06467
42.14255,-88.06493
42.14255,-88.06522
42.14256,-88.06547
42.14257,-88.06565
42.14257,-88.06576
42.14255,-88.0658
42.14224,-88.06598
42.14211,-88.06609
42.14194,-88.06622
42.14174,-88.06629
42.14146,-88.06631
42.141,-88.06613
42.141,-88.06613
42.14099,-88.06613
42.14091,-88.06609
42.1408,-88.06606
42.14071,-88.06608
42.14061,-88.06613
42.14051,-88.0662
42.14042,-88.06631
42.14037,-88.06642
42.14036,-88.0665
42.14038,-88.0667
42.14044,-88.06685
42.14055,-88.0671
42.14059,-88.06727
42.14061,-88.06739
42.14059,-88.06746
42.14051,-88.06758
42.14058,-88.06777
42.14069,-88.06813
42.14071,-88.06843
42.14072,-88.06857
42.14073,-88.06882
42.14076,-88.06898
42.14087,-88.06921
42.14108,-88.06955
42.14126,-88.06979
42.14131,-88.06982
42.14131,-88.06982
42.14148,-88.06992
42.14162,-88.06992
42.14175,-88.0699
42.142,-88.06976
42.14213,-88.06963
42.14219,-88.06947
42.1422,-88.06937
42.14217,-88.06924
42.14208,-88.06907
42.14202,-88.06891
42.14199,-88.06879
42.14196,-88.06866
42.14195,-88.06854
42.14197,-88.06845
42.14199,-88.06835
42.14209,-88.06817
42.14227,-88.06794
42.14251,-88.06765
42.14271,-88.0674
42.14284,-88.06726
42.14292,-88.0672
42.14304,-88.06715
42.14317,-88.06715
42.14331,-88.06718
42.14342,-88.06724
42.14354,-88.06731
42.14373,-88.06742
42.14392,-88.0675
42.14405,-88.06751
42.14419,-88.06748
42.14431,-88.06743
42.14448,-88.06725
42.14456,-88.06715
42.14461,-88.06699
42.14466,-88.06684
42.14469,-88.06667
42.14471,-88.06644
42.14481,-88.066
42.14492,-88.06566
42.14493,-88.06559
42.14502,-88.06529
42.14506,-88.06507
42.14505,-88.06483
42.14504,-88.06479
42.14504,-88.06479
42.14502,-88.06468
42.14496,-88.06447
42.14494,-88.06443
42.14481,-88.06416
42.14469,-88.06392
42.14459,-88.06374
42.14459,-88.06374
42.14455,-88.06367
42.1444,-88.06355
42.14425,-88.06349
42.14389,-88.06344
42.14354,-88.06335
42.14336,-88.0633
42.14329,-88.06327
42.14329,-88.06327
42.14326,-88.06323
42.14324,-88.06312
42.14323,-88.06304
42.14323,-88.06297
42.14316,-88.06297
42.14309,-88.06297
42.14311,-88.0631
42.14315,-88.06334
42.14318,-88.06353
42.14318,-88.06388
42.14317,-88.06415
42.14318,-88.06423
42.14319,-88.06426
42.14322,-88.06444
42.14324,-88.06455
42.14323,-88.06455
42.14324,-88.06459
42.14325,-88.06465
42.14327,-88.06487
42.14326,-88.06501
42.14322,-88.06528
42.14316,-88.0654
42.14311,-88.06549
42.14293,-88.06561
42.14258,-88.06586
42.1422,-88.06614
42.14198,-88.0663
42.14182,-88.06637
42.14164,-88.06641
42.14146,-88.0664
42.14129,-88.0664
42.14123,-88.06638
42.14108,-88.0663
42.14098,-88.06624
42.14089,-88.0662
42.14081,-88.06619
42.14073,-88.0662
42.14064,-88.06624
42.14055,-88.0663
42.14051,-88.06635
42.14044,-88.06649
42.1404,-88.06661
42.14038,-88.0667
42.14036,-88.06674
42.14026,-88.06705
42.14026,-88.06705
42.14024,-88.06712
42.1402,-88.06724
42.14007,-88.06723
42.13978,-88.06728
42.13954,-88.06733
42.13937,-88.06732
42.13928,-88.06726
42.13919,-88.06715
42.13912,-88.06699
42.13911,-88.06682
42.13913,-88.06658
42.13916,-88.06636
42.1392,-88.06623
42.13923,-88.06599
42.13918,-88.06577
42.1391,-88.06566
42.13901,-88.06554
42.13862,-88.06511
42.13844,-88.06495
42.13822,-88.0648
42.13799,-88.0646
42.13788,-88.06446
42.13777,-88.06429
42.13747,-88.06341
42.13741,-88.06325
42.13739,-88.06321
42.13739,-88.06318
42.1374,-88.0631
42.13741,-88.06301
42.13741,-88.06301
42.13742,-88.06297
42.13726,-88.06297
42.13713,-88.06297
42.13805,-88.05941
42.13814,-88.0591
42.13819,-88.05887
42.1382,-88.05884
42.1382,-88.05884
42.13821,-88.05879
42.13822,-88.05871
42.13821,-88.05864
42.13816,-88.05862
42.13778,-88.05851
42.13766,-88.05855
42.13755,-88.05859
42.13732,-88.05856
42.13602,-88.05846
42.1352,-88.05843
42.13515,-88.0584
42.13511,-88.05836
42.13507,-88.05827
42.13503,-88.05805
42.13493,-88.05784
42.13481,-88.05776
42.1347,-88.05774
42.1347,-88.05774
42.13465,-88.05773
42.13384,-88.05775
42.13379,-88.05776
42.13373,-88.05782
42.13364,-88.05789
42.13357,-88.05794
42.1333,-88.05801
42.13324,-88.05801
42.13316,-88.05808
42.13306,-88.05834
42.13301,-88.05839
42.13297,-88.05841
42.13262,-88.05844
42.13214,-88.05846
42.13172,-88.05849
42.13084,-88.05847
42.13079,-88.05848
42.13071,-88.05852
42.13062,-88.05852
42.13022,-88.05838
42.12967,-88.05837
42.12962,-88.05836
42.12936,-88.05818
42.1292,-88.05798
42.1292,-88.05798
42.12909,-88.05783
42.12878,-88.05757
42.12863,-88.05743
42.12853,-88.05728
42.12846,-88.05714
42.12843,-88.057
42.12841,-88.05677
42.12842,-88.05665
42.12845,-88.0562
42.12848,-88.05575
42.1285,-88.0555
42.12849,-88.05435
42.12847,-88.05406
42.12836,-88.0537
42.12824,-88.05358
42.12783,-88.05338
42.12676,-88.05333
42.12614,-88.05331
42.12608,-88.05327
42.12605,-88.05317
42.12603,-88.05307
42.12602,-88.05273
42.12602,-88.05262
42.12602,-88.05262
42.12602,-88.05161
42.126,-88.05132
42.12593,-88.05125
42.12587,-88.05125
42.12577,-88.05124
42.12565,-88.0512
42.12553,-88.05115
42.12543,-88.05113
42.12538,-88.05112
42.12534,-88.05109
42.12502,-88.05059
42.12492,-88.05039
42.12489,-88.05029
42.12487,-88.05016
42.12486,-88.04998
42.12487,-88.04988
42.1249,-88.04977
42.12499,-88.04959
42.12505,-88.04943
42.12506,-88.04926
42.12504,-88.04916
42.124844,-88.0487
42.12255,-88.048775
42.122242,-88.048676
42.119408,-88.04864
42.11944,-88.04864
42.11944,-88.04886
42.11939,-88.04901
42.11939,-88.04996
42.11938,-88.05028
42.11933,-88.0507
42.11926,-88.05115
42.11922,-88.05128
42.11922,-88.05128
42.11915,-88.05149
42.119,-88.05173
42.11906,-88.05181
42.11909,-88.05189
42.11912,-88.05203
42.11913,-88.05218
42.11914,-88.05252
42.11914,-88.05252
42.11916,-88.05291
42.11914,-88.05294
42.11914,-88.05296
42.11886,-88.05297
42.11849,-88.05296
42.11833,-88.05296
42.27207,-88.0472
42.27212,-88.047295
42.2721,-88.0474
42.271988,-88.04774
42.271904,-88.0477
42.271824,-88.04768
42.27174,-88.04765
42.27165,-88.04765
42.27156,-88.04762
42.27147,-88.047585
42.2714,-88.047516
42.271442,-88.04742
42.271477,-88.04731
42.271507,-88.047195
42.271507,-88.047195
42.271545,-88.04716
42.271637,-88.04706
42.27168,-88.04694
42.271675,-88.046814
42.271683,-88.046684
42.271748,-88.046616
42.271767,-88.0465
42.2718,-88.046394
42.271877,-88.0463
42.271942,-88.04623
42.27203,-88.04618
42.2721,-88.046104
42.272163,-88.046036
42.272243,-88.04598
42.272278,-88.04584
42.27231,-88.04573
42.272278,-88.04608
42.272263,-88.045944
42.272285,-88.04582
42.272297,-88.04571
42.272316,-88.04557
42.27241,-88.045525
42.27248,-88.04547
42.272526,-88.04538
42.272583,-88.04528
42.272648,-88.04521
42.272682,-88.045105
42.272743,-88.04504
42.272823,-88.04499
42.27285,-88.044876
42.27287,-88.04476
42.27288,-88.04464
42.2729,-88.04452
42.272923,-88.044395
42.27296,-88.044304
42.272976,-88.044174
42.27297,-88.04403
42.27296,-88.04391
42.27296,-88.04378
42.27297,-88.04366
42.272995,-88.0435
42.272945,-88.04389
42.272926,-88.04378
42.27288,-88.043686
42.272804,-88.04365
42.272713,-88.04365
42.27262,-88.04365
42.272533,-88.043655
42.272446,-88.04366
42.272354,-88.04366
42.27227,-88.04367
42.272182,-88.043686
42.272133,-88.04379
42.27218,-88.0439
42.27218,-88.044014
42.272152,-88.04413
42.272118,-88.04423
42.2721,-88.04434
42.27206,-88.04446
42.272015,-88.044556
42.271976,-88.044655
42.271927,-88.04475
42.271873,-88.04484
42.27185,-88.044945
42.271786,-88.04504
42.271736,-88.04512
42.271736,-88.04512
42.271736,-88.04513
42.27163,-88.0453
42.27157,-88.04538
42.2715,-88.04546
42.271427,-88.04555
42.271374,-88.04564
42.27131,-88.045715
42.271236,-88.04577
42.271206,-88.045876
42.27116,-88.045975
42.2711,-88.04607
42.27103,-88.04614
42.27099,-88.04624
42.27094,-88.046326
42.270897,-88.04643
42.270874,-88.04654
42.270836,-88.046646
42.270813,-88.04677
42.270817,-88.046875
42.270794,-88.04698
42.27076,-88.0471
42.270714,-88.04721
42.270683,-88.047325
42.270596,-88.04731
42.270508,-88.047295
42.270428,-88.04727
42.27034,-88.04727
42.27026,-88.047295
42.270176,-88.047325
42.270092,-88.04734
42.270004,-88.04737
42.269924,-88.04739
42.26988,-88.04729
42.26987,-88.04717
42.269855,-88.04706
42.269848,-88.04695
42.269836,-88.04684
42.269825,-88.04672
42.269825,-88.0466
42.269833,-88.046486
42.26983,-88.04637
42.26982,-88.04626
42.269817,-88.04614
42.26982,-88.04603
42.269802,-88.04591
42.269806,-88.04581
42.269794,-88.045685
42.269775,-88.04557
42.26979,-88.045456
42.269783,-88.045334
42.269783,-88.04523
42.26977,-88.045105
42.269753,-88.04499
42.269665,-88.04464
42.269638,-88.04453
42.26961,-88.044426
42.269573,-88.04433
42.26955,-88.04421
42.26954,-88.0441
42.26952,-88.04398
42.269505,-88.04387
42.269466,-88.04377
42.2694,-88.04368
42.269325,-88.04362
42.269238,-88.04361
42.269157,-88.04361
42.26907,-88.04362
42.268982,-88.04361
42.268898,-88.04361
42.26881,-88.04363
42.268726,-88.043625
42.268642,-88.04362
42.268562,-88.04361
42.268475,-88.04362
42.268417,-88.04371
42.26842,-88.04382
42.26846,-88.043945
42.268517,-88.04403
42.268574,-88.04411
42.268574,-88.04422
42.268597,-88.044334
42.26864,-88.04443
42.268665,-88.04454
42.268696,-88.044655
42.268726,-88.04476
42.268757,-88.04487
42.268776,-88.044975
42.268776,-88.0451
42.268806,-88.045204
42.26884,-88.04531
42.268852,-88.04542
42.268864,-88.04554
42.268864,-88.04565
42.26887,-88.04576
42.26887,-88.04576
42.26887,-88.04582
42.268856,-88.04599
42.268852,-88.046104
42.268864,-88.04621
42.26887,-88.04633
42.26888,-88.046455
