42.351887,-71.080635
42.351795,-71.0806
42.351707,-71.08055
42.351604,-71.0805
42.3515,-71.08046
42.3514,-71.0804
42.3513,-71.08034
42.351204,-71.08028
42.35111,-71.08025
42.35102,-71.080215
42.35093,-71.08015
42.350834,-71.08008
42.35073,-71.08002
42.35062,-71.08002
42.3505,-71.07999
42.350395,-71.07993
42.350307,-71.07988
42.350224,-71.07982
42.350124,-71.07976
42.350025,-71.07971
42.349926,-71.07966
42.349827,-71.07962
42.349712,-71.07961
42.349625,-71.0797
42.349545,-71.07978
42.349476,-71.07989
42.34941,-71.08001
42.349354,-71.08013
42.3493,-71.08025
42.349247,-71.08041
42.34917,-71.08054
42.349068,-71.08061
42.348953,-71.08063
42.348858,-71.0806
42.348785,-71.08054
42.3468,-71.0798
42.346504,-71.080215
42.346474,-71.08058
42.346104,-71.08093
42.345856,-71.081085
42.34562,-71.08128
42.34559,-71.08154
42.34562,-71.08169
42.345615,-71.08185
42.345543,-71.08193
42.345463,-71.08204
42.345387,-71.08216
42.345318,-71.082245
42.345226,-71.08233
42.345123,-71.0824
42.345028,-71.082466
42.344925,-71.082504
42.344822,-71.08256
42.344727,-71.08261
42.344654,-71.082695
42.34459,-71.08278
42.34451,-71.08289
42.344425,-71.083
42.344345,-71.0831
42.344265,-71.0832
42.344055,-71.08334
42.344097,-71.083664
42.34393,-71.083885
42.34385,-71.084
42.343754,-71.08409
42.343674,-71.08417
42.343582,-71.08426
42.343517,-71.08434
42.343437,-71.08445
42.343372,-71.08454
42.34329,-71.084656
42.34321,-71.08473
42.343117,-71.08482
42.342937,-71.084885
42.34286,-71.084984
42.342804,-71.08508
42.342735,-71.08517
42.34264,-71.08525
42.34253,-71.0853
42.342438,-71.085365
42.34237,-71.08545
42.34229,-71.08556
42.342228,-71.08567
42.34217,-71.085785
42.34211,-71.0859
42.34204,-71.086006
42.341965,-71.08612
42.341877,-71.08622
42.34181,-71.0863
42.34172,-71.0864
42.34164,-71.08651
42.341564,-71.08663
42.341484,-71.08672
42.341404,-71.08682
42.341328,-71.08693
42.341255,-71.08704
42.341194,-71.08716
42.3411,-71.08726
42.341022,-71.08734
42.340942,-71.087456
42.340897,-71.08758
42.34086,-71.0877
42.340816,-71.087845
42.34077,-71.08799
42.340733,-71.088135
42.3407,-71.08829
42.34065,-71.08843
42.340607,-71.08857
42.34057,-71.08869
42.340527,-71.08883
42.340496,-71.08895
42.34046,-71.089096
42.340412,-71.08922
42.340366,-71.08934
42.340317,-71.089455
42.340256,-71.0896
42.34021,-71.08972
42.34016,-71.08986
42.340122,-71.09001
42.340088,-71.09012
42.340042,-71.090225
42.33999,-71.09037
42.33994,-71.090485
42.33989,-71.0906
42.339836,-71.090706
42.339787,-71.09081
42.339733,-71.09096
42.339695,-71.091064
42.339657,-71.09118
42.339603,-71.09132
42.33955,-71.09146
42.339504,-71.09157
42.339447,-71.09171
42.3394,-71.09182
42.339344,-71.09192
42.339287,-71.09203
42.339233,-71.09214
42.339172,-71.092255
42.33911,-71.09238
42.33905,-71.09248
42.339012,-71.09259
42.33898,-71.09271
42.33894,-71.09286
42.338898,-71.093
42.338863,-71.09315
42.33882,-71.093285
42.338787,-71.0934
42.338734,-71.09354
42.338676,-71.09368
42.338615,-71.09381
42.33856,-71.09395
42.338512,-71.09407
42.338467,-71.09418
42.338413,-71.094284
42.338356,-71.094406
42.33831,-71.094536
42.33826,-71.09466
42.33822,-71.094765
42.338173,-71.09487
42.33811,-71.09501
42.338062,-71.095146
42.338005,-71.09526
42.33794,-71.09539
42.337883,-71.09552
42.33789,-71.09567
42.337917,-71.09581
42.337833,-71.09588
42.33777,-71.09598
42.337715,-71.0961
42.33766,-71.09622
42.337612,-71.09634
42.337563,-71.09646
42.337517,-71.09657
42.337456,-71.0967
42.337395,-71.09684
42.33735,-71.096985
42.3373,-71.09711
42.337254,-71.09722
42.337173,-71.09733
42.337105,-71.09744
42.337074,-71.09759
42.337036,-71.09772
42.33699,-71.097855
42.336937,-71.09797
42.336884,-71.09809
42.33684,-71.09822
42.336803,-71.09833
42.336735,-71.09845
42.33668,-71.09859
42.336636,-71.09873
42.336597,-71.098885
42.336555,-71.09903
42.336517,-71.09918
42.336464,-71.09933
42.33642,-71.09946
42.33637,-71.09958
42.336315,-71.09972
42.33628,-71.09983
42.336224,-71.09997
42.33617,-71.10009
42.33612,-71.100204
42.33606,-71.100334
42.335983,-71.100426
42.33593,-71.100525
42.335873,-71.100655
42.335815,-71.10079
42.335762,-71.10093
42.33571,-71.10107
42.335663,-71.10122
42.335613,-71.10136
42.335567,-71.10149
42.33552,-71.10163
42.335457,-71.10176
42.33541,-71.10188
42.33535,-71.102005
42.335297,-71.10212
42.33524,-71.10226
42.3352,-71.102394
42.33518,-71.102516
42.33515,-71.10265
42.335114,-71.10279
42.335056,-71.10293
42.335007,-71.10307
42.334976,-71.10322
42.334946,-71.10336
42.33491,-71.1035
42.334846,-71.10363
42.334785,-71.10377
42.334724,-71.103874
42.334656,-71.10399
42.334583,-71.104126
42.334534,-71.10423
42.33449,-71.10438
42.334457,-71.10452
42.33442,-71.104675
42.334366,-71.10479
42.33431,-71.10492
42.334236,-71.10504
42.334156,-71.10514
42.334095,-71.10525
42.334045,-71.10536
42.333996,-71.10549
42.33394,-71.10559
42.333862,-71.10568
42.33379,-71.10577
42.333714,-71.10589
42.333656,-71.10602
42.333614,-71.106155
42.333557,-71.1063
42.333508,-71.1064
42.333466,-71.106514
42.33344,-71.106636
42.33341,-71.106766
42.333393,-71.10692
42.333385,-71.10708
42.33338,-71.107216
42.33338,-71.107346
42.333393,-71.10747
42.3334,-71.1076
42.3334,-71.10776
42.3334,-71.1079
42.333397,-71.10805
42.3334,-71.10821
42.3334,-71.10833
42.3334,-71.10848
42.3334,-71.10861
42.3334,-71.108765
42.33339,-71.10892
42.33338,-71.10905
42.33337,-71.10918
42.33336,-71.10931
42.33334,-71.10945
42.333332,-71.1096
42.33332,-71.10975
42.3333,-71.10987
42.33328,-71.10999
42.33324,-71.11012
42.33319,-71.11025
42.333145,-71.11035
42.333096,-71.11046
42.33304,-71.11059
42.332966,-71.11072
42.332893,-71.11082
42.33282,-71.11094
42.332764,-71.11107
42.332703,-71.11119
42.332638,-71.111305
42.332565,-71.11142
42.332504,-71.11152
42.332428,-71.11162
42.332348,-71.111725
42.332275,-71.11183
42.33221,-71.11195
42.332172,-71.112076
42.332146,-71.1122
42.33212,-71.11231
42.33209,-71.11247
42.332066,-71.11263
42.332047,-71.11277
42.33203,-71.11289
42.332043,-71.113045
42.33203,-71.11317
42.33202,-71.1133
42.33201,-71.11343
42.331997,-71.113556
42.331985,-71.11368
42.331966,-71.113815
42.331963,-71.11395
42.331963,-71.1141
42.331966,-71.11423
42.331963,-71.11437
42.332024,-71.11447
42.332104,-71.11442
42.332195,-71.11448
42.332172,-71.11461
42.332153,-71.11475
42.332138,-71.11489
42.332108,-71.11502
42.332085,-71.11515
42.33205,-71.11528
42.332016,-71.11541
42.331997,-71.11557
42.33198,-71.11569
42.331963,-71.115814
42.331944,-71.11594
42.331944,-71.11606
42.33194,-71.116196
42.33193,-71.116325
42.33193,-71.11648
42.331932,-71.11667
42.33193,-71.116806
42.331913,-71.11697
42.331894,-71.11712
42.331894,-71.11746
42.331924,-71.11761
42.331966,-71.11772
42.332016,-71.11783
42.332066,-71.11793
42.332146,-71.11804
42.33223,-71.11815
42.33231,-71.11823
42.33238,-71.11832
42.332474,-71.1184
42.33258,-71.11847
42.332672,-71.11851
42.332767,-71.11854
42.332855,-71.11858
42.332935,-71.11864
42.333042,-71.11868
42.333134,-71.1187
42.33322,-71.11872
42.333336,-71.118744
42.333427,-71.11874
42.33354,-71.11877
42.333652,-71.118805
42.333767,-71.118835
42.33387,-71.11888
42.333973,-71.118935
42.334084,-71.118965
42.334194,-71.119
42.334293,-71.11904
42.334404,-71.119064
42.334496,-71.11911
42.3346,-71.11914
42.33469,-71.11918
42.334797,-71.11925
42.33488,-71.11933
42.334965,-71.11943
42.335052,-71.119514
42.33516,-71.11959
42.33525,-71.11969
42.33533,-71.1198
42.335403,-71.11987
42.335487,-71.11995
42.335575,-71.12003
42.33565,-71.12012
42.33574,-71.120224
42.335823,-71.12029
42.335907,-71.120346
42.33598,-71.12042
42.336052,-71.12052
42.33612,-71.12061
42.33621,-71.12071
42.33629,-71.1208
42.33637,-71.12088
42.33645,-71.12097
42.33653,-71.12106
42.336628,-71.12115
42.33671,-71.12122
42.33679,-71.1213
42.336884,-71.12135
42.336975,-71.121376
42.33706,-71.121414
42.33716,-71.12143
42.33726,-71.121414
42.337368,-71.1214
42.337475,-71.12138
42.33757,-71.121376
42.337666,-71.121376
42.337772,-71.121376
42.337868,-71.12139
42.337975,-71.1214
42.33808,-71.12139
42.338196,-71.12137
42.338287,-71.12133
42.3384,-71.12129
42.3385,-71.12126
42.33862,-71.12123
42.33873,-71.12121
42.338833,-71.12118
42.33893,-71.121155
42.339027,-71.12111
42.339123,-71.121086
42.339226,-71.12105
42.339333,-71.120995
42.339428,-71.12096
42.339535,-71.12091
42.339634,-71.12087
42.339725,-71.12085
42.339817,-71.12082
42.339912,-71.1208
42.340008,-71.120766
42.340126,-71.12074
42.340218,-71.120735
42.340305,-71.1208
42.34039,-71.12087
42.340477,-71.12092
42.34059,-71.12094
42.340706,-71.12099
42.340797,-71.121086
42.34087,-71.12117
42.340946,-71.12124
42.341022,-71.12135
42.341064,-71.12149
42.341087,-71.12161
42.341106,-71.121735
42.34112,-71.12186
42.341137,-71.12199
42.341156,-71.12211
42.341183,-71.12226
42.341213,-71.122406
42.341232,-71.12253
42.341255,-71.12264
42.34128,-71.122795
42.341312,-71.12293
42.34136,-71.12307
42.34139,-71.12321
42.341393,-71.12335
42.34143,-71.12348
42.341465,-71.12363
42.341457,-71.12376
42.341442,-71.1239
42.341484,-71.12403
42.341545,-71.12395
42.34159,-71.123825
42.34163,-71.12367
42.34168,-71.12353
42.341724,-71.1234
42.341797,-71.12329
42.34188,-71.12319
42.341923,-71.12305
42.341976,-71.12291
42.342026,-71.12278
42.342083,-71.12266
42.342148,-71.12255
42.34222,-71.12246
42.342274,-71.122345
42.342346,-71.122215
42.342392,-71.12207
42.34247,-71.121994
42.34244,-71.12187
42.342514,-71.121994
42.342575,-71.122086
42.34264,-71.12219
42.342693,-71.1223
42.342762,-71.12243
42.34284,-71.12254
42.342922,-71.12266
42.34299,-71.12276
42.343052,-71.12285
42.34312,-71.12298
42.343174,-71.12312
42.343227,-71.123245
42.34329,-71.123375
42.343353,-71.123505
42.343422,-71.1236
42.343517,-71.12367
42.343582,-71.12379
42.343643,-71.12392
42.3437,-71.12402
42.343742,-71.12414
42.343807,-71.12427
42.343857,-71.12441
42.343895,-71.12454
42.34398,-71.12466
42.344055,-71.124756
42.344124,-71.12486
42.344196,-71.12493
42.344296,-71.12497
42.344406,-71.12492
42.344494,-71.12487
42.344585,-71.1248
42.34467,-71.12473
42.34476,-71.124664
42.344845,-71.12459
42.34491,-71.1245
42.344975,-71.124405
42.34506,-71.12431
42.345142,-71.124245
42.345222,-71.124176
42.345325,-71.124115
42.345417,-71.12404
42.345497,-71.123955
42.345573,-71.12387
42.345608,-71.12376
42.345676,-71.123634
42.345737,-71.12354
42.3458,-71.12345
42.345882,-71.12337
42.345966,-71.1233
42.346046,-71.12323
42.346138,-71.12316
42.346222,-71.12307
42.34631,-71.12299
42.34642,-71.12292
42.346527,-71.122856
42.346622,-71.1228
42.34673,-71.12275
42.34683,-71.12272
42.34694,-71.12269
42.34704,-71.122635
42.347145,-71.12259
42.34724,-71.12255
42.34734,-71.12252
42.347446,-71.1225
42.34754,-71.12245
42.347652,-71.12241
42.347763,-71.122375
42.347874,-71.12233
42.347973,-71.12231
42.348064,-71.122284
42.34816,-71.12223
42.34823,-71.12213
42.348293,-71.12201
42.34837,-71.121895
42.348446,-71.12178
42.34852,-71.12166
42.348568,-71.121544
42.34862,-71.12144
42.348682,-71.12133
42.34878,-71.121315
42.348873,-71.121346
42.348965,-71.12137
42.34907,-71.12141
42.34918,-71.12143
42.349266,-71.121445
42.349358,-71.12147
42.34946,-71.1215
42.349586,-71.12151
42.349693,-71.12151
42.349785,-71.12152
42.3499,-71.12154
42.349995,-71.12157
42.350082,-71.1216
42.350197,-71.12163
42.35029,-71.12164
42.350388,-71.12163
42.35048,-71.12158
42.350563,-71.12154
42.35067,-71.12147
42.35076,-71.12143
42.350853,-71.1214
42.350945,-71.1214
42.351048,-71.1214
42.3512,-71.121376
42.351322,-71.12135
42.35143,-71.121315
42.3515,-71.12122
42.351543,-71.1211
42.351566,-71.12097
42.351578,-71.12084
42.35157,-71.12069
42.35156,-71.12055
42.351543,-71.12042
42.35153,-71.12029
42.351513,-71.12016
42.351505,-71.12004
42.351498,-71.1199
42.351482,-71.11977
42.351467,-71.11964
42.351444,-71.11951
42.351433,-71.11938
42.351414,-71.119255
42.35142,-71.11912
42.351463,-71.11899
42.35148,-71.11884
42.35148,-71.11872
42.351467,-71.11859
42.35145,-71.118454
42.351425,-71.11832
42.35138,-71.11817
42.35131,-71.118
42.351273,-71.11789
42.35125,-71.117744
42.351234,-71.11761
42.351215,-71.117455
42.3512,-71.117294
42.35119,-71.11717
42.351162,-71.117035
42.35113,-71.116875
42.351147,-71.11673
42.35114,-71.1166
42.35114,-71.11645
42.35112,-71.116325
42.351044,-71.11621
42.35095,-71.11619
42.35084,-71.11619
42.350742,-71.11613
42.350616,-71.11607
42.350525,-71.11604
42.350403,-71.11599
42.350296,-71.11594
42.350212,-71.11587
42.350166,-71.115746
42.350132,-71.11563
42.350094,-71.11549
42.350067,-71.11535
42.350056,-71.11521
42.350025,-71.11508
42.350014,-71.11496
42.349987,-71.11483
42.349964,-71.11471
42.349937,-71.114555
42.34992,-71.114426
42.349907,-71.1143
42.3499,-71.11417
42.3499,-71.11403
42.34992,-71.1139
42.34992,-71.113754
42.349915,-71.1136
42.34989,-71.11348
42.349865,-71.113335
42.34987,-71.1132
42.349888,-71.11307
42.349884,-71.11293
42.34987,-71.112785
42.34987,-71.112656
42.349854,-71.112495
42.349854,-71.11236
42.349846,-71.112206
42.34983,-71.11205
42.349834,-71.11192
42.349846,-71.11179
42.34987,-71.11167
42.349888,-71.11152
42.3499,-71.11138
42.3499,-71.11123
42.3499,-71.11109
42.349888,-71.110954
42.349854,-71.11082
42.349686,-71.11051
42.349644,-71.1104
42.349583,-71.11027
42.349525,-71.11015
42.349464,-71.11004
42.3494,-71.109924
42.349335,-71.1098
42.34928,-71.109695
42.349247,-71.10958
42.349228,-71.10944
42.34928,-71.10931
42.34937,-71.109245
42.349464,-71.10922
42.34956,-71.10923
42.349674,-71.10923
42.349785,-71.10926
42.34989,-71.10926
42.349983,-71.1092
42.35003,-71.10907
42.350056,-71.108925
42.350086,-71.10877
42.3501,-71.108635
42.3501,-71.10849
42.350098,-71.10837
42.3501,-71.10821
42.3501,-71.10808
42.35011,-71.10794
42.35013,-71.10773
42.350113,-71.107605
42.350082,-71.10746
42.35006,-71.10733
42.35003,-71.107185
42.35,-71.10704
42.349976,-71.10692
42.349953,-71.106766
42.349953,-71.10662
42.34996,-71.1065
42.34994,-71.10636
42.349926,-71.10623
42.349907,-71.106094
42.34989,-71.10596
42.3499,-71.10582
42.349895,-71.10567
42.34987,-71.10555
42.349827,-71.10544
42.349777,-71.10529
42.349754,-71.10517
42.349735,-71.10503
42.349724,-71.10489
42.34973,-71.10477
42.349728,-71.10458
42.349712,-71.10445
42.349697,-71.10432
42.349686,-71.10418
42.349686,-71.104034
42.349724,-71.10389
42.34979,-71.10377
42.34988,-71.10368
42.349987,-71.10362
42.350098,-71.10358
42.350204,-71.103546
42.350307,-71.10352
42.350437,-71.10351
42.350567,-71.10347
42.350655,-71.10338
42.35069,-71.10326
42.350685,-71.10313
42.350674,-71.103004
42.350647,-71.10286
42.35064,-71.10272
42.350636,-71.10259
42.350636,-71.10244
42.35064,-71.10229
42.35062,-71.102165
42.350586,-71.10201
42.350597,-71.10185
42.350567,-71.101715
42.35055,-71.10156
42.35053,-71.10141
42.350513,-71.10127
42.35051,-71.10113
42.350517,-71.100975
42.350517,-71.10082
42.3505,-71.10067
42.350483,-71.100525
42.35045,-71.10037
42.350418,-71.10023
42.35039,-71.100105
42.35039,-71.099976
42.350395,-71.09984
42.350384,-71.09967
42.350353,-71.09954
42.350323,-71.0994
42.350307,-71.09925
42.350292,-71.09912
42.350296,-71.09898
42.350292,-71.09884
42.350285,-71.09869
42.350296,-71.09853
42.350292,-71.09839
42.350273,-71.098236
42.350246,-71.09811
42.35024,-71.09796
42.350235,-71.09782
42.350212,-71.09768
42.35018,-71.09755
42.35017,-71.09742
42.350185,-71.09728
42.350193,-71.09715
42.350178,-71.09702
42.35016,-71.09687
42.350155,-71.09674
42.350163,-71.09661
42.350143,-71.09647
42.350136,-71.09631
42.35013,-71.09619
42.350147,-71.09605
42.35017,-71.09591
42.350185,-71.095764
42.350166,-71.0956
42.350155,-71.09547
42.350136,-71.09529
42.35011,-71.09514
42.350098,-71.095
42.350086,-71.09486
42.350082,-71.09472
42.350086,-71.094536
42.350094,-71.09438
42.350086,-71.09422
42.35006,-71.09408
42.350048,-71.09393
42.350056,-71.09379
42.350056,-71.09365
42.350048,-71.0935
42.350044,-71.09337
42.350063,-71.09323
42.35014,-71.09316
42.350113,-71.093
42.350132,-71.09284
42.35019,-71.09273
42.350334,-71.09258
42.35035,-71.09244
42.350357,-71.09231
42.35037,-71.09215
42.35037,-71.092026
42.35037,-71.09185
42.350395,-71.09173
42.35043,-71.09158
42.35045,-71.09146
42.350468,-71.09134
42.350506,-71.091194
42.350525,-71.09106
42.350544,-71.090904
42.35056,-71.09076
42.35058,-71.09062
42.35062,-71.090485
42.35067,-71.090355
42.3507,-71.09023
42.350716,-71.090096
42.350742,-71.08997
42.350792,-71.089836
42.350857,-71.08974
42.35096,-71.08969
42.351048,-71.089745
42.35114,-71.08982
42.35123,-71.089905
42.35132,-71.089966
42.3514,-71.09002
42.351498,-71.09005
42.351543,-71.08992
42.35154,-71.08979
42.351463,-71.08969
42.35146,-71.08956
42.351467,-71.0894
42.351482,-71.08927
42.35152,-71.08915
42.351562,-71.089035
42.35161,-71.08888
42.351643,-71.08877
42.351677,-71.08862
42.351727,-71.08848
42.351776,-71.08833
42.35181,-71.08819
42.351833,-71.08804
42.35186,-71.087906
42.35189,-71.08777
42.351925,-71.08762
42.351955,-71.0875
42.351986,-71.08738
42.352013,-71.08726
42.35204,-71.08714
42.35208,-71.087
42.35212,-71.08685
42.352158,-71.086716
42.3522,-71.08657
42.352245,-71.08643
42.35229,-71.08631
42.352325,-71.08617
42.352367,-71.08603
42.352417,-71.08587
42.352432,-71.08569
42.352463,-71.08556
42.35249,-71.08544
42.35252,-71.08528
42.352554,-71.08514
42.352585,-71.084984
42.35262,-71.08483
42.352665,-71.084694
42.35271,-71.08456
42.35275,-71.084404
42.352776,-71.08427
42.352814,-71.084145
42.35285,-71.08402
42.352886,-71.0839
42.352932,-71.083755
42.35297,-71.08363
42.353,-71.08348
42.353024,-71.08336
42.353058,-71.083206
42.3531,-71.08305
42.353138,-71.0829
42.353176,-71.082756
42.353207,-71.08264
42.35324,-71.0825
42.353294,-71.08236
42.353325,-71.08222
42.353355,-71.082085
42.35339,-71.08194
42.353424,-71.081825
42.353477,-71.08169
42.35352,-71.081566
42.35357,-71.08141
42.35361,-71.081276
42.35364,-71.08114
42.353672,-71.080986
42.353706,-71.08084
42.353756,-71.08073
42.353794,-71.08059
42.35382,-71.08047
42.35385,-71.080315
42.353874,-71.08016
42.35388,-71.08003
42.353924,-71.07989
42.353985,-71.07976
42.35403,-71.079636
42.354073,-71.07953
42.354122,-71.079384
42.354176,-71.07927
42.354218,-71.079155
42.354244,-71.07904
42.35428,-71.078896
42.35432,-71.078766
42.354355,-71.07865
42.354393,-71.0785
42.354416,-71.07838
42.354454,-71.078224
42.354485,-71.0781
42.35452,-71.07799
42.354565,-71.07785
42.3546,-71.077736
42.35463,-71.07762
42.354652,-71.07748
42.354683,-71.07733
42.35471,-71.07721
42.354736,-71.07706
42.35477,-71.07691
42.354805,-71.07677
42.35484,-71.07665
42.354874,-71.07651
42.354916,-71.07637
42.35495,-71.076256
42.355003,-71.07611
42.355064,-71.07597
42.355114,-71.075836
42.355145,-71.075714
42.355186,-71.07559
42.355213,-71.07547
42.355247,-71.07533
42.355274,-71.075195
42.355198,-71.0751
42.35509,-71.075035
42.355007,-71.074974
42.354942,-71.07487
42.354923,-71.074745
42.354935,-71.074615
42.354942,-71.074486
42.354977,-71.07435
42.355007,-71.0742
42.355026,-71.07406
42.355072,-71.07393
42.35511,-71.0738
42.355137,-71.07367
42.355167,-71.07352
42.355183,-71.073395
42.355206,-71.07325
42.355236,-71.07313
42.355244,-71.07298
42.35525,-71.07283
42.35525,-71.07269
42.355186,-71.07259
42.355103,-71.072525
42.355007,-71.07248
42.3549,-71.072395
42.35481,-71.072334
42.354713,-71.072365
42.354618,-71.072426
42.35456,-71.07254
42.354507,-71.07267
42.354443,-71.07279
42.354404,-71.072914
42.354374,-71.07307
42.354347,-71.07319
42.354317,-71.073326
42.354282,-71.07344
42.35425,-71.07357
42.354218,-71.073715
42.35419,-71.07383
42.354168,-71.073975
42.354137,-71.0741
42.35408,-71.07419
42.354027,-71.074295
42.35398,-71.07442
42.35395,-71.07456
42.35393,-71.07469
42.35391,-71.07482
42.353874,-71.07497
42.35384,-71.07511
42.3538,-71.07524
42.35377,-71.075356
42.353737,-71.07548
42.353695,-71.07561
42.353638,-71.075714
42.35359,-71.07586
42.353554,-71.076
42.35353,-71.07614
42.353527,-71.07627
42.353516,-71.076416
42.353497,-71.076546
42.35345,-71.07668
42.35342,-71.07681
42.353386,-71.07694
42.35336,-71.077065
42.353317,-71.077194
42.35328,-71.07732
42.353245,-71.07743
42.353214,-71.07757
42.353172,-71.07769
42.353104,-71.07782
42.353046,-71.077934
42.35299,-71.07807
42.352962,-71.07819
42.35294,-71.07834
42.352886,-71.07845
42.352787,-71.0785
42.35268,-71.07849
42.35257,-71.078476
42.352474,-71.07844
42.352383,-71.07839
42.35229,-71.07835
42.352203,-71.07832
42.352116,-71.07832
42.352024,-71.078316
42.351913,-71.078316
42.35182,-71.07829
42.35171,-71.07822
42.351612,-71.07817
42.351513,-71.0781
42.35141,-71.07806
42.35132,-71.078026
42.351223,-71.07801
42.351116,-71.07797
42.351013,-71.077934
42.350918,-71.07787
42.350834,-71.077835
42.35073,-71.07776
42.350643,-71.0777
42.350533,-71.07761
42.350437,-71.077515
42.350353,-71.07745
42.35026,-71.077415
42.350174,-71.07744
42.350105,-71.07754
42.350037,-71.07766
42.34998,-71.07779
42.349953,-71.07791
42.349926,-71.07803
42.34987,-71.07834
42.34984,-71.07846
42.34981,-71.07858
42.34977,-71.0787
42.349735,-71.07886
42.349705,-71.07898
42.349644,-71.07909
42.34957,-71.07921
42.349545,-71.07937
42.34955,-71.07953
42.34951,-71.07968
42.34947,-71.079796
42.34941,-71.07992
42.34935,-71.08004
42.34924,-71.08024
42.349194,-71.08035
42.349163,-71.08058
42.34905,-71.08063
42.348927,-71.08069
42.348812,-71.08075
42.34869,-71.08075
42.348576,-71.08071
42.34848,-71.080666
42.348366,-71.0806
42.348267,-71.08053
42.348164,-71.08047
42.348057,-71.08041
42.34796,-71.08037
42.347736,-71.0803
42.348503,-71.080345
42.34848,-71.08044
42.34719,-71.0798
42.34705,-71.0797
42.34597,-71.08108
42.34597,-71.08108
42.34402,-71.0835
42.34391,-71.08373
42.342,-71.08605
42.34186,-71.08614
42.3415,-71.08658
42.34123,-71.087
42.34123,-71.087
42.34044,-71.08895
42.34044,-71.08895
42.33812,-71.09476
42.33812,-71.09476
42.33903,-71.09687
42.33903,-71.09687
42.33968,-71.09634
42.33997,-71.09593
42.34059,-71.09436
42.34101,-71.09292
42.34114,-71.09261
42.34144,-71.09212
42.34161,-71.09195
42.34214,-71.0916
42.34233,-71.09154
42.34318,-71.09145
42.34397,-71.09086
42.34431,-71.09075
42.34452,-71.09077
42.34539,-71.09061
42.34539,-71.09061
42.34602,-71.09073
42.34623,-71.09061
42.34623,-71.09061
42.34657,-71.09041
42.34678,-71.08952
42.34678,-71.08952
42.34724,-71.08793
42.34734,-71.08777
42.3473,-71.08775
42.3473,-71.08775
42.34809,-71.0881
42.35006,-71.08911
42.35006,-71.08911
42.35229,-71.08085
42.35229,-71.08085
42.34952,-71.07951
42.34952,-71.07951
42.34916,-71.08082
42.34916,-71.08082
42.34917,-71.08076
42.34844,-71.08042
42.34787,-71.07996
42.347332,-71.08014
42.34713,-71.08032
42.346886,-71.08052
42.3465,-71.080925
42.346233,-71.08117
42.345947,-71.0813
42.345627,-71.08175
42.345535,-71.08184
42.345295,-71.08209
42.34503,-71.08238
42.344776,-71.08259
42.34465,-71.08269
42.34447,-71.08295
42.344418,-71.08305
42.34436,-71.083176
42.344307,-71.0833
42.344246,-71.08341
42.34418,-71.08351
42.344116,-71.0836
42.34404,-71.08369
42.343964,-71.08377
42.34388,-71.08385
42.343796,-71.08392
42.34372,-71.084
42.34364,-71.08409
42.343555,-71.08418
42.343475,-71.08427
42.34339,-71.08438
42.34332,-71.08449
42.343246,-71.08459
42.34318,-71.08468
42.343113,-71.08477
42.343037,-71.08486
42.34299,-71.085
42.343033,-71.08515
42.343094,-71.085266
42.34318,-71.08543
42.3432,-71.085556
42.343243,-71.08568
42.34332,-71.08576
42.34335,-71.085915
42.343376,-71.086044
42.343422,-71.08644
42.343403,-71.086586
42.343365,-71.08673
42.343357,-71.08689
42.34339,-71.08703
42.34342,-71.08716
42.343445,-71.087296
42.34347,-71.08743
42.343502,-71.08756
42.343533,-71.087685
42.343567,-71.087814
42.343597,-71.08794
42.34362,-71.08807
42.343643,-71.08821
42.34366,-71.08833
42.34368,-71.08847
42.34369,-71.0886
42.343704,-71.08874
42.343723,-71.08889
42.34374,-71.089035
42.34375,-71.08917
42.343765,-71.089325
42.34379,-71.08945
42.34382,-71.08959
42.34385,-71.08973
42.34387,-71.08986
42.343872,-71.08999
42.34387,-71.09012
42.34384,-71.09024
42.343784,-71.09035
42.34375,-71.09048
42.34372,-71.0906
42.343674,-71.09073
42.343613,-71.09083
42.343475,-71.0909
42.343384,-71.09097
42.34328,-71.091034
42.343185,-71.09106
42.343094,-71.09107
42.342983,-71.09108
42.34289,-71.091095
42.342785,-71.0911
42.34268,-71.091095
42.34257,-71.09114
42.342484,-71.0912
42.342407,-71.09128
42.342304,-71.09132
42.3422,-71.09139
42.34212,-71.09145
42.342033,-71.091515
42.341946,-71.091576
42.341843,-71.09163
42.341743,-71.09169
42.34165,-71.09174
42.341557,-71.09181
42.341454,-71.0919
42.34138,-71.09198
42.341316,-71.092064
42.341236,-71.09217
42.34118,-71.09227
42.34111,-71.09241
42.341053,-71.09251
42.340984,-71.092606
42.340908,-71.09271
42.340836,-71.092834
42.34078,-71.09296
42.340744,-71.0931
42.34072,-71.09325
42.340725,-71.0934
42.340725,-71.09356
42.340706,-71.09369
42.340668,-71.09382
42.340645,-71.09394
42.34062,-71.09406
42.34058,-71.09421
42.340538,-71.094345
42.34049,-71.09448
42.34044,-71.09463
42.340385,-71.09477
42.340347,-71.09489
42.340294,-71.095024
42.340237,-71.09514
42.340168,-71.0953
42.34011,-71.09543
42.34005,-71.09556
42.339993,-71.0957
42.339947,-71.09582
42.33992,-71.095955
42.33989,-71.0961
42.3398,-71.09622
42.339725,-71.09632
42.339645,-71.09641
42.339478,-71.096565
42.3394,-71.09664
42.339325,-71.09672
42.33924,-71.09678
42.339157,-71.09683
42.339073,-71.09692
42.339005,-71.09702
42.33896,-71.09713
42.338913,-71.09728
42.338882,-71.09741
42.33886,-71.09755
42.338856,-71.097694
42.338852,-71.09784
42.338852,-71.097984
42.33886,-71.09812
42.338898,-71.09825
42.338936,-71.098366
42.338966,-71.0985
42.338985,-71.09864
42.339024,-71.098755
42.33908,-71.098854
42.33914,-71.09896
42.339207,-71.09908
42.339268,-71.099205
42.339325,-71.099304
42.339397,-71.09941
42.33947,-71.09951
42.339546,-71.09963
42.339603,-71.09973
42.33968,-71.099815
42.339787,-71.099846
42.33988,-71.09986
42.339973,-71.09987
42.340065,-71.099884
42.34016,-71.09988
42.340267,-71.099815
42.340363,-71.099785
42.340477,-71.09981
42.340588,-71.099846
42.34071,-71.09988
42.3408,-71.099915
42.34091,-71.09998
42.34099,-71.10007
42.34106,-71.10015
42.34112,-71.10025
42.341183,-71.10035
42.341255,-71.10043
42.341347,-71.10053
42.341446,-71.10062
42.341537,-71.100685
42.34162,-71.10078
42.341705,-71.10089
42.341785,-71.101
42.34186,-71.101074
42.341953,-71.10115
42.342052,-71.10122
42.342136,-71.1013
42.342213,-71.10139
42.342304,-71.10147
42.34238,-71.10157
42.342457,-71.10167
42.34253,-71.10175
42.342625,-71.101845
42.3427,-71.10191
42.342785,-71.10199
42.342865,-71.10206
42.34294,-71.102135
42.343025,-71.1022
42.343105,-71.102264
42.343197,-71.10227
42.34327,-71.10215
42.343315,-71.102036
42.343353,-71.1019
42.343395,-71.10178
42.343452,-71.101654
42.34349,-71.10154
42.343567,-71.10137
42.34362,-71.10123
42.343662,-71.101105
42.343716,-71.100975
42.34376,-71.10084
42.343826,-71.100716
42.343876,-71.10062
42.34392,-71.10051
42.343952,-71.10038
42.34397,-71.100235
42.343987,-71.10011
42.344,-71.1
42.344025,-71.099846
42.344055,-71.09971
42.344097,-71.09959
42.344128,-71.09945
42.344135,-71.09932
42.344166,-71.0992
42.34418,-71.099075
42.344185,-71.09892
42.344196,-71.098785
42.344227,-71.09867
42.344296,-71.0985
42.344334,-71.09836
42.344353,-71.0982
42.344368,-71.098076
42.344383,-71.09794
42.34441,-71.09779
42.344448,-71.097664
42.344494,-71.097534
42.34454,-71.097404
42.344604,-71.097275
42.34465,-71.09717
42.344696,-71.09702
42.344738,-71.09688
42.344788,-71.09673
42.344833,-71.09661
42.344868,-71.09647
42.3449,-71.09634
42.344917,-71.096214
42.344936,-71.09609
42.34496,-71.09597
42.344997,-71.09583
42.345043,-71.09569
42.345085,-71.09557
42.34514,-71.095436
42.34518,-71.0953
42.345207,-71.09518
42.34522,-71.095055
42.345234,-71.0949
42.34528,-71.09478
42.34531,-71.09466
42.345345,-71.09453
42.345383,-71.0944
42.345444,-71.094284
42.345535,-71.094215
42.34563,-71.09413
42.345703,-71.09404
42.345776,-71.09394
42.345844,-71.09384
42.345913,-71.093765
42.345997,-71.09366
42.346085,-71.09357
42.346172,-71.09349
42.346252,-71.0934
42.34633,-71.09332
42.346413,-71.093216
42.346474,-71.09312
42.346527,-71.09297
42.346577,-71.09283
42.346615,-71.0927
42.34664,-71.09258
42.346653,-71.09243
42.346657,-71.0923
42.346657,-71.092155
42.34664,-71.09201
42.34662,-71.091896
42.346584,-71.09178
42.34653,-71.091644
42.34649,-71.09152
42.34646,-71.0914
42.346424,-71.09127
42.34639,-71.09115
42.346394,-71.09103
42.346413,-71.090904
42.34644,-71.09078
42.346493,-71.09067
42.34656,-71.09055
42.346603,-71.09043
42.34664,-71.090324
42.346687,-71.09018
42.346745,-71.09006
42.34679,-71.08995
42.346832,-71.08984
42.34688,-71.08972
42.346928,-71.08957
42.346962,-71.08942
42.346977,-71.089264
42.347004,-71.08915
42.347046,-71.08903
42.347088,-71.088905
42.347134,-71.08878
42.347176,-71.08865
42.347214,-71.08853
42.34725,-71.0884
42.34728,-71.08828
42.34731,-71.088165
42.347363,-71.08806
42.347435,-71.08798
42.347534,-71.08801
42.347626,-71.08803
42.34776,-71.08804
42.347855,-71.08804
42.34795,-71.08807
42.348026,-71.08815
42.34811,-71.08825
42.348194,-71.08831
42.34847,-71.08843
42.3486,-71.088455
42.348724,-71.08843
42.348835,-71.08842
42.348938,-71.08835
42.349007,-71.08825
42.34906,-71.08811
42.349083,-71.08799
42.349106,-71.08784
42.349133,-71.08771
42.349155,-71.08758
42.349174,-71.087456
42.349205,-71.08731
42.34924,-71.087166
42.349277,-71.08702
42.349316,-71.08689
42.349342,-71.086754
42.349384,-71.08661
42.34943,-71.08648
42.349472,-71.08636
42.3495,-71.08621
42.34953,-71.08608
42.349575,-71.08594
42.3496,-71.08581
42.349663,-71.085686
42.34969,-71.08555
42.349724,-71.08541
42.34977,-71.085266
42.349808,-71.085144
42.349827,-71.08502
42.34984,-71.08489
42.34987,-71.08474
42.34992,-71.0846
42.349953,-71.08448
42.349983,-71.08436
42.35002,-71.084236
42.350063,-71.08409
42.35009,-71.08395
42.350124,-71.08379
42.350147,-71.08364
42.35018,-71.0835
42.350216,-71.08338
42.35026,-71.08325
42.350296,-71.08311
42.35032,-71.082985
42.350338,-71.08284
42.350365,-71.082726
42.350414,-71.08261
42.35046,-71.08249
42.350506,-71.08237
42.35056,-71.08224
42.350613,-71.0821
42.35064,-71.08198
42.350697,-71.08184
42.350754,-71.0817
42.350784,-71.08156
42.3508,-71.081436
42.35081,-71.08131
42.35084,-71.081184
42.35088,-71.08104
42.35089,-71.08092
42.35091,-71.08077
42.35093,-71.08065
42.350964,-71.080505
42.350986,-71.08037
42.350956,-71.080246
42.350876,-71.08018
42.350784,-71.0801
42.350685,-71.08005
42.35048,-71.079926
42.350376,-71.07989
42.35026,-71.079834
42.350174,-71.07979
42.350086,-71.079735
42.349995,-71.07975
42.34975,-71.079704
42.349644,-71.07975
42.349518,-71.07979
42.349434,-71.079865
42.34939,-71.07999
42.34934,-71.08011
42.349274,-71.08024
42.349228,-71.08036
42.349186,-71.080505
42.349224,-71.08068
42.349358,-71.080795
42.349464,-71.080826
42.34952,-71.08093
42.349472,-71.08106
42.349472,-71.08106
42.34843,-71.08052
42.34845,-71.08043
42.34719,-71.0798
42.34705,-71.0797
42.34575,-71.08136
42.34575,-71.08136
42.34312,-71.08455
42.34312,-71.08455
42.34402,-71.0835
42.34391,-71.08373
42.34284,-71.08502
42.34333,-71.0858
42.34593,-71.0871
42.34665,-71.08739
42.34719,-71.08768
42.34719,-71.08768
42.34725,-71.08772
42.34724,-71.08793
42.34661,-71.09014
42.34571,-71.0904
42.34559,-71.09045
42.34548,-71.0906
42.34548,-71.0906
42.34452,-71.09077
42.34431,-71.09075
42.34397,-71.09086
42.34318,-71.09145
42.34233,-71.09154
42.34214,-71.0916
42.34161,-71.09195
42.34144,-71.09212
42.34114,-71.09261
42.34091,-71.0932
42.34059,-71.09436
42.34012,-71.09559
42.33984,-71.09614
42.33959,-71.09642
42.33959,-71.09642
42.33903,-71.09687
42.33884,-71.09701
42.3387,-71.09748
42.33872,-71.09803
42.33906,-71.09895
42.33958,-71.09979
42.34005,-71.10016
42.34027,-71.10015
42.3405,-71.09995
42.34045,-71.10006
42.34045,-71.10006
42.3406,-71.09987
42.34081,-71.09987
42.34098,-71.10024
42.34117,-71.1005
42.34274,-71.10209
42.34274,-71.10209
42.3432,-71.1025
42.34334,-71.10257
42.34349,-71.10247
42.34483,-71.10103
42.34483,-71.10103
42.34642,-71.09932
42.34851,-71.0972
42.34875,-71.0971
42.34889,-71.09711
42.34909,-71.09583
42.34971,-71.0937
42.34987,-71.09334
42.34994,-71.09285
42.35049,-71.0908
42.35049,-71.0908
42.35416,-71.07717
42.35416,-71.07717
42.35422,-71.07696
42.35339,-71.07655
42.35339,-71.07655
42.35344,-71.07658
42.35229,-71.08085
42.35234,-71.08088
42.35234,-71.08088
42.34952,-71.07951
42.34952,-71.07951
42.34917,-71.08076
42.34845,-71.08043
42.34843,-71.08044
42.34843,-71.08042
42.34719,-71.0798
42.34705,-71.0797
42.34572,-71.0814
42.34572,-71.0814
42.34402,-71.0835
42.34391,-71.08373
42.34284,-71.08502
42.34305,-71.08534
42.34305,-71.08534
42.34333,-71.0858
42.34394,-71.08991
42.34408,-71.09044
42.34431,-71.09075
42.34427,-71.09076
42.34427,-71.09076
42.34387,-71.09091
42.34336,-71.09135
42.34318,-71.09145
42.34233,-71.09154
42.34214,-71.0916
42.34179,-71.0918
42.34144,-71.09212
42.34114,-71.09261
42.34101,-71.09292
42.34059,-71.09436
42.33997,-71.09593
42.33968,-71.09634
42.33903,-71.09687
42.3387,-71.09712
42.3387,-71.09712
42.33884,-71.09701
42.3387,-71.09748
42.33868,-71.09774
42.33881,-71.09832
42.33906,-71.09895
42.33944,-71.09961
42.3399,-71.10023
42.34104,-71.10155
42.34094,-71.10178
42.34095,-71.10182
42.34095,-71.10182
42.34094,-71.10178
42.34104,-71.10155
42.34266,-71.10314
42.34322,-71.10395
42.34353,-71.10428
42.34388,-71.10429
42.34412,-71.10418
42.34438,-71.10414
42.34444,-71.10417
42.34467,-71.10418
42.3454,-71.10455
42.34551,-71.10454
42.3457,-71.10462
42.3457,-71.10462
42.34523,-71.10633
42.34406,-71.11041
42.34406,-71.11041
42.34405,-71.11045
42.34486,-71.11087
42.34486,-71.11087
42.34488,-71.11088
42.34602,-71.10672
42.34705,-71.10344
42.34705,-71.10344
42.34875,-71.0971
42.34889,-71.09711
42.34909,-71.09583
42.34971,-71.0937
42.34987,-71.09334
42.34994,-71.09285
42.35026,-71.09164
42.35482,-71.07475
42.35482,-71.07475
42.35481,-71.0748
42.35399,-71.07441
42.35399,-71.07441
42.35402,-71.07442
42.35229,-71.08085
42.35229,-71.08085
42.34948,-71.07949
42.34948,-71.07949
42.34952,-71.07951
42.34915,-71.08083
42.34915,-71.08083
42.34917,-71.08076
42.34833,-71.08037
42.34697,-71.07962
42.346626,-71.08007
42.346184,-71.08027
42.346012,-71.080505
42.345818,-71.080795
42.345585,-71.08098
42.34538,-71.081245
42.345192,-71.081566
42.344986,-71.081856
42.34467,-71.08233
42.34458,-71.08241
42.344395,-71.082695
42.34432,-71.08304
42.344303,-71.08319
42.344265,-71.08332
42.344208,-71.08343
42.344135,-71.08353
42.34405,-71.08363
42.343967,-71.08372
42.343887,-71.08382
42.343796,-71.083916
42.34373,-71.084
42.34366,-71.084076
42.343582,-71.08415
42.343513,-71.08423
42.34344,-71.084305
42.34335,-71.08441
42.34328,-71.084496
42.343197,-71.084564
42.343117,-71.08467
42.343037,-71.08477
42.342957,-71.084854
42.342762,-71.08476
42.342846,-71.08501
42.34275,-71.0853
42.342663,-71.085396
42.342545,-71.08544
42.34246,-71.08549
42.34236,-71.08557
42.3423,-71.08568
42.34223,-71.08577
42.34217,-71.085884
42.342106,-71.086
42.342033,-71.08612
42.341965,-71.08624
42.341885,-71.08634
42.341805,-71.08645
42.341564,-71.08647
42.341278,-71.08628
42.3412,-71.0864
42.34117,-71.08655
42.341145,-71.08667
42.341103,-71.08681
42.341053,-71.08695
42.341022,-71.087074
42.341007,-71.08721
42.340973,-71.087364
42.340942,-71.08751
42.34091,-71.087654
42.340878,-71.0878
42.340843,-71.087944
42.340797,-71.08809
42.340748,-71.08822
42.34069,-71.08835
42.340645,-71.08847
42.340588,-71.08859
42.340534,-71.08873
42.34049,-71.08888
42.340466,-71.089005
42.340427,-71.08914
42.34038,-71.089264
42.340332,-71.0894
42.340282,-71.08953
42.340225,-71.08967
42.34018,-71.089806
42.34014,-71.089935
42.340103,-71.09007
42.340065,-71.09019
42.34003,-71.090324
42.339985,-71.09047
42.339935,-71.0906
42.33986,-71.0907
42.339794,-71.09079
42.33971,-71.090965
42.339664,-71.091064
42.339626,-71.09118
42.33957,-71.091324
42.33952,-71.09143
42.339455,-71.09156
42.339394,-71.09166
42.339336,-71.09179
42.33929,-71.09194
42.33926,-71.092064
42.339203,-71.092186
42.339123,-71.0923
42.33906,-71.09241
42.338997,-71.09249
42.338936,-71.09261
42.3389,-71.09275
42.33886,-71.09288
42.338818,-71.09302
42.338783,-71.09314
42.338764,-71.09327
42.338745,-71.0934
42.33871,-71.09354
42.33866,-71.09368
42.338604,-71.09383
42.338554,-71.093956
42.338512,-71.09407
42.338467,-71.09417
42.338406,-71.09431
42.33835,-71.09443
42.338295,-71.09456
42.33824,-71.094696
42.33819,-71.094795
42.338135,-71.0949
42.338078,-71.09503
42.337852,-71.095055
42.337887,-71.0952
42.337753,-71.09536
42.337715,-71.095474
42.337704,-71.09561
42.33773,-71.09578
42.337715,-71.09591
42.337677,-71.09602
42.337627,-71.09617
42.33758,-71.09631
42.337532,-71.09646
42.337475,-71.096596
42.337406,-71.096695
42.337353,-71.0968
42.337166,-71.097084
42.336906,-71.09725
42.33683,-71.09737
42.336845,-71.0975
42.336884,-71.09764
42.336884,-71.09779
42.33686,-71.097916
42.3368,-71.09807
42.336727,-71.0982
42.33666,-71.0983
42.336594,-71.09842
42.336544,-71.09855
42.336506,-71.09866
42.33649,-71.09879
42.336487,-71.098915
42.336487,-71.09904
42.336464,-71.09918
42.33643,-71.09932
42.33638,-71.099464
42.33633,-71.0996
42.336277,-71.09969
42.336212,-71.09982
42.336155,-71.09994
42.336098,-71.100044
42.336018,-71.10017
42.33596,-71.10029
42.335896,-71.10041
42.335835,-71.10052
42.33577,-71.10061
42.335693,-71.100716
42.33567,-71.10084
42.335663,-71.10097
42.335632,-71.10109
42.33561,-71.10121
42.335598,-71.10135
42.335567,-71.10148
42.335518,-71.1016
42.335464,-71.1017
42.335407,-71.10184
42.33536,-71.101944
42.33529,-71.10205
42.33523,-71.10216
42.33519,-71.10227
42.335175,-71.10242
42.33516,-71.10255
42.33512,-71.10267
42.335075,-71.10279
42.335037,-71.102905
42.335007,-71.10302
42.33498,-71.10314
42.33495,-71.10329
42.33493,-71.103424
42.334892,-71.10358
42.334843,-71.10368
42.334785,-71.1038
42.334724,-71.1039
42.334663,-71.10399
42.33459,-71.1041
42.334553,-71.10422
42.334515,-71.10436
42.334473,-71.1045
42.334427,-71.10464
42.334385,-71.10476
42.334393,-71.104904
42.334415,-71.105034
42.334465,-71.10514
42.334538,-71.10524
42.334618,-71.10533
42.334698,-71.10543
42.334763,-71.105545
42.334812,-71.10569
42.33485,-71.10583
42.334904,-71.10595
42.33499,-71.10606
42.33508,-71.10615
42.33515,-71.106224
42.335205,-71.10633
42.335255,-71.106445
42.335327,-71.10657
42.3354,-71.106674
42.335487,-71.10675
42.335583,-71.10679
42.33573,-71.10687
42.336018,-71.1071
42.33611,-71.107155
42.33609,-71.10728
42.336117,-71.107414
42.336178,-71.107574
42.336582,-71.108
42.336395,-71.108246
42.336357,-71.10837
42.33645,-71.10845
42.336643,-71.108734
42.33682,-71.10906
42.33694,-71.10908
42.337025,-71.109146
42.337044,-71.10929
42.33712,-71.109406
42.337193,-71.10953
42.337254,-71.10961
42.337315,-71.10971
42.33737,-71.1098
42.337444,-71.109924
42.3375,-71.110054
42.33757,-71.11016
42.337597,-71.110306
42.33758,-71.11044
42.337696,-71.110535
42.337803,-71.110535
42.337914,-71.11052
42.338024,-71.11047
42.33812,-71.1105
42.338215,-71.110535
42.338303,-71.11052
42.338417,-71.11046
42.33851,-71.110405
42.338615,-71.110344
42.33871,-71.110306
42.338806,-71.11026
42.33894,-71.110245
42.33905,-71.110245
42.33915,-71.11024
42.339256,-71.11022
42.33936,-71.11022
42.33947,-71.11023
42.33958,-71.11017
42.339664,-71.11011
42.33976,-71.11005
42.33986,-71.11001
42.339947,-71.10996
42.34004,-71.10989
42.340126,-71.10984
42.34022,-71.10978
42.34031,-71.10971
42.340397,-71.10964
42.34047,-71.10957
42.340565,-71.109474
42.340652,-71.10938
42.340717,-71.10926
42.340775,-71.10912
42.34082,-71.10899
42.340862,-71.108864
42.340893,-71.10872
42.340923,-71.108604
42.340954,-71.10849
42.34099,-71.10836
42.34103,-71.10823
42.341064,-71.1081
42.3411,-71.10799
42.341145,-71.10786
42.341198,-71.107735
42.341236,-71.10759
42.341293,-71.10746
42.341366,-71.10737
42.341396,-71.10723
42.341446,-71.1071
42.34152,-71.106995
42.341587,-71.1069
42.341656,-71.1068
42.341724,-71.1067
42.341797,-71.10661
42.34187,-71.106544
42.341934,-71.10646
42.34202,-71.10638
42.34211,-71.10633
42.342213,-71.10628
42.342293,-71.1062
42.34237,-71.10613
42.342472,-71.10606
42.342575,-71.10599
42.342663,-71.10592
42.342735,-71.10585
42.342842,-71.10578
42.342934,-71.10577
42.343052,-71.10575
42.343155,-71.10568
42.34322,-71.10558
42.343285,-71.105484
42.343357,-71.10539
42.343426,-71.10531
42.3435,-71.10523
42.34357,-71.10515
42.34364,-71.10506
42.34371,-71.104965
42.343784,-71.10489
42.343864,-71.10482
42.34394,-71.104744
42.34403,-71.104645
42.344112,-71.104546
42.3442,-71.104454
42.3443,-71.10437
42.344406,-71.10434
42.34451,-71.10432
42.344624,-71.1043
42.34474,-71.104294
42.344833,-71.10432
42.344925,-71.10436
42.34502,-71.10443
42.345123,-71.10448
42.34524,-71.10451
42.34535,-71.10456
42.345448,-71.10461
42.34553,-71.10467
42.34563,-71.10476
42.345642,-71.1049
42.34562,-71.10503
42.345577,-71.10513
42.345528,-71.10528
42.34549,-71.105385
42.345455,-71.1055
42.34542,-71.10561
42.34537,-71.10575
42.34533,-71.105896
42.3453,-71.10604
42.345276,-71.10619
42.345257,-71.10635
42.345222,-71.1065
42.34518,-71.10662
42.345135,-71.10676
42.345097,-71.10689
42.34505,-71.10703
42.345005,-71.10718
42.34498,-71.1073
42.344955,-71.107414
42.34493,-71.10754
42.344894,-71.10767
42.344856,-71.10783
42.34482,-71.10798
42.344776,-71.1081
42.344734,-71.10824
42.344707,-71.1084
42.34467,-71.10854
42.34463,-71.108665
42.344597,-71.10877
42.344563,-71.108925
42.344524,-71.10907
42.344475,-71.10921
42.34442,-71.109344
42.34439,-71.10946
42.344353,-71.10961
42.34432,-71.10976
42.34429,-71.109886
42.344257,-71.11002
42.34422,-71.11016
42.34419,-71.11031
42.344185,-71.110435
42.344276,-71.11049
42.344376,-71.110535
42.34448,-71.1106
42.34457,-71.11068
42.344673,-71.110756
42.344753,-71.11083
42.344837,-71.1109
42.344948,-71.11092
42.34505,-71.110886
42.345135,-71.11078
42.3452,-71.110695
42.345253,-71.11059
42.345306,-71.11048
42.345356,-71.11034
42.345398,-71.11019
42.345444,-71.11005
42.345474,-71.10993
42.345505,-71.10978
42.345535,-71.109634
42.345573,-71.10951
42.345604,-71.10938
42.345634,-71.10926
42.345654,-71.10914
42.345673,-71.10899
42.345703,-71.10885
42.345734,-71.1087
42.345764,-71.10856
42.345825,-71.10842
42.34586,-71.10831
42.3459,-71.10816
42.34595,-71.108025
42.345997,-71.10788
42.346054,-71.10774
42.346115,-71.10764
42.346157,-71.10751
42.346195,-71.10738
42.34623,-71.10725
42.346268,-71.10711
42.346313,-71.10696
42.346348,-71.10682
42.34638,-71.10669
42.346413,-71.10656
42.346455,-71.10644
42.346493,-71.10629
42.346527,-71.106155
42.346584,-71.10604
42.346638,-71.105896
42.346672,-71.10578
42.3467,-71.10562
42.346706,-71.10549
42.34672,-71.105354
42.34674,-71.10523
42.346767,-71.10508
42.346798,-71.10494
42.346844,-71.104805
42.346897,-71.10467
42.34696,-71.10452
42.347,-71.10438
42.347034,-71.104256
42.347073,-71.10412
42.347122,-71.10399
42.347157,-71.10386
42.347206,-71.10373
42.347233,-71.10361
42.347256,-71.10345
42.347263,-71.10331
42.347286,-71.10318
42.347313,-71.10306
42.347355,-71.10291
42.347385,-71.102776
42.34742,-71.10264
42.34745,-71.10251
42.347485,-71.10239
42.347515,-71.10226
42.347553,-71.102135
42.3476,-71.102
42.347637,-71.10185
42.347683,-71.10171
42.347736,-71.10157
42.34779,-71.101425
42.347836,-71.10128
42.347878,-71.10114
42.34792,-71.10099
42.347954,-71.10087
42.347992,-71.100746
42.348026,-71.10063
42.348072,-71.10049
42.3481,-71.10033
42.348133,-71.100174
42.348164,-71.10005
42.34819,-71.09993
42.348232,-71.099785
42.34827,-71.09967
42.348305,-71.09952
42.348335,-71.099365
42.348373,-71.09922
42.348415,-71.09907
42.34846,-71.09892
42.34849,-71.09881
42.348526,-71.098694
42.348576,-71.09855
42.348618,-71.0984
42.34866,-71.09828
42.348694,-71.09816
42.34874,-71.09802
42.34879,-71.097885
42.348843,-71.09775
42.348873,-71.09763
42.34889,-71.09747
42.34891,-71.097336
42.34895,-71.0972
42.349003,-71.09707
42.349037,-71.09693
42.349052,-71.0968
42.34908,-71.09666
42.349102,-71.09649
42.349102,-71.09636
42.349117,-71.09624
42.349148,-71.09607
42.349167,-71.09595
42.3492,-71.095795
42.34924,-71.09564
42.349266,-71.09553
42.349304,-71.09538
42.34936,-71.09524
42.349392,-71.09512
42.34943,-71.09502
42.34947,-71.09488
42.349503,-71.09475
42.349545,-71.09462
42.34957,-71.094505
42.349594,-71.09435
42.34964,-71.09421
42.349678,-71.0941
42.349712,-71.09395
42.349743,-71.09379
42.349773,-71.09364
42.349815,-71.09353
42.349884,-71.09341
42.349934,-71.0933
42.34997,-71.093185
42.350002,-71.09304
42.350037,-71.092896
42.350075,-71.09275
42.3501,-71.09261
42.350143,-71.09249
42.350197,-71.09235
42.350235,-71.09221
42.350266,-71.09209
42.35028,-71.09195
42.350307,-71.09181
42.350346,-71.09167
42.35037,-71.091545
42.35039,-71.09142
42.35042,-71.09131
42.350464,-71.09119
42.3505,-71.09107
42.350544,-71.09092
42.350586,-71.09078
42.350628,-71.09065
42.35067,-71.09052
42.350697,-71.090385
42.350735,-71.09024
42.35078,-71.09009
42.350807,-71.08997
42.35085,-71.08982
42.350883,-71.08971
42.350937,-71.08957
42.35097,-71.08944
42.35099,-71.0893
42.35103,-71.08917
42.35107,-71.089035
42.351112,-71.0889
42.35116,-71.08876
42.351196,-71.08863
42.351234,-71.0885
42.351273,-71.088356
42.351315,-71.0882
42.351345,-71.088066
42.351383,-71.08791
42.351418,-71.08777
42.35145,-71.08762
42.351486,-71.08748
42.351513,-71.08733
42.351547,-71.08718
42.35157,-71.08705
42.351597,-71.08692
42.351616,-71.0868
42.351658,-71.08665
42.3517,-71.08652
42.351738,-71.0864
42.351772,-71.08627
42.351818,-71.08613
42.351875,-71.08599
42.351917,-71.08585
42.351944,-71.08571
42.351982,-71.08556
42.352013,-71.08541
42.352047,-71.08527
42.35208,-71.08515
42.352123,-71.08504
42.352165,-71.084915
42.352207,-71.084785
42.352245,-71.08466
42.352287,-71.08452
42.352337,-71.08437
42.352356,-71.08425
42.352386,-71.0841
42.352425,-71.083954
42.352448,-71.08383
42.352478,-71.08372
42.352516,-71.0836
42.35255,-71.08346
42.352585,-71.08332
42.352623,-71.08318
42.35267,-71.08304
42.35272,-71.08289
42.35276,-71.08276
42.352795,-71.08263
42.352833,-71.08249
42.352882,-71.082375
42.352917,-71.08225
42.35296,-71.08211
42.352997,-71.08196
42.353027,-71.081825
42.353054,-71.0817
42.353085,-71.08156
42.35313,-71.08143
42.353153,-71.08131
42.35317,-71.08118
42.353195,-71.08105
42.353226,-71.08092
42.353245,-71.08078
42.35329,-71.08064
42.35334,-71.0805
42.353367,-71.080345
42.3534,-71.08022
42.353443,-71.08012
42.35348,-71.08
42.353523,-71.07985
42.35356,-71.079704
42.353607,-71.0796
42.35364,-71.079475
42.353676,-71.07935
42.35369,-71.079216
42.353718,-71.07909
42.353752,-71.07897
42.35379,-71.07883
42.353832,-71.07869
42.353874,-71.07854
42.353928,-71.07841
42.35396,-71.07828
42.35401,-71.07814
42.354046,-71.07802
42.354088,-71.07791
42.35414,-71.07779
42.354156,-71.07765
42.35419,-71.077515
42.354233,-71.0774
42.354275,-71.07728
42.35431,-71.07715
42.35424,-71.07704
42.354134,-71.07702
42.354027,-71.077
42.35394,-71.07698
42.35384,-71.07692
42.35375,-71.076866
42.35367,-71.07681
42.35357,-71.07674
42.353477,-71.07668
42.353424,-71.0768
42.35339,-71.07692
42.353363,-71.07706
42.353336,-71.0772
42.3533,-71.077354
42.35327,-71.07749
42.353233,-71.07764
42.353195,-71.07779
42.35316,-71.07791
42.353123,-71.07806
42.353085,-71.0782
42.35305,-71.07834
42.353012,-71.078476
42.35297,-71.078606
42.35292,-71.078735
42.352875,-71.07886
42.352833,-71.07899
42.35279,-71.07911
42.352753,-71.07925
42.352715,-71.07939
42.352676,-71.07953
42.35265,-71.07964
42.352615,-71.07978
42.35258,-71.07989
42.352547,-71.080025
42.35251,-71.08014
42.352467,-71.08027
42.35244,-71.0804
42.352398,-71.08053
42.352295,-71.080605
42.352196,-71.08061
42.3521,-71.080605
42.352005,-71.08059
42.351913,-71.08058
42.351818,-71.080574
42.35171,-71.08055
42.3516,-71.080505
42.351517,-71.08045
42.351414,-71.08038
42.351303,-71.08033
42.351215,-71.0803
42.35112,-71.08027
42.35103,-71.080246
42.350918,-71.08022
42.350815,-71.080185
42.350716,-71.08015
42.350613,-71.08013
42.35052,-71.08012
42.35043,-71.08005
42.350327,-71.07998
42.35024,-71.079926
42.35015,-71.07988
42.350048,-71.07981
42.349934,-71.07976
42.34984,-71.079704
42.34975,-71.07965
42.349686,-71.07954
42.349712,-71.079414
42.349632,-71.07966
42.34956,-71.07981
42.34951,-71.079926
42.349472,-71.08006
42.34937,-71.08042
42.349308,-71.080635
42.3492,-71.08068
42.349102,-71.08066
42.34887,-71.0806
42.34874,-71.08059
42.348633,-71.080574
42.348522,-71.08056
42.348488,-71.08055
42.34681,-71.07993
42.34659,-71.080154
42.34637,-71.0804
42.346138,-71.08066
42.346355,-71.08051
42.346157,-71.0808
42.346027,-71.08098
42.345947,-71.08108
42.34585,-71.08118
42.345764,-71.08126
42.34569,-71.081345
42.345627,-71.08143
42.34555,-71.08151
42.34549,-71.08162
42.34541,-71.08174
42.345345,-71.08183
42.345284,-71.08196
42.34523,-71.08207
42.345165,-71.08217
42.345074,-71.08227
42.344997,-71.08234
42.344917,-71.082405
42.344833,-71.08247
42.344753,-71.082535
42.344673,-71.08262
42.344597,-71.082726
42.344543,-71.08284
42.344494,-71.08295
42.344444,-71.08305
42.34438,-71.083176
42.344315,-71.083305
42.344242,-71.08343
42.344162,-71.08354
42.34408,-71.08366
42.344013,-71.08374
42.343937,-71.083824
42.343845,-71.08392
42.343754,-71.08402
42.343685,-71.08411
42.343616,-71.08418
42.34352,-71.084274
42.343433,-71.084366
42.343353,-71.08447
42.343273,-71.08459
42.34319,-71.0847
42.343098,-71.0848
42.343025,-71.0849
42.342968,-71.085
42.343018,-71.08511
42.343094,-71.08523
42.343166,-71.08535
42.343235,-71.08547
42.34332,-71.08557
42.343395,-71.08565
42.3435,-71.08571
42.343597,-71.08577
42.343685,-71.08583
42.34377,-71.085884
42.343853,-71.08595
42.343952,-71.086006
42.34405,-71.08606
42.344162,-71.08611
42.344257,-71.08615
42.344345,-71.0862
42.344456,-71.086235
42.344563,-71.08628
42.34465,-71.08633
42.344746,-71.086365
42.344826,-71.08642
42.34491,-71.08648
42.345005,-71.086525
42.345104,-71.086586
42.345192,-71.086655
42.34528,-71.08669
42.34539,-71.08676
42.345497,-71.08683
42.34558,-71.08689
42.34567,-71.08698
42.34577,-71.08706
42.345863,-71.0871
42.345963,-71.08712
42.34606,-71.08715
42.34615,-71.08718
42.346256,-71.08722
42.346363,-71.08725
42.346478,-71.08729
42.346592,-71.08733
42.3467,-71.08737
42.346806,-71.0874
42.346905,-71.08744
42.34702,-71.08749
42.347134,-71.087524
42.347206,-71.0876
42.347206,-71.08775
42.34719,-71.087875
42.347164,-71.088005
42.34713,-71.08814
42.347095,-71.08826
42.347042,-71.0884
42.347,-71.08852
42.346966,-71.08866
42.346935,-71.08881
42.346893,-71.08897
42.346863,-71.089096
42.346817,-71.08923
42.346767,-71.08936
42.346737,-71.08949
42.34671,-71.08962
42.346684,-71.089745
42.34664,-71.08989
42.346607,-71.090004
42.34654,-71.090126
42.34643,-71.09019
42.34632,-71.090225
42.34621,-71.090256
42.346107,-71.090294
42.346004,-71.090324
42.345913,-71.09034
42.345818,-71.09035
42.345726,-71.09037
42.345608,-71.09041
42.345497,-71.09044
42.345398,-71.090454
42.345295,-71.090485
42.345196,-71.09052
42.345097,-71.09056
42.344982,-71.09058
42.34489,-71.09059
42.344772,-71.09061
42.344666,-71.09063
42.34455,-71.09065
42.34446,-71.09071
42.34437,-71.090775
42.344273,-71.09083
42.344173,-71.090866
42.34407,-71.09091
42.34397,-71.09095
42.343872,-71.090996
42.34378,-71.09104
42.34368,-71.09112
42.34359,-71.0912
42.343506,-71.091286
42.343426,-71.091354
42.343338,-71.09141
42.34324,-71.09147
42.343147,-71.09152
42.343056,-71.091576
42.342953,-71.091606
42.342854,-71.09162
42.342754,-71.09163
42.342648,-71.09164
42.342533,-71.09164
42.342422,-71.091644
42.34231,-71.0917
42.342224,-71.09173
42.34211,-71.091774
42.34201,-71.091835
42.34191,-71.0919
42.34181,-71.091965
42.341717,-71.092026
42.34162,-71.092094
42.34153,-71.09218
42.341442,-71.09226
42.341373,-71.09237
42.34131,-71.09249
42.341248,-71.09261
42.341194,-71.09273
42.34114,-71.092865
42.3411,-71.092995
42.34107,-71.093124
42.34104,-71.093254
42.341003,-71.093414
42.340977,-71.09356
42.340935,-71.09371
42.3409,-71.09384
42.34086,-71.09398
42.340824,-71.0941
42.34079,-71.09423
42.340744,-71.09436
42.340706,-71.09448
42.340656,-71.09461
42.340603,-71.09474
42.340553,-71.09489
42.340504,-71.09499
42.340427,-71.09517
42.340378,-71.0953
42.34034,-71.09541
42.3403,-71.095535
42.340244,-71.09565
42.340176,-71.09577
42.34012,-71.09589
42.34006,-71.096
42.339993,-71.09609
42.339912,-71.0962
42.33984,-71.09629
42.33976,-71.09636
42.33966,-71.09645
42.33957,-71.096535
42.33949,-71.09661
42.339413,-71.09669
42.339336,-71.09676
42.33926,-71.09684
42.33917,-71.09694
42.339104,-71.09702
42.339043,-71.09712
42.33899,-71.09723
42.338943,-71.09734
42.33891,-71.09747
42.338894,-71.0976
42.338905,-71.097755
42.338924,-71.09791
42.338947,-71.098045
42.338978,-71.09819
42.339073,-71.098404
42.339123,-71.09856
42.339157,-71.09868
42.339203,-71.098785
42.33926,-71.09891
42.339302,-71.09902
42.339363,-71.09915
42.33943,-71.09926
42.339504,-71.09936
42.33958,-71.099464
42.339676,-71.09957
42.339752,-71.09966
42.339817,-71.099754
42.33987,-71.09986
42.339928,-71.09995
42.34001,-71.10006
42.34009,-71.100136
42.34017,-71.1002
42.34025,-71.10031
42.340313,-71.10043
42.34039,-71.10051
42.34047,-71.10062
42.340538,-71.100716
42.34061,-71.100815
42.34069,-71.1009
42.34077,-71.101006
42.340847,-71.10111
42.34091,-71.101204
42.340992,-71.10129
42.341064,-71.101364
42.341156,-71.10147
42.34123,-71.101555
42.3413,-71.10163
42.34139,-71.10174
42.34147,-71.10184
42.341553,-71.10194
42.34164,-71.102036
42.341736,-71.10211
42.341835,-71.1022
42.34191,-71.10227
42.342003,-71.10237
42.342094,-71.10246
42.342186,-71.102554
42.342278,-71.10264
42.34237,-71.10272
42.342453,-71.10282
42.342525,-71.102905
42.34261,-71.10295
42.34273,-71.10294
42.342834,-71.102905
42.34293,-71.10286
42.343044,-71.10286
42.343155,-71.10283
42.343246,-71.10283
42.343346,-71.10285
42.34344,-71.10288
42.343536,-71.1029
42.343647,-71.10297
42.343723,-71.10303
42.343803,-71.103096
42.343884,-71.103165
42.34397,-71.103226
42.34405,-71.10331
42.344128,-71.10338
42.344227,-71.10347
42.344303,-71.103546
42.3444,-71.10362
42.344494,-71.1037
42.34459,-71.10378
42.34467,-71.10384
42.344772,-71.103905
42.34486,-71.103966
42.344955,-71.104034
42.345062,-71.104095
42.34517,-71.104164
42.34525,-71.104225
42.34533,-71.10428
42.345425,-71.104355
42.34552,-71.104416
42.3456,-71.10447
42.34569,-71.10453
42.345757,-71.10463
42.345715,-71.10474
42.34566,-71.104866
42.345623,-71.10498
42.34558,-71.1051
42.345547,-71.10525
42.3455,-71.10539
42.34548,-71.10554
42.345562,-71.10564
42.345654,-71.105705
42.345737,-71.105774
42.345844,-71.105835
42.345936,-71.10588
42.34604,-71.10595
42.346092,-71.10607
42.346092,-71.1062
42.346073,-71.106346
42.346043,-71.10648
42.346,-71.10663
42.34596,-71.10676
42.345917,-71.10688
42.345867,-71.107025
42.345833,-71.10716
42.345795,-71.1073
42.345757,-71.10744
42.34571,-71.10758
42.345673,-71.10769
42.34563,-71.107834
42.34559,-71.10797
42.34555,-71.108116
42.345524,-71.10828
42.34549,-71.10843
42.34546,-71.10854
42.34543,-71.10868
42.345467,-71.10883
42.345528,-71.108925
42.3456,-71.10902
42.345676,-71.10911
42.345757,-71.10918
42.345837,-71.10923
42.345936,-71.10929
42.34603,-71.10933
42.346138,-71.10933
42.346245,-71.10932
42.34634,-71.10934
42.34645,-71.10934
42.346546,-71.109344
42.346645,-71.109344
42.346745,-71.109344
42.346863,-71.10933
42.34698,-71.10932
42.3471,-71.10932
42.347206,-71.10933
42.34732,-71.109344
42.34742,-71.10934
42.34753,-71.10931
42.347645,-71.10927
42.34776,-71.10924
42.347874,-71.109215
42.34799,-71.109215
42.348087,-71.10931
42.348152,-71.10942
42.348183,-71.10955
42.34821,-71.10969
42.34823,-71.10983
42.34824,-71.10998
42.348255,-71.11011
42.34829,-71.11023
42.34838,-71.110306
42.348488,-71.11036
42.348583,-71.11035
42.348698,-71.11035
42.348812,-71.11032
42.34892,-71.11029
42.349003,-71.11036
42.34904,-71.11048
42.349075,-71.11061
42.349113,-71.11075
42.349136,-71.1109
42.34918,-71.11104
42.349243,-71.11116
42.349346,-71.11119
42.34945,-71.11119
42.349564,-71.11118
42.34965,-71.11116
42.34977,-71.11113
42.34986,-71.1111
42.34995,-71.111046
42.350048,-71.111
42.35016,-71.11099
42.35027,-71.110954
42.350315,-71.110855
42.35031,-71.110725
42.350296,-71.1106
42.35028,-71.110466
42.350258,-71.110344
42.350243,-71.11018
42.350227,-71.11006
42.350212,-71.10994
42.3502,-71.10978
42.350178,-71.10963
42.3501,-71.10952
42.349995,-71.109474
42.3499,-71.10946
42.349792,-71.10944
42.349678,-71.10943
42.34957,-71.10941
42.349476,-71.10943
42.349396,-71.10949
42.34932,-71.10957
42.34925,-71.10949
42.34923,-71.10936
42.34932,-71.109314
42.34941,-71.1093
42.34953,-71.10927
42.34963,-71.10924
42.34973,-71.109245
42.349842,-71.109245
42.349945,-71.10927
42.350048,-71.10928
42.35013,-71.10922
42.350124,-71.109085
42.35011,-71.108955
42.35009,-71.108826
42.350063,-71.108696
42.350044,-71.10857
42.35002,-71.108406
42.350018,-71.10825
42.350006,-71.1081
42.349995,-71.10794
42.349976,-71.10782
42.34996,-71.10766
42.349926,-71.10751
42.34992,-71.10736
42.349903,-71.10721
42.349895,-71.107056
42.34988,-71.1069
42.34986,-71.10676
42.349884,-71.10663
42.34986,-71.106476
42.34983,-71.10636
42.349808,-71.106224
42.349792,-71.106094
42.349773,-71.105965
42.34975,-71.10582
42.349728,-71.105675
42.349697,-71.10552
42.34966,-71.10537
42.34964,-71.105225
42.349636,-71.105064
42.34964,-71.10491
42.349632,-71.10476
42.349613,-71.1046
42.349594,-71.104454
42.34957,-71.1043
42.349552,-71.104164
42.34954,-71.10402
42.34953,-71.10387
42.34951,-71.103714
42.3495,-71.10356
42.349487,-71.10342
42.349483,-71.10327
42.349472,-71.10313
42.34945,-71.10298
42.349415,-71.10282
42.349396,-71.10271
42.34937,-71.102554
42.349346,-71.1024
42.349323,-71.10225
42.349304,-71.1021
42.349293,-71.10196
42.349274,-71.101814
42.34926,-71.10169
42.349243,-71.10157
42.34923,-71.10144
42.34921,-71.10132
42.34919,-71.101166
42.34917,-71.10103
42.349148,-71.10089
42.349125,-71.10075
42.349094,-71.1006
42.34909,-71.10048
42.34908,-71.10036
42.349064,-71.100204
42.34905,-71.100075
42.349037,-71.099945
42.349037,-71.09981
42.349033,-71.099655
42.34901,-71.09951
42.34899,-71.09938
42.348976,-71.09924
42.348953,-71.0991
42.34893,-71.098946
42.348923,-71.09879
42.348907,-71.09864
42.34889,-71.098495
42.34888,-71.09837
42.34887,-71.09821
42.348854,-71.09806
42.348824,-71.0979
42.34881,-71.09774
42.348858,-71.097595
42.348915,-71.09748
42.348946,-71.09734
42.34895,-71.09717
42.348972,-71.09702
42.348984,-71.0969
42.349003,-71.09677
42.34902,-71.09664
42.34903,-71.0965
42.349045,-71.09637
42.349068,-71.09625
42.349106,-71.0961
42.349136,-71.095985
42.349167,-71.09586
42.3492,-71.09571
42.349236,-71.0956
42.34927,-71.095474
42.3493,-71.09536
42.34933,-71.095215
42.349358,-71.09508
42.349384,-71.09494
42.3494,-71.0948
42.34942,-71.09465
42.34945,-71.09449
42.34948,-71.094376
42.349514,-71.09426
42.34956,-71.09406
42.349606,-71.09393
42.34965,-71.09382
42.349705,-71.093704
42.349754,-71.09359
42.3498,-71.09349
42.349842,-71.093376
42.34989,-71.09323
42.349937,-71.09309
42.34997,-71.09294
42.349995,-71.09279
42.35004,-71.09266
42.350094,-71.09252
42.350136,-71.092384
42.350178,-71.092255
42.350258,-71.092186
42.35027,-71.09204
42.350277,-71.0919
42.3503,-71.09175
42.350307,-71.09162
42.350346,-71.0915
42.35039,-71.091385
42.350426,-71.09127
42.350468,-71.091125
42.3505,-71.09098
42.350525,-71.09083
42.350555,-71.090675
42.35059,-71.09052
42.35063,-71.09041
42.35067,-71.090294
42.350704,-71.09017
42.350742,-71.09003
42.350773,-71.089874
42.350803,-71.08973
42.35085,-71.089584
42.350895,-71.08945
42.350708,-71.08932
42.35082,-71.08929
42.35093,-71.08926
42.35098,-71.08911
42.351006,-71.08897
42.351048,-71.08884
42.35109,-71.08869
42.351135,-71.088554
42.35119,-71.088425
42.351215,-71.0883
42.35125,-71.088165
42.35128,-71.08801
42.35132,-71.08786
42.35136,-71.08771
42.3514,-71.0876
42.35145,-71.087456
42.35149,-71.08731
42.351532,-71.087166
42.351562,-71.08705
42.351593,-71.08691
42.351635,-71.08676
42.351677,-71.08662
42.35172,-71.08651
42.351757,-71.08639
42.351788,-71.08627
42.35181,-71.08613
42.351826,-71.085976
42.351833,-71.085846
42.351845,-71.08569
42.35187,-71.08555
42.35189,-71.0854
42.35192,-71.085266
42.351963,-71.08511
42.352036,-71.084984
42.352077,-71.08487
42.352108,-71.08473
42.35215,-71.084595
42.35218,-71.08446
42.35221,-71.08431
42.352245,-71.08418
42.352283,-71.084045
42.352314,-71.08391
42.352345,-71.08379
42.35237,-71.08367
42.352394,-71.08354
42.352413,-71.08339
42.35246,-71.08325
42.35249,-71.08313
42.35251,-71.083
42.35252,-71.08287
42.352566,-71.082726
42.352608,-71.08258
42.352646,-71.082466
42.352688,-71.08235
42.352726,-71.08221
42.35276,-71.08206
42.352795,-71.08194
42.35283,-71.08179
42.352875,-71.081635
42.35291,-71.08153
42.352943,-71.081406
42.35296,-71.08128
42.352886,-71.08117
42.35279,-71.0811
42.352695,-71.08105
42.352642,-71.08094
42.352528,-71.080956
42.3524,-71.080956
42.352295,-71.080894
42.352207,-71.08085
42.35211,-71.08079
42.35202,-71.08075
42.351925,-71.0807
42.351833,-71.080635
42.351734,-71.08058
42.351624,-71.08055
42.351517,-71.08051
42.351414,-71.08047
42.35131,-71.08043
42.35121,-71.08038
42.351128,-71.080315
42.351025,-71.08025
42.35093,-71.08021
42.35084,-71.08015
42.35075,-71.08007
42.350655,-71.08002
42.350567,-71.07999
42.350468,-71.079926
42.35036,-71.07988
42.350258,-71.079834
42.35017,-71.079796
42.35008,-71.07974
42.34998,-71.0797
42.349903,-71.07963
42.349808,-71.079605
42.349747,-71.07975
42.349697,-71.07988
42.349613,-71.07999
42.34953,-71.08006
42.349472,-71.08016
42.3494,-71.080284
42.349308,-71.08039
42.349255,-71.0805
42.34919,-71.08059
42.349094,-71.080635
42.349007,-71.080605
42.348892,-71.08061
42.348785,-71.08059
42.348694,-71.08058
42.34859,-71.08052
42.34849,-71.080414
42.348377,-71.08037
42.348255,-71.08035
42.348152,-71.08034
42.34806,-71.08028
42.347836,-71.080086
42.347775,-71.08006
42.3482,-71.08033
42.34821,-71.08031
42.34719,-71.0798
42.34705,-71.0797
42.34617,-71.08083
42.34617,-71.08083
42.34402,-71.0835
42.34391,-71.08373
42.34281,-71.08505
42.34281,-71.08505
42.34284,-71.08502
42.34333,-71.0858
42.34593,-71.0871
42.34665,-71.08739
42.35004,-71.0891
42.35004,-71.0891
42.35006,-71.08911
42.35344,-71.07658
42.35344,-71.07658
42.35246,-71.07609
42.35246,-71.07609
42.35188,-71.07823
42.35191,-71.07824
42.35191,-71.07824
42.3509,-71.07773
42.3509,-71.07773
42.35031,-71.07988
42.35034,-71.0799
42.35034,-71.0799
42.34943,-71.07947
42.34943,-71.07947
42.34952,-71.07951
42.34916,-71.0808
42.34916,-71.0808
42.34917,-71.08076
42.34832,-71.08036
42.348473,-71.08049
42.34849,-71.08044
42.34719,-71.0798
42.34705,-71.0797
42.34451,-71.0829
42.34451,-71.0829
42.34402,-71.0835
42.34391,-71.08373
42.342,-71.08605
42.34186,-71.08614
42.3415,-71.08658
42.3412,-71.08706
42.33679,-71.09815
42.33688,-71.0982
42.33688,-71.0982
42.33705,-71.09831
42.33728,-71.09832
42.33802,-71.09764
42.33903,-71.09687
42.33953,-71.09646
42.33953,-71.09646
42.33968,-71.09634
42.33997,-71.09593
42.34059,-71.09436
42.34101,-71.09292
42.34114,-71.09261
42.34144,-71.09212
42.34161,-71.09195
42.34214,-71.0916
42.34233,-71.09154
42.34318,-71.09145
42.34397,-71.09086
42.34431,-71.09075
42.34452,-71.09077
42.34548,-71.0906
42.34559,-71.09045
42.34589,-71.09033
42.34589,-71.09033
42.34661,-71.09014
42.34724,-71.08793
42.34724,-71.08778
42.34724,-71.08778
42.34725,-71.08772
42.34809,-71.0881
42.35006,-71.08911
42.35005,-71.08916
42.35005,-71.08916
42.35344,-71.07658
42.35338,-71.07655
42.35338,-71.07655
42.35142,-71.07558
42.35142,-71.07558
42.35146,-71.0756
42.3503,-71.07994
42.35029,-71.07994
42.35031,-71.07988
42.34952,-71.07951
42.34952,-71.07951
42.34917,-71.08076
42.34843,-71.08042
42.34843,-71.08042
42.34833,-71.08037
42.348473,-71.08049
42.34849,-71.08044
42.34719,-71.0798
42.34705,-71.0797
42.34437,-71.08307
42.34437,-71.08307
42.34402,-71.0835
42.34391,-71.08373
42.342,-71.08605
42.34186,-71.08614
42.3415,-71.08658
42.3412,-71.08706
42.33809,-71.09483
42.33594,-71.10034
42.33594,-71.10034
42.33777,-71.10517
42.33824,-71.10618
42.3389,-71.10725
42.3389,-71.10725
42.3426,-71.10346
42.34274,-71.10326
42.34278,-71.10332
42.34278,-71.10332
42.34322,-71.10395
42.34353,-71.10428
42.34388,-71.10429
42.34412,-71.10418
42.34438,-71.10414
42.34444,-71.10417
42.34467,-71.10418
42.3454,-71.10455
42.34551,-71.10454
42.3457,-71.10462
42.3457,-71.10462
42.34523,-71.10633
42.34459,-71.10864
42.34459,-71.10864
42.34537,-71.10905
42.34537,-71.10905
42.34607,-71.10655
42.34657,-71.10506
42.34711,-71.10322
42.34711,-71.10322
42.34875,-71.0971
42.34889,-71.09711
42.34909,-71.09583
42.34971,-71.0937
42.34987,-71.09334
42.34987,-71.09334
42.34994,-71.09285
42.35085,-71.08949
42.35085,-71.08949
42.35136,-71.08974
42.35136,-71.08974
42.35358,-71.08154
42.35358,-71.08154
42.35151,-71.08046
42.35151,-71.08046
42.34952,-71.07951
42.34952,-71.07951
42.34918,-71.08071
42.34918,-71.08071
42.34917,-71.08076
42.34848,-71.08044
42.34676,-71.07972
42.346592,-71.080475
42.34642,-71.0806
42.34617,-71.080795
42.34607,-71.08081
42.346004,-71.08103
42.34598,-71.08116
42.345806,-71.08144
42.34573,-71.08152
42.345634,-71.08162
42.34555,-71.0817
42.34548,-71.08178
42.345406,-71.08186
42.34531,-71.08194
42.345215,-71.08201
42.345127,-71.082085
42.345055,-71.08216
42.344975,-71.08224
42.34487,-71.08231
42.34479,-71.08241
42.344597,-71.08268
42.34453,-71.082794
42.344475,-71.08289
42.344414,-71.08299
42.344337,-71.083115
42.344276,-71.08321
42.34421,-71.083305
42.344135,-71.08343
42.344063,-71.08354
42.343987,-71.08366
42.343925,-71.08375
42.34386,-71.08384
42.343796,-71.08392
42.34373,-71.08401
42.343643,-71.08412
42.343555,-71.08423
42.343468,-71.08433
42.343357,-71.084465
42.34329,-71.084564
42.343212,-71.08465
42.34314,-71.08472
42.34305,-71.084816
42.34292,-71.08493
42.342976,-71.08532
42.343044,-71.085464
42.343094,-71.08556
42.343155,-71.085655
42.343224,-71.085754
42.343277,-71.08586
42.343285,-71.086
42.343292,-71.08614
42.343307,-71.0863
42.34334,-71.08643
42.34338,-71.08657
42.343414,-71.0867
42.34347,-71.08683
42.34353,-71.08695
42.343567,-71.08709
42.343567,-71.08722
42.34355,-71.08735
42.343536,-71.0875
42.34353,-71.08766
42.34351,-71.08782
42.343494,-71.08797
42.343502,-71.08813
42.34353,-71.08827
42.343555,-71.088425
42.34358,-71.088585
42.343605,-71.0887
42.343636,-71.08881
42.343685,-71.08897
42.3437,-71.08912
42.343727,-71.08925
42.343758,-71.08937
42.34378,-71.0895
42.343792,-71.08962
42.343807,-71.08977
42.34383,-71.08991
42.34385,-71.09005
42.343853,-71.090195
42.343822,-71.09032
42.343792,-71.090454
42.34378,-71.0906
42.34375,-71.09072
42.34367,-71.09082
42.34358,-71.09089
42.343487,-71.09095
42.34339,-71.091
42.343304,-71.09105
42.34321,-71.09108
42.343105,-71.091125
42.342995,-71.09119
42.342842,-71.091225
42.342743,-71.091255
42.34235,-71.0914
42.342213,-71.09152
42.342117,-71.0915
42.342037,-71.09155
42.34195,-71.09159
42.34185,-71.09165
42.341785,-71.091736
42.341698,-71.09183
42.34161,-71.09187
42.34147,-71.09195
42.341385,-71.091995
42.341286,-71.09204
42.34119,-71.0921
42.34109,-71.09217
42.341,-71.09222
42.340897,-71.092255
42.340805,-71.09229
42.340687,-71.09234
42.340595,-71.092384
42.34051,-71.09244
42.340405,-71.092514
42.340305,-71.09259
42.34022,-71.09267
42.34016,-71.09277
42.3401,-71.092896
42.340015,-71.09298
42.33991,-71.09301
42.3398,-71.09294
42.339706,-71.09284
42.339607,-71.09277
42.339504,-71.092705
42.33941,-71.09263
42.339314,-71.09255
42.33921,-71.09251
42.33912,-71.09254
42.33905,-71.09265
42.339012,-71.09279
42.338978,-71.0929
42.338947,-71.09302
42.338898,-71.09315
42.338856,-71.09326
42.338802,-71.09337
42.33875,-71.09349
42.338676,-71.09363
42.338627,-71.093735
42.338577,-71.09386
42.33852,-71.093994
42.338478,-71.09412
42.338436,-71.09423
42.338387,-71.09436
42.338337,-71.0945
42.338287,-71.094604
42.338234,-71.09471
42.338173,-71.094826
42.338127,-71.09494
42.338085,-71.095055
42.338028,-71.095184
42.337955,-71.09539
42.337883,-71.09548
42.337803,-71.09554
42.337826,-71.0957
42.337875,-71.095825
42.337936,-71.09595
42.337982,-71.09608
42.33802,-71.09625
42.338047,-71.09641
42.338066,-71.09655
42.33812,-71.09668
42.33813,-71.09682
42.338184,-71.096954
42.338245,-71.09705
42.33829,-71.09717
42.33835,-71.09726
42.338444,-71.09736
42.338543,-71.09745
42.338623,-71.09753
42.33871,-71.097595
42.33878,-71.09769
42.338814,-71.09783
42.338844,-71.09799
42.338875,-71.098145
42.338913,-71.098274
42.33895,-71.09839
42.33904,-71.09858
42.339085,-71.09872
42.339115,-71.09886
42.339153,-71.09899
42.339207,-71.09911
42.339275,-71.099205
42.339348,-71.0993
42.33942,-71.09938
42.339497,-71.09949
42.339565,-71.099594
42.339634,-71.099724
42.339695,-71.099846
42.339767,-71.09997
42.339836,-71.10007
42.33991,-71.10018
42.339977,-71.10027
42.340084,-71.100334
42.340187,-71.100365
42.34027,-71.10047
42.34035,-71.10055
42.340412,-71.10064
42.340466,-71.10074
42.340538,-71.10087
42.340626,-71.10096
42.34071,-71.10104
42.340782,-71.10114
42.34084,-71.10124
42.340908,-71.101364
42.340977,-71.10147
42.34105,-71.10156
42.341125,-71.101654
42.34121,-71.10173
42.341286,-71.1018
42.34137,-71.10188
42.341454,-71.10197
42.34155,-71.10205
42.34165,-71.10211
42.34175,-71.10216
42.341843,-71.102234
42.341938,-71.1023
42.342033,-71.10239
42.34212,-71.10246
42.342205,-71.102554
42.342278,-71.10267
42.34236,-71.10276
42.34245,-71.10287
42.34252,-71.102936
42.34262,-71.103004
42.34271,-71.10294
42.342777,-71.10284
42.34284,-71.10273
42.34291,-71.10262
42.343014,-71.10254
42.343105,-71.10248
42.34318,-71.1024
42.343254,-71.10232
42.343327,-71.10224
42.34341,-71.102135
42.3435,-71.10211
42.343567,-71.10221
42.343647,-71.102135
42.343685,-71.10201
42.343796,-71.10198
42.343887,-71.10197
42.34398,-71.10196
42.344105,-71.10194
42.344208,-71.10189
42.34429,-71.10182
42.34434,-71.10172
42.344433,-71.10156
42.344467,-71.10144
42.344486,-71.10131
42.344578,-71.10109
42.34462,-71.10095
42.34469,-71.10087
42.34478,-71.10084
42.344887,-71.10081
42.34498,-71.10074
42.345062,-71.100685
42.345158,-71.10063
42.345448,-71.100525
42.345547,-71.10049
42.345592,-71.10034
42.34563,-71.10023
42.34567,-71.10011
42.345722,-71.09998
42.345806,-71.099884
42.345905,-71.099785
42.346004,-71.099724
42.346092,-71.09966
42.34618,-71.099594
42.346252,-71.09952
42.346336,-71.09944
42.346416,-71.099365
42.34648,-71.09928
42.34656,-71.0992
42.346645,-71.09913
42.346725,-71.09905
42.3468,-71.098946
42.346867,-71.098854
42.346928,-71.09875
42.347015,-71.09866
42.347115,-71.09858
42.347187,-71.098495
42.34727,-71.0984
42.347366,-71.0983
42.347466,-71.09823
42.347576,-71.09821
42.347687,-71.09817
42.347767,-71.09811
42.347843,-71.09802
42.34794,-71.09792
42.348034,-71.09784
42.34812,-71.09774
42.348217,-71.097664
42.34833,-71.09767
42.348442,-71.09769
42.348553,-71.09773
42.34863,-71.097595
42.34866,-71.097466
42.348755,-71.09741
42.348866,-71.09736
42.34894,-71.09724
42.349007,-71.0971
42.349033,-71.09698
42.349033,-71.096825
42.349014,-71.09668
42.348988,-71.096535
42.349,-71.0964
42.349083,-71.09603
42.34919,-71.09571
42.349228,-71.09558
42.349266,-71.09545
42.34932,-71.09534
42.349358,-71.09523
42.3494,-71.09508
42.349434,-71.09494
42.349464,-71.0948
42.349503,-71.094666
42.34956,-71.09453
42.349598,-71.09438
42.34963,-71.09427
42.349674,-71.09412
42.349728,-71.09398
42.349762,-71.09383
42.349808,-71.09368
42.34985,-71.09354
42.349888,-71.093414
42.349926,-71.0933
42.349983,-71.09316
42.35004,-71.093025
42.35013,-71.09295
42.350227,-71.09294
42.350327,-71.09293
42.350254,-71.092834
42.350163,-71.09282
42.350136,-71.0927
42.350155,-71.09258
42.350227,-71.092476
42.35027,-71.09236
42.350292,-71.0922
42.35029,-71.09207
42.35029,-71.09193
42.350307,-71.091774
42.35034,-71.09163
42.35039,-71.0915
42.35043,-71.09138
42.35048,-71.09125
42.35054,-71.09112
42.350605,-71.09098
42.350647,-71.090866
42.35068,-71.09073
42.350727,-71.09059
42.350765,-71.09044
42.35079,-71.09032
42.350838,-71.09017
42.35088,-71.09005
42.350914,-71.08991
42.350945,-71.08977
42.350967,-71.08963
42.350986,-71.08948
42.350983,-71.08933
42.35101,-71.08921
42.351036,-71.089066
42.35107,-71.08892
42.351116,-71.08876
42.351154,-71.08863
42.3512,-71.08849
42.35123,-71.08837
42.35127,-71.088234
42.351307,-71.08809
42.35134,-71.08794
42.35137,-71.08779
42.351406,-71.08763
42.351456,-71.08747
42.351494,-71.08734
42.35152,-71.08722
42.351562,-71.08709
42.35162,-71.08698
42.35169,-71.08687
42.35173,-71.08673
42.351765,-71.08662
42.351803,-71.0865
42.35184,-71.086365
42.351856,-71.08623
42.351887,-71.086075
42.351913,-71.085945
42.351955,-71.08584
42.351994,-71.085686
42.352,-71.08555
42.352016,-71.08542
42.35205,-71.08528
42.35208,-71.08516
42.35213,-71.085045
42.352165,-71.08492
42.352196,-71.08478
42.352226,-71.08465
42.352276,-71.08452
42.352325,-71.08438
42.35237,-71.08424
42.352394,-71.084114
42.352425,-71.08396
42.352463,-71.08383
42.352497,-71.0837
42.35254,-71.08357
42.352577,-71.083466
42.352627,-71.08336
42.352684,-71.08323
42.352707,-71.08309
42.352722,-71.08295
42.35276,-71.082794
42.352787,-71.08267
42.3528,-71.082535
42.352825,-71.082375
42.35286,-71.08223
42.352882,-71.08209
42.352917,-71.08197
42.352955,-71.08184
42.35299,-71.081726
42.353043,-71.0816
42.35309,-71.081436
42.35313,-71.08127
42.353176,-71.08114
42.35322,-71.08102
42.353256,-71.08088
42.353317,-71.08074
42.35342,-71.08045
42.35346,-71.080345
42.353516,-71.08021
42.353542,-71.08008
42.353573,-71.07995
42.35367,-71.0796
42.353664,-71.079216
42.35366,-71.07908
42.35359,-71.07899
42.353485,-71.07893
42.35339,-71.07891
42.35329,-71.07889
42.35319,-71.07887
42.353092,-71.07885
42.352993,-71.078835
42.35289,-71.078804
42.35278,-71.07876
42.35267,-71.07871
42.35256,-71.0787
42.352448,-71.07867
42.35236,-71.07862
42.352272,-71.078575
42.35216,-71.07853
42.35205,-71.07848
42.351948,-71.07843
42.351852,-71.07839
42.35177,-71.07833
42.35169,-71.078255
42.3516,-71.07817
42.351524,-71.07811
42.35143,-71.07803
42.35118,-71.077835
42.350945,-71.07765
42.350765,-71.07765
42.35064,-71.07767
42.350533,-71.077644
42.350445,-71.07761
42.350357,-71.077576
42.35027,-71.07753
42.35018,-71.07749
42.35009,-71.07754
42.350033,-71.07766
42.34998,-71.07779
42.34995,-71.0779
42.349915,-71.07803
42.34988,-71.07815
42.349823,-71.078285
42.34977,-71.07839
42.349716,-71.0785
42.34967,-71.07862
42.34963,-71.07875
42.349594,-71.07887
42.34955,-71.07905
42.349533,-71.07917
42.349506,-71.0793
42.34944,-71.079605
42.349415,-71.07972
42.349392,-71.07984
42.349514,-71.08018
42.34959,-71.08034
42.349606,-71.08046
42.34955,-71.08057
42.349407,-71.08061
42.349297,-71.08062
42.34915,-71.08067
42.348885,-71.08075
42.348602,-71.08069
42.34852,-71.08064
42.34841,-71.08062
42.347385,-71.080086
42.347157,-71.08048
42.34707,-71.08072
42.347057,-71.08085
42.34702,-71.08096
42.3468,-71.08115
42.346684,-71.08118
42.34643,-71.081314
42.346172,-71.081535
42.346046,-71.08161
42.345955,-71.081665
42.34586,-71.08171
42.345764,-71.08174
42.34566,-71.081795
42.345592,-71.08187
42.345516,-71.08198
42.345325,-71.08226
42.345146,-71.08255
42.34507,-71.082634
42.344875,-71.082794
42.34479,-71.082855
42.344696,-71.08294
42.344604,-71.08302
42.344532,-71.0831
42.344467,-71.08319
42.344387,-71.083305
42.344315,-71.08342
42.344234,-71.08352
42.344154,-71.08362
42.344078,-71.083725
42.344,-71.083824
42.34392,-71.08393
42.343838,-71.08403
42.343765,-71.084114
42.343674,-71.08421
42.343605,-71.0843
42.34333,-71.08444
42.343235,-71.08451
42.34312,-71.084656
42.343037,-71.08477
42.34296,-71.08485
42.342854,-71.08494
42.342766,-71.08502
42.342697,-71.08513
42.342606,-71.08525
42.342533,-71.08538
42.342464,-71.08552
42.342396,-71.08563
42.34231,-71.085754
42.34224,-71.08586
42.34217,-71.08594
42.34209,-71.08602
42.341995,-71.0861
42.34191,-71.08618
42.34183,-71.08625
42.341743,-71.086334
42.341667,-71.086426
42.341587,-71.08653
42.34151,-71.08662
42.34143,-71.086716
42.341362,-71.08681
42.341244,-71.087074
42.34117,-71.087204
42.341064,-71.087395
42.341007,-71.087494
42.34095,-71.0876
42.3409,-71.087715
42.340874,-71.08784
42.340843,-71.08796
42.34079,-71.08807
42.340725,-71.08816
42.340656,-71.08828
42.340607,-71.08842
42.34058,-71.088554
42.34057,-71.088715
42.34055,-71.08886
42.340508,-71.08898
42.34045,-71.089096
42.340385,-71.08923
42.34033,-71.08936
42.34028,-71.089485
42.340233,-71.089615
42.340168,-71.08975
42.3401,-71.089874
42.34007,-71.09
42.34004,-71.09014
42.33999,-71.09025
42.339935,-71.09037
42.33988,-71.09048
42.339813,-71.090576
42.339745,-71.0907
42.339664,-71.09083
42.3396,-71.090935
42.339542,-71.09104
42.33945,-71.09113
42.339394,-71.09124
42.339287,-71.09158
42.33926,-71.09173
42.33924,-71.09188
42.33922,-71.092
42.339172,-71.092155
42.339123,-71.09228
42.33907,-71.09239
42.33902,-71.09252
42.338993,-71.09267
42.338963,-71.09284
42.33893,-71.09298
42.3389,-71.0931
42.338867,-71.09322
42.338814,-71.09336
42.338753,-71.0935
42.3387,-71.093636
42.33863,-71.093765
42.33857,-71.093895
42.338516,-71.09402
42.338474,-71.09415
42.33843,-71.09428
42.33838,-71.0944
42.338326,-71.09452
42.33826,-71.09464
42.338207,-71.09476
42.338116,-71.0948
42.338024,-71.094864
42.337955,-71.09498
42.3379,-71.09508
42.337868,-71.09525
42.33786,-71.09543
42.337852,-71.09559
42.33783,-71.09572
42.337788,-71.095856
42.33775,-71.09598
42.3377,-71.096115
42.33765,-71.09623
42.337597,-71.09633
42.337532,-71.09646
42.337498,-71.09658
42.337273,-71.09669
42.33718,-71.09664
42.33708,-71.09666
42.336956,-71.096985
42.337017,-71.097115
42.33711,-71.097466
42.33713,-71.09769
42.33716,-71.0978
42.337273,-71.09779
42.33736,-71.097755
42.337437,-71.09767
42.33751,-71.09758
42.337597,-71.0975
42.337677,-71.09741
42.337765,-71.09729
42.33786,-71.097176
42.337948,-71.09709
42.338028,-71.09703
42.33814,-71.09699
42.33825,-71.09697
42.33836,-71.09692
42.338474,-71.09688
42.338573,-71.096794
42.33866,-71.09674
42.338783,-71.09671
42.338882,-71.0967
42.33897,-71.09669
42.33906,-71.096664
42.339153,-71.09666
42.339268,-71.09664
42.339363,-71.09662
42.339462,-71.09656
42.339516,-71.09644
42.339542,-71.096306
42.339558,-71.096146
42.33959,-71.09601
42.33965,-71.0959
42.339718,-71.095795
42.339787,-71.0957
42.339848,-71.09559
42.339912,-71.09547
42.339977,-71.09536
42.34003,-71.095215
42.340076,-71.09506
42.340157,-71.094986
42.34025,-71.095
42.340336,-71.09491
42.340397,-71.09482
42.34049,-71.09474
42.340572,-71.09469
42.340645,-71.09458
42.3407,-71.094475
42.340767,-71.09435
42.340828,-71.09423
42.340855,-71.09409
42.34088,-71.09397
42.34091,-71.09386
42.340942,-71.09372
42.340992,-71.093575
42.341026,-71.09345
42.341034,-71.09333
42.341045,-71.09318
42.341064,-71.093025
42.34111,-71.09289
42.341167,-71.09278
42.34125,-71.09267
42.341305,-71.09257
42.34137,-71.09248
42.34145,-71.0924
42.341515,-71.0923
42.34159,-71.0922
42.34166,-71.092125
42.341743,-71.092064
42.34182,-71.091995
42.341896,-71.0919
42.341984,-71.09183
42.34209,-71.09176
42.342194,-71.091705
42.342278,-71.09166
42.34238,-71.09162
42.34247,-71.0916
42.34256,-71.09159
42.342655,-71.0916
42.342766,-71.09158
42.342854,-71.09154
42.342945,-71.09146
42.34306,-71.091415
42.343147,-71.091385
42.34325,-71.09134
42.343376,-71.0913
42.343464,-71.09126
42.343567,-71.09122
42.343674,-71.09119
42.34377,-71.09114
42.34385,-71.09109
42.343937,-71.09105
42.344025,-71.09102
42.344135,-71.090965
42.34424,-71.09093
42.34433,-71.09092
42.34443,-71.09091
42.34452,-71.0909
42.344627,-71.09088
42.344734,-71.090866
42.34484,-71.09084
42.34494,-71.090836
42.34504,-71.09083
42.345146,-71.0908
42.34526,-71.09074
42.34536,-71.09067
42.345444,-71.090614
42.345547,-71.09055
42.345657,-71.09052
42.34576,-71.09052
42.34586,-71.09052
42.34598,-71.09054
42.34609,-71.090515
42.346176,-71.09048
42.346268,-71.09041
42.346348,-71.09034
42.34643,-71.09026
42.346523,-71.090195
42.346607,-71.090126
42.346676,-71.09001
42.34674,-71.08984
42.346783,-71.089714
42.34684,-71.08962
42.34688,-71.08947
42.346924,-71.08935
42.346962,-71.08922
42.347015,-71.08908
42.347065,-71.08896
42.34712,-71.088844
42.347168,-71.088715
42.347206,-71.08857
42.347237,-71.08842
42.347256,-71.088295
42.34731,-71.08817
42.34737,-71.08806
42.34748,-71.08803
42.34757,-71.08807
42.347675,-71.0881
42.34783,-71.088104
42.347942,-71.088104
42.348045,-71.08815
42.34814,-71.08821
42.34824,-71.08829
42.348335,-71.088326
42.34843,-71.08838
42.34854,-71.08845
42.348675,-71.088524
42.348766,-71.088486
42.34885,-71.0884
42.34893,-71.08828
42.348988,-71.08818
42.349056,-71.08805
42.3491,-71.08793
42.34913,-71.087776
42.34916,-71.08765
42.34919,-71.08751
42.349197,-71.08739
42.34922,-71.08725
42.349266,-71.08711
42.34932,-71.086975
42.34938,-71.08683
42.349426,-71.08671
42.34949,-71.08653
42.34953,-71.08638
42.34956,-71.086266
42.34959,-71.08611
42.349625,-71.08598
42.34967,-71.08585
42.349724,-71.08574
42.34976,-71.08562
42.349785,-71.085495
42.34982,-71.08535
42.34987,-71.08521
42.349915,-71.08508
42.34995,-71.084946
42.34995,-71.08481
42.34997,-71.084656
42.350006,-71.08452
42.350025,-71.08437
42.35004,-71.08423
42.350056,-71.08409
42.350075,-71.083954
42.350193,-71.08361
42.350292,-71.083374
42.350334,-71.08326
42.350388,-71.083115
42.35039,-71.08297
42.3504,-71.08283
42.3504,-71.08269
42.350304,-71.08259
42.350227,-71.08253
42.35014,-71.08248
42.350044,-71.08241
42.34995,-71.08234
42.349876,-71.08227
42.349792,-71.08219
42.349705,-71.08212
42.34962,-71.08207
42.349533,-71.08203
42.349422,-71.081985
42.349155,-71.08185
42.349033,-71.081795
42.34906,-71.081665
42.349075,-71.08154
42.349052,-71.0814
42.34903,-71.08125
42.349022,-71.081116
42.349037,-71.08097
42.348785,-71.08063
42.348648,-71.08052
42.348648,-71.08052
42.34845,-71.0805
42.34847,-71.08044
42.34719,-71.0798
42.34705,-71.0797
42.34477,-71.08259
42.34477,-71.08259
42.34402,-71.0835
42.34391,-71.08373
42.342,-71.08605
42.34186,-71.08614
42.3415,-71.08658
42.3412,-71.08706
42.33773,-71.09574
42.33776,-71.0958
42.33776,-71.0958
42.33822,-71.09691
42.33868,-71.09774
42.33881,-71.09832
42.33913,-71.09909
42.33944,-71.09961
42.34027,-71.10069
42.34027,-71.10069
42.34117,-71.10169
42.34266,-71.10314
42.34322,-71.10395
42.34353,-71.10428
42.34388,-71.10429
42.34412,-71.10418
42.34438,-71.10414
42.34444,-71.10417
42.34467,-71.10418
42.345,-71.10433
42.345,-71.10433
42.3454,-71.10455
42.34551,-71.10454
42.3457,-71.10462
42.34546,-71.10544
42.34546,-71.10544
42.34523,-71.10633
42.34405,-71.11045
42.34369,-71.11174
42.34369,-71.11174
42.34332,-71.11153
42.3433,-71.11162
42.34329,-71.11162
42.34272,-71.11367
42.34272,-71.11367
42.34391,-71.11426
42.34391,-71.11426
42.34394,-71.11427
42.34602,-71.10672
42.3468,-71.1043
42.34801,-71.09992
42.34801,-71.09992
42.34875,-71.0971
42.34889,-71.09711
42.34909,-71.09583
42.34971,-71.0937
42.34987,-71.09334
42.34994,-71.09285
42.35026,-71.09164
42.35321,-71.08079
42.35546,-71.072495
42.35462,-71.07211
42.350086,-71.08921
42.349228,-71.08874
42.35205,-71.07833
42.3501,-71.07739
42.349133,-71.080864
42.34823,-71.08022
42.34842,-71.0805
42.34844,-71.08042
42.34719,-71.0798
42.34705,-71.0797
42.34571,-71.08142
42.34571,-71.08142
42.34402,-71.0835
42.34391,-71.08373
42.342,-71.08605
42.34186,-71.08614
42.3415,-71.08658
42.3412,-71.08706
42.33777,-71.09564
42.33777,-71.09564
42.33773,-71.09574
42.33822,-71.09691
42.33845,-71.0973
42.33845,-71.0973
42.33903,-71.09687
42.33968,-71.09634
42.33997,-71.09593
42.34011,-71.09562
42.34011,-71.09562
42.34059,-71.09436
42.34101,-71.09292
42.34114,-71.09261
42.34144,-71.09212
42.34179,-71.0918
42.34214,-71.0916
42.34233,-71.09154
42.34318,-71.09145
42.34392,-71.09089
42.34392,-71.09089
42.34431,-71.09075
42.34452,-71.09077
42.34548,-71.0906
42.34559,-71.09045
42.34606,-71.09028
42.34606,-71.09028
42.34661,-71.09014
42.34724,-71.08793
42.34724,-71.08776
42.34724,-71.08776
42.34725,-71.08772
42.3489,-71.08853
42.34889,-71.08862
42.34889,-71.08862
42.3489,-71.08853
42.35002,-71.08909
42.35002,-71.08909
42.35006,-71.08911
42.35231,-71.08076
42.35231,-71.08076
42.35229,-71.08085
42.34952,-71.07951
42.34952,-71.07951
42.34914,-71.08088
42.34914,-71.08088
42.34917,-71.08076
42.3483,-71.08036
42.346928,-71.07968
42.346977,-71.07983
42.347008,-71.080185
42.347042,-71.080635
42.347008,-71.08106
42.346943,-71.08118
42.346836,-71.08131
42.346596,-71.0815
42.346462,-71.08183
42.346302,-71.08199
42.346214,-71.082085
42.346134,-71.08215
42.34605,-71.08222
42.34596,-71.08227
42.34586,-71.08232
42.34575,-71.08234
42.34564,-71.082306
42.345543,-71.082275
42.345406,-71.08231
42.345303,-71.08236
42.34521,-71.08242
42.345108,-71.08247
42.345024,-71.08256
42.344944,-71.08264
42.344856,-71.082756
42.34478,-71.08285
42.344704,-71.082954
42.344612,-71.08304
42.344536,-71.083145
42.34446,-71.08324
42.344376,-71.08334
42.34431,-71.08347
42.344234,-71.083565
42.344166,-71.083664
42.34409,-71.083755
42.34401,-71.083855
42.34393,-71.083916
42.343845,-71.083984
42.34376,-71.08407
42.34368,-71.08416
42.343594,-71.08426
42.34352,-71.08435
42.343437,-71.08446
42.343334,-71.0846
42.343243,-71.084694
42.343132,-71.08476
42.342762,-71.08466
42.34254,-71.08494
42.342705,-71.08506
42.342796,-71.085205
42.342876,-71.085266
42.342873,-71.08512
42.342777,-71.08516
42.342613,-71.08531
42.342506,-71.08536
42.342358,-71.0855
42.34228,-71.085594
42.342216,-71.08568
42.34213,-71.085785
42.34204,-71.08589
42.341965,-71.08598
42.341892,-71.086075
42.3418,-71.08617
42.34171,-71.086266
42.341618,-71.08636
42.34153,-71.08646
42.34148,-71.08658
42.341423,-71.0867
42.341347,-71.0868
42.341248,-71.08687
42.341152,-71.08695
42.34108,-71.08705
42.341038,-71.08718
42.340977,-71.087326
42.340935,-71.08743
42.34089,-71.08755
42.340828,-71.087685
42.340813,-71.08781
42.340755,-71.087944
42.340714,-71.088066
42.340664,-71.08818
42.34061,-71.08828
42.34055,-71.08842
42.340492,-71.088554
42.34049,-71.08872
42.3405,-71.08888
42.34049,-71.08904
42.34045,-71.08916
42.340397,-71.0893
42.340347,-71.08943
42.340286,-71.08957
42.34025,-71.0897
42.34022,-71.08983
42.340183,-71.08994
42.340145,-71.09006
42.34011,-71.09018
42.340073,-71.09031
42.340015,-71.09045
42.339836,-71.09071
42.33978,-71.09084
42.33972,-71.09098
42.339676,-71.091095
42.339516,-71.09141
42.33946,-71.09151
42.339413,-71.09163
42.339375,-71.09177
42.339294,-71.09196
42.339237,-71.092094
42.33912,-71.09243
42.33907,-71.09265
42.33903,-71.09279
42.33899,-71.092926
42.338936,-71.093056
42.338894,-71.09317
42.338844,-71.09327
42.338802,-71.09338
42.33876,-71.0935
42.338715,-71.093605
42.33866,-71.09372
42.33861,-71.09383
42.33855,-71.093956
42.338497,-71.09407
42.338448,-71.094215
42.3384,-71.09434
42.338364,-71.09447
42.338318,-71.09458
42.33826,-71.094696
42.338207,-71.094795
42.33815,-71.0949
42.338097,-71.09503
42.338013,-71.09515
42.337955,-71.09526
42.337887,-71.09538
42.33784,-71.0955
42.33781,-71.09562
42.337784,-71.09579
42.33775,-71.09592
42.3377,-71.09604
42.337646,-71.096176
42.337597,-71.09629
42.33756,-71.09642
42.337505,-71.09655
42.33745,-71.096695
42.337357,-71.09685
42.33729,-71.09697
42.33723,-71.09708
42.337048,-71.09717
42.336952,-71.0972
42.336884,-71.09735
42.33688,-71.097496
42.33689,-71.09766
42.336895,-71.09783
42.336903,-71.09802
42.33692,-71.09817
42.33695,-71.0983
42.337032,-71.09838
42.33715,-71.09833
42.33723,-71.09827
42.33751,-71.0982
42.33755,-71.09808
42.337612,-71.097984
42.3377,-71.09789
42.337776,-71.0978
42.33786,-71.097725
42.337944,-71.09766
42.338036,-71.09757
42.33813,-71.09752
42.338226,-71.09746
42.338326,-71.09744
42.338398,-71.09756
42.33846,-71.09769
42.33851,-71.09782
42.338554,-71.09795
42.338593,-71.09809
42.338646,-71.09822
42.338684,-71.09834
42.33872,-71.09848
42.33877,-71.09862
42.338806,-71.09873
42.338867,-71.09886
42.338947,-71.09897
42.339016,-71.09909
42.33909,-71.099205
42.33914,-71.099304
42.339207,-71.09942
42.339275,-71.09953
42.33934,-71.09965
42.3394,-71.09974
42.339478,-71.09985
42.339546,-71.09996
42.33961,-71.10007
42.339684,-71.10018
42.339756,-71.1003
42.339832,-71.100426
42.33991,-71.10053
42.33999,-71.10063
42.340046,-71.10076
42.340122,-71.10086
42.34021,-71.100945
42.34029,-71.101036
42.34037,-71.10112
42.340454,-71.10122
42.34053,-71.10132
42.340622,-71.10142
42.3407,-71.10149
42.340786,-71.101585
42.34085,-71.10167
42.34096,-71.10169
42.341053,-71.10172
42.341152,-71.10176
42.34126,-71.10184
42.34136,-71.10193
42.34145,-71.10201
42.341522,-71.10209
42.3416,-71.102165
42.34167,-71.102264
42.341747,-71.102356
42.34183,-71.10245
42.341904,-71.10253
42.341984,-71.10264
42.342068,-71.102715
42.34216,-71.1028
42.34228,-71.10286
42.342384,-71.10294
42.34247,-71.10299
42.342556,-71.10296
42.34263,-71.10285
42.342716,-71.10274
42.3428,-71.10266
42.34289,-71.10256
42.342976,-71.10247
42.343056,-71.1024
42.343117,-71.1023
42.34317,-71.102196
42.34322,-71.10208
42.34327,-71.101944
42.34333,-71.101845
42.343403,-71.10174
42.343452,-71.10163
42.343517,-71.10154
42.34357,-71.101395
42.3436,-71.10126
42.343636,-71.101135
42.343685,-71.10099
42.34373,-71.10084
42.343765,-71.1007
42.343792,-71.10058
42.343838,-71.100464
42.3439,-71.10036
42.343937,-71.10022
42.343964,-71.100075
42.343975,-71.09995
42.343994,-71.09981
42.344032,-71.09967
42.34407,-71.09953
42.344093,-71.09941
42.34412,-71.09929
42.344154,-71.099144
42.344162,-71.09901
42.34418,-71.098854
42.3442,-71.0987
42.344227,-71.09857
42.344246,-71.09844
42.34427,-71.09831
42.34429,-71.09818
42.344326,-71.09806
42.34437,-71.097916
42.34441,-71.09777
42.34448,-71.097664
42.34454,-71.09756
42.34459,-71.09744
42.344643,-71.09732
42.344677,-71.097176
42.3447,-71.097046
42.344738,-71.09692
42.344772,-71.09678
42.34481,-71.096634
42.344852,-71.096504
42.344875,-71.09637
42.34489,-71.09622
42.344917,-71.09608
42.344944,-71.09595
42.344975,-71.095825
42.345024,-71.095695
42.345097,-71.0956
42.345146,-71.09549
42.3452,-71.09535
42.34521,-71.095215
42.345226,-71.09506
42.34525,-71.09492
42.345276,-71.09479
42.345303,-71.09465
42.34534,-71.09449
42.345383,-71.09435
42.34546,-71.094246
42.345547,-71.094154
42.345642,-71.09407
42.345734,-71.093994
42.345814,-71.09391
42.345886,-71.09383
42.34597,-71.09374
42.34604,-71.09364
42.34611,-71.09356
42.346184,-71.09349
42.34627,-71.0934
42.346355,-71.09331
42.34642,-71.09321
42.346474,-71.093094
42.346527,-71.09297
42.34661,-71.09285
42.34667,-71.092705
42.34669,-71.09256
42.346695,-71.09241
42.3467,-71.09225
42.346687,-71.092125
42.346657,-71.09199
42.34663,-71.09185
42.3466,-71.09173
42.34656,-71.09161
42.34653,-71.09147
42.34651,-71.09135
42.346508,-71.0912
42.34656,-71.09111
42.346626,-71.09101
42.34666,-71.090866
42.346684,-71.09072
42.346703,-71.0906
42.346733,-71.09048
42.34678,-71.09036
42.346806,-71.09023
42.346813,-71.09011
42.346924,-71.09
42.346935,-71.08981
42.34694,-71.08961
42.34695,-71.08943
42.34697,-71.08929
42.34699,-71.08913
42.34702,-71.08899
42.34706,-71.08888
42.347122,-71.08879
42.347187,-71.08866
42.347248,-71.08853
42.347282,-71.0884
42.347317,-71.08829
42.34737,-71.08816
42.347446,-71.08808
42.347515,-71.08799
42.34762,-71.08794
42.34773,-71.08792
42.347828,-71.08794
42.347935,-71.08797
42.348026,-71.08801
42.348103,-71.08808
42.348194,-71.08819
42.34825,-71.08829
42.348328,-71.088394
42.348404,-71.08846
42.34849,-71.08854
42.348583,-71.088554
42.34868,-71.08854
42.348774,-71.088554
42.34887,-71.088646
42.348972,-71.08871
42.34921,-71.08886
42.349308,-71.08891
42.349422,-71.08897
42.349567,-71.08903
42.349678,-71.08907
42.349777,-71.08903
42.349854,-71.08892
42.3499,-71.0888
42.349934,-71.08868
42.349964,-71.088554
42.349983,-71.08843
42.350025,-71.08831
42.35007,-71.08818
42.350105,-71.08807
42.350155,-71.08796
42.350227,-71.08784
42.3503,-71.08772
42.35037,-71.08762
42.350433,-71.0875
42.35048,-71.08739
42.350513,-71.08727
42.350536,-71.08715
42.35059,-71.08701
42.350636,-71.08689
42.350704,-71.08676
42.350754,-71.086655
42.35079,-71.08651
42.350826,-71.08637
42.350853,-71.08626
42.35089,-71.08614
42.350937,-71.08602
42.350964,-71.08587
42.350975,-71.085724
42.351,-71.08558
42.351044,-71.08544
42.351105,-71.085304
42.351185,-71.08519
42.351234,-71.08505
42.351254,-71.08493
42.351254,-71.08478
42.351284,-71.08465
42.35136,-71.084496
42.351425,-71.08438
42.35148,-71.084274
42.35152,-71.08415
42.351566,-71.08401
42.351604,-71.08388
42.351635,-71.08376
42.35166,-71.08364
42.351696,-71.08353
42.351723,-71.0834
42.351738,-71.083275
42.351772,-71.083145
42.351795,-71.083015
42.351803,-71.08287
42.351826,-71.08273
42.35185,-71.08261
42.351883,-71.08247
42.35193,-71.08236
42.352016,-71.082275
42.352108,-71.08214
42.35213,-71.08198
42.352158,-71.08183
42.35219,-71.08171
42.35222,-71.08159
42.35225,-71.08147
42.352283,-71.08132
42.352325,-71.08121
42.352364,-71.0811
42.35238,-71.08096
42.35231,-71.08085
42.352184,-71.0808
42.3521,-71.080734
42.351997,-71.080666
42.351875,-71.08062
42.35179,-71.080574
42.351685,-71.08053
42.35158,-71.08048
42.35145,-71.08047
42.351337,-71.080444
42.351254,-71.08038
42.35117,-71.08031
42.35106,-71.08024
42.350967,-71.08019
42.35088,-71.08013
42.350773,-71.080086
42.350685,-71.08003
42.350555,-71.08002
42.350475,-71.07995
42.350388,-71.079895
42.35018,-71.079796
42.350098,-71.07972
42.349968,-71.07983
42.349873,-71.079895
42.349743,-71.08002
42.34965,-71.08012
42.34958,-71.08023
42.34942,-71.08033
42.349323,-71.08041
42.349297,-71.08055
42.349213,-71.08067
42.349113,-71.0807
42.348953,-71.08062
42.348816,-71.08058
42.348713,-71.08057
42.348602,-71.08057
42.3485,-71.08058
42.348446,-71.08057
42.348186,-71.080376
42.3482,-71.08031
42.34719,-71.0798
42.34705,-71.0797
42.34663,-71.08024
42.34663,-71.08024
42.34402,-71.0835
42.34391,-71.08373
42.34284,-71.08502
42.34284,-71.08502
42.342,-71.08605
42.34186,-71.08614
42.3415,-71.08658
42.3412,-71.08706
42.33975,-71.09069
42.33975,-71.09069
42.33976,-71.09066
42.34083,-71.09123
42.34083,-71.09123
42.34214,-71.09047
42.34235,-71.09039
42.34669,-71.08915
42.34678,-71.08914
42.34687,-71.08921
42.34691,-71.08907
42.34691,-71.08907
42.34724,-71.08793
42.34724,-71.08776
42.34724,-71.08776
42.34725,-71.08772
42.34894,-71.08855
42.34894,-71.08855
42.3489,-71.08853
42.35114,-71.08029
42.35114,-71.08029
42.34952,-71.07951
42.34953,-71.07947
42.34953,-71.07947
42.34917,-71.08076
42.34917,-71.08076
42.34801,-71.08022
42.34907,-71.08973
42.349194,-71.09037
42.34921,-71.09103
42.34924,-71.0917
42.349167,-71.09234
42.34913,-71.09294
42.349068,-71.093605
42.34903,-71.09426
42.34903,-71.0946
42.349022,-71.09477
42.348988,-71.09495
42.348988,-71.0951
42.34899,-71.095245
42.349003,-71.09539
42.34903,-71.09553
42.34904,-71.09566
42.34903,-71.09579
42.349014,-71.095924
42.348995,-71.09606
42.348972,-71.0962
42.348957,-71.09634
42.348953,-71.096466
42.348946,-71.096596
42.348934,-71.09672
42.34894,-71.09684
42.348988,-71.09697
42.34902,-71.097115
42.349037,-71.097275
42.349052,-71.09743
42.349064,-71.09757
42.349075,-71.09772
42.34909,-71.09786
42.34911,-71.09801
42.34913,-71.09815
42.34914,-71.09829
42.34916,-71.098434
42.34918,-71.09858
42.3492,-71.09872
42.34922,-71.098854
42.349243,-71.09899
42.349262,-71.09912
42.349285,-71.09926
42.3493,-71.099396
42.349323,-71.09956
42.34934,-71.09975
42.34935,-71.09987
42.349358,-71.1
42.34936,-71.100136
42.349373,-71.10027
42.349384,-71.10041
42.3494,-71.10055
42.349415,-71.10069
42.34943,-71.100845
42.34945,-71.101
42.349464,-71.10115
42.349483,-71.1013
42.349506,-71.101456
42.349525,-71.10161
42.34955,-71.10175
42.349567,-71.1019
42.349586,-71.10204
42.349606,-71.102196
42.349625,-71.10235
42.34964,-71.1025
42.349655,-71.10265
42.349678,-71.102806
42.349697,-71.10297
42.349716,-71.10313
42.349735,-71.10329
42.349747,-71.10345
42.349762,-71.10361
42.349785,-71.10376
42.349808,-71.10391
42.34983,-71.10407
42.349857,-71.104225
42.349876,-71.104385
42.349895,-71.10454
42.349915,-71.10469
42.349934,-71.10484
42.349953,-71.105
42.34997,-71.105156
42.349987,-71.105316
42.350006,-71.10548
42.350025,-71.10563
42.350044,-71.10578
42.350067,-71.10594
42.350082,-71.106094
42.350098,-71.10625
42.35011,-71.1064
42.35013,-71.10656
42.350143,-71.10671
42.350163,-71.10686
42.350185,-71.107
42.35021,-71.107155
42.350227,-71.10731
42.350246,-71.10745
42.350266,-71.10761
42.350285,-71.107765
42.3503,-71.107925
42.35032,-71.108086
42.35035,-71.10833
42.350372,-71.1085
42.35039,-71.10865
42.350414,-71.1088
42.350437,-71.10894
42.35046,-71.10908
42.35048,-71.10921
42.350502,-71.10939
42.350517,-71.10951
42.350525,-71.109634
42.350533,-71.109764
42.350533,-71.10989
42.35054,-71.110016
42.350555,-71.110146
42.35057,-71.11028
42.350582,-71.11041
42.35061,-71.11059
42.35063,-71.11076
42.35066,-71.11095
42.35067,-71.11107
42.350685,-71.1112
42.350697,-71.11134
42.35071,-71.11149
42.350727,-71.11163
42.35075,-71.11178
42.35077,-71.11192
42.35079,-71.11207
42.350807,-71.11222
42.350826,-71.11239
42.350845,-71.112564
42.350864,-71.11275
42.35089,-71.11292
42.350914,-71.1131
42.350933,-71.11325
42.350952,-71.113396
42.350983,-71.11353
42.351006,-71.113655
42.351017,-71.11379
42.351025,-71.11393
42.35104,-71.11406
42.351055,-71.114204
42.351078,-71.11435
42.351097,-71.114494
42.351116,-71.11463
42.351128,-71.11476
42.3511,-71.11489
42.35109,-71.11502
42.351097,-71.11515
42.35111,-71.11527
42.35113,-71.11545
42.351143,-71.1156
42.35104,-71.11569
42.350925,-71.11534
42.3509,-71.11519
42.350883,-71.11507
42.35086,-71.11491
42.350845,-71.11477
42.350845,-71.11465
42.350845,-71.11465
42.32906,-71.24695
42.329147,-71.24701
42.32957,-71.2467
42.329433,-71.24609
42.32928,-71.245445
42.32913,-71.24483
42.328987,-71.24421
42.328842,-71.24355
42.32876,-71.24288
42.32864,-71.24229
42.32857,-71.24166
42.328545,-71.24098
42.328526,-71.24083
42.328423,-71.24044
42.328255,-71.24005
42.32818,-71.23989
42.328106,-71.23973
42.328026,-71.23958
42.327934,-71.23944
42.32785,-71.23929
42.32778,-71.23912
42.327713,-71.23895
42.327644,-71.238785
42.32757,-71.23862
42.3275,-71.23846
42.327435,-71.23828
42.327377,-71.23811
42.32733,-71.23793
42.327286,-71.23774
42.327255,-71.23756
42.327217,-71.237366
42.32718,-71.237175
42.327145,-71.23698
42.32711,-71.236786
42.32708,-71.236595
42.32705,-71.236404
42.327015,-71.23622
42.32698,-71.23604
42.32694,-71.235855
42.326893,-71.23567
42.326847,-71.2355
42.326794,-71.23531
42.326744,-71.23513
42.32669,-71.234955
42.326633,-71.23478
42.326576,-71.234604
42.326523,-71.23443
42.32647,-71.23425
42.326412,-71.23408
42.32636,-71.2339
42.32631,-71.233734
42.326244,-71.23356
42.32618,-71.23339
42.32611,-71.233215
42.326054,-71.23305
42.325996,-71.23287
42.32595,-71.2327
42.325916,-71.23252
42.325886,-71.23234
42.325897,-71.23216
42.325912,-71.231995
42.32593,-71.23183
42.325966,-71.23167
42.32604,-71.23153
42.32611,-71.231384
42.32618,-71.23125
42.32625,-71.23112
42.32632,-71.230995
42.326393,-71.230865
42.326477,-71.230736
42.326576,-71.23058
42.32669,-71.23043
42.326805,-71.230286
42.326927,-71.23013
42.32705,-71.22999
42.32717,-71.22985
42.327293,-71.229706
42.327408,-71.22956
42.327522,-71.229416
42.327633,-71.22926
42.327736,-71.2291
42.327827,-71.228935
42.327923,-71.22876
42.328022,-71.22858
42.32812,-71.22839
42.328217,-71.22821
42.328316,-71.22804
42.328415,-71.22788
42.32851,-71.22773
42.328598,-71.227585
42.328663,-71.22745
42.328716,-71.2273
42.32877,-71.22716
42.328827,-71.227
42.32888,-71.22684
42.328938,-71.22666
42.328995,-71.22648
42.329044,-71.22628
42.329094,-71.22608
42.329144,-71.22588
42.329185,-71.22568
42.32924,-71.22551
42.32928,-71.225365
42.329315,-71.225235
42.329334,-71.225105
42.32935,-71.22496
42.32937,-71.22481
42.329395,-71.22465
42.32943,-71.22449
42.329475,-71.22432
42.329517,-71.224144
42.32956,-71.22397
42.3296,-71.223785
42.329647,-71.22361
42.329685,-71.223434
42.329716,-71.223274
42.329742,-71.2231
42.329777,-71.22291
42.32983,-71.22272
42.329887,-71.2225
42.329956,-71.22227
42.329987,-71.22215
42.33002,-71.22203
42.330055,-71.22192
42.330082,-71.221794
42.33011,-71.22167
42.330135,-71.22156
42.33016,-71.221436
42.330185,-71.22131
42.330208,-71.2212
42.330235,-71.22108
42.330257,-71.220955
42.330303,-71.220726
42.330353,-71.2205
42.330402,-71.22027
42.33045,-71.22003
42.330486,-71.2198
42.330524,-71.21959
42.330563,-71.219376
42.3306,-71.21916
42.33063,-71.21896
42.330654,-71.218765
