42.537273,-71.05239
42.537273,-71.052505
42.537224,-71.05265
42.537167,-71.05278
42.53709,-71.05291
42.537018,-71.053024
42.53694,-71.053116
42.536896,-71.05323
42.536957,-71.053345
42.53705,-71.053444
42.53714,-71.053505
42.537216,-71.05358
42.53732,-71.053665
42.53742,-71.05374
42.537514,-71.0538
42.537624,-71.05387
42.537697,-71.05395
42.53773,-71.05381
42.537766,-71.053665
42.537804,-71.05352
42.537834,-71.05339
42.53786,-71.05327
42.537903,-71.05309
42.537964,-71.05293
42.538002,-71.052765
42.53804,-71.05265
42.5381,-71.05255
42.538166,-71.05244
42.53824,-71.052315
42.538315,-71.05219
42.53836,-71.05208
42.53841,-71.05196
42.53847,-71.05184
42.538532,-71.05172
42.53859,-71.051605
42.538643,-71.051476
42.53869,-71.05136
42.538746,-71.05125
42.538803,-71.05111
42.538834,-71.050995
42.53883,-71.05087
42.538868,-71.05074
42.538925,-71.05062
42.538982,-71.0505
42.539032,-71.05037
42.53907,-71.05025
42.539104,-71.05013
42.539173,-71.05001
42.53923,-71.0499
42.539276,-71.04978
42.539318,-71.04967
42.53938,-71.04957
42.53946,-71.04947
42.53953,-71.04935
42.539608,-71.04924
42.53969,-71.04915
42.539772,-71.04906
42.539852,-71.04895
42.539936,-71.04885
42.54003,-71.048744
42.540104,-71.04867
42.540173,-71.04857
42.540276,-71.04848
42.54036,-71.04839
42.54043,-71.04831
42.54049,-71.04821
42.540543,-71.048096
42.540627,-71.048
42.5407,-71.04789
42.540775,-71.0478
42.540836,-71.04771
42.54091,-71.04762
42.540966,-71.047485
42.541035,-71.04734
42.5411,-71.047195
42.54116,-71.047104
42.541237,-71.04703
42.541317,-71.046936
42.541405,-71.04683
42.541477,-71.04675
42.541553,-71.04667
42.54161,-71.04656
42.54167,-71.04643
42.541744,-71.04631
42.541794,-71.0462
42.541862,-71.0461
42.541943,-71.04601
42.542023,-71.04591
42.542095,-71.04581
42.54216,-71.045715
42.54223,-71.04561
42.54231,-71.04552
42.54238,-71.045425
42.54244,-71.04533
42.542503,-71.04522
42.54256,-71.04512
42.542637,-71.04499
42.542698,-71.0449
42.54277,-71.04478
42.542835,-71.044685
42.542915,-71.0446
42.543007,-71.044495
42.543076,-71.04438
42.543133,-71.04427
42.543186,-71.044174
42.543156,-71.04402
42.54308,-71.04389
42.543022,-71.04378
42.542953,-71.04368
42.542877,-71.04358
42.542797,-71.043465
42.54273,-71.04338
42.542656,-71.04328
42.542587,-71.04318
42.542522,-71.0431
42.54244,-71.042984
42.54236,-71.042885
42.542294,-71.042786
42.54225,-71.042656
42.542213,-71.04253
42.54217,-71.04239
42.542118,-71.04226
42.54209,-71.042114
42.54208,-71.041985
42.542053,-71.04186
42.542065,-71.04174
42.54208,-71.041626
42.542095,-71.04151
42.542114,-71.0414
42.542133,-71.04128
42.542152,-71.04117
42.542175,-71.04105
42.5422,-71.04095
42.54228,-71.04088
42.54236,-71.04082
42.542442,-71.04075
42.542526,-71.04069
42.542606,-71.04063
42.54269,-71.04056
42.542774,-71.0405
42.542862,-71.040436
42.542957,-71.04036
42.543037,-71.04028
42.543133,-71.04024
42.54322,-71.04014
42.54328,-71.04003
42.543262,-71.03988
42.5432,-71.03974
42.543137,-71.039635
42.543068,-71.03951
42.543,-71.0394
42.542934,-71.039276
42.542862,-71.039154
42.54278,-71.039055
42.542713,-71.03896
42.542652,-71.03887
42.542587,-71.03874
42.54256,-71.03862
42.54255,-71.03849
42.54255,-71.03836
42.542545,-71.03824
42.542534,-71.03812
42.54253,-71.03796
42.54252,-71.037796
42.542507,-71.03764
42.542492,-71.03748
42.54248,-71.03735
42.542473,-71.03724
42.542473,-71.03711
42.542503,-71.03697
42.54259,-71.036934
42.542683,-71.03697
42.54276,-71.03706
42.54283,-71.037186
42.5429,-71.0373
42.542973,-71.03738
42.543037,-71.03749
42.543076,-71.03761
42.54315,-71.0377
42.543247,-71.03762
42.54334,-71.03751
42.543423,-71.03742
42.543488,-71.03734
42.543564,-71.037254
42.543648,-71.03717
42.543736,-71.03709
42.54382,-71.03701
42.54389,-71.036934
42.543972,-71.03683
42.54405,-71.036736
42.544136,-71.03665
42.54421,-71.03655
42.544277,-71.03647
42.54435,-71.036385
42.544415,-71.03627
42.544468,-71.03614
42.544502,-71.036
42.54452,-71.035866
42.54454,-71.035736
42.54456,-71.0356
42.54458,-71.03547
42.544594,-71.03533
42.544613,-71.0352
42.54463,-71.03507
42.544643,-71.03494
42.544563,-71.03489
42.54448,-71.034836
42.5444,-71.03478
42.544315,-71.03474
42.54423,-71.03468
42.544147,-71.03464
42.54406,-71.034584
42.543976,-71.03454
42.54387,-71.03451
42.543774,-71.03448
42.543663,-71.034424
42.543568,-71.03434
42.543488,-71.03427
42.543415,-71.03418
42.54332,-71.03412
42.54321,-71.034065
42.543125,-71.03397
42.543053,-71.033875
42.542973,-71.033806
42.542873,-71.03373
42.542793,-71.03366
42.5427,-71.03358
42.54261,-71.0335
42.54251,-71.033424
42.542423,-71.03334
42.542328,-71.03328
42.542225,-71.03322
42.542145,-71.033134
42.54206,-71.033066
42.541965,-71.03297
42.54189,-71.03287
42.541794,-71.03278
42.541702,-71.03271
42.541622,-71.03263
42.54153,-71.03254
42.541454,-71.03246
42.54137,-71.03238
42.541275,-71.03232
42.541176,-71.03225
42.541084,-71.032196
42.540993,-71.032166
42.5409,-71.032135
42.54081,-71.03211
42.54072,-71.03209
42.540634,-71.032074
42.54055,-71.03206
42.540462,-71.03204
42.54038,-71.032036
42.540348,-71.032166
42.540318,-71.03229
42.540287,-71.03242
42.540257,-71.032555
42.54023,-71.032684
42.5402,-71.032814
42.540173,-71.03294
42.540146,-71.03308
42.540142,-71.03321
42.54015,-71.03335
42.540157,-71.033485
42.540157,-71.03364
42.54015,-71.0338
42.540157,-71.03391
42.54018,-71.03406
42.540226,-71.03418
42.54029,-71.03431
42.540325,-71.034454
42.54035,-71.03461
42.540375,-71.03473
42.540413,-71.03488
42.54045,-71.034996
42.54049,-71.03512
42.54053,-71.03523
42.54057,-71.035355
42.54061,-71.03548
42.540646,-71.0356
42.540684,-71.03572
42.54072,-71.03584
42.540756,-71.035965
42.54079,-71.0361
42.540825,-71.03624
42.540855,-71.036385
42.540886,-71.03652
42.54092,-71.03666
42.54095,-71.0368
42.54098,-71.036934
42.54101,-71.03708
42.54101,-71.03724
42.54103,-71.03739
42.54107,-71.03752
42.541103,-71.03765
42.54112,-71.03782
42.541138,-71.03797
42.54115,-71.0381
42.541172,-71.03822
42.541187,-71.038376
42.541225,-71.03851
42.541267,-71.038635
42.54128,-71.03878
42.541286,-71.03892
42.54132,-71.03905
42.541363,-71.03917
42.541405,-71.03929
42.54144,-71.03942
42.541477,-71.03955
42.54151,-71.03968
42.541546,-71.03981
42.541576,-71.03995
42.541607,-71.04008
42.541573,-71.04018
42.54154,-71.04028
42.541496,-71.040375
42.54145,-71.040474
42.5414,-71.040565
42.541344,-71.04066
42.541283,-71.04074
42.541218,-71.04082
42.54112,-71.04088
42.541023,-71.04097
42.540924,-71.04104
42.540833,-71.041084
42.540733,-71.041145
42.540634,-71.04122
42.540543,-71.041306
42.540466,-71.04143
42.54039,-71.0415
42.54031,-71.041595
42.540234,-71.04172
42.540154,-71.0418
42.540077,-71.04187
42.539997,-71.04194
42.539913,-71.04202
42.53983,-71.0421
42.539745,-71.042175
42.53966,-71.04225
42.539577,-71.04233
42.53949,-71.042404
42.539406,-71.04247
42.539318,-71.04255
42.539234,-71.04265
42.539154,-71.04275
42.53907,-71.042854
42.53899,-71.04295
42.538906,-71.04305
42.538822,-71.043144
42.538742,-71.04324
42.53866,-71.04334
42.538586,-71.043434
42.53851,-71.043526
42.538437,-71.04362
42.53836,-71.04371
42.53829,-71.043816
42.53822,-71.04392
42.538143,-71.04403
42.538074,-71.044136
42.538,-71.044235
42.537926,-71.04434
42.53785,-71.04444
42.537777,-71.04454
42.537724,-71.04464
42.537647,-71.04473
42.53758,-71.04484
42.537506,-71.044945
42.537434,-71.04505
42.537346,-71.04516
42.537308,-71.04528
42.537334,-71.0454
42.537415,-71.045494
42.537502,-71.04558
42.53758,-71.04566
42.537663,-71.04572
42.53776,-71.045815
42.537815,-71.04593
42.537884,-71.04606
42.537952,-71.04614
42.538025,-71.046234
42.5381,-71.04635
42.538162,-71.04645
42.538246,-71.04655
42.53831,-71.04664
42.538376,-71.04674
42.53844,-71.04683
42.5385,-71.04692
42.538567,-71.04702
42.538628,-71.04711
42.53869,-71.0472
42.53875,-71.0473
42.5388,-71.047424
42.53885,-71.04755
42.538895,-71.04767
42.53894,-71.0478
42.53899,-71.04792
42.539036,-71.04804
42.53908,-71.04817
42.539127,-71.048294
42.53912,-71.04842
42.539127,-71.04858
42.539127,-71.04871
42.539124,-71.04884
42.539116,-71.04898
42.53911,-71.04912
42.5391,-71.049255
42.53909,-71.04939
42.539078,-71.04953
42.539066,-71.04967
42.53904,-71.0498
42.539017,-71.04993
42.538986,-71.05006
42.53896,-71.050186
42.53893,-71.050316
42.5389,-71.050446
42.538864,-71.050575
42.53883,-71.0507
42.538776,-71.05081
42.538734,-71.05093
42.538673,-71.05106
42.538612,-71.05119
42.53855,-71.05133
42.538494,-71.05147
42.538433,-71.0516
42.538376,-71.051735
42.53832,-71.05183
42.53826,-71.051926
42.538204,-71.052025
42.538147,-71.052124
42.53809,-71.05222
42.538033,-71.05232
42.53798,-71.05242
42.53792,-71.05253
42.537846,-71.052475
42.537773,-71.05243
42.537697,-71.052376
42.53762,-71.05233
42.537548,-71.052284
42.537476,-71.05223
42.5374,-71.052185
42.537327,-71.05214
