43.107063,-88.34996
43.10711,-88.34977
43.10718,-88.34972
43.10723,-88.349625
43.107243,-88.3495
43.107197,-88.34937
43.107155,-88.349266
43.107193,-88.34916
43.10722,-88.34902
43.107277,-88.34894
43.107334,-88.348854
43.107426,-88.34882
43.1075,-88.34875
43.10757,-88.3487
43.10765,-88.34866
43.10773,-88.348625
43.10782,-88.34858
43.107895,-88.348625
43.107975,-88.34862
43.108074,-88.34862
43.108177,-88.34862
43.10826,-88.34863
43.108337,-88.348694
43.108356,-88.348816
43.10844,-88.34886
43.108524,-88.348915
43.1086,-88.34896
43.108612,-88.349075
43.10871,-88.34909
43.108795,-88.34907
43.108875,-88.34899
43.10893,-88.3489
43.10894,-88.34878
43.10897,-88.34866
43.108948,-88.34855
43.108963,-88.34842
43.108955,-88.34831
43.108932,-88.34818
43.108936,-88.34805
43.10895,-88.34793
43.108948,-88.34782
43.108967,-88.34769
43.108967,-88.34755
43.108963,-88.347435
43.10896,-88.34732
43.10896,-88.34719
43.108967,-88.34706
43.10896,-88.346954
43.108944,-88.34684
43.108948,-88.346725
43.10895,-88.34661
43.108955,-88.3465
43.108936,-88.34638
43.108948,-88.346275
43.108948,-88.34615
43.108936,-88.34605
43.108932,-88.34593
43.108932,-88.34582
43.10885,-88.345795
43.108784,-88.34587
43.108685,-88.34588
43.108597,-88.34589
43.10849,-88.345924
43.108418,-88.345985
43.10833,-88.34604
43.108246,-88.34608
43.108124,-88.346085
43.108044,-88.34614
43.107964,-88.34617
43.107883,-88.34618
43.107796,-88.34622
43.1077,-88.34627
43.107616,-88.346306
43.10752,-88.34636
43.10742,-88.346344
43.107357,-88.34626
43.10738,-88.346115
43.107357,-88.34601
43.107365,-88.34589
43.10735,-88.34577
43.107323,-88.34566
43.10728,-88.34555
43.107273,-88.34543
43.107216,-88.34528
43.10718,-88.345146
43.107143,-88.34504
43.107075,-88.34496
43.107044,-88.34483
43.106956,-88.34474
43.10687,-88.34471
43.106777,-88.34466
43.106686,-88.34469
43.10661,-88.34475
43.106533,-88.344826
43.10645,-88.344826
43.106358,-88.34483
43.106277,-88.34482
43.10618,-88.34487
43.10609,-88.34485
43.106014,-88.34481
43.10602,-88.34469
43.106003,-88.34458
43.106018,-88.34447
43.106014,-88.34435
43.106026,-88.344215
43.106037,-88.34408
43.106056,-88.34395
43.10605,-88.34383
43.106014,-88.34364
43.106007,-88.34353
43.106007,-88.343414
43.105995,-88.34329
43.105988,-88.34318
43.10596,-88.34305
43.10597,-88.342926
43.10599,-88.342804
43.105976,-88.34269
43.10598,-88.34257
43.105988,-88.34243
43.10601,-88.34231
43.106033,-88.34219
43.106007,-88.34208
43.106003,-88.341965
43.105988,-88.34185
43.106003,-88.34172
43.105995,-88.341606
43.10599,-88.34149
43.105946,-88.34138
43.1059,-88.34128
43.105816,-88.3413
43.10571,-88.34127
43.105614,-88.34125
43.105522,-88.341255
43.105434,-88.34127
43.105354,-88.34129
43.105274,-88.341286
43.105186,-88.34126
43.105083,-88.34124
43.104996,-88.34131
43.104916,-88.34134
43.104866,-88.34144
43.10485,-88.341545
43.104805,-88.341644
43.10479,-88.34177
43.10477,-88.34188
43.104748,-88.341995
43.104748,-88.34211
43.104755,-88.342224
43.10479,-88.342354
43.104786,-88.342476
43.104767,-88.3426
43.10472,-88.34275
43.10464,-88.342804
43.10454,-88.34282
43.104446,-88.342834
43.104362,-88.34283
43.104275,-88.34283
43.10419,-88.34281
43.104095,-88.34282
43.104015,-88.34282
43.103928,-88.34283
43.103832,-88.34279
43.103745,-88.34281
43.10366,-88.3428
43.103577,-88.34279
43.103497,-88.342804
43.103405,-88.34276
43.10333,-88.34271
43.10325,-88.34276
43.10317,-88.34276
43.103085,-88.34276
43.102997,-88.3428
43.102882,-88.34279
43.102787,-88.3428
43.102695,-88.34281
43.102608,-88.34279
43.102512,-88.34281
43.102425,-88.34281
43.10234,-88.3428
43.10226,-88.34283
43.102173,-88.34282
43.10208,-88.34282
43.10199,-88.34284
43.101894,-88.34284
43.101803,-88.342834
43.101715,-88.342865
43.101627,-88.34286
43.101543,-88.34288
43.10145,-88.34287
43.101364,-88.34287
43.101276,-88.34285
43.101192,-88.34288
43.101112,-88.342896
43.101048,-88.342964
43.100983,-88.34303
43.100918,-88.3431
43.10086,-88.34319
43.10078,-88.343254
43.100693,-88.34329
43.100628,-88.34337
43.10059,-88.34347
43.10056,-88.34358
43.10055,-88.34372
43.100544,-88.343834
43.1005,-88.34394
43.10046,-88.34403
43.100468,-88.34416
43.10048,-88.34428
43.10049,-88.344406
43.100536,-88.3445
43.100582,-88.34462
43.100586,-88.344734
43.100594,-88.34486
43.100616,-88.344986
43.100666,-88.34508
43.100735,-88.34515
43.10079,-88.34526
43.100822,-88.34536
43.1009,-88.34544
43.10096,-88.345566
43.101086,-88.34561
43.10116,-88.34567
43.10116,-88.34579
43.10117,-88.3459
43.10119,-88.346016
43.101223,-88.34613
43.101288,-88.34621
43.10134,-88.3463
43.10139,-88.34639
43.101463,-88.346466
43.101543,-88.34648
43.101627,-88.34649
43.101715,-88.346535
43.101784,-88.346596
43.101864,-88.346535
43.10195,-88.34656
43.10204,-88.346535
43.102127,-88.34654
43.10222,-88.34653
43.10232,-88.34652
43.1024,-88.34648
43.102493,-88.34649
43.102573,-88.34648
43.10267,-88.34647
43.10275,-88.346466
43.102825,-88.34641
43.10291,-88.34636
43.10299,-88.34632
43.103073,-88.34634
43.103153,-88.346275
43.103245,-88.346245
43.10333,-88.34622
43.103416,-88.346176
43.10351,-88.34619
43.103607,-88.34624
43.103695,-88.346214
43.10379,-88.34623
43.10389,-88.34625
43.103973,-88.34625
43.104057,-88.34625
43.10415,-88.34629
43.104237,-88.346275
43.104317,-88.346245
43.10441,-88.34629
43.104504,-88.34633
43.104534,-88.346436
43.104645,-88.34646
43.104782,-88.34648
43.104897,-88.34644
43.10498,-88.346405
43.105072,-88.34642
43.10517,-88.346405
43.10525,-88.34637
43.105343,-88.34639
43.105434,-88.34639
43.105522,-88.3464
43.105618,-88.34641
43.105656,-88.346306
43.10568,-88.34619
43.105774,-88.34617
43.105854,-88.34615
43.10591,-88.346054
43.105957,-88.34596
43.106018,-88.34589
43.106033,-88.34577
43.106033,-88.34566
43.106014,-88.34554
43.10608,-88.34547
43.10614,-88.34539
43.106228,-88.345345
43.10632,-88.345345
43.1064,-88.34529
43.106503,-88.34527
43.106586,-88.345314
43.10667,-88.3453
43.106754,-88.34533
43.106846,-88.34532
43.10692,-88.34537
43.107006,-88.34536
43.107098,-88.34537
43.107193,-88.345345
43.10726,-88.34541
43.10734,-88.34552
43.10731,-88.34562
43.107327,-88.34574
43.10732,-88.34587
43.107395,-88.345825
43.107395,-88.345955
43.10744,-88.346054
43.107452,-88.34617
43.107533,-88.34618
43.107613,-88.34616
43.1077,-88.346146
43.107788,-88.34617
43.10788,-88.34612
43.10796,-88.34613
43.108047,-88.34612
43.10813,-88.34609
43.108215,-88.34603
43.10833,-88.34602
43.108414,-88.345985
43.108433,-88.34588
43.108517,-88.34586
43.10861,-88.34586
43.108692,-88.34584
43.108757,-88.34591
43.10883,-88.34599
43.10889,-88.34608
43.10894,-88.34618
43.10894,-88.3463
43.108936,-88.34641
43.108986,-88.34651
43.108955,-88.34661
43.108944,-88.346725
43.10899,-88.346825
43.10896,-88.34695
43.108994,-88.34706
43.108986,-88.347206
43.10901,-88.34735
43.108994,-88.34749
43.10898,-88.3476
43.108955,-88.34772
43.108955,-88.34783
43.10897,-88.347946
43.108963,-88.34807
43.10895,-88.34821
43.10897,-88.34835
43.108963,-88.348465
43.108974,-88.34859
43.108982,-88.3487
43.108967,-88.34883
43.108967,-88.34894
43.108917,-88.34905
43.108818,-88.349014
43.108765,-88.34892
43.10869,-88.34888
43.108643,-88.348785
43.108574,-88.348694
43.108494,-88.348656
43.108414,-88.34859
43.108315,-88.34856
43.10821,-88.34855
43.108128,-88.34852
43.10804,-88.34853
43.10796,-88.34859
43.10787,-88.348595
43.10776,-88.34863
43.107662,-88.34875
43.107586,-88.34881
43.107517,-88.34887
43.10743,-88.348915
43.10736,-88.34898
43.107304,-88.34909
43.107204,-88.34918
43.107193,-88.3493
43.10724,-88.3494
43.10727,-88.34951
43.10724,-88.349625
43.107178,-88.34971
43.107105,-88.34978
43.10704,-88.349846
43.10699,-88.34994
43.10699,-88.34994
43.106937,-88.34952
43.107018,-88.34944
43.107124,-88.34939
43.107193,-88.34933
43.107258,-88.34921
43.107307,-88.34913
43.10737,-88.349045
43.10742,-88.348946
43.1075,-88.34889
43.10757,-88.34882
43.107635,-88.34875
43.107727,-88.34871
43.107815,-88.34868
43.10791,-88.348625
43.108,-88.34864
43.10808,-88.34867
43.108173,-88.34869
43.108288,-88.34866
43.108364,-88.34873
43.108456,-88.34876
43.108547,-88.348785
43.10862,-88.348724
43.108715,-88.34871
43.108803,-88.34865
43.108875,-88.348595
43.108955,-88.34855
43.109016,-88.34847
43.10901,-88.34835
43.108994,-88.34823
43.108994,-88.3481
43.10899,-88.34795
43.10897,-88.34778
43.10899,-88.347664
43.109,-88.34755
43.10901,-88.347435
43.108997,-88.34732
43.10898,-88.347206
43.10898,-88.34709
43.108925,-88.346985
43.108917,-88.346855
43.108925,-88.34673
43.108917,-88.34662
43.108913,-88.3465
43.10892,-88.34637
43.10893,-88.34624
43.108925,-88.34612
43.108883,-88.34603
43.108788,-88.346054
43.10869,-88.34606
43.108612,-88.346115
43.108524,-88.34617
43.10843,-88.3462
43.108345,-88.3462
43.10825,-88.346245
43.10817,-88.346275
43.10808,-88.346344
43.107986,-88.34635
43.107914,-88.34641
43.107826,-88.34643
43.107742,-88.34643
43.107662,-88.346466
43.10757,-88.34651
43.107452,-88.34651
43.10739,-88.34659
43.107296,-88.346596
43.10722,-88.34663
43.107132,-88.34668
43.10705,-88.34669
43.106964,-88.346725
43.106884,-88.34675
43.106804,-88.346794
43.106728,-88.34684
43.10664,-88.34688
43.106552,-88.346886
43.106453,-88.34689
43.10636,-88.34692
43.106277,-88.34691
43.106194,-88.346954
43.10611,-88.34698
43.106018,-88.347
43.105927,-88.34702
43.105846,-88.34706
43.10577,-88.34712
43.105682,-88.347145
43.105583,-88.34722
43.105495,-88.347244
43.10542,-88.34731
43.105335,-88.34735
43.105247,-88.347404
43.10516,-88.347435
43.105076,-88.34741
43.104984,-88.347435
43.104904,-88.34747
43.10483,-88.34755
43.104774,-88.34764
43.104694,-88.3477
43.10464,-88.3478
43.104683,-88.3479
43.104706,-88.34802
43.10472,-88.34815
43.10476,-88.34826
43.104786,-88.348366
43.104782,-88.34848
43.10484,-88.34858
43.10484,-88.3487
43.104862,-88.34884
43.104874,-88.34896
43.104904,-88.349075
43.104935,-88.34918
43.10496,-88.34929
43.104984,-88.34942
43.105022,-88.34955
43.105045,-88.34967
43.10507,-88.3498
43.1051,-88.34994
43.105133,-88.35006
43.105175,-88.35016
43.105198,-88.350266
43.105232,-88.35038
43.10528,-88.35048
43.105347,-88.35056
43.105404,-88.35064
43.105453,-88.35076
43.105484,-88.35088
43.105488,-88.35099
43.1055,-88.35112
43.105522,-88.35124
43.105537,-88.35137
43.105526,-88.351494
43.105534,-88.351616
43.105522,-88.35172
43.105522,-88.35184
43.105522,-88.35196
43.1055,-88.35207
43.10549,-88.352196
43.10551,-88.3523
43.10551,-88.35242
43.105545,-88.352516
43.10552,-88.35267
43.105545,-88.352776
43.105526,-88.35289
43.105476,-88.353
43.10548,-88.3531
43.105522,-88.353226
43.10552,-88.35334
43.105503,-88.353516
43.10547,-88.35363
43.105495,-88.35374
43.10551,-88.35387
43.10549,-88.35398
43.105495,-88.3541
43.10551,-88.354225
43.105534,-88.35433
43.10553,-88.35445
43.10556,-88.354576
43.105564,-88.35471
43.105576,-88.35483
43.105644,-88.3549
43.10573,-88.35494
43.105827,-88.354965
43.10591,-88.35498
43.105995,-88.35499
43.106102,-88.35494
43.10619,-88.35488
43.10625,-88.3548
43.106277,-88.35469
43.10625,-88.35457
43.106262,-88.354454
43.106297,-88.354355
43.10629,-88.35423
43.106274,-88.35411
43.106224,-88.35401
43.106213,-88.35389
43.10619,-88.35378
43.106262,-88.35367
43.1063,-88.35356
43.106342,-88.353455
43.106434,-88.353386
43.10651,-88.35331
43.106583,-88.35324
43.106644,-88.35315
43.1067,-88.35305
43.106724,-88.352936
43.106705,-88.35282
43.106647,-88.35271
43.106625,-88.352585
43.106606,-88.35246
43.106613,-88.35235
43.106613,-88.35223
43.10661,-88.35211
43.106632,-88.351974
43.10661,-88.35185
43.10664,-88.351746
43.10662,-88.35162
43.106586,-88.35152
43.10657,-88.3514
43.10662,-88.3513
43.10667,-88.3512
43.106716,-88.35108
43.10675,-88.35097
43.106766,-88.35084
43.106792,-88.35072
43.10683,-88.35061
43.106792,-88.35049
43.1068,-88.35034
43.106796,-88.35023
43.106842,-88.350105
43.10682,-88.35
43.10682,-88.35
43.107098,-88.349625
43.107204,-88.349556
43.10721,-88.349434
43.10725,-88.34932
43.10728,-88.34917
43.107307,-88.349014
43.10736,-88.3489
43.107395,-88.348785
43.107517,-88.34887
43.107563,-88.34877
43.107647,-88.34877
43.107735,-88.34874
43.107834,-88.34877
43.10792,-88.3487
43.107967,-88.348595
43.10808,-88.34858
43.108192,-88.34858
43.1083,-88.34864
43.1084,-88.34865
43.10846,-88.348564
43.108547,-88.34857
43.108658,-88.348564
43.10875,-88.3486
43.10885,-88.34863
43.108917,-88.34858
43.108906,-88.34846
43.108936,-88.34836
43.10895,-88.34821
43.108974,-88.3481
43.108986,-88.34797
43.109016,-88.34785
43.10901,-88.34771
43.108982,-88.347595
43.109,-88.34744
43.108974,-88.34732
43.108948,-88.347145
43.108967,-88.347015
43.108948,-88.346886
43.10896,-88.34677
43.108948,-88.34666
43.108948,-88.34652
43.10896,-88.3464
43.108948,-88.34628
43.10895,-88.34617
43.10896,-88.34605
43.108936,-88.34594
43.1089,-88.34583
43.108818,-88.34583
43.10873,-88.34582
43.10863,-88.345825
43.108536,-88.34589
43.10846,-88.34583
43.107628,-88.34646
43.10768,-88.34635
43.1076,-88.34644
43.10753,-88.3465
43.10745,-88.346466
43.107197,-88.34588
43.107224,-88.34577
43.107296,-88.3457
43.107197,-88.345406
43.10714,-88.34531
43.106922,-88.34499
43.106762,-88.34493
43.106697,-88.34487
43.10663,-88.34494
43.10652,-88.34497
43.10646,-88.34505
43.10637,-88.34508
43.10623,-88.34492
43.106155,-88.344864
43.10607,-88.34481
43.10604,-88.34461
43.10604,-88.34449
43.10594,-88.34413
43.10591,-88.344
43.105984,-88.3439
43.106026,-88.3438
43.106037,-88.34367
43.10601,-88.34355
43.10603,-88.343414
43.106018,-88.34329
43.106033,-88.34317
43.106052,-88.342964
43.105984,-88.342834
43.106003,-88.3426
43.106014,-88.342476
43.106,-88.34235
43.106007,-88.34223
43.106018,-88.34212
43.106,-88.342
43.105995,-88.34187
43.106026,-88.34173
43.106037,-88.34161
43.106037,-88.341484
43.106045,-88.34137
43.106052,-88.341255
43.10617,-88.34128
43.106247,-88.34124
43.106358,-88.34128
43.10644,-88.34131
43.106544,-88.3413
43.10663,-88.34127
43.106724,-88.34129
43.10681,-88.34129
43.1069,-88.3413
43.10699,-88.34129
43.10707,-88.341286
43.107162,-88.34126
43.107254,-88.34128
43.107346,-88.341286
43.10743,-88.34127
43.10751,-88.341255
43.107597,-88.34125
43.107704,-88.341255
43.10779,-88.34121
43.107838,-88.3411
43.107838,-88.34099
43.107853,-88.340866
43.107857,-88.34076
43.10783,-88.34062
43.107857,-88.34051
43.10788,-88.34039
43.107845,-88.34028
43.107838,-88.34016
43.107857,-88.340034
43.10786,-88.33992
43.10786,-88.3398
43.107845,-88.33969
43.107853,-88.33956
43.107864,-88.33945
43.107857,-88.33933
43.10785,-88.33921
43.107845,-88.33909
43.10785,-88.33897
43.10786,-88.33884
43.10786,-88.33871
43.107872,-88.33859
43.107903,-88.338486
43.107876,-88.338356
43.107876,-88.338234
43.10788,-88.33811
43.107864,-88.33799
43.107857,-88.337875
43.10787,-88.33775
43.107857,-88.33764
43.107838,-88.337524
43.107834,-88.33741
43.107845,-88.33728
43.107838,-88.337166
43.10783,-88.33705
43.10782,-88.33693
43.107803,-88.33679
43.10781,-88.33667
43.107822,-88.33655
43.107872,-88.33645
43.10788,-88.33633
43.107887,-88.33617
43.10785,-88.336044
43.10785,-88.33593
43.10781,-88.33583
43.107822,-88.33571
43.107838,-88.33557
43.107803,-88.335464
43.10779,-88.33533
43.10779,-88.3352
43.10779,-88.33507
43.107834,-88.33496
43.107838,-88.33485
43.107807,-88.3347
43.107822,-88.33457
43.107822,-88.334465
43.107807,-88.334335
43.10779,-88.334206
43.10777,-88.33409
43.107765,-88.333984
43.10776,-88.33387
43.10775,-88.33375
43.107746,-88.333626
43.10776,-88.3335
43.107845,-88.33346
43.107933,-88.33346
43.108086,-88.3334
43.10817,-88.33341
43.108253,-88.333435
43.108356,-88.33344
43.108444,-88.33346
43.108517,-88.333405
43.1086,-88.33342
43.108696,-88.33341
43.108784,-88.3334
43.108868,-88.3334
43.108963,-88.3334
43.109066,-88.33342
43.10916,-88.33337
43.109264,-88.33335
43.109356,-88.33336
43.10945,-88.33333
43.10954,-88.333275
43.10963,-88.33325
43.109722,-88.33326
43.10981,-88.333305
43.109905,-88.33325
43.109978,-88.3333
43.110065,-88.333336
43.110153,-88.33333
43.11023,-88.33339
43.110237,-88.33352
43.1102,-88.33363
43.11017,-88.33374
43.110153,-88.33386
43.110165,-88.33399
43.110176,-88.33412
43.110188,-88.334236
43.110195,-88.33435
43.11022,-88.334465
43.110184,-88.33459
43.110188,-88.3347
43.110172,-88.334854
43.11017,-88.33498
43.11017,-88.33508
43.110165,-88.33521
43.11019,-88.335335
43.110188,-88.335464
43.110165,-88.33558
43.11018,-88.33571
43.110172,-88.33583
43.110188,-88.33595
43.1102,-88.336075
43.110207,-88.33619
43.11019,-88.3363
43.1102,-88.336426
43.110184,-88.33655
43.1102,-88.336685
43.110195,-88.336815
43.11021,-88.33694
43.1102,-88.33706
43.110195,-88.3372
43.110218,-88.33732
43.110157,-88.3375
43.110188,-88.33761
43.110203,-88.33773
43.110203,-88.337875
43.110195,-88.33798
43.11021,-88.3381
43.110226,-88.33823
43.110233,-88.33834
43.110233,-88.33847
43.110237,-88.33859
43.11021,-88.3387
43.110203,-88.33883
43.1102,-88.33895
43.110203,-88.33907
43.110214,-88.33919
43.11024,-88.339294
43.11016,-88.33936
43.110195,-88.33946
43.11019,-88.33958
43.110207,-88.33968
43.110195,-88.33982
43.11021,-88.33994
43.11022,-88.34008
43.110218,-88.3402
43.110218,-88.34034
43.110214,-88.34046
43.11022,-88.34059
43.11021,-88.340706
43.110218,-88.34082
43.11021,-88.340935
43.110233,-88.34105
43.11024,-88.34117
43.11024,-88.34129
43.110207,-88.341415
43.110252,-88.34151
43.11021,-88.341644
43.11023,-88.341805
43.110245,-88.34195
43.110252,-88.3421
43.110226,-88.34221
43.110237,-88.34234
43.110252,-88.342545
43.110256,-88.34273
43.11026,-88.34285
43.11025,-88.34301
43.110233,-88.34313
43.11022,-88.34326
43.11022,-88.34339
43.110218,-88.34351
43.110226,-88.343636
43.11023,-88.34375
43.11026,-88.34387
43.110252,-88.343994
43.110226,-88.34412
43.11023,-88.34424
43.110237,-88.34435
43.110264,-88.3445
43.110252,-88.34465
43.110252,-88.34485
43.110275,-88.34497
43.110325,-88.345055
43.110226,-88.34513
43.11014,-88.345146
43.110027,-88.345146
43.10997,-88.34522
43.109886,-88.34531
43.10977,-88.345314
43.109684,-88.345436
43.10961,-88.34558
43.109516,-88.34556
43.10943,-88.34552
43.109325,-88.34558
43.109238,-88.34561
43.109154,-88.34561
43.109077,-88.34566
43.108994,-88.34577
43.108974,-88.345894
43.10898,-88.34603
43.108967,-88.34616
43.108974,-88.3463
43.108967,-88.34643
43.10894,-88.34654
43.108967,-88.34665
43.10897,-88.34677
43.10896,-88.346886
43.10897,-88.34701
43.10897,-88.347145
43.10895,-88.34727
43.108955,-88.347404
43.10896,-88.347534
43.10896,-88.34765
43.108955,-88.34777
43.10896,-88.3479
43.109,-88.34801
43.10895,-88.34812
43.10895,-88.34826
43.10894,-88.34837
43.10895,-88.34849
43.10896,-88.348625
43.10895,-88.34876
43.10895,-88.3489
43.108917,-88.349045
43.108803,-88.34906
43.108772,-88.34895
43.108685,-88.34889
43.108597,-88.3489
43.10854,-88.34881
43.108498,-88.34871
43.108406,-88.348656
43.10833,-88.34859
43.10825,-88.34855
43.108166,-88.348526
43.108086,-88.34857
43.107998,-88.348595
43.10791,-88.3486
43.107826,-88.34863
43.10775,-88.34873
43.10767,-88.34878
43.107582,-88.34882
43.107502,-88.34887
43.10744,-88.34896
43.10737,-88.34906
43.107273,-88.34911
43.10726,-88.34923
43.107166,-88.349266
43.107136,-88.349396
43.107185,-88.3495
43.1072,-88.34962
43.107204,-88.34973
43.107185,-88.34985
43.107086,-88.349915
43.107002,-88.34992
43.10692,-88.35
43.106853,-88.34992
43.10687,-88.350044
43.10682,-88.35018
43.10683,-88.35038
43.106827,-88.35054
43.106796,-88.350655
43.106754,-88.35081
43.106728,-88.35101
43.106716,-88.351135
43.106693,-88.35133
43.1067,-88.35146
43.106705,-88.351585
43.106716,-88.3517
43.106743,-88.351906
43.10673,-88.35202
43.106697,-88.352234
43.10669,-88.3524
43.106686,-88.35252
43.106705,-88.35264
43.106724,-88.352776
43.106743,-88.352905
43.106686,-88.353035
43.106632,-88.35319
43.10658,-88.35328
43.1065,-88.35342
43.106438,-88.35352
43.106407,-88.35364
43.106407,-88.35384
43.106415,-88.35399
43.106407,-88.354164
43.106388,-88.354294
43.106373,-88.3544
43.10633,-88.35465
43.10627,-88.35478
43.106247,-88.3549
43.10621,-88.35501
43.10615,-88.35514
43.106102,-88.355286
43.106056,-88.35541
43.10601,-88.355515
43.105988,-88.35565
43.10593,-88.355835
43.105843,-88.35595
43.105736,-88.355995
43.105644,-88.356026
43.105576,-88.35593
43.10553,-88.355774
43.105526,-88.35559
43.105515,-88.35539
43.105503,-88.35528
43.105515,-88.35516
43.105495,-88.355034
43.105495,-88.35492
43.105507,-88.35479
43.105488,-88.354675
43.105488,-88.35455
43.105484,-88.35438
43.105495,-88.354256
43.105488,-88.3541
43.105484,-88.353966
43.105484,-88.35382
43.105484,-88.35363
43.105484,-88.35343
43.10548,-88.353294
43.105473,-88.35318
43.105473,-88.352974
43.105473,-88.35286
43.105473,-88.35263
43.10547,-88.35242
43.105465,-88.352295
43.105476,-88.35206
43.105476,-88.35193
43.105476,-88.351814
43.10546,-88.35167
43.105495,-88.35147
43.105503,-88.35136
43.1055,-88.351234
43.10551,-88.35112
43.105488,-88.35099
43.10547,-88.35087
43.105457,-88.35075
43.10538,-88.35068
43.105305,-88.3505
43.105206,-88.35034
43.10517,-88.35022
43.10513,-88.3501
43.10509,-88.34989
43.105057,-88.349754
43.105026,-88.34961
43.105,-88.349464
43.104973,-88.349335
43.10493,-88.349174
43.104897,-88.34903
43.104855,-88.3489
43.104797,-88.34867
43.104786,-88.34854
43.10476,-88.34842
43.10475,-88.34831
43.10472,-88.34811
43.104668,-88.347916
43.104656,-88.347755
43.104652,-88.34764
43.10464,-88.347496
43.10469,-88.347374
43.10479,-88.34727
43.10486,-88.34721
43.104977,-88.347115
43.10507,-88.34712
43.10515,-88.3471
43.10525,-88.34706
43.10533,-88.34704
43.105434,-88.347
43.105553,-88.34702
43.10573,-88.34694
43.10581,-88.34692
43.105892,-88.346886
43.106037,-88.346794
43.106133,-88.34677
43.106262,-88.34675
43.106403,-88.346725
43.106495,-88.34669
43.106594,-88.34666
43.106674,-88.34658
43.10677,-88.346535
43.106865,-88.3465
43.106976,-88.34647
43.107086,-88.34645
43.10717,-88.3464
43.107265,-88.346375
43.107372,-88.346375
43.107456,-88.34635
43.10756,-88.34632
43.10774,-88.3463
43.107918,-88.34626
43.108017,-88.34622
43.10811,-88.3462
43.10821,-88.34615
43.108303,-88.34612
43.108402,-88.346085
43.108513,-88.34603
43.108627,-88.34601
43.108727,-88.34596
43.108864,-88.345894
43.109016,-88.34582
43.10914,-88.345764
43.10925,-88.34572
43.109356,-88.34569
43.109463,-88.34565
43.10957,-88.34561
43.109676,-88.345566
43.10979,-88.345474
43.109997,-88.34537
43.110104,-88.34533
43.11017,-88.345215
43.11018,-88.34501
43.11018,-88.34487
43.110157,-88.344734
43.110176,-88.34459
43.110176,-88.344444
43.1102,-88.34427
43.110188,-88.344124
43.1102,-88.34396
43.11019,-88.34378
43.110188,-88.343605
43.11018,-88.34344
43.11018,-88.34327
43.11018,-88.343094
43.110176,-88.34291
43.11019,-88.342735
43.11019,-88.34255
43.110184,-88.34238
43.110188,-88.3422
43.110188,-88.34201
43.110188,-88.341835
43.110188,-88.34165
43.11018,-88.34146
43.11018,-88.34128
43.110172,-88.3411
43.110165,-88.34091
43.11016,-88.34074
43.110165,-88.340546
43.110157,-88.34036
43.11016,-88.34019
43.110153,-88.34001
43.110153,-88.339836
43.110153,-88.33966
43.110153,-88.33949
43.11015,-88.339325
43.11015,-88.33916
43.110146,-88.33899
43.110134,-88.33881
43.11013,-88.338646
43.110123,-88.33847
43.11014,-88.3383
43.110138,-88.33813
43.11012,-88.337975
43.110115,-88.33781
43.110107,-88.33762
43.110107,-88.337456
43.110096,-88.337326
43.110096,-88.33719
43.110085,-88.337074
43.11008,-88.33695
43.11009,-88.33684
43.110123,-88.33672
43.110188,-88.33664
43.110245,-88.33654
43.110283,-88.3364
43.110287,-88.336266
43.11028,-88.33612
43.110275,-88.336
43.110275,-88.33583
43.110275,-88.33569
43.110283,-88.335556
43.110294,-88.33541
43.110287,-88.33526
43.110294,-88.3351
43.1103,-88.334946
43.110313,-88.33479
43.110313,-88.33465
43.110325,-88.33453
43.110252,-88.3344
43.11022,-88.33428
43.110226,-88.33443
43.110165,-88.33453
43.110126,-88.33469
43.110107,-88.33494
43.110092,-88.33509
43.110104,-88.33524
43.11011,-88.33539
43.110104,-88.33554
43.1101,-88.3357
43.110096,-88.335846
43.1101,-88.33601
43.1101,-88.33619
43.110104,-88.336334
43.11011,-88.33653
43.110134,-88.3367
43.110134,-88.33688
43.11014,-88.33708
43.110126,-88.33725
43.110146,-88.33746
43.110134,-88.33763
43.11013,-88.33783
43.110134,-88.33801
43.11014,-88.33823
43.110146,-88.33841
43.11015,-88.3386
43.110214,-88.33882
43.110207,-88.33901
43.1102,-88.339195
43.11019,-88.339386
43.11019,-88.33957
43.11019,-88.33975
43.110195,-88.33996
43.110188,-88.34016
43.1102,-88.34031
43.110203,-88.34048
43.110207,-88.3407
43.110207,-88.3409
43.110214,-88.341064
43.110214,-88.341255
43.110195,-88.34145
43.110195,-88.34164
43.110172,-88.34183
43.110184,-88.341995
43.11018,-88.34218
43.110172,-88.34238
43.11018,-88.34258
43.110188,-88.34278
43.110207,-88.34298
43.110195,-88.34316
43.1102,-88.34333
43.110203,-88.34352
43.110207,-88.34371
43.110195,-88.34389
43.110195,-88.34401
43.11018,-88.344185
43.11018,-88.34436
43.110165,-88.34453
43.110165,-88.34468
43.11017,-88.34484
43.11017,-88.345
43.11019,-88.34516
43.110188,-88.34532
43.110188,-88.34545
43.110172,-88.34579
43.110153,-88.346
43.110184,-88.34623
43.110184,-88.346436
43.110184,-88.3467
43.110188,-88.34695
43.11018,-88.34721
43.110176,-88.347466
43.11015,-88.34774
43.110126,-88.34799
43.110096,-88.34828
43.11006,-88.34856
43.109997,-88.34884
43.109932,-88.34912
43.10989,-88.349434
43.109818,-88.349754
43.109756,-88.35007
43.109688,-88.35037
43.10962,-88.35069
43.109535,-88.351006
43.109467,-88.351326
43.109383,-88.35165
43.1093,-88.351974
43.10919,-88.35232
43.109108,-88.352646
43.10899,-88.35297
43.108887,-88.353294
43.108776,-88.353615
43.10866,-88.353966
43.108543,-88.354294
43.10843,-88.35463
43.108307,-88.35495
43.108173,-88.35529
43.10805,-88.35564
43.10793,-88.35598
43.107807,-88.35633
43.10769,-88.35665
43.10758,-88.35698
43.107468,-88.357315
43.10736,-88.35763
43.107273,-88.35791
43.107193,-88.3582
43.10709,-88.35849
43.106995,-88.35879
43.10695,-88.35904
43.106865,-88.35932
43.106792,-88.359604
43.10674,-88.35989
43.106716,-88.36016
43.10666,-88.360435
43.10661,-88.36066
43.106567,-88.36086
43.106514,-88.36111
43.10644,-88.36133
43.106403,-88.36149
43.106365,-88.361664
43.106346,-88.36183
43.10631,-88.36193
43.106304,-88.36205
43.106236,-88.36228
43.10618,-88.36245
43.105885,-88.3627
43.105694,-88.36264
43.105595,-88.36265
43.10546,-88.362656
43.105354,-88.362686
43.105213,-88.36266
43.105118,-88.36272
43.10501,-88.362724
43.104893,-88.362755
43.104774,-88.36276
43.10465,-88.36277
43.10453,-88.362785
43.104416,-88.36281
43.10429,-88.36281
43.10415,-88.36284
43.10401,-88.36286
43.103878,-88.3629
43.10375,-88.36293
43.10361,-88.36295
43.10347,-88.36295
43.10334,-88.36295
43.103218,-88.362946
43.103092,-88.36294
43.102974,-88.36293
43.10285,-88.362915
43.10276,-88.3629
43.10266,-88.36289
43.10263,-88.363045
43.10258,-88.36317
43.102543,-88.363304
43.10253,-88.363464
43.102528,-88.36358
43.1025,-88.36369
43.102505,-88.36384
43.102528,-88.363976
43.10253,-88.36415
43.102524,-88.36429
43.102478,-88.364426
43.102398,-88.36446
43.102287,-88.36449
43.102196,-88.364555
43.10217,-88.36474
43.102184,-88.3649
43.102173,-88.36507
43.102257,-88.36515
43.102337,-88.36516
43.102448,-88.365166
43.102516,-88.365074
43.10259,-88.365135
43.102684,-88.36512
43.102768,-88.36513
43.102848,-88.36516
43.102962,-88.36511
43.10314,-88.36527
43.103195,-88.36502
43.103104,-88.36503
43.102924,-88.36526
43.103027,-88.36526
43.10289,-88.3651
43.1028,-88.36509
43.102707,-88.365105
43.1027,-88.36526
43.1026,-88.36519
43.102547,-88.365105
43.102432,-88.36503
43.10235,-88.365005
43.10224,-88.36495
43.102165,-88.3648
43.102127,-88.36464
43.102196,-88.36458
43.10231,-88.3645
43.102413,-88.36441
43.102467,-88.36426
43.102478,-88.36406
43.102478,-88.363945
43.102486,-88.36383
43.10248,-88.363625
43.102474,-88.36346
43.102478,-88.36332
43.102497,-88.3632
43.102505,-88.363075
43.102512,-88.36286
43.102516,-88.362724
43.102516,-88.362595
43.102516,-88.36244
43.1025,-88.3623
43.10249,-88.36217
43.102474,-88.362015
43.102448,-88.36189
43.102398,-88.36178
43.102352,-88.36167
43.102257,-88.36153
43.1022,-88.361336
43.10228,-88.36125
43.10231,-88.36114
43.102383,-88.360954
43.102432,-88.360855
43.102474,-88.36076
43.102524,-88.360664
43.10257,-88.360565
43.102627,-88.36044
43.102673,-88.36033
43.102734,-88.36018
43.102783,-88.36007
43.102844,-88.35996
43.1029,-88.35985
43.102955,-88.35974
43.10301,-88.35962
43.103096,-88.359505
43.103165,-88.35941
43.103268,-88.359314
43.103367,-88.35924
43.103462,-88.359184
43.103573,-88.35913
43.1037,-88.359055
43.10386,-88.358925
43.103947,-88.358864
43.104057,-88.35879
43.104214,-88.35876
43.104366,-88.35874
43.104504,-88.358734
43.104626,-88.35873
43.104748,-88.3587
43.10487,-88.35869
43.104996,-88.35868
43.105083,-88.35869
43.10518,-88.35866
43.10526,-88.35867
43.105343,-88.358665
43.105465,-88.35867
43.1055,-88.35857
43.105515,-88.35845
43.10551,-88.35827
43.10549,-88.35804
43.105488,-88.3579
43.105488,-88.35778
43.105507,-88.35766
43.105495,-88.35752
43.10549,-88.35738
43.105484,-88.357254
43.105476,-88.35712
43.105465,-88.35695
43.105495,-88.35678
43.1055,-88.35665
43.105495,-88.3565
43.10552,-88.356384
43.105522,-88.35616
43.10553,-88.35597
43.10557,-88.3558
43.105713,-88.35574
43.10581,-88.35568
43.105885,-88.35563
43.105953,-88.35555
43.106003,-88.35545
43.106045,-88.35536
43.10609,-88.35525
43.10613,-88.355125
43.10617,-88.35501
43.106213,-88.3549
43.106255,-88.35476
43.106297,-88.354645
43.106274,-88.3545
43.106297,-88.35437
43.106297,-88.354164
43.10629,-88.354034
43.10629,-88.353874
43.10629,-88.353745
43.106327,-88.353615
43.106377,-88.353455
43.10647,-88.353355
43.106564,-88.35328
43.106625,-88.3532
43.106697,-88.35312
43.10673,-88.353
43.106743,-88.35288
43.10672,-88.35274
43.106678,-88.35261
43.10664,-88.3525
43.10665,-88.35239
43.106674,-88.35228
43.10668,-88.35214
43.106697,-88.35195
43.10671,-88.35179
43.106693,-88.35165
43.10669,-88.35152
43.106693,-88.351326
43.106716,-88.35115
43.10678,-88.35107
43.106842,-88.35091
43.106888,-88.35073
43.106884,-88.35054
43.106915,-88.35041
43.106953,-88.35027
43.106983,-88.35016
43.107002,-88.35001
43.10677,-88.3499
43.106808,-88.35001
43.106808,-88.35001
43.106728,-88.350044
43.10689,-88.34989
43.106754,-88.3499
43.106556,-88.3499
43.10668,-88.349976
43.10696,-88.349915
43.10668,-88.35009
43.106823,-88.349976
43.106728,-88.35011
43.10686,-88.350075
43.10677,-88.35001
43.106598,-88.35003
43.10682,-88.34997
43.107033,-88.35004
43.106766,-88.35005
43.1072,-88.350105
43.10729,-88.35008
43.10715,-88.34985
43.1071,-88.34973
43.107197,-88.349625
43.10726,-88.349525
43.10722,-88.349396
43.107193,-88.34927
43.107246,-88.34918
43.107315,-88.34908
43.107395,-88.349
43.10749,-88.34896
43.10757,-88.34891
43.10762,-88.34878
43.107735,-88.348785
43.10784,-88.34881
43.107853,-88.34865
43.10794,-88.348625
43.10806,-88.3486
43.108143,-88.348564
43.108227,-88.348656
43.10831,-88.348656
43.108524,-88.34876
43.10874,-88.34859
43.108833,-88.34857
43.108913,-88.34851
43.108997,-88.348434
43.10896,-88.348305
43.108925,-88.34819
43.108932,-88.34802
43.108906,-88.34791
43.10892,-88.3478
43.10891,-88.34769
43.10892,-88.34757
43.108902,-88.34743
43.10887,-88.34731
43.108845,-88.3472
43.10878,-88.347115
43.108746,-88.347015
43.10865,-88.34695
43.108555,-88.34695
43.108467,-88.34696
43.108383,-88.346954
43.108307,-88.347
43.10824,-88.34708
43.108166,-88.34713
43.108105,-88.34722
43.108025,-88.347305
43.10794,-88.34728
43.107864,-88.34733
43.107807,-88.34742
43.10776,-88.347534
43.10774,-88.34766
43.107677,-88.347855
43.10762,-88.34799
43.10755,-88.34813
43.107502,-88.34825
43.10744,-88.34835
43.107548,-88.348305
43.107647,-88.34828
43.107742,-88.348305
43.107834,-88.34827
43.107944,-88.34828
43.10807,-88.348274
43.108166,-88.34831
43.108265,-88.34834
43.108383,-88.34837
43.108482,-88.34831
43.108562,-88.34829
43.108658,-88.34827
43.108772,-88.348236
43.108868,-88.34827
43.10894,-88.34833
43.108944,-88.34846
43.10893,-88.34857
43.108974,-88.34869
43.10898,-88.34884
43.10896,-88.34895
43.108925,-88.34915
43.10887,-88.34928
43.10879,-88.34936
43.108772,-88.349464
43.10877,-88.34958
43.10876,-88.3497
43.108707,-88.349815
43.108646,-88.349915
43.108562,-88.34993
43.108486,-88.34989
43.108406,-88.349915
43.108315,-88.3499
43.10823,-88.34992
43.108147,-88.34992
43.10804,-88.349915
43.10793,-88.3499
43.107906,-88.34979
43.107758,-88.34986
43.10764,-88.35004
43.107563,-88.35011
43.10747,-88.35016
43.107418,-88.35025
43.107323,-88.350365
43.107258,-88.35045
43.10717,-88.35048
43.107075,-88.3505
43.106983,-88.35049
43.1069,-88.350464
43.106815,-88.35046
43.106728,-88.35051
43.10665,-88.35057
43.106625,-88.35045
43.106667,-88.35029
43.106762,-88.35011
43.106773,-88.34999
43.1068,-88.3501
43.106762,-88.34998
43.106762,-88.34998
43.10677,-88.350044
43.106453,-88.35016
43.10643,-88.349945
43.1066,-88.35006
43.10661,-88.34995
43.10667,-88.34975
43.106636,-88.349785
43.10673,-88.349724
43.10691,-88.34978
43.106857,-88.349625
43.106964,-88.34909
43.106964,-88.34892
43.106937,-88.34943
43.10711,-88.34925
43.107025,-88.3488
43.106987,-88.349304
43.107082,-88.349205
43.107044,-88.34933
43.107185,-88.34921
43.107346,-88.34932
43.107063,-88.34938
43.107166,-88.34945
43.107174,-88.34912
43.107285,-88.349236
43.107307,-88.34896
43.10697,-88.349304
43.10722,-88.34907
43.107475,-88.34923
43.107357,-88.34905
43.107407,-88.349045
43.107098,-88.34859
43.107277,-88.34879
43.10736,-88.3489
43.107456,-88.34868
43.107445,-88.34878
43.10756,-88.34889
43.107483,-88.348816
43.107613,-88.34844
43.10762,-88.348656
43.107525,-88.348625
43.1076,-88.3488
43.10764,-88.34838
43.107838,-88.348755
43.10765,-88.34853
43.10774,-88.34854
43.107853,-88.348305
43.10779,-88.3486
43.10795,-88.34857
43.108025,-88.34863
43.108112,-88.3486
43.108215,-88.348656
43.108273,-88.34878
43.10836,-88.3488
43.108444,-88.34885
43.108517,-88.348915
43.108604,-88.34895
43.10866,-88.34903
43.108692,-88.34914
43.108788,-88.34915
43.10887,-88.34914
43.108948,-88.34907
43.10896,-88.34895
43.10896,-88.34878
43.10898,-88.34866
43.10899,-88.34856
43.108986,-88.34844
43.108974,-88.34833
43.10894,-88.34821
43.10895,-88.34808
43.10898,-88.34794
43.108974,-88.34782
43.10895,-88.3477
43.10902,-88.34777
43.10897,-88.34786
43.109013,-88.34797
43.109005,-88.34808
43.10898,-88.34819
43.108986,-88.348305
43.109005,-88.34842
43.109,-88.34853
43.10901,-88.34865
43.10898,-88.348854
43.1089,-88.34895
43.108803,-88.34898
43.10872,-88.349
43.108654,-88.348915
43.108585,-88.34883
43.108505,-88.34882
43.10843,-88.34878
43.10837,-88.348694
43.108295,-88.34865
43.108215,-88.34864
43.10813,-88.34864
43.10804,-88.34862
43.108047,-88.34875
43.10796,-88.34882
43.107883,-88.348915
43.107788,-88.34892
43.1077,-88.34898
43.10767,-88.34908
43.107605,-88.34915
43.10752,-88.349266
43.1075,-88.34938
43.10745,-88.34948
43.107353,-88.34956
43.107285,-88.34951
43.10722,-88.34943
43.10714,-88.34943
43.107048,-88.34947
43.106983,-88.34956
43.106884,-88.349655
43.106823,-88.349724
43.10674,-88.3498
43.106678,-88.349884
43.10675,-88.34997
43.106823,-88.35003
43.106823,-88.35003
43.107002,-88.349434
43.1071,-88.34952
43.10715,-88.34937
43.10723,-88.34931
43.10728,-88.34922
43.107346,-88.34911
43.107388,-88.349014
43.10744,-88.34893
43.107525,-88.34883
43.107605,-88.348755
43.10768,-88.348656
43.10776,-88.34863
43.107845,-88.34868
43.107918,-88.348625
43.108006,-88.348625
43.10809,-88.34858
43.10819,-88.3486
43.10829,-88.348656
43.108383,-88.348656
43.10847,-88.34866
43.108566,-88.348694
43.108646,-88.34867
43.10874,-88.34866
43.10884,-88.34866
43.1089,-88.34857
43.10895,-88.34846
43.108948,-88.34834
43.10899,-88.34825
43.10902,-88.34813
43.109,-88.34799
43.108986,-88.34785
43.108994,-88.347725
43.10899,-88.34759
43.108997,-88.34745
43.108986,-88.34732
43.1089,-88.347305
43.108948,-88.34721
43.108986,-88.3471
43.109035,-88.34696
43.108994,-88.346825
43.108982,-88.34671
43.10898,-88.34659
43.109016,-88.34644
43.108986,-88.34605
43.10891,-88.34599
43.108818,-88.34594
43.108757,-88.34585
43.10866,-88.34582
43.108444,-88.345856
43.10842,-88.34597
43.108353,-88.34607
43.108234,-88.346085
43.108143,-88.34616
43.10804,-88.3462
43.107944,-88.34627
43.10784,-88.34629
43.10776,-88.34632
43.10762,-88.34635
43.107452,-88.346405
43.107376,-88.34645
43.107304,-88.346504
43.107212,-88.34653
43.10728,-88.34644
43.10731,-88.34628
43.10728,-88.346176
43.10725,-88.34608
43.107235,-88.345955
43.107235,-88.34583
43.107193,-88.345726
43.1072,-88.3456
43.107174,-88.34548
43.10714,-88.34537
43.107098,-88.345276
43.107056,-88.34516
43.107014,-88.34506
43.106934,-88.34503
43.106613,-88.34494
43.10651,-88.34487
43.10642,-88.34487
43.106335,-88.34486
43.106243,-88.34485
43.10614,-88.34485
43.106052,-88.34488
43.106045,-88.34475
43.10604,-88.3446
43.10607,-88.34448
43.106068,-88.34435
43.10604,-88.34418
43.106064,-88.34406
43.106056,-88.34385
43.106014,-88.34367
43.10596,-88.34357
43.105892,-88.343475
43.10582,-88.34343
43.105736,-88.34338
43.105625,-88.3434
43.105534,-88.34341
43.10544,-88.34339
43.105335,-88.34341
43.105232,-88.34339
43.10512,-88.343414
43.105026,-88.34342
43.104946,-88.34343
43.104855,-88.3434
43.10479,-88.34331
43.104706,-88.343254
43.104637,-88.34317
43.10456,-88.343124
43.104473,-88.3431
43.10439,-88.34307
43.10431,-88.343056
43.1042,-88.3431
43.104115,-88.34315
43.104042,-88.3431
43.10396,-88.34305
43.103867,-88.34307
43.103786,-88.34305
43.10371,-88.343094
43.1036,-88.34315
43.103508,-88.34305
43.103394,-88.34303
43.103317,-88.34307
43.10323,-88.34306
43.103134,-88.34305
43.103046,-88.34306
43.10296,-88.34306
43.102875,-88.34308
43.102787,-88.34307
43.102703,-88.34306
43.102623,-88.34302
43.10253,-88.34303
43.102448,-88.343025
43.102364,-88.34305
43.10226,-88.343056
43.10218,-88.34306
43.102093,-88.34308
43.10201,-88.34308
43.10193,-88.343094
43.101845,-88.34312
43.101715,-88.34307
43.10163,-88.34311
43.101555,-88.34315
43.101463,-88.34319
43.101387,-88.34328
43.10131,-88.34334
43.101223,-88.34331
43.10114,-88.34331
43.101044,-88.34332
43.10095,-88.34333
43.10087,-88.343346
43.10078,-88.34337
43.100693,-88.343414
43.10067,-88.343285
43.10062,-88.34318
43.10053,-88.34311
43.10044,-88.34312
43.10035,-88.3431
43.100266,-88.343124
43.10018,-88.343185
43.100086,-88.34321
43.100002,-88.34321
43.099907,-88.34321
43.099823,-88.343216
43.099735,-88.34324
43.099636,-88.34324
43.099537,-88.34323
43.09945,-88.34323
43.099346,-88.34324
43.09926,-88.343216
43.099174,-88.34321
43.099094,-88.34324
43.098995,-88.343185
43.09891,-88.34322
43.098827,-88.3432
43.098747,-88.3432
43.098644,-88.34319
43.09857,-88.34315
43.098488,-88.34315
43.09841,-88.343094
43.098324,-88.343124
43.098225,-88.34316
43.098145,-88.343185
43.09806,-88.3432
43.097977,-88.34318
43.09788,-88.34323
43.09779,-88.34323
43.097706,-88.34324
43.09761,-88.34322
43.097515,-88.34321
43.09742,-88.34322
43.097336,-88.3432
43.09726,-88.34326
43.097164,-88.34322
43.09708,-88.34321
43.096977,-88.34324
43.096897,-88.34321
43.096825,-88.34327
43.096825,-88.34338
43.096817,-88.3435
43.09685,-88.34361
43.096848,-88.34372
43.096832,-88.343864
43.096848,-88.34399
43.096855,-88.34411
43.096863,-88.34423
43.09686,-88.34435
43.096855,-88.344475
43.09687,-88.34462
43.096874,-88.344734
43.09686,-88.344864
43.09686,-88.34499
43.096874,-88.34511
43.096863,-88.345215
43.09685,-88.34533
43.096855,-88.34545
43.09686,-88.34558
43.09685,-88.34572
43.09684,-88.345856
43.09684,-88.34597
43.0968,-88.346085
43.09677,-88.346214
43.096714,-88.34635
43.09665,-88.346466
43.096573,-88.346535
43.096527,-88.34664
43.096478,-88.34674
43.09644,-88.34686
43.096245,-88.347
43.096188,-88.34709
43.09613,-88.347206
43.096134,-88.34732
43.096138,-88.347435
43.096107,-88.347565
43.09612,-88.34769
43.09612,-88.34782
43.096107,-88.347946
43.096123,-88.34806
43.09619,-88.34814
43.096268,-88.3481
43.09635,-88.34808
43.096443,-88.348076
43.09653,-88.34805
43.09663,-88.34806
43.09671,-88.34807
43.096794,-88.34807
43.096905,-88.34806
43.09699,-88.34811
43.097076,-88.3481
43.097157,-88.348045
43.097244,-88.34804
43.09733,-88.34802
43.09742,-88.34802
43.0975,-88.34803
43.09759,-88.348045
43.09767,-88.34803
43.097763,-88.34802
43.09786,-88.34802
43.097942,-88.34801
43.098038,-88.348015
43.09813,-88.34804
43.098213,-88.34803
43.09831,-88.34806
43.09839,-88.34807
43.09848,-88.34807
43.098564,-88.348076
43.098644,-88.348114
43.09873,-88.34817
43.09882,-88.34815
43.09891,-88.34817
43.099026,-88.34816
43.09911,-88.34819
43.099213,-88.34821
43.099297,-88.34822
43.099384,-88.348236
43.09947,-88.34823
43.099567,-88.34824
43.099644,-88.34827
43.099728,-88.348236
43.09982,-88.34827
43.099937,-88.34832
43.100018,-88.348305
43.1001,-88.348335
43.100197,-88.34835
43.10029,-88.34838
43.100346,-88.348465
43.10037,-88.3486
43.100365,-88.34876
43.10039,-88.34888
43.10044,-88.348976
43.100445,-88.3491
43.100426,-88.34921
43.10041,-88.34933
43.10044,-88.349434
43.100445,-88.34955
43.100433,-88.34967
43.100414,-88.34978
43.100426,-88.3499
43.10042,-88.35001
43.100426,-88.35015
43.100426,-88.35028
43.100437,-88.350395
43.10041,-88.35051
43.100403,-88.35063
43.100414,-88.350746
43.100418,-88.35087
43.100452,-88.350975
43.100502,-88.351074
43.100594,-88.35111
43.10068,-88.35115
43.100784,-88.35115
43.100903,-88.351135
43.101116,-88.35119
43.101196,-88.351234
43.101288,-88.35123
43.10137,-88.35121
43.10146,-88.35122
43.101543,-88.351204
43.101627,-88.35121
43.101715,-88.351204
43.1018,-88.35122
43.10188,-88.35123
43.10197,-88.35119
43.102062,-88.35118
43.102154,-88.35118
43.10223,-88.35121
43.10233,-88.3512
43.102467,-88.35119
43.102554,-88.35119
43.102634,-88.3512
43.102715,-88.351234
43.102818,-88.35126
43.10289,-88.3512
43.10293,-88.351074
43.102974,-88.35098
43.103035,-88.35088
43.103085,-88.35072
43.10314,-88.35065
43.103176,-88.35053
43.103252,-88.35045
43.103275,-88.35033
43.103313,-88.35023
43.10336,-88.35007
43.10338,-88.34994
43.103413,-88.34982
43.103462,-88.34974
43.10351,-88.34965
43.103573,-88.34957
43.103626,-88.34946
43.103622,-88.34934
43.103683,-88.34922
43.103745,-88.349144
43.103764,-88.34904
43.103813,-88.348946
43.103867,-88.34883
43.1039,-88.34872
43.103935,-88.34861
43.103985,-88.34852
43.10403,-88.34837
43.10409,-88.34828
43.1041,-88.348145
43.104156,-88.34805
43.104244,-88.348015
43.104313,-88.34793
43.104393,-88.347885
43.10443,-88.34777
43.104515,-88.34773
43.1046,-88.34781
43.104664,-88.34791
43.10472,-88.34799
43.104767,-88.34808
43.10481,-88.34823
43.10486,-88.34835
43.104862,-88.34847
43.10486,-88.34862
43.104877,-88.34874
43.10489,-88.348854
43.104897,-88.348976
43.1049,-88.3491
43.104942,-88.34919
43.10501,-88.34926
43.10504,-88.3494
43.10508,-88.34951
43.105152,-88.349625
43.105133,-88.34973
43.1051,-88.34987
43.10516,-88.34996
43.105198,-88.35009
43.10524,-88.3502
43.105247,-88.35035
43.105316,-88.3505
43.10535,-88.35063
43.10541,-88.35072
43.105465,-88.35083
43.10553,-88.350914
43.10558,-88.35103
43.105564,-88.35114
43.10558,-88.35127
43.105568,-88.3514
43.10557,-88.351524
43.105564,-88.35165
43.105553,-88.35175
43.105545,-88.35187
43.105553,-88.352
43.105576,-88.352104
43.105576,-88.35223
43.10557,-88.35235
43.105564,-88.35247
43.105545,-88.35261
43.105553,-88.35273
43.105553,-88.352844
43.105556,-88.35296
43.10561,-88.353065
43.105625,-88.35318
43.10561,-88.35335
43.10559,-88.353485
43.10558,-88.35362
43.10558,-88.35375
43.105595,-88.35387
43.105576,-88.354
43.105583,-88.35412
43.105583,-88.35425
43.105587,-88.35437
43.10558,-88.3545
43.10559,-88.35462
43.105583,-88.354744
43.10555,-88.35485
43.105625,-88.3549
43.105698,-88.35496
43.105785,-88.354965
43.105865,-88.35494
43.10595,-88.35497
43.106033,-88.35496
43.106113,-88.35492
43.106194,-88.354866
43.10625,-88.35477
43.106323,-88.3547
43.10634,-88.35457
43.106358,-88.35444
43.10631,-88.35433
43.10638,-88.35423
43.10642,-88.354126
43.106457,-88.35402
43.10644,-88.353905
43.106422,-88.35378
43.106495,-88.35369
43.106525,-88.35357
43.10659,-88.35347
43.10669,-88.35339
43.106766,-88.35332
43.106842,-88.35324
43.1069,-88.35313
43.106934,-88.35301
43.106915,-88.35289
43.10693,-88.352745
43.106865,-88.35258
43.106857,-88.35244
43.10687,-88.352295
43.106884,-88.35219
43.106895,-88.352066
43.106884,-88.35194
43.106873,-88.351814
43.106823,-88.35172
43.106827,-88.35161
43.10682,-88.35148
43.10687,-88.35137
43.106915,-88.351234
43.10696,-88.351105
43.106995,-88.35098
43.107,-88.35087
43.107014,-88.35075
43.107044,-88.35063
43.107006,-88.35054
43.106922,-88.35055
43.10684,-88.35054
43.106754,-88.35051
43.10672,-88.3504
43.106743,-88.35029
43.106857,-88.35023
43.10686,-88.35011
43.10686,-88.35011
43.107273,-88.348976
43.107338,-88.34885
43.10719,-88.349144
43.107304,-88.34858
43.107445,-88.34873
43.107265,-88.34878
43.107452,-88.34893
43.10748,-88.349045
43.107574,-88.34895
43.10758,-88.34883
43.10753,-88.348915
43.107594,-88.34868
43.107533,-88.34873
43.107464,-88.348656
43.10758,-88.348465
43.10769,-88.34889
43.107704,-88.34854
43.107563,-88.34874
43.107754,-88.34856
43.107506,-88.34867
43.108177,-88.34855
43.107807,-88.348404
43.10795,-88.34847
43.108025,-88.348625
43.107872,-88.34846
43.108036,-88.3485
43.108147,-88.34865
43.107975,-88.34864
43.108143,-88.34866
43.107906,-88.34869
43.108234,-88.34857
43.108086,-88.34869
43.10816,-88.348526
43.10851,-88.34858
43.108368,-88.34917
43.108322,-88.348656
43.10829,-88.349106
43.108368,-88.34878
43.108574,-88.34883
43.109135,-88.34853
43.108696,-88.34883
43.108894,-88.34867
43.108982,-88.348434
43.109013,-88.34855
43.108967,-88.34843
43.10897,-88.3483
43.108936,-88.348175
43.10891,-88.348045
43.10895,-88.34793
43.10895,-88.34782
43.10896,-88.3477
43.108955,-88.34759
43.108955,-88.34747
43.10894,-88.34735
43.10896,-88.34724
43.10896,-88.34711
43.10895,-88.34698
43.108948,-88.346855
43.108948,-88.34674
43.108932,-88.34663
43.10892,-88.34652
43.108906,-88.34638
43.108932,-88.346275
43.108902,-88.34615
43.108917,-88.34602
43.10891,-88.3459
43.108875,-88.345795
43.108887,-88.34567
43.10893,-88.34557
43.108917,-88.34544
43.108913,-88.34533
43.10896,-88.34523
43.108955,-88.345116
43.10895,-88.34499
43.108948,-88.34488
43.108864,-88.34484
43.108776,-88.34483
43.10868,-88.34483
43.108593,-88.34481
43.108513,-88.344795
43.108433,-88.34478
43.10835,-88.344795
43.108257,-88.34476
43.108173,-88.344765
43.108086,-88.34478
43.108017,-88.34485
43.107925,-88.34484
43.10784,-88.3448
43.107758,-88.34481
43.107674,-88.344826
43.10759,-88.344864
43.107502,-88.34489
43.107418,-88.344925
43.107353,-88.34499
43.107296,-88.34508
43.107224,-88.34515
43.107143,-88.3452
43.107067,-88.34515
43.107018,-88.34506
43.106937,-88.345116
43.106888,-88.34521
43.106796,-88.34516
43.106686,-88.34511
43.106594,-88.34513
43.106518,-88.345085
43.106415,-88.345024
43.106323,-88.34502
43.106224,-88.34504
43.10614,-88.34508
43.106045,-88.34509
43.10597,-88.34505
43.105934,-88.34494
43.105907,-88.34482
43.10593,-88.34471
43.105904,-88.3446
43.10591,-88.344475
43.10589,-88.34435
43.105854,-88.344246
43.105854,-88.34412
43.10586,-88.343994
43.105873,-88.34387
43.105865,-88.34376
43.105873,-88.343636
43.105865,-88.34352
43.105858,-88.3434
43.10587,-88.343285
43.105846,-88.34316
43.10585,-88.34305
43.10586,-88.342926
43.10586,-88.342804
43.10588,-88.34269
43.105885,-88.34256
43.105877,-88.342445
43.105892,-88.34233
43.105896,-88.3422
43.105873,-88.342094
43.105865,-88.34197
43.105892,-88.341866
43.10591,-88.34175
43.105915,-88.34161
43.105923,-88.34149
43.1059,-88.34136
43.105873,-88.34119
43.105797,-88.34124
43.105713,-88.341286
43.105606,-88.34128
43.105522,-88.34128
43.105457,-88.3412
43.105377,-88.34119
43.1053,-88.34114
43.10521,-88.341156
43.105118,-88.34114
43.105026,-88.34113
43.10495,-88.34106
43.10501,-88.34098
43.105015,-88.34085
43.105003,-88.34074
43.105022,-88.34063
43.10502,-88.34051
43.105045,-88.340355
43.10506,-88.34023
43.105076,-88.340126
43.10505,-88.340004
43.105034,-88.339874
43.10505,-88.33977
43.10507,-88.339645
43.10508,-88.33952
43.10513,-88.33936
43.105137,-88.33923
43.105103,-88.33911
43.105125,-88.33898
43.105145,-88.33887
43.10517,-88.33875
43.105152,-88.338585
43.105152,-88.33847
43.105186,-88.338356
43.105194,-88.33824
43.10521,-88.33812
43.1052,-88.33799
43.105198,-88.33787
43.105167,-88.33773
43.10518,-88.33759
43.105186,-88.33748
43.10523,-88.33737
43.10524,-88.33724
43.105274,-88.33709
43.105274,-88.33696
43.105274,-88.33684
43.10525,-88.33673
43.10525,-88.33662
43.105267,-88.3365
43.105244,-88.33639
43.105236,-88.33626
43.105247,-88.336136
43.105267,-88.33601
43.10523,-88.3359
43.105244,-88.33576
43.105217,-88.33564
43.105213,-88.33551
43.10524,-88.33538
43.105213,-88.33526
43.105206,-88.33514
43.105225,-88.33501
43.105232,-88.334885
43.105194,-88.334785
43.105198,-88.33466
43.105198,-88.334526
43.105236,-88.33442
43.105213,-88.33431
43.10523,-88.33415
43.105255,-88.33402
43.105236,-88.33389
43.105244,-88.333786
43.105286,-88.33368
43.105354,-88.33361
43.105434,-88.33365
43.105537,-88.333626
43.105637,-88.33361
43.105724,-88.33362
43.105804,-88.333595
43.105892,-88.33361
43.105984,-88.33357
43.106068,-88.33358
43.106155,-88.333595
43.106247,-88.333565
43.106327,-88.333534
43.10641,-88.333534
43.106495,-88.33352
43.106586,-88.33352
43.10669,-88.33352
43.106792,-88.333496
43.106888,-88.3335
43.106983,-88.33348
43.10708,-88.33348
43.107166,-88.333435
43.107265,-88.33347
43.107346,-88.333496
43.10744,-88.33349
43.10753,-88.333466
43.10757,-88.33356
43.107597,-88.33368
43.107613,-88.3338
43.107643,-88.33392
43.10764,-88.33405
43.10764,-88.33417
43.10763,-88.334305
43.10763,-88.33442
43.107624,-88.334526
43.107616,-88.33465
43.107594,-88.33476
43.107616,-88.33488
43.107643,-88.33499
43.10763,-88.33512
43.107624,-88.33526
43.107616,-88.33539
43.107628,-88.33552
43.10764,-88.33565
43.10764,-88.33576
43.107616,-88.33589
43.1076,-88.336006
43.107597,-88.33613
43.107628,-88.33626
43.107635,-88.33638
43.107624,-88.33651
43.107647,-88.33664
43.107628,-88.33678
43.107635,-88.33689
43.107647,-88.337006
43.10764,-88.33714
43.107647,-88.33727
43.107647,-88.33739
43.10769,-88.33751
43.10768,-88.33766
43.10768,-88.337776
43.107666,-88.33792
43.107655,-88.33804
43.107666,-88.33815
43.10767,-88.33842
43.107693,-88.33854
43.107674,-88.33866
43.10772,-88.338776
43.107677,-88.33892
43.107677,-88.339035
43.107685,-88.33916
43.107704,-88.33928
43.107754,-88.33939
43.10777,-88.33951
43.107803,-88.33962
43.107822,-88.339745
43.10783,-88.33986
43.10781,-88.34003
43.107853,-88.340126
43.10784,-88.34027
43.107876,-88.340385
43.107853,-88.3405
43.107826,-88.34061
43.107857,-88.34071
43.107887,-88.34081
43.107918,-88.34092
43.107918,-88.34105
43.107906,-88.34118
43.107895,-88.3413
43.107925,-88.341446
43.10801,-88.34148
43.108044,-88.34159
43.108097,-88.34168
43.108162,-88.34179
43.108234,-88.34185
43.108284,-88.34195
43.108337,-88.342064
43.108383,-88.34217
43.10843,-88.34234
43.108437,-88.34246
43.108456,-88.34257
43.108486,-88.34268
43.108543,-88.34278
43.108624,-88.34277
43.108715,-88.34277
43.108784,-88.34283
43.108856,-88.34289
43.10893,-88.34296
43.108997,-88.343025
43.10907,-88.34312
43.109142,-88.34318
43.109184,-88.34327
43.10923,-88.343376
43.10927,-88.34348
43.10929,-88.3436
43.10928,-88.34372
43.1093,-88.343834
43.109272,-88.34395
43.109276,-88.34408
43.109295,-88.34421
43.1093,-88.34432
43.10929,-88.34444
43.109287,-88.34457
43.109295,-88.344696
43.10928,-88.34485
43.109196,-88.34489
43.109108,-88.34488
43.10902,-88.34489
43.109005,-88.34502
43.108997,-88.34514
43.108986,-88.34526
43.108944,-88.34536
43.108948,-88.34549
43.108936,-88.34561
43.108917,-88.34573
43.108864,-88.34582
43.108894,-88.34593
43.108917,-88.34605
43.108936,-88.346176
43.10894,-88.34628
43.10893,-88.3464
43.108925,-88.34651
43.108936,-88.34664
43.108944,-88.34676
43.108982,-88.34687
43.108948,-88.34698
43.10896,-88.34709
43.10895,-88.347206
43.108982,-88.34731
43.108963,-88.34742
43.10901,-88.347534
43.10899,-88.34765
43.10896,-88.34778
43.108955,-88.3479
43.10895,-88.34802
43.108955,-88.348145
43.108944,-88.34825
43.10894,-88.348366
43.108932,-88.34849
43.108932,-88.3486
43.10895,-88.348755
43.108936,-88.34887
43.10895,-88.34899
43.108932,-88.3491
43.108925,-88.34922
43.108913,-88.34934
43.1089,-88.34947
43.10887,-88.349594
43.108833,-88.34971
43.108795,-88.349815
43.10874,-88.34991
43.108665,-88.34998
43.10858,-88.35004
43.108498,-88.34998
43.10841,-88.35003
43.10833,-88.34999
43.108253,-88.34994
43.108177,-88.349884
43.108093,-88.34986
43.107998,-88.34983
43.107925,-88.34975
43.107914,-88.34963
43.10788,-88.349525
43.107826,-88.34942
43.107742,-88.34947
43.107643,-88.349525
43.107555,-88.34958
43.107483,-88.349655
43.107445,-88.349754
43.107388,-88.34984
43.107353,-88.34995
43.10727,-88.34996
43.10719,-88.34996
43.1071,-88.34997
43.10702,-88.34997
43.106865,-88.35003
43.106766,-88.350044
43.106766,-88.350044
43.106873,-88.349365
43.106987,-88.34929
43.10706,-88.34922
43.107117,-88.34914
43.10714,-88.34901
43.107224,-88.34893
43.107292,-88.348854
43.10738,-88.348816
43.107433,-88.34872
43.107517,-88.34871
43.107586,-88.34864
43.107666,-88.34859
43.107754,-88.34857
43.10786,-88.348564
43.10795,-88.34856
43.108036,-88.34857
43.108128,-88.34856
43.10822,-88.34856
43.1083,-88.34861
43.10842,-88.34863
43.108498,-88.34858
43.108578,-88.34856
43.108696,-88.34852
43.108784,-88.34848
43.108826,-88.34837
43.108833,-88.34822
43.108875,-88.34809
43.10894,-88.34796
43.108936,-88.34784
43.108932,-88.34771
43.108932,-88.347595
43.108932,-88.34748
43.108917,-88.34737
43.108906,-88.347244
43.108902,-88.347115
43.108902,-88.347
43.108906,-88.346886
43.10891,-88.34676
43.10891,-88.346634
43.108906,-88.3465
43.10891,-88.34635
43.108906,-88.34622
43.108894,-88.34611
43.108856,-88.34598
43.108765,-88.34601
43.108677,-88.34601
43.108585,-88.34606
43.108494,-88.34611
43.108402,-88.346115
43.108307,-88.34617
43.10821,-88.34617
43.108112,-88.3461
43.10803,-88.34609
43.107918,-88.346115
43.1078,-88.34615
43.10771,-88.34618
43.107628,-88.346214
43.107548,-88.34624
43.107456,-88.34625
43.107353,-88.34625
43.107258,-88.34604
43.107224,-88.34592
43.107212,-88.34579
43.107178,-88.34568
43.107166,-88.34557
43.107143,-88.34546
43.10711,-88.34534
43.107082,-88.3452
43.10706,-88.345085
43.106987,-88.34497
43.10691,-88.34494
43.106827,-88.34492
43.106735,-88.34494
43.106644,-88.34494
43.106556,-88.345
43.10646,-88.34497
43.10638,-88.345
43.106277,-88.34502
43.106182,-88.34503
43.106106,-88.34499
43.10604,-88.344894
43.10597,-88.34482
43.105892,-88.34476
43.10588,-88.34463
43.1059,-88.34449
43.10591,-88.344376
43.105907,-88.34425
43.105896,-88.34414
43.105904,-88.344025
43.105915,-88.3439
43.10591,-88.34379
43.105892,-88.34367
43.105907,-88.34356
43.10593,-88.34344
43.105854,-88.3434
43.105797,-88.343315
43.10572,-88.34327
43.10563,-88.34328
43.105534,-88.34327
43.105434,-88.34327
43.10534,-88.34327
43.105247,-88.34325
43.105156,-88.343254
43.105072,-88.34323
43.10499,-88.34322
43.104908,-88.34324
43.104843,-88.343155
43.10485,-88.343025
43.104866,-88.34288
43.104885,-88.34277
43.10493,-88.34267
43.104942,-88.34253
43.104946,-88.342415
43.10496,-88.3423
43.104942,-88.342186
43.10495,-88.342064
43.10494,-88.34194
43.10499,-88.34183
43.104954,-88.341705
43.104942,-88.34159
43.10494,-88.34147
43.104946,-88.34136
43.10501,-88.34126
43.105022,-88.341125
43.105034,-88.341
43.105038,-88.340866
43.10509,-88.34074
43.105026,-88.34065
43.105045,-88.34054
43.10503,-88.34036
43.105026,-88.34024
43.105045,-88.34009
43.10508,-88.33998
43.105076,-88.33987
43.105045,-88.339745
43.105095,-88.339645
43.10512,-88.33954
43.105133,-88.33942
43.10514,-88.339294
43.105145,-88.339165
43.105164,-88.33905
43.10513,-88.33895
43.105152,-88.33884
43.105156,-88.33871
43.105152,-88.33859
43.10517,-88.33848
43.105225,-88.33839
43.105206,-88.33827
43.105232,-88.338165
43.105232,-88.33805
43.10522,-88.33793
43.10522,-88.337814
43.105247,-88.33768
43.10527,-88.337555
43.105274,-88.337425
43.105305,-88.33731
43.10529,-88.33718
43.1053,-88.33704
43.105263,-88.336914
43.105286,-88.336784
43.10528,-88.33664
43.1053,-88.336525
43.10528,-88.33641
43.105274,-88.336296
43.10528,-88.336174
43.105274,-88.33606
43.10525,-88.335915
43.105255,-88.3358
43.105244,-88.33569
43.105247,-88.33557
43.105263,-88.33546
43.10526,-88.33531
43.105247,-88.335205
43.105255,-88.33509
43.10525,-88.33498
43.10526,-88.33486
43.105255,-88.33473
43.105274,-88.3346
43.105286,-88.33448
43.105305,-88.33437
43.105312,-88.33425
43.105263,-88.33413
43.105255,-88.334015
43.105274,-88.3339
43.105293,-88.33377
43.1053,-88.33365
43.10537,-88.33358
43.10545,-88.333565
43.10554,-88.333565
43.105625,-88.33354
43.10572,-88.33354
43.105816,-88.33354
43.10591,-88.333534
43.10599,-88.33351
43.106102,-88.3335
43.106197,-88.33352
43.10628,-88.33353
43.10636,-88.33351
43.10645,-88.33351
43.106533,-88.333496
43.10662,-88.33349
43.10671,-88.33349
43.106804,-88.33349
43.106895,-88.33347
43.106983,-88.33348
43.107067,-88.33347
43.10716,-88.333466
43.107246,-88.33345
43.107334,-88.33346
43.107426,-88.33345
43.10751,-88.33346
43.107594,-88.333466
43.10769,-88.33348
43.107777,-88.33348
43.10786,-88.33347
43.10794,-88.33345
43.108036,-88.33347
43.108116,-88.333466
43.1082,-88.33343
43.108276,-88.333374
43.108356,-88.33341
43.108437,-88.333466
43.108505,-88.3334
43.108585,-88.333405
43.10867,-88.333435
43.108765,-88.33345
43.108845,-88.33348
43.108936,-88.33346
43.10902,-88.33346
43.1091,-88.33343
43.10919,-88.333435
43.10928,-88.33341
43.10937,-88.3334
43.109455,-88.33342
43.109543,-88.3334
43.109623,-88.33339
43.10971,-88.33338
43.1098,-88.333374
43.10989,-88.33335
43.109978,-88.333405
43.110027,-88.33349
43.11003,-88.3336
43.11004,-88.33372
43.110092,-88.33382
43.110172,-88.33388
43.110214,-88.33398
43.110207,-88.33409
43.110188,-88.334206
43.11018,-88.33434
43.11017,-88.33446
43.110195,-88.33459
43.110172,-88.334694
43.110165,-88.334816
43.11016,-88.33494
43.11016,-88.33506
43.110165,-88.33518
43.110172,-88.335304
43.110172,-88.33542
43.11017,-88.33555
43.11019,-88.33566
43.110165,-88.335785
43.11018,-88.33589
43.11017,-88.33601
43.110203,-88.33612
43.11018,-88.33623
43.110184,-88.33635
43.110184,-88.336464
43.110172,-88.33658
43.110176,-88.3367
43.110165,-88.336815
43.11017,-88.33693
43.110188,-88.33704
43.110188,-88.33716
43.110165,-88.33729
43.110184,-88.337395
43.11017,-88.337524
43.110172,-88.33765
43.110172,-88.337776
43.110184,-88.3379
43.11021,-88.338005
43.110188,-88.33813
43.110184,-88.33825
43.110184,-88.33839
43.110207,-88.3385
43.11021,-88.33862
43.110207,-88.338745
43.11022,-88.338875
43.110237,-88.33899
43.110233,-88.33911
43.110218,-88.33923
43.110226,-88.339355
43.110207,-88.33948
43.110218,-88.33964
43.11022,-88.33975
43.11023,-88.33989
43.11023,-88.340004
43.11023,-88.34011
43.110237,-88.34025
43.110245,-88.34037
43.110252,-88.34049
43.11025,-88.34063
43.110252,-88.34074
43.11023,-88.34085
43.110256,-88.34099
43.110275,-88.34112
43.110268,-88.34123
43.110268,-88.34137
43.11028,-88.341484
43.110268,-88.34161
43.110264,-88.34173
43.110252,-88.34185
43.11025,-88.34199
43.11025,-88.34211
43.11026,-88.34224
43.11029,-88.34236
43.110264,-88.342476
43.11026,-88.3426
43.11024,-88.34272
43.11025,-88.34286
43.110245,-88.34298
43.11026,-88.3431
43.110256,-88.34322
43.110256,-88.34334
43.11027,-88.34346
43.1103,-88.34359
43.110325,-88.3437
43.110336,-88.34382
43.11033,-88.34396
43.110294,-88.344086
43.110287,-88.34421
43.11029,-88.344345
43.110294,-88.344475
43.1103,-88.34459
43.110302,-88.34471
43.11032,-88.344826
43.110344,-88.34493
43.1103,-88.34504
43.110214,-88.34505
43.110107,-88.3451
43.110043,-88.34517
43.10998,-88.34525
43.10991,-88.34531
43.1098,-88.34534
43.10972,-88.34536
43.109634,-88.34539
43.10955,-88.34547
43.109463,-88.34549
43.109364,-88.345505
43.10928,-88.34554
43.109196,-88.345604
43.10912,-88.34565
43.109043,-88.3457
43.108944,-88.34572
43.108936,-88.34587
43.10895,-88.346
43.108986,-88.346115
43.108967,-88.34623
43.108986,-88.346344
43.108994,-88.34646
43.108986,-88.34659
43.108982,-88.34672
43.10902,-88.34684
43.109,-88.346954
43.108997,-88.34708
43.109013,-88.34721
43.108982,-88.34733
43.10899,-88.34745
43.10899,-88.34758
43.10899,-88.347694
43.10899,-88.34786
43.108982,-88.347984
43.10904,-88.34811
43.109055,-88.34824
43.109028,-88.34836
43.109028,-88.34848
43.10904,-88.3486
43.109028,-88.34874
43.109024,-88.34886
43.108997,-88.34898
43.108997,-88.3491
43.108974,-88.34921
43.108902,-88.349304
43.108833,-88.34941
43.10881,-88.34953
43.108776,-88.349655
43.108772,-88.349785
43.10871,-88.349884
43.108673,-88.34998
43.10859,-88.34994
43.108498,-88.349915
43.108425,-88.34986
43.108334,-88.349815
43.10824,-88.349846
43.10815,-88.34982
43.108063,-88.349815
43.10794,-88.34983
43.107853,-88.34984
43.107765,-88.34988
43.1077,-88.34996
43.107628,-88.35002
43.107555,-88.350075
43.107487,-88.35016
43.107437,-88.35026
43.10736,-88.35031
43.10738,-88.35043
43.107304,-88.35047
43.10722,-88.35045
43.107136,-88.35043
43.10705,-88.35041
43.10697,-88.35043
43.10687,-88.35042
43.106792,-88.350464
43.106747,-88.35036
43.10676,-88.35024
43.10676,-88.350105
43.10676,-88.350105
43.10726,-88.34952
43.10723,-88.3492
43.107224,-88.34905
43.107277,-88.3489
43.10744,-88.34914
43.10739,-88.34883
43.10755,-88.349075
43.10742,-88.34876
43.107426,-88.34891
43.107437,-88.3486
43.107414,-88.34866
43.107628,-88.34847
43.107723,-88.349
43.10776,-88.34881
43.107742,-88.34859
43.107735,-88.348465
43.10824,-88.3488
43.1079,-88.34864
43.107883,-88.34833
43.10816,-88.34885
43.108757,-88.34877
43.108086,-88.34853
43.10817,-88.3486
43.108715,-88.348465
43.108337,-88.34844
43.10852,-88.34854
43.108307,-88.348564
43.108482,-88.34866
43.108364,-88.34857
43.108456,-88.34861
43.108524,-88.34867
43.1086,-88.34878
43.108734,-88.34883
43.10879,-88.34892
43.108807,-88.349075
43.10889,-88.3491
43.108917,-88.348976
43.10892,-88.348854
43.108932,-88.34874
43.10892,-88.348625
43.10889,-88.348495
43.10894,-88.34837
43.108925,-88.34825
43.10891,-88.34778
43.108955,-88.347626
43.10888,-88.3473
43.108906,-88.34716
43.108925,-88.34705
43.108936,-88.34692
43.108906,-88.3468
43.108917,-88.346664
43.10891,-88.3465
43.1089,-88.34636
43.108902,-88.34624
43.1089,-88.34609
43.108986,-88.34602
43.109055,-88.34595
43.109154,-88.345924
43.10927,-88.34587
43.109367,-88.34586
43.109447,-88.34584
43.109596,-88.34571
43.109756,-88.34555
43.10985,-88.345505
43.109936,-88.34547
43.110012,-88.34541
43.110027,-88.3453
43.11007,-88.345184
43.110115,-88.34509
43.11014,-88.34498
43.110138,-88.344864
43.110115,-88.344734
43.110138,-88.34462
43.110165,-88.344505
43.110176,-88.34437
43.11018,-88.34425
43.11018,-88.34412
43.1102,-88.34401
43.110165,-88.34388
43.110214,-88.34374
43.11022,-88.343636
43.110237,-88.34348
43.11023,-88.34336
43.11022,-88.34324
43.110214,-88.34311
43.110172,-88.342995
43.11018,-88.34287
43.110195,-88.342735
43.110203,-88.34262
43.110214,-88.34251
43.11017,-88.342384
43.11018,-88.34226
43.110195,-88.34215
43.110184,-88.342026
43.110188,-88.3419
43.110207,-88.34179
43.110203,-88.341675
43.11024,-88.34156
43.110237,-88.34143
43.110245,-88.34131
43.11021,-88.34119
43.1102,-88.34107
43.110188,-88.34093
43.11018,-88.340775
43.110184,-88.340645
43.110207,-88.34052
43.110203,-88.3404
43.11019,-88.34028
43.11019,-88.34016
43.11018,-88.34003
43.110214,-88.33986
43.110195,-88.339745
43.110207,-88.33962
43.110184,-88.3395
43.110203,-88.339355
43.110176,-88.33918
43.110153,-88.33907
43.110172,-88.33894
43.110203,-88.338776
43.110195,-88.33857
43.110184,-88.338455
43.11014,-88.33833
43.11013,-88.3382
43.11014,-88.338066
43.110157,-88.33796
43.11016,-88.337814
43.110123,-88.337715
43.11015,-88.33759
43.110146,-88.33744
43.11015,-88.337326
43.110157,-88.33721
43.11017,-88.3371
43.110146,-88.336945
43.11015,-88.33683
43.11016,-88.33668
43.110153,-88.33654
43.110176,-88.336426
43.110207,-88.33631
43.110184,-88.3362
43.110165,-88.33607
43.110153,-88.33594
43.11017,-88.33579
43.11017,-88.33565
43.11016,-88.335526
43.11016,-88.33541
43.11018,-88.33528
43.11018,-88.33516
43.110176,-88.33501
43.110157,-88.33486
43.11014,-88.33475
43.11015,-88.33462
43.110138,-88.334496
43.11015,-88.33438
43.110146,-88.33427
43.110207,-88.33417
43.110214,-88.33403
43.11016,-88.3339
43.11018,-88.33379
43.11019,-88.33365
43.11013,-88.33353
43.11003,-88.33347
43.109932,-88.3334
43.10984,-88.33336
43.10975,-88.333374
43.10965,-88.33339
43.109547,-88.33338
43.109463,-88.333374
43.109375,-88.33338
43.109264,-88.33344
43.109173,-88.33346
43.10907,-88.33344
43.108982,-88.33342
43.108894,-88.33346
43.108807,-88.333435
43.10872,-88.333405
43.10862,-88.33344
43.108513,-88.33346
43.108418,-88.333466
43.108326,-88.33345
43.10824,-88.33344
43.108147,-88.33345
43.108063,-88.333466
43.107964,-88.33349
43.107876,-88.33349
43.10778,-88.33346
43.107693,-88.33346
43.107613,-88.33349
43.107536,-88.33344
43.107445,-88.33344
43.107338,-88.33344
43.107254,-88.33342
43.10717,-88.33343
43.10709,-88.33346
43.10701,-88.33348
43.10692,-88.33346
43.106804,-88.33348
43.106728,-88.33343
43.106647,-88.33345
43.106556,-88.33345
43.10647,-88.33349
43.10638,-88.33353
43.106297,-88.333496
43.10621,-88.33354
43.106125,-88.33359
43.10603,-88.333565
43.105946,-88.333534
43.10586,-88.333534
43.105762,-88.33355
43.10568,-88.333534
43.105595,-88.33352
43.105515,-88.3335
43.105434,-88.3335
43.105343,-88.3335
43.105274,-88.333565
43.105247,-88.33369
43.105225,-88.33381
43.10523,-88.33392
43.105198,-88.33406
43.1052,-88.33419
43.10521,-88.33431
43.105225,-88.33443
43.10525,-88.33455
43.10522,-88.33468
43.105225,-88.33479
43.105225,-88.33492
43.105213,-88.33504
43.105175,-88.33515
43.105183,-88.33527
43.105198,-88.3354
43.105217,-88.33552
43.105244,-88.335625
43.105232,-88.33575
43.10524,-88.335884
43.105225,-88.33601
43.105225,-88.33615
43.10521,-88.33627
43.105175,-88.33637
43.10515,-88.3365
43.105167,-88.336624
43.10517,-88.33675
43.105167,-88.336876
43.105183,-88.337006
43.10513,-88.33709
43.105118,-88.33721
43.105152,-88.33731
43.10519,-88.33742
43.1052,-88.33753
43.10518,-88.33765
43.105167,-88.3378
43.105145,-88.33791
43.10513,-88.33806
43.105145,-88.33819
43.10512,-88.338295
43.105145,-88.3384
43.105145,-88.33853
43.105125,-88.33868
43.10513,-88.33879
43.105145,-88.33891
43.105133,-88.33904
43.10515,-88.33917
43.10513,-88.33929
43.10512,-88.33941
43.105106,-88.33953
43.105072,-88.33966
43.105057,-88.339775
43.10503,-88.33989
43.105038,-88.34004
43.10502,-88.34016
43.105015,-88.34034
43.105022,-88.34048
43.105034,-88.34061
43.105038,-88.340775
43.105,-88.3409
43.104977,-88.34101
43.104935,-88.341125
43.10486,-88.34117
43.104855,-88.34129
43.104828,-88.341415
43.104805,-88.34152
43.104794,-88.34165
43.10479,-88.34179
43.10477,-88.34193
43.104733,-88.34204
43.10475,-88.342186
43.10478,-88.34229
43.104736,-88.3424
43.104755,-88.34252
43.10474,-88.342636
43.10466,-88.34269
43.104584,-88.34265
43.1045,-88.34268
43.104424,-88.34274
43.10434,-88.34275
43.10425,-88.342735
43.104164,-88.342735
43.10407,-88.34274
43.10397,-88.342766
43.10388,-88.34277
43.103718,-88.34281
43.103626,-88.3428
43.103546,-88.342804
43.10351,-88.34291
43.1034,-88.342926
43.10331,-88.34296
43.1032,-88.34299
43.1031,-88.34296
43.103016,-88.342926
43.10293,-88.34294
43.10284,-88.34293
43.102745,-88.342926
43.10267,-88.34298
43.102585,-88.34302
43.102497,-88.343
43.102386,-88.34298
43.102287,-88.342995
43.102184,-88.343025
43.10209,-88.34303
43.10199,-88.34304
43.1019,-88.34307
43.101772,-88.34302
43.10169,-88.34301
43.101597,-88.343025
43.101505,-88.343056
43.10142,-88.34302
43.101334,-88.34303
43.10125,-88.343025
43.10116,-88.343025
43.10106,-88.34304
43.10097,-88.343056
43.100883,-88.34303
43.10079,-88.34303
43.100708,-88.34306
43.10061,-88.34304
43.100525,-88.34303
43.100426,-88.34307
43.10034,-88.34308
43.100258,-88.343094
43.100166,-88.34309
43.10008,-88.3431
43.099995,-88.34311
43.09989,-88.34311
43.099808,-88.34314
43.099724,-88.34313
43.09964,-88.34315
43.09955,-88.343124
43.099445,-88.343155
43.099365,-88.343124
43.09928,-88.343124
43.09919,-88.34313
43.0991,-88.34312
43.099007,-88.34312
43.09891,-88.34314
43.098827,-88.34315
43.09873,-88.343124
43.09864,-88.34311
43.098557,-88.343094
43.09847,-88.343094
43.09838,-88.34309
43.098255,-88.34313
43.098167,-88.3431
43.09806,-88.34309
43.09797,-88.343094
43.097885,-88.34312
43.09778,-88.34312
43.097694,-88.34311
43.09761,-88.34312
43.09753,-88.343124
43.09745,-88.34315
43.097363,-88.34318
43.097282,-88.343185
43.09719,-88.343155
43.0971,-88.34316
43.097015,-88.34319
43.096928,-88.343155
43.096844,-88.34318
43.096806,-88.34328
43.09681,-88.34339
43.09682,-88.343506
43.096794,-88.34362
43.0968,-88.343735
43.09681,-88.34387
43.09682,-88.34402
43.096817,-88.34416
43.09682,-88.3443
43.09683,-88.34442
43.096848,-88.34454
43.09684,-88.34467
43.096836,-88.344795
43.096844,-88.34491
43.096855,-88.34502
43.09686,-88.34514
43.096848,-88.345276
43.096886,-88.3454
43.09689,-88.345535
43.096893,-88.34566
43.09685,-88.345764
43.096832,-88.345894
43.096798,-88.346016
43.09674,-88.346115
43.09669,-88.34623
43.09664,-88.34632
43.096592,-88.34643
43.09654,-88.34652
43.096466,-88.346596
43.09641,-88.34668
43.09634,-88.34675
43.096264,-88.346794
43.096203,-88.346886
43.09618,-88.347015
43.096134,-88.347115
43.096153,-88.34723
43.096138,-88.34737
43.096104,-88.34749
43.096104,-88.34763
43.096104,-88.347755
43.096104,-88.34787
43.096165,-88.347984
43.09625,-88.348
43.096344,-88.34801
43.096443,-88.34801
43.096523,-88.34796
43.09661,-88.34798
43.09669,-88.348
43.096813,-88.34798
43.096924,-88.347984
43.09701,-88.34798
43.09713,-88.34801
43.097225,-88.34797
43.097324,-88.34796
43.09742,-88.34796
43.09753,-88.34797
43.097622,-88.34797
43.097717,-88.34796
43.0978,-88.34796
43.09788,-88.34798
43.097977,-88.348
43.098064,-88.348
43.09815,-88.348015
43.09825,-88.34802
43.098335,-88.34807
43.09842,-88.34809
43.09851,-88.34808
43.09861,-88.3481
43.098698,-88.34813
43.09879,-88.34814
43.098892,-88.348145
43.098976,-88.34814
43.099056,-88.34813
43.099155,-88.34817
43.09927,-88.34819
43.099354,-88.3482
43.099464,-88.348206
43.099552,-88.34823
43.09965,-88.34824
43.099743,-88.348236
43.099827,-88.34824
43.09995,-88.348274
43.10004,-88.348335
43.100098,-88.348434
43.100174,-88.34847
43.10025,-88.34853
43.100315,-88.34862
43.10036,-88.34872
43.100353,-88.348854
43.100357,-88.34897
43.100357,-88.34909
43.100353,-88.34922
43.10037,-88.349335
43.10035,-88.34945
43.10036,-88.34956
43.100403,-88.34968
43.100403,-88.349785
43.1004,-88.3499
43.100403,-88.35003
43.10039,-88.35015
43.100357,-88.35027
43.100353,-88.3504
43.100346,-88.35053
43.100327,-88.35066
43.100315,-88.35078
43.10032,-88.35089
43.100315,-88.35102
43.100353,-88.35113
43.100418,-88.3512
43.1005,-88.35118
43.100586,-88.35117
43.100666,-88.35121
43.10076,-88.35121
43.10085,-88.35121
43.10094,-88.351234
43.101036,-88.351234
43.101147,-88.35121
43.101257,-88.3512
43.10135,-88.35118
43.10143,-88.35119
43.10153,-88.35121
43.10162,-88.3512
43.101707,-88.35119
43.101784,-88.35116
43.101864,-88.35116
43.10196,-88.35116
43.102043,-88.351135
43.102127,-88.35112
43.102226,-88.35112
43.10231,-88.35113
43.10239,-88.3511
43.10247,-88.351105
43.102554,-88.3511
43.102657,-88.35111
43.102737,-88.351105
43.10283,-88.35107
43.10293,-88.35093
43.102962,-88.3508
43.10302,-88.3507
43.10306,-88.350586
43.103085,-88.35046
43.10314,-88.35036
43.103188,-88.350266
43.103218,-88.35017
43.103233,-88.350006
43.103283,-88.34988
43.103302,-88.34976
43.103397,-88.34969
43.103447,-88.349594
43.1035,-88.349495
43.103554,-88.3494
43.10358,-88.3493
43.10359,-88.349144
43.103645,-88.34903
43.103695,-88.34889
43.103718,-88.348785
43.103775,-88.348656
43.103825,-88.348564
43.10392,-88.34843
43.10401,-88.348236
43.104073,-88.34815
43.104122,-88.34804
43.104206,-88.34796
43.10428,-88.34789
43.104378,-88.347786
43.104446,-88.34772
43.104534,-88.347755
43.104652,-88.347786
43.10473,-88.34788
43.104717,-88.34799
43.104733,-88.34812
43.104774,-88.34822
43.1048,-88.348335
43.104824,-88.34847
43.104836,-88.348625
43.104862,-88.34873
43.104893,-88.34885
43.10491,-88.34896
43.10497,-88.34905
43.105,-88.34918
43.105,-88.349304
43.105015,-88.34941
43.105026,-88.34955
43.10508,-88.34965
43.105106,-88.34977
43.10513,-88.34988
43.10517,-88.349976
43.10519,-88.35009
43.105225,-88.350204
43.105278,-88.35033
43.105324,-88.35044
43.105373,-88.35053
43.10543,-88.350624
43.10548,-88.350716
43.105507,-88.35084
43.105495,-88.35098
43.105503,-88.35111
43.10551,-88.35123
43.10551,-88.35135
43.105515,-88.35147
43.10553,-88.35159
