45.430923,-122.56806
45.430916,-122.56812
45.430878,-122.56818
45.43078,-122.56823
45.430687,-122.568245
45.430588,-122.568245
45.430492,-122.56825
45.430378,-122.56826
45.430336,-122.56825
45.43027,-122.56826
45.430164,-122.56827
45.43006,-122.568245
45.429977,-122.5682
45.429886,-122.56809
45.42983,-122.56795
45.42981,-122.567825
45.429787,-122.56767
45.429768,-122.56753
45.429752,-122.56739
45.429737,-122.56727
45.429718,-122.56714
45.429695,-122.567
45.429684,-122.56693
45.429672,-122.566864
45.42966,-122.56672
45.429695,-122.56659
45.429794,-122.566505
45.429886,-122.56648
45.43,-122.566475
45.430107,-122.56647
45.43021,-122.56646
45.430286,-122.56646
45.43034,-122.56647
45.43044,-122.566475
45.430534,-122.566475
45.430622,-122.56648
45.430733,-122.5665
45.430756,-122.5665
45.4308,-122.566505
45.430847,-122.566505
45.430943,-122.56651
45.43104,-122.56651
45.43113,-122.566536
45.431236,-122.566574
45.4313,-122.5666
45.431343,-122.56662
45.43141,-122.566666
45.431458,-122.56669
45.431503,-122.56672
45.431602,-122.56675
45.43165,-122.56677
45.431694,-122.566795
45.431767,-122.566826
45.431816,-122.56685
45.431915,-122.566895
45.43196,-122.56692
45.432007,-122.56694
45.432095,-122.566986
45.432182,-122.56704
45.432266,-122.56709
45.43235,-122.56715
45.43237,-122.567154
45.43247,-122.56721
45.43257,-122.56727
45.432617,-122.56729
45.43266,-122.56733
45.432747,-122.56739
45.432793,-122.56742
45.43288,-122.56748
45.43297,-122.567535
45.433044,-122.567535
45.433094,-122.56751
45.433125,-122.5675
45.43313,-122.56743
45.433174,-122.56744
45.43324,-122.56744
45.43329,-122.56744
45.433365,-122.567444
45.433395,-122.56746
45.43345,-122.56749
45.433506,-122.56751
45.433556,-122.5675
45.43361,-122.56748
45.433716,-122.5675
45.4338,-122.5676
45.43389,-122.56761
45.433952,-122.567604
45.43401,-122.5676
45.434113,-122.56759
45.434193,-122.56759
45.434246,-122.56759
45.4343,-122.5676
45.434353,-122.567604
45.434406,-122.56761
45.43446,-122.56761
45.434486,-122.56761
45.43454,-122.56762
45.43464,-122.56763
45.434742,-122.56764
45.43485,-122.56766
45.43495,-122.567665
45.435005,-122.56767
45.43506,-122.56769
45.435116,-122.5677
45.435173,-122.56772
45.435226,-122.56773
45.435284,-122.56774
45.43531,-122.56775
45.435364,-122.567764
45.43542,-122.56777
45.435474,-122.56778
45.435528,-122.567795
45.43556,-122.567795
45.43561,-122.56781
45.435665,-122.56782
45.43572,-122.56783
45.435772,-122.56784
45.43588,-122.56786
45.435986,-122.56789
45.436092,-122.56791
45.4362,-122.56793
45.436306,-122.567955
45.436413,-122.56797
45.43652,-122.567986
45.436626,-122.568
45.436733,-122.568016
45.43683,-122.56807
45.436905,-122.56815
45.43694,-122.56821
45.436996,-122.56824
45.437042,-122.56825
45.437096,-122.56827
45.437153,-122.56828
45.43721,-122.5683
45.437267,-122.56831
45.437332,-122.56833
45.43735,-122.56833
45.43742,-122.56835
45.43746,-122.56837
45.437508,-122.56839
45.43757,-122.56841
45.437664,-122.56844
45.437687,-122.56845
45.437737,-122.56847
45.437782,-122.56848
45.437805,-122.56849
45.43785,-122.56851
45.437897,-122.56853
45.437946,-122.56855
45.437996,-122.568565
45.438057,-122.56858
45.438152,-122.56862
45.43821,-122.56864
45.43827,-122.568665
45.43837,-122.568695
45.43849,-122.56867
45.438587,-122.56868
45.438683,-122.56872
45.438744,-122.56875
45.4388,-122.56877
45.438904,-122.56881
45.43895,-122.568825
45.438995,-122.56883
45.439083,-122.568855
45.43913,-122.56886
45.439236,-122.56889
45.439342,-122.56893
45.439434,-122.56897
45.43953,-122.56899
45.43962,-122.56902
45.43971,-122.56906
45.4398,-122.5691
45.439888,-122.56914
45.439976,-122.569176
45.440075,-122.56923
45.440166,-122.569275
45.440266,-122.56933
45.440353,-122.56937
45.44044,-122.569405
45.440544,-122.56945
45.44059,-122.569466
45.44063,-122.56949
45.440742,-122.56953
45.44083,-122.56956
45.440918,-122.56958
45.44103,-122.56962
45.44112,-122.56966
45.441223,-122.5697
45.44125,-122.56972
45.441303,-122.56974
45.44136,-122.569756
45.441475,-122.569786
45.44159,-122.56982
45.4417,-122.56985
45.4418,-122.56988
45.44191,-122.5699
45.442013,-122.56994
45.44213,-122.56997
45.442223,-122.56999
45.442337,-122.57002
45.44245,-122.570045
45.442554,-122.57007
45.442654,-122.5701
45.44268,-122.57011
45.442734,-122.57013
45.44276,-122.57014
45.442814,-122.570145
45.442917,-122.570175
45.44297,-122.57019
45.44302,-122.57021
45.443123,-122.570244
45.443172,-122.57027
45.443222,-122.57028
45.44327,-122.5703
45.44332,-122.57031
45.44337,-122.570335
45.443474,-122.570366
45.443573,-122.5704
45.443672,-122.57044
45.443768,-122.57048
45.44387,-122.570526
45.44397,-122.570564
45.444073,-122.57061
45.444183,-122.57065
45.44427,-122.57068
45.44438,-122.57073
45.444492,-122.57075
45.444603,-122.57078
45.444706,-122.57081
45.444782,-122.57084
45.444836,-122.57086
45.444885,-122.57088
45.444935,-122.5709
45.444984,-122.57092
45.445034,-122.57094
45.44509,-122.57096
45.44514,-122.570984
45.445194,-122.571
45.44522,-122.571014
45.44527,-122.57103
45.44532,-122.57104
45.445347,-122.571045
45.445393,-122.57106
45.445442,-122.571075
45.44549,-122.57109
45.44559,-122.57113
45.445694,-122.57117
45.445793,-122.57121
45.445866,-122.57124
45.445972,-122.57127
45.446026,-122.57128
45.446053,-122.57129
45.446102,-122.571304
45.44616,-122.57133
45.446217,-122.57135
45.446327,-122.5714
45.446354,-122.57142
45.44641,-122.57144
45.446465,-122.571465
45.446518,-122.57148
45.44657,-122.5715
45.44663,-122.57152
45.44668,-122.57153
45.44673,-122.571556
45.44678,-122.57157
45.446884,-122.57161
45.446987,-122.57165
45.447044,-122.57166
45.447098,-122.57168
45.44721,-122.57171
45.44723,-122.57171
45.447285,-122.57172
45.44734,-122.571724
45.44739,-122.57173
45.447445,-122.57175
45.4475,-122.57177
45.44752,-122.57178
45.447575,-122.57179
45.447624,-122.57181
45.44768,-122.57183
45.44774,-122.571846
45.447765,-122.57186
45.44782,-122.57188
45.44787,-122.5719
45.447914,-122.571915
45.44796,-122.57194
45.44801,-122.57195
45.448055,-122.571976
45.448105,-122.57199
45.44821,-122.57203
45.44832,-122.57207
45.448425,-122.5721
45.448532,-122.57213
45.44856,-122.572136
45.448612,-122.57215
45.44866,-122.57217
45.448715,-122.57218
45.448772,-122.57219
45.4488,-122.5722
45.448856,-122.57221
45.44891,-122.57223
45.448963,-122.57224
45.449017,-122.57226
45.449066,-122.57227
45.449093,-122.57228
45.44914,-122.572296
45.44919,-122.57231
45.449287,-122.572334
45.44934,-122.57235
45.449394,-122.57237
45.449505,-122.5724
45.449608,-122.572426
45.449635,-122.572426
45.449684,-122.57244
45.449783,-122.57248
45.449837,-122.572495
45.44989,-122.572525
45.449944,-122.572556
45.449997,-122.57258
45.45005,-122.5726
45.450104,-122.572624
45.450157,-122.57265
45.450214,-122.57268
45.450268,-122.5727
45.450294,-122.572716
45.450348,-122.57275
45.4504,-122.57277
45.45045,-122.572784
45.450478,-122.5728
45.450527,-122.572815
45.45058,-122.57283
45.45063,-122.57283
45.45068,-122.572845
45.450733,-122.57286
45.450783,-122.57289
45.450836,-122.572914
45.450886,-122.57293
45.450935,-122.572945
45.45099,-122.57297
45.451042,-122.57299
45.4511,-122.57301
45.45121,-122.573044
45.451267,-122.57306
45.45132,-122.573074
45.451424,-122.57311
45.451527,-122.57315
45.451553,-122.573166
45.451603,-122.57318
45.4517,-122.57323
45.4518,-122.573265
45.4519,-122.57331
45.451923,-122.57332
45.451965,-122.57334
45.45201,-122.57336
45.45208,-122.57339
45.452126,-122.5734
45.452175,-122.57342
45.45222,-122.57343
45.452312,-122.573456
45.45241,-122.573494
45.45251,-122.57353
45.45262,-122.57357
45.452736,-122.5736
45.45279,-122.573616
45.452843,-122.57363
45.452946,-122.57366
45.453045,-122.57369
45.453148,-122.573715
45.45325,-122.57374
45.453358,-122.57375
45.45341,-122.57376
45.453465,-122.57377
45.453568,-122.57379
45.45367,-122.57381
45.45372,-122.57381
45.453827,-122.57382
45.453903,-122.57383
45.453953,-122.57383
45.454006,-122.57384
45.45411,-122.573845
45.454193,-122.57386
45.454247,-122.57387
45.4543,-122.573875
45.454403,-122.57388
45.45445,-122.57389
45.4545,-122.57389
45.454594,-122.573906
45.45469,-122.57391
45.45479,-122.57393
45.454838,-122.57394
45.454887,-122.573944
45.454987,-122.57396
45.455032,-122.57397
45.455082,-122.573975
45.45513,-122.57398
45.455227,-122.574005
45.455276,-122.57401
45.455326,-122.57401
45.455425,-122.57403
45.45545,-122.57403
45.455498,-122.574036
45.4556,-122.57404
45.4557,-122.57406
45.455803,-122.57407
45.455906,-122.57409
45.455822,-122.57415
45.455708,-122.57416
45.455624,-122.57409
45.45557,-122.57405
45.45552,-122.57403
45.455425,-122.574005
45.455315,-122.573975
45.45522,-122.573944
45.455162,-122.57392
45.45511,-122.57391
45.45505,-122.57391
45.455006,-122.57391
45.454906,-122.57392
45.454853,-122.57394
45.4548,-122.57394
45.45475,-122.57394
45.4547,-122.57393
45.454636,-122.57392
45.454586,-122.57391
45.454475,-122.573906
45.45443,-122.573906
45.454334,-122.5739
45.454243,-122.57388
45.454147,-122.57386
45.454098,-122.57385
45.454044,-122.57385
45.453995,-122.57385
45.453945,-122.57386
45.45385,-122.57387
45.45378,-122.573875
45.453716,-122.573875
45.45361,-122.57387
45.45351,-122.57387
45.4534,-122.573845
45.453293,-122.57382
45.45319,-122.5738
45.453087,-122.57376
45.452984,-122.57372
45.452885,-122.57369
45.452858,-122.573685
45.45281,-122.57366
45.45272,-122.57362
45.45263,-122.57359
45.45256,-122.57356
45.45251,-122.57355
45.452465,-122.57353
45.452377,-122.57351
45.45233,-122.57349
45.452282,-122.57348
45.45223,-122.573456
45.45214,-122.573425
45.45209,-122.5734
45.45204,-122.57338
45.451996,-122.573364
45.451904,-122.57332
45.451855,-122.573296
45.45181,-122.57327
45.451725,-122.57323
45.45164,-122.57318
45.45154,-122.57314
45.451443,-122.5731
45.45142,-122.57309
45.45132,-122.57306
45.451187,-122.57303
45.451073,-122.573
45.45101,-122.57298
45.45096,-122.57295
45.45086,-122.57291
45.450813,-122.57289
45.450752,-122.57288
45.45069,-122.572876
45.450596,-122.57286
45.450516,-122.572845
45.450455,-122.572845
45.45039,-122.57285
45.450333,-122.572845
45.45027,-122.57283
45.450188,-122.5728
45.450123,-122.57279
45.450077,-122.57278
45.450012,-122.572754
45.44992,-122.572716
45.44981,-122.57267
45.449715,-122.57265
45.44962,-122.57261
45.449593,-122.5726
45.449547,-122.57258
45.449455,-122.57255
45.449352,-122.57252
45.449245,-122.57248
45.44915,-122.57245
45.449104,-122.57243
45.44906,-122.57242
45.44895,-122.57237
45.448856,-122.572334
45.448788,-122.5723
45.44874,-122.57228
45.448692,-122.57225
45.448597,-122.57221
45.448498,-122.572174
45.448402,-122.57213
45.448357,-122.572105
45.44826,-122.57206
45.448166,-122.572014
45.448067,-122.57198
45.448017,-122.57196
45.447964,-122.571945
45.447914,-122.57192
45.44787,-122.57191
45.44782,-122.5719
45.44777,-122.571884
45.447723,-122.57187
45.447678,-122.57186
45.44763,-122.57184
45.447586,-122.57182
45.44754,-122.57181
45.447495,-122.57179
45.447445,-122.57178
45.447395,-122.57177
45.447296,-122.57174
45.44725,-122.57173
45.447178,-122.57171
45.447124,-122.57171
45.447075,-122.57169
45.44702,-122.571686
45.446976,-122.57167
45.44693,-122.57165
45.446857,-122.571625
45.446808,-122.5716
45.44673,-122.57157
45.446686,-122.57155
45.44664,-122.571526
45.44655,-122.57148
45.446465,-122.57144
45.44642,-122.571434
45.446354,-122.571434
45.44631,-122.571434
45.446243,-122.57143
45.446156,-122.5714
45.446133,-122.571396
45.446087,-122.57138
45.446064,-122.57137
45.44601,-122.57135
45.445904,-122.57131
45.44581,-122.57127
45.445713,-122.57124
45.445614,-122.57121
45.44551,-122.571175
45.445457,-122.57115
45.4454,-122.57114
45.445293,-122.5711
45.44524,-122.571075
45.44519,-122.57105
45.445076,-122.57101
45.44502,-122.570984
45.444965,-122.57096
45.444862,-122.57093
45.44479,-122.5709
45.44474,-122.570885
45.444695,-122.57086
45.44464,-122.57085
45.44459,-122.57083
45.444542,-122.57081
45.444496,-122.57079
45.444447,-122.57078
45.44435,-122.57075
45.444244,-122.57072
45.444145,-122.57068
45.444054,-122.57063
45.444,-122.57062
45.443928,-122.570595
45.44388,-122.57059
45.443832,-122.57057
45.44377,-122.57054
45.443714,-122.57051
45.44367,-122.570496
45.44364,-122.57049
45.443592,-122.57048
45.44357,-122.57047
45.44352,-122.57046
45.44342,-122.57043
45.443314,-122.5704
45.44321,-122.57036
45.443092,-122.57031
45.44303,-122.5703
45.442966,-122.570274
45.442856,-122.57023
45.44275,-122.5702
45.44264,-122.57017
45.44253,-122.57014
45.442474,-122.57012
45.44242,-122.570114
45.442368,-122.5701
45.442265,-122.57007
45.44216,-122.57003
45.44206,-122.56999
45.44201,-122.56997
45.441963,-122.569954
45.441864,-122.569916
45.441765,-122.56988
45.44167,-122.56984
45.44162,-122.569824
45.441593,-122.56982
45.441544,-122.5698
45.441444,-122.56977
45.441345,-122.56974
45.441242,-122.56971
45.441193,-122.569695
45.44114,-122.56968
45.441093,-122.569664
45.441048,-122.56965
45.44099,-122.569626
45.440937,-122.56962
45.44088,-122.5696
45.44078,-122.56958
45.440685,-122.56952
45.44059,-122.56947
45.44048,-122.56944
45.440395,-122.5694
45.440304,-122.56934
45.44021,-122.569305
45.440117,-122.569275
45.44006,-122.569244
45.439938,-122.56923
45.43986,-122.56923
45.43978,-122.56922
45.439705,-122.56921
45.439632,-122.56918
45.439556,-122.56915
45.439476,-122.56912
45.439404,-122.5691
45.439335,-122.569084
45.43927,-122.56906
45.43921,-122.56904
45.439148,-122.56902
45.439087,-122.569
45.439026,-122.568985
45.43894,-122.56897
45.43888,-122.568954
45.438828,-122.56894
45.43877,-122.568924
45.438717,-122.56889
45.43866,-122.56888
45.438545,-122.56888
45.43852,-122.56888
45.438465,-122.56887
45.43841,-122.56886
45.43836,-122.56886
45.438305,-122.568855
45.43825,-122.5688
45.438225,-122.56879
45.438194,-122.56874
45.438156,-122.56869
45.43813,-122.568665
45.438087,-122.56862
45.43804,-122.56859
45.437992,-122.568565
45.437893,-122.56854
45.437843,-122.56853
45.43773,-122.568504
45.437645,-122.568474
45.437584,-122.56846
45.437527,-122.568436
45.437496,-122.56843
45.437435,-122.56841
45.43738,-122.5684
45.437325,-122.56838
45.43727,-122.568375
45.43717,-122.56834
45.43706,-122.568306
45.437035,-122.5683
45.43698,-122.568275
45.43687,-122.56824
45.43676,-122.5682
45.43667,-122.56816
45.436573,-122.56813
45.436512,-122.56811
45.436455,-122.56809
45.436394,-122.56808
45.43628,-122.56805
45.43617,-122.568016
45.43611,-122.56801
45.435993,-122.567986
45.435898,-122.56796
45.4358,-122.56795
45.435703,-122.567924
45.435604,-122.5679
45.43551,-122.56788
45.435413,-122.56786
45.4353,-122.56783
45.435207,-122.5678
45.435097,-122.56778
45.435013,-122.56776
45.434956,-122.56773
45.434853,-122.56771
45.434807,-122.56772
45.434715,-122.56772
45.434692,-122.56772
45.43465,-122.567726
45.4346,-122.567726
45.43455,-122.567726
45.4345,-122.567726
45.434452,-122.56773
45.434402,-122.56773
45.434353,-122.56773
45.434303,-122.56774
45.43428,-122.56773
45.43423,-122.56774
45.434204,-122.56774
45.434155,-122.56774
45.43405,-122.56773
45.434,-122.56773
45.43395,-122.56774
45.4339,-122.56775
45.433796,-122.56768
45.433704,-122.56761
45.433613,-122.56761
45.433563,-122.56762
45.433514,-122.5676
45.43344,-122.56751
45.433437,-122.56751
45.433437,-122.56751
45.43343,-122.56751
45.433426,-122.56749
45.433376,-122.56749
45.43328,-122.56751
45.43317,-122.567566
45.433064,-122.56758
45.43299,-122.56756
45.432922,-122.56752
45.43285,-122.56748
45.432785,-122.567444
45.43272,-122.5674
45.43266,-122.56736
45.4326,-122.56732
45.432533,-122.56729
45.432434,-122.56723
45.43234,-122.567184
45.432243,-122.56714
45.432148,-122.56709
45.43206,-122.56705
45.43196,-122.567
45.431843,-122.56695
45.431744,-122.5669
45.431644,-122.566864
45.431534,-122.56681
45.43142,-122.56675
45.43133,-122.56672
45.431236,-122.56669
45.43117,-122.56666
45.43111,-122.56664
45.431084,-122.566635
45.431034,-122.56663
45.43098,-122.56663
45.430927,-122.56662
45.430874,-122.56661
45.430817,-122.56661
45.430756,-122.56661
45.43064,-122.566605
45.43053,-122.56661
45.430412,-122.56662
45.43038,-122.56662
45.43032,-122.56663
45.43026,-122.56663
45.430202,-122.566635
45.43008,-122.56665
45.429993,-122.56668
45.42992,-122.56679
45.429874,-122.56691
45.429863,-122.56694
45.429848,-122.567
45.42984,-122.56706
45.42984,-122.56714
45.429848,-122.56729
45.429874,-122.567444
45.4299,-122.56759
45.429928,-122.567696
45.429935,-122.56776
45.42994,-122.567825
45.42994,-122.567955
45.42994,-122.567986
45.42996,-122.56807
45.43001,-122.56811
45.430073,-122.568115
45.430164,-122.56811
45.43028,-122.568085
45.430393,-122.56807
45.430496,-122.56807
45.4306,-122.56807
45.43071,-122.56806
45.430817,-122.56807
45.430927,-122.56808
45.431004,-122.56807
37.389175,-121.968834
37.389202,-121.96879
37.389305,-121.96877
37.389336,-121.96877
37.389393,-121.968765
37.38945,-121.96876
37.389507,-121.96875
37.389565,-121.96874
37.389614,-121.96874
37.389668,-121.96874
37.389717,-121.96874
37.389767,-121.96874
37.389816,-121.96875
37.38984,-121.96875
37.38989,-121.96874
37.38994,-121.968735
37.389984,-121.96873
37.390034,-121.96872
37.390083,-121.96871
37.390133,-121.968704
37.39018,-121.968704
37.390224,-121.9687
37.39027,-121.96869
37.39032,-121.96868
37.390366,-121.96868
37.39041,-121.96868
37.39047,-121.96869
37.39052,-121.96872
37.39063,-121.968735
37.390667,-121.968704
37.3907,-121.96866
37.390736,-121.96862
37.39079,-121.96858
37.390842,-121.96855
37.39093,-121.968544
37.39098,-121.96854
37.391026,-121.96853
37.39107,-121.96852
37.391113,-121.968506
37.39114,-121.9685
37.391186,-121.96849
37.391235,-121.96848
37.39128,-121.968475
37.391327,-121.96846
37.39139,-121.96845
37.391453,-121.96844
37.391518,-121.96843
37.391582,-121.968414
37.391605,-121.96841
37.391666,-121.96839
37.39171,-121.968376
37.391773,-121.96835
37.391834,-121.96834
37.39188,-121.96832
37.391945,-121.96831
37.391968,-121.96831
37.39203,-121.96829
37.392094,-121.96828
37.39216,-121.968254
37.392242,-121.96823
37.392307,-121.968216
37.392372,-121.96821
37.392437,-121.9682
37.3925,-121.968185
37.39257,-121.96817
37.39263,-121.96816
37.392693,-121.96814
37.392757,-121.968124
37.39282,-121.96811
37.392906,-121.968094
37.392952,-121.96809
37.393017,-121.96806
37.393078,-121.968056
37.3931,-121.96805
37.39316,-121.96804
37.393223,-121.968025
37.393288,-121.96802
37.393353,-121.968
37.393414,-121.96798
37.39348,-121.967964
37.393543,-121.96795
37.393585,-121.96793
37.39365,-121.96792
37.393715,-121.96791
37.39376,-121.967896
37.39383,-121.96789
37.393875,-121.96788
37.39392,-121.96787
37.393986,-121.96786
37.39405,-121.96785
37.394115,-121.967834
37.39418,-121.96782
37.394245,-121.96781
37.39429,-121.967804
37.394356,-121.9678
37.3944,-121.96779
37.394466,-121.96779
37.39453,-121.96779
37.3946,-121.96778
37.39465,-121.967804
37.39471,-121.96782
37.394756,-121.96783
37.394802,-121.96784
37.39485,-121.96785
37.3949,-121.96786
37.39495,-121.967865
37.394997,-121.96787
37.395042,-121.96789
37.395103,-121.9679
37.39517,-121.96793
37.395233,-121.96795
37.395294,-121.967964
37.39535,-121.96799
37.395412,-121.96802
37.395428,-121.968025
37.395493,-121.968056
37.39551,-121.96807
37.395557,-121.9681
37.3956,-121.968124
37.395645,-121.96815
37.39569,-121.96817
37.395737,-121.96819
37.39578,-121.968216
37.395824,-121.96824
37.39588,-121.96827
37.395947,-121.9683
37.396008,-121.96832
37.396053,-121.968346
37.396095,-121.96837
37.396137,-121.96839
37.396202,-121.96842
37.39629,-121.96846
37.396313,-121.968475
37.396355,-121.9685
37.3964,-121.96851
37.396446,-121.96854
37.39649,-121.96855
37.396534,-121.96857
37.39658,-121.96858
37.396626,-121.968605
37.396645,-121.96861
37.396687,-121.968636
37.396782,-121.9687
37.3968,-121.968704
37.396843,-121.96873
37.39689,-121.96875
37.396935,-121.968765
37.39698,-121.96879
37.397026,-121.96881
37.397068,-121.96883
37.397114,-121.96884
37.39716,-121.968864
37.397205,-121.96888
37.39725,-121.9689
37.397297,-121.968925
37.39734,-121.96894
37.397385,-121.96896
37.39743,-121.96899
37.397476,-121.96901
37.397522,-121.969025
37.39761,-121.96906
37.3977,-121.9691
37.397747,-121.969124
37.397793,-121.96915
37.397835,-121.96917
37.39788,-121.969185
37.397923,-121.96921
37.397964,-121.96923
37.39801,-121.96925
37.398056,-121.96927
37.398144,-121.96931
37.39819,-121.96933
37.39823,-121.969345
37.398277,-121.96937
37.39832,-121.96938
37.39836,-121.969406
37.398403,-121.96943
37.39845,-121.969444
37.398514,-121.96947
37.398575,-121.96949
37.39864,-121.96951
37.398727,-121.96955
37.39877,-121.969574
37.39881,-121.9696
37.398914,-121.96964
37.398975,-121.96967
37.398994,-121.96968
37.399055,-121.96971
37.399155,-121.96976
37.399258,-121.96981
37.399345,-121.96985
37.399387,-121.96987
37.399426,-121.9699
37.399483,-121.96994
37.399544,-121.96997
37.399563,-121.96998
37.399624,-121.97001
37.399643,-121.97002
37.399704,-121.97005
37.39977,-121.97007
37.399815,-121.970085
37.399857,-121.9701
37.399902,-121.970116
37.399963,-121.97013
37.40003,-121.97015
37.400093,-121.97018
37.400177,-121.970215
37.4002,-121.97022
37.40025,-121.97024
37.400295,-121.97025
37.40034,-121.97027
37.400387,-121.97028
37.400433,-121.97029
37.40048,-121.97031
37.400524,-121.97032
37.400593,-121.97034
37.400654,-121.97036
37.4007,-121.970375
37.400745,-121.97039
37.40079,-121.97041
37.40088,-121.970436
37.400925,-121.97044
37.400948,-121.97045
37.401012,-121.97047
37.401096,-121.9705
37.401142,-121.97051
37.401203,-121.970535
37.401306,-121.97058
37.40137,-121.97061
37.401417,-121.97064
37.401497,-121.9707
37.40158,-121.97076
37.401665,-121.970825
37.401752,-121.970894
37.40184,-121.97098
37.40192,-121.97104
37.40194,-121.97106
37.401993,-121.9711
37.402046,-121.971146
37.4021,-121.97118
37.402157,-121.97123
37.4022,-121.97125
37.402252,-121.9713
37.402313,-121.971344
37.40235,-121.97137
37.40241,-121.97142
37.40246,-121.97147
37.40251,-121.97152
37.40255,-121.97155
37.402588,-121.97158
37.40263,-121.97162
37.402718,-121.971695
37.40277,-121.97174
37.40279,-121.971756
37.40285,-121.971794
37.40289,-121.971825
37.402927,-121.971855
37.402985,-121.971886
37.40308,-121.97195
37.40311,-121.971985
37.40315,-121.972015
37.403187,-121.97205
37.403225,-121.972084
37.403263,-121.972115
37.40332,-121.97216
37.403374,-121.972206
37.40343,-121.97225
37.40353,-121.97231
37.40363,-121.97237
37.40372,-121.972435
37.403812,-121.9725
37.403942,-121.9726
37.404022,-121.97268
37.404106,-121.972755
37.4042,-121.97284
37.404293,-121.97293
37.404377,-121.97302
37.404415,-121.97306
37.404453,-121.9731
37.404495,-121.97314
37.404537,-121.97317
37.404583,-121.97321
37.404625,-121.97324
37.404667,-121.97328
37.404705,-121.97331
37.404743,-121.97334
37.404785,-121.97337
37.404823,-121.97341
37.404903,-121.97348
37.404922,-121.973495
37.40496,-121.97353
37.405,-121.973564
37.405018,-121.97358
37.405056,-121.97361
37.40511,-121.973656
37.405163,-121.97371
37.405216,-121.973755
37.40526,-121.9738
37.405308,-121.97384
37.405357,-121.97388
37.40541,-121.97392
37.405445,-121.973946
37.405506,-121.97398
37.40555,-121.974014
37.405605,-121.97405
37.405663,-121.9741
37.4057,-121.97413
37.40574,-121.97417
37.40578,-121.974205
37.405823,-121.97424
37.40587,-121.97428
37.405914,-121.97431
37.405956,-121.97434
37.406002,-121.97437
37.406044,-121.9744
37.406086,-121.97443
37.406128,-121.97446
37.406193,-121.974495
37.40624,-121.97453
37.40628,-121.97457
37.406326,-121.97461
37.40637,-121.97465
37.406403,-121.974686
37.40644,-121.974724
37.40647,-121.97476
37.40651,-121.9748
37.406548,-121.974846
37.40658,-121.97489
37.406612,-121.97494
37.406673,-121.97506
37.4067,-121.97511
37.406723,-121.97517
37.40675,-121.97522
37.406788,-121.975296
37.40682,-121.97535
37.40685,-121.9754
37.406876,-121.97545
37.406914,-121.97552
37.406948,-121.975586
37.406975,-121.97563
37.406998,-121.975685
37.40702,-121.97573
37.407043,-121.97581
37.407074,-121.97588
37.4071,-121.97593
37.407154,-121.97603
37.407177,-121.976074
37.4072,-121.97613
37.407223,-121.97617
37.407246,-121.97622
37.40728,-121.976295
37.40731,-121.97637
37.40734,-121.97644
37.407364,-121.976494
37.40739,-121.97654
37.407425,-121.976616
37.40745,-121.97666
37.407467,-121.976685
37.407497,-121.97672
37.40753,-121.97677
37.407555,-121.97682
37.40758,-121.97687
37.40762,-121.97694
37.407646,-121.97698
37.407677,-121.977036
37.40769,-121.97706
37.40772,-121.977104
37.40776,-121.97716
37.4078,-121.97721
37.40784,-121.977264
37.407883,-121.977325
37.407925,-121.977394
37.407963,-121.97746
37.40799,-121.97753
37.40802,-121.9776
37.40807,-121.97769
37.40812,-121.97779
37.408165,-121.9779
37.408215,-121.978
37.40825,-121.9781
37.408264,-121.97815
37.4083,-121.978226
37.40832,-121.97828
37.408348,-121.978325
37.408363,-121.97835
37.4084,-121.97842
37.40844,-121.97848
37.40848,-121.97854
37.408512,-121.97858
37.40857,-121.97863
37.408607,-121.97866
37.40865,-121.9787
37.408688,-121.97873
37.408775,-121.97879
37.408863,-121.97885
37.40896,-121.978905
37.409046,-121.97896
37.409138,-121.979
37.40921,-121.97903
37.409264,-121.97904
37.409367,-121.97908
37.409416,-121.979095
37.40947,-121.97911
37.40952,-121.97913
37.40957,-121.97915
37.40967,-121.97917
37.409756,-121.97918
37.409813,-121.97918
37.409866,-121.97917
37.40992,-121.97917
37.409973,-121.97917
37.410023,-121.97918
37.410072,-121.97918
37.410126,-121.979164
37.410175,-121.97916
37.41023,-121.97916
37.410282,-121.979164
37.41034,-121.979164
37.410393,-121.97917
37.41045,-121.97918
37.4105,-121.979195
37.410553,-121.97921
37.410652,-121.97923
37.410748,-121.9793
37.41079,-121.979355
37.41083,-121.9794
37.410873,-121.97943
37.410923,-121.979454
37.41097,-121.97948
37.411015,-121.9795
37.41106,-121.97952
37.411106,-121.97953
37.411156,-121.979546
37.4112,-121.97956
37.411255,-121.97955
37.411304,-121.97955
37.411354,-121.97955
37.41143,-121.97955
37.41148,-121.97956
37.41153,-121.97957
37.411556,-121.97957
37.411606,-121.979576
37.4117,-121.97959
37.411774,-121.979614
37.41182,-121.97963
37.41184,-121.97963
37.411907,-121.979645
37.411953,-121.97966
37.411976,-121.97966
37.41204,-121.979675
37.412106,-121.97969
37.41217,-121.979706
37.412224,-121.97971
37.412277,-121.97972
37.41233,-121.97974
37.412384,-121.97976
37.412434,-121.97977
37.412544,-121.97978
37.412655,-121.9798
37.41273,-121.979805
37.412785,-121.97982
37.41281,-121.97983
37.412865,-121.97984
37.412945,-121.979866
37.412994,-121.97988
37.413044,-121.97989
37.413094,-121.9799
37.41314,-121.979904
37.413185,-121.97991
37.413235,-121.97993
37.41328,-121.979935
37.413326,-121.97994
37.413376,-121.97996
37.413425,-121.97997
37.41347,-121.97999
37.413517,-121.98
37.413567,-121.98002
37.413612,-121.980034
37.413654,-121.98005
37.4137,-121.98006
37.413746,-121.98007
37.413788,-121.98009
37.413834,-121.9801
37.41388,-121.98011
37.413925,-121.98012
37.41397,-121.98012
37.413994,-121.98012
37.414043,-121.98012
37.414093,-121.980125
37.414143,-121.98013
37.414192,-121.98014
37.41424,-121.98015
37.41433,-121.98016
37.414352,-121.98017
37.414402,-121.98018
37.414448,-121.980194
37.41449,-121.98022
37.414516,-121.98022
37.414562,-121.980225
37.414654,-121.98024
37.4147,-121.98024
37.414745,-121.98025
37.41479,-121.980255
37.414837,-121.98026
37.414886,-121.98028
37.414993,-121.9803
37.415073,-121.98031
37.41514,-121.980316
37.41525,-121.98033
37.415356,-121.98036
37.415455,-121.98045
37.415478,-121.98054
37.415462,-121.9806
37.415424,-121.98064
37.415375,-121.98065
37.415318,-121.98065
37.41526,-121.98065
37.41521,-121.980644
37.41516,-121.98065
37.41512,-121.98066
37.415035,-121.98073
37.41498,-121.98086
37.414936,-121.98099
37.414886,-121.9811
37.414867,-121.98114
37.41484,-121.98122
37.414818,-121.981285
37.414783,-121.98135
37.414757,-121.9814
37.414734,-121.981445
37.4147,-121.981514
37.41469,-121.98154
37.414654,-121.9816
37.414623,-121.981674
37.414593,-121.98174
37.41456,-121.98182
37.414536,-121.981865
37.41451,-121.98192
37.414474,-121.98199
37.414436,-121.982056
37.414406,-121.982124
37.414375,-121.98219
37.41434,-121.98226
37.41431,-121.98233
37.414276,-121.9824
37.41424,-121.98247
37.414207,-121.982544
37.414173,-121.98261
37.414146,-121.98268
37.41412,-121.98275
37.41411,-121.98277
37.414074,-121.98284
37.414055,-121.982895
37.41403,-121.98294
37.414017,-121.98296
37.413982,-121.98304
37.413956,-121.983086
37.413925,-121.98314
37.413902,-121.983185
37.413868,-121.98326
37.413837,-121.98333
37.413807,-121.9834
37.413795,-121.98342
37.41374,-121.98351
37.413708,-121.98359
37.41355,-121.98401
37.41355,-121.98401
37.41355,-121.98401
37.413513,-121.98419
37.413452,-121.9843
37.413383,-121.98442
37.41331,-121.98455
37.413258,-121.98465
37.413223,-121.98472
37.4132,-121.984764
37.413174,-121.98482
37.41315,-121.98486
37.413128,-121.98492
37.413097,-121.98499
37.413063,-121.98506
37.41303,-121.98514
37.412994,-121.98521
37.412968,-121.98525
37.41295,-121.985306
37.412914,-121.985374
37.41288,-121.98545
37.41285,-121.98552
37.412815,-121.98559
37.41279,-121.985664
37.41277,-121.98572
37.41275,-121.98577
37.412743,-121.9858
37.412727,-121.985855
37.412712,-121.98598
37.41271,-121.98604
37.412704,-121.9861
37.4127,-121.98615
37.412693,-121.98621
37.41269,-121.98627
37.41268,-121.98635
37.412663,-121.986465
37.41262,-121.98657
37.412575,-121.98667
37.41255,-121.98674
37.412533,-121.986786
37.412506,-121.986855
37.412453,-121.98699
37.412502,-121.98702
37.41256,-121.98702
37.412617,-121.987015
37.412678,-121.987
37.412724,-121.98699
37.412678,-121.987045
37.41257,-121.987076
37.412525,-121.98705
37.41248,-121.98705
37.41245,-121.98691
37.412483,-121.9868
37.41254,-121.986694
37.412605,-121.98661
37.412666,-121.98652
37.41273,-121.986404
37.412758,-121.98635
37.412792,-121.98624
37.412796,-121.98621
37.4128,-121.98615
37.412804,-121.98609
37.4128,-121.98602
37.41279,-121.98591
37.41279,-121.985855
37.412815,-121.98574
37.412827,-121.98572
37.41285,-121.985664
37.4129,-121.98556
37.412945,-121.98544
37.413,-121.98534
37.413048,-121.98522
37.413094,-121.985115
37.413136,-121.985
37.41318,-121.984886
37.41323,-121.98478
37.413273,-121.98467
37.413326,-121.98455
37.413383,-121.98443
37.413425,-121.98432
37.413464,-121.984215
37.4135,-121.984116
37.41353,-121.98404
37.413574,-121.98392
37.41362,-121.98381
37.413643,-121.98376
37.413666,-121.9837
37.41369,-121.98365
37.413708,-121.9836
37.413734,-121.98354
37.413757,-121.98349
37.413784,-121.98344
37.413807,-121.98338
37.41383,-121.98334
37.413857,-121.983284
37.41388,-121.98323
37.4139,-121.983185
37.413918,-121.98313
37.41395,-121.983055
37.413963,-121.98303
37.41399,-121.98298
37.414036,-121.98288
37.41406,-121.982834
37.41408,-121.98278
37.414104,-121.98273
37.414116,-121.982704
37.414135,-121.98265
37.414158,-121.9826
37.41418,-121.982544
37.4142,-121.9825
37.414223,-121.982445
37.41424,-121.98239
37.414265,-121.98234
37.414295,-121.98226
37.414326,-121.982185
37.41435,-121.98214
37.41438,-121.98206
37.414406,-121.98202
37.414436,-121.98194
37.414455,-121.98189
37.41448,-121.98184
37.414497,-121.98179
37.414528,-121.98171
37.41455,-121.98167
37.414574,-121.98161
37.4146,-121.98157
37.414623,-121.981514
37.414646,-121.98147
37.41467,-121.981415
37.4147,-121.98134
37.414722,-121.98129
37.414745,-121.98124
37.414757,-121.98121
37.41478,-121.981155
37.414803,-121.98111
37.414825,-121.98105
37.41485,-121.981
37.41487,-121.98095
37.414917,-121.98084
37.414944,-121.9808
37.414967,-121.98074
37.41499,-121.9807
37.415016,-121.980644
37.415047,-121.980606
37.415077,-121.98056
37.415134,-121.98054
37.41518,-121.98053
37.41523,-121.98053
37.415253,-121.98053
37.415302,-121.980545
37.415348,-121.98057
37.415405,-121.98059
37.415382,-121.98053
37.415333,-121.9805
37.415287,-121.98049
37.41524,-121.980484
37.415188,-121.98049
37.41512,-121.9805
37.415062,-121.98051
37.415024,-121.9805
37.414967,-121.9805
37.41492,-121.98049
37.414856,-121.980484
37.41479,-121.98047
37.41473,-121.98046
37.414665,-121.98045
37.414642,-121.980446
37.414547,-121.98042
37.414448,-121.98041
37.41436,-121.98037
37.414265,-121.98033
37.414173,-121.9803
37.414154,-121.98029
37.414085,-121.98029
37.41403,-121.98029
37.413986,-121.98028
37.413933,-121.98023
37.41383,-121.98017
37.41374,-121.98015
37.413643,-121.980125
37.41354,-121.98012
37.41349,-121.98011
37.4134,-121.9801
37.413334,-121.9801
37.413265,-121.98009
37.41322,-121.98008
37.413128,-121.980064
37.413082,-121.980064
37.41299,-121.980064
37.41294,-121.98006
37.412895,-121.98004
37.412853,-121.980034
37.412807,-121.98003
37.41274,-121.98001
37.412712,-121.98001
37.41267,-121.979996
37.412647,-121.97999
37.412582,-121.97997
37.412537,-121.979965
37.412487,-121.979965
37.412395,-121.97996
37.412373,-121.97996
37.412327,-121.97995
37.412304,-121.97995
37.41226,-121.97994
37.412167,-121.979935
37.412125,-121.97993
37.412064,-121.9799
37.41201,-121.97987
37.411903,-121.97986
37.41181,-121.97985
37.41172,-121.97985
37.411694,-121.97985
37.411594,-121.97984
37.4115,-121.97983
37.411407,-121.979805
37.411316,-121.97978
37.411224,-121.97975
37.411144,-121.97966
37.411068,-121.979576
37.411045,-121.97957
37.411003,-121.979546
37.410957,-121.97953
37.41091,-121.97951
37.410866,-121.97949
37.41082,-121.97948
37.410774,-121.97946
37.41071,-121.97943
37.410625,-121.97939
37.41056,-121.97937
37.410454,-121.97933
37.410427,-121.97936
37.410385,-121.97934
37.41034,-121.97933
37.410267,-121.9793
37.41022,-121.979294
37.41016,-121.97928
37.410137,-121.97927
37.41007,-121.97927
37.410023,-121.97926
37.409973,-121.97924
37.40993,-121.97922
37.40985,-121.97917
37.40979,-121.97916
37.40972,-121.97915
37.409676,-121.97913
37.409607,-121.97912
37.40956,-121.9791
37.409515,-121.979095
37.40942,-121.97908
37.409348,-121.97907
37.409294,-121.979065
37.40924,-121.979065
37.40919,-121.979065
37.40917,-121.979065
37.40912,-121.97905
37.409073,-121.979034
37.409027,-121.97902
37.40898,-121.979
37.408936,-121.97897
37.40889,-121.97895
37.40884,-121.97893
37.408794,-121.978905
37.408745,-121.97888
37.4087,-121.97885
37.408657,-121.97882
37.408573,-121.97875
37.408512,-121.978676
37.40848,-121.978615
37.408432,-121.97854
37.4084,-121.9785
37.408386,-121.97847
37.40836,-121.97842
37.40833,-121.97837
37.4083,-121.97832
37.408264,-121.97827
37.408234,-121.978226
37.408184,-121.97815
37.408157,-121.978096
37.40813,-121.97804
37.4081,-121.978
37.408073,-121.97795
37.40802,-121.97785
37.40797,-121.97776
37.40792,-121.97766
37.407875,-121.97767
37.407806,-121.97758
37.40776,-121.97748
37.40771,-121.977356
37.407684,-121.9773
37.407654,-121.977234
37.407627,-121.97718
37.40758,-121.97708
37.407566,-121.97703
37.40756,-121.977005
37.407536,-121.97693
37.4075,-121.97685
37.407463,-121.97679
37.40742,-121.97673
37.407394,-121.976685
37.40736,-121.976616
37.407352,-121.97659
37.407322,-121.97653
37.407284,-121.97647
37.40721,-121.97637
37.40714,-121.976265
37.40707,-121.97616
37.40701,-121.97604
37.406937,-121.975945
37.40687,-121.97584
37.406826,-121.97573
37.406776,-121.975624
37.406723,-121.97552
37.406673,-121.97541
37.406628,-121.97529
37.406586,-121.97519
37.40656,-121.97514
37.40653,-121.9751
37.4065,-121.975044
37.406464,-121.97501
37.40642,-121.974976
37.406384,-121.97494
37.40635,-121.9749
37.406315,-121.97486
37.406284,-121.974815
37.406265,-121.9748
37.406235,-121.97476
37.40617,-121.974686
37.406124,-121.974625
37.406075,-121.97456
37.406044,-121.974525
37.406,-121.97446
37.40592,-121.974365
37.405853,-121.97429
37.405804,-121.974236
37.405716,-121.97415
37.405624,-121.974075
37.405533,-121.974
37.40544,-121.97393
37.40537,-121.97386
37.405296,-121.97379
37.405212,-121.97373
37.405113,-121.97369
37.405014,-121.97362
37.40492,-121.97355
37.40483,-121.97348
37.404736,-121.97341
37.40469,-121.97338
37.404617,-121.97333
37.40457,-121.97329
37.404484,-121.97321
37.40441,-121.97313
37.404377,-121.97308
37.404343,-121.97304
37.404266,-121.97295
37.40423,-121.97291
37.40421,-121.97289
37.40417,-121.97285
37.40415,-121.97283
37.40411,-121.97279
37.404034,-121.97272
37.403954,-121.97264
37.403877,-121.97257
37.4038,-121.972466
37.403713,-121.97241
37.40362,-121.97234
37.403522,-121.97231
37.403423,-121.972275
37.403328,-121.972206
37.403282,-121.97217
37.40324,-121.97214
37.403152,-121.97206
37.40305,-121.97201
37.40295,-121.971954
37.402927,-121.97193
37.40288,-121.9719
37.40284,-121.97187
37.402798,-121.97183
37.402756,-121.9718
37.40271,-121.97178
37.402668,-121.97175
37.40263,-121.971725
37.40259,-121.971695
37.402534,-121.97165
37.402493,-121.97162
37.402454,-121.97159
37.402412,-121.97156
37.402367,-121.97153
37.402325,-121.9715
37.40224,-121.971436
37.402184,-121.97138
37.402145,-121.97135
37.402103,-121.97131
37.402065,-121.97128
37.402027,-121.97125
37.40199,-121.97121
37.401955,-121.97117
37.401905,-121.97111
37.401867,-121.97108
37.401825,-121.97105
37.401733,-121.970985
37.401695,-121.970955
37.401657,-121.970924
37.40162,-121.97089
37.40158,-121.970856
37.401558,-121.97084
37.401516,-121.97081
37.40143,-121.97076
37.40134,-121.97072
37.401253,-121.97067
37.40117,-121.97062
37.401077,-121.97057
37.40103,-121.97055
37.40098,-121.97055
37.40093,-121.970535
37.400826,-121.97052
37.40073,-121.97052
37.40063,-121.970505
37.400585,-121.9705
37.400513,-121.9705
37.400463,-121.97049
37.400417,-121.97048
37.40037,-121.970474
37.400326,-121.97047
37.400257,-121.97045
37.40021,-121.97044
37.400166,-121.970436
37.40012,-121.97043
37.400055,-121.970406
37.399967,-121.970375
37.399925,-121.97035
37.39987,-121.97032
37.399822,-121.9703
37.399776,-121.97028
37.39973,-121.97026
37.399685,-121.97025
37.399635,-121.97024
37.399586,-121.97022
37.399536,-121.97019
37.399487,-121.97017
37.399467,-121.97016
37.39942,-121.97013
37.39936,-121.97009
37.3993,-121.97006
37.399216,-121.97002
37.39917,-121.97
37.399147,-121.96999
37.3991,-121.969986
37.399055,-121.96997
37.39899,-121.96994
37.39897,-121.969925
37.398907,-121.969894
37.398865,-121.96987
37.39882,-121.96986
37.398754,-121.96983
37.39869,-121.96981
37.398647,-121.969795
37.398605,-121.96978
37.398563,-121.96976
37.39852,-121.96974
37.398476,-121.96971
37.398434,-121.969696
37.39839,-121.96967
37.398346,-121.96965
37.398304,-121.969635
37.39826,-121.96962
37.398216,-121.9696
37.398174,-121.969574
37.398136,-121.96955
37.398094,-121.96952
37.398052,-121.969505
37.398006,-121.96948
37.397964,-121.96947
37.39792,-121.96944
37.39787,-121.96941
37.39782,-121.96938
37.397778,-121.96936
37.397682,-121.969315
37.39759,-121.96927
37.397545,-121.969246
37.397446,-121.9692
37.39734,-121.969154
37.397312,-121.96915
37.397255,-121.96911
37.397175,-121.96907
37.397118,-121.96904
37.39706,-121.96902
37.39701,-121.968994
37.396957,-121.96897
37.396904,-121.96895
37.396793,-121.96891
37.39671,-121.96888
37.396652,-121.96885
37.396595,-121.96883
37.39654,-121.968796
37.396465,-121.96876
37.39641,-121.96873
37.396355,-121.9687
37.396294,-121.96867
37.396233,-121.96864
37.39614,-121.96859
37.39605,-121.96855
37.395966,-121.96851
37.39594,-121.9685
37.395885,-121.968475
37.39583,-121.96846
37.39577,-121.96844
37.395687,-121.96841
37.395634,-121.96838
37.39558,-121.96836
37.395535,-121.96834
37.39548,-121.968315
37.39543,-121.968285
37.395386,-121.96826
37.395336,-121.96823
37.39529,-121.96821
37.39524,-121.96818
37.395187,-121.968155
37.395134,-121.96814
37.395084,-121.968124
37.395035,-121.96811
37.39498,-121.968094
37.394928,-121.96808
37.39488,-121.96807
37.394825,-121.968056
37.39477,-121.96805
37.39472,-121.96804
37.39467,-121.968025
37.39462,-121.96802
37.394566,-121.96801
37.394512,-121.96801
37.394405,-121.968
37.394382,-121.968
37.39433,-121.96801
37.39428,-121.96801
37.394226,-121.96802
37.394123,-121.968025
37.394043,-121.96804
37.393993,-121.968056
37.393936,-121.96806
37.393833,-121.96809
37.393726,-121.96811
37.393623,-121.96813
37.393524,-121.96816
37.393448,-121.968185
37.3934,-121.96819
37.393375,-121.9682
37.393326,-121.96821
37.393276,-121.96822
37.39318,-121.968254
37.393085,-121.96831
37.392982,-121.96834
37.39293,-121.96835
37.39288,-121.96837
37.392826,-121.968376
37.392723,-121.9684
37.392673,-121.968414
37.39262,-121.96842
37.39257,-121.96844
37.39252,-121.968445
37.392494,-121.96845
37.392445,-121.96846
37.39239,-121.96847
37.392338,-121.968475
37.39223,-121.96848
37.392204,-121.96849
37.392155,-121.9685
37.3921,-121.968506
37.392048,-121.96851
37.392,-121.96853
37.391895,-121.96856
37.391846,-121.96857
37.391792,-121.96858
37.391735,-121.96859
37.39168,-121.9686
37.391624,-121.968605
37.391575,-121.96861
37.391525,-121.96862
37.391476,-121.968636
37.391422,-121.96865
37.391373,-121.968666
37.391323,-121.96867
37.391273,-121.96869
37.391224,-121.9687
37.39118,-121.96871
37.39113,-121.96872
37.391083,-121.968735
37.391033,-121.96875
37.390984,-121.96876
37.390938,-121.968765
37.39089,-121.96877
37.3908,-121.96879
37.39075,-121.9688
37.390728,-121.968834
37.390675,-121.96885
37.390648,-121.96885
37.390602,-121.96888
37.390556,-121.96892
37.390457,-121.968895
37.39039,-121.96884
37.39034,-121.96881
37.390316,-121.968796
37.390266,-121.96878
37.390213,-121.96878
37.39016,-121.96878
37.390137,-121.96878
37.39008,-121.968796
37.39003,-121.968796
37.389984,-121.9688
37.389935,-121.96882
37.389847,-121.968834
37.38977,-121.96884
37.389725,-121.96885
37.38962,-121.96886
37.389523,-121.96886
37.38947,-121.968864
37.389374,-121.96887
37.389347,-121.96887
37.3893,-121.96888
37.389256,-121.96889
37.389236,-121.96889
37.389214,-121.96895
37.38921,-121.96903
37.38921,-121.96906
37.389217,-121.96914
37.389217,-121.96922
37.389233,-121.9693
37.38923,-121.96936
37.38917,-121.96938
37.389057,-121.9694
37.388977,-121.9694
37.38892,-121.96942
37.3891,-121.970245
37.389107,-121.970276
38.60055,-121.43194
38.60051,-121.43195
38.60046,-121.43196
38.600414,-121.43197
38.60036,-121.43198
38.600307,-121.432
38.600227,-121.43209
38.60018,-121.43214
38.60014,-121.43218
38.60012,-121.432205
38.60008,-121.43224
38.600037,-121.43228
38.59995,-121.43236
38.599922,-121.43237
38.599876,-121.4324
38.59984,-121.432434
38.599747,-121.432495
38.599697,-121.432526
38.599648,-121.432556
38.599594,-121.43258
38.59955,-121.43261
38.59945,-121.43267
38.599407,-121.43272
38.59938,-121.43277
38.599377,-121.4328
38.599373,-121.43286
38.59939,-121.43292
38.599403,-121.43298
38.599445,-121.433105
38.59948,-121.433235
38.599506,-121.43336
38.59951,-121.43342
38.599518,-121.43349
38.599533,-121.43363
38.59953,-121.43376
38.59952,-121.43389
38.59951,-121.434
38.599506,-121.43406
38.59948,-121.43417
38.59941,-121.43427
38.599354,-121.43431
38.5993,-121.43435
38.599277,-121.43438
38.59924,-121.43443
38.599174,-121.43455
38.599125,-121.43467
38.599113,-121.43474
38.599094,-121.4348
38.59907,-121.43487
38.599056,-121.4349
38.599033,-121.43496
38.599007,-121.43502
38.598976,-121.435074
38.59892,-121.4352
38.59886,-121.43532
38.598804,-121.43544
38.598774,-121.4355
38.598743,-121.435555
38.5987,-121.435616
38.59865,-121.4357
38.598618,-121.43576
38.598602,-121.43579
38.598568,-121.435844
38.598534,-121.4359
38.598503,-121.43595
38.598442,-121.43606
38.598377,-121.43616
38.598316,-121.436264
38.59826,-121.43638
38.5982,-121.436485
38.598186,-121.43651
38.59816,-121.43656
38.598125,-121.43662
38.59806,-121.43674
38.598015,-121.43682
38.597984,-121.436874
38.59794,-121.437
38.59793,-121.43703
38.59792,-121.43708
38.5979,-121.43715
38.597878,-121.4372
38.597828,-121.43731
38.597775,-121.437416
38.597725,-121.43752
38.59767,-121.43763
38.59762,-121.43774
38.59756,-121.437836
38.59749,-121.437935
38.597424,-121.43804
38.59734,-121.438126
38.597294,-121.43816
38.59721,-121.43824
38.597122,-121.43832
38.59704,-121.43838
38.596947,-121.43845
38.596928,-121.43848
38.59688,-121.43852
38.596783,-121.43857
38.596672,-121.438576
38.59658,-121.43858
38.596474,-121.43858
38.596428,-121.43858
38.596363,-121.438576
38.5963,-121.43858
38.596233,-121.43859
38.596184,-121.43859
38.596092,-121.4386
38.595993,-121.43858
38.595943,-121.43855
38.595905,-121.43849
38.595882,-121.43841
38.595867,-121.438324
38.595856,-121.43825
38.59585,-121.43821
38.595848,-121.43813
38.59584,-121.438065
38.595833,-121.437996
38.595825,-121.437935
38.595814,-121.43787
38.595802,-121.437805
38.595783,-121.437744
38.595768,-121.437675
38.595753,-121.437614
38.595745,-121.437584
38.595734,-121.43752
38.595726,-121.437485
38.59572,-121.43742
38.59571,-121.437355
38.595695,-121.437225
38.59569,-121.437164
38.595684,-121.4371
38.59568,-121.437004
38.595673,-121.436935
38.595665,-121.436874
38.59566,-121.436806
38.595654,-121.436676
38.59565,-121.43661
38.595646,-121.43658
38.595642,-121.436516
38.595627,-121.43639
38.595623,-121.43628
38.595623,-121.43615
38.595627,-121.43605
38.59563,-121.43599
38.59563,-121.43587
38.59563,-121.4358
38.595627,-121.43574
38.595627,-121.43568
38.595627,-121.43561
38.595623,-121.43555
38.595623,-121.435486
38.59562,-121.43542
38.595615,-121.43535
38.595615,-121.43529
38.595608,-121.435196
38.595604,-121.435135
38.5956,-121.435074
38.5956,-121.435005
38.595596,-121.434944
38.595592,-121.434845
38.59559,-121.434784
38.595585,-121.434715
38.595577,-121.434654
38.595577,-121.43459
38.595577,-121.43453
38.595585,-121.43444
38.595577,-121.43429
38.595573,-121.43422
38.595566,-121.43414
38.595562,-121.434074
38.595554,-121.434006
38.59555,-121.433945
38.595547,-121.433876
38.59554,-121.43381
38.595535,-121.43374
38.59553,-121.43367
38.595528,-121.43361
38.595524,-121.43355
38.595512,-121.43349
38.59551,-121.43342
38.595497,-121.43333
38.595486,-121.433266
38.595474,-121.433205
38.595467,-121.433136
38.595455,-121.433075
38.595448,-121.432945
38.595444,-121.43288
38.595444,-121.43274
38.59544,-121.43262
38.59544,-121.43255
38.595436,-121.432495
38.595432,-121.43243
38.59543,-121.432365
38.59542,-121.4323
38.595413,-121.43223
38.595406,-121.432106
38.595394,-121.43198
38.59539,-121.431915
38.595387,-121.43186
38.595383,-121.4318
38.595375,-121.43174
38.59537,-121.43168
38.595367,-121.43161
38.595364,-121.43155
38.595356,-121.43148
38.595352,-121.43142
38.595352,-121.43138
38.595352,-121.43132
38.59535,-121.43126
38.595345,-121.4312
38.595345,-121.43114
38.595345,-121.431076
38.59534,-121.43101
38.595337,-121.43095
38.59533,-121.43088
38.595325,-121.43082
38.59532,-121.430756
38.595318,-121.43069
38.595314,-121.430626
38.59531,-121.43056
38.595306,-121.43053
38.595303,-121.430466
38.595295,-121.43033
38.59529,-121.43026
38.595284,-121.4302
38.59528,-121.43013
38.595272,-121.43007
38.59527,-121.43
38.595264,-121.42994
38.59527,-121.42987
38.595264,-121.42981
38.59526,-121.42974
38.59526,-121.42971
38.595257,-121.42965
38.595257,-121.429596
38.59525,-121.429535
38.59525,-121.42947
38.595245,-121.429344
38.595245,-121.429214
38.59524,-121.42909
38.595245,-121.42903
38.59524,-121.42896
38.59524,-121.42893
38.59524,-121.42887
38.59524,-121.42881
38.59524,-121.42875
38.59524,-121.42869
38.59524,-121.42862
38.595238,-121.42859
38.595238,-121.42853
38.595238,-121.42846
38.595238,-121.4284
38.59524,-121.42834
38.595245,-121.42827
38.59525,-121.42821
38.59526,-121.42815
38.595287,-121.42806
38.595318,-121.42814
38.59533,-121.42813
38.595333,-121.42807
38.595333,-121.42799
38.595333,-121.427925
38.595325,-121.42786
38.59532,-121.42778
38.595325,-121.42771
38.595333,-121.427635
38.595345,-121.42757
38.595345,-121.427536
38.595352,-121.42747
38.59536,-121.4274
38.59536,-121.42733
38.595364,-121.42726
38.595367,-121.42719
38.59537,-121.427124
38.59537,-121.426994
38.595375,-121.42693
38.59538,-121.42687
38.59538,-121.42681
38.595387,-121.42676
38.59539,-121.42666
38.595398,-121.42659
38.5954,-121.42653
38.595406,-121.42647
38.595406,-121.4264
38.59541,-121.42637
38.595413,-121.4263
38.595413,-121.42623
38.595417,-121.42617
38.59542,-121.42604
38.59542,-121.42597
38.59542,-121.4259
38.59542,-121.425835
38.59542,-121.425804
38.595425,-121.42574
38.595425,-121.425674
38.59543,-121.42561
38.59543,-121.42555
38.595432,-121.42548
38.595432,-121.42545
38.59544,-121.425385
38.595448,-121.42532
38.59545,-121.42526
38.59546,-121.4252
38.595467,-121.42514
38.595474,-121.42508
38.59548,-121.42501
38.59549,-121.42495
38.595497,-121.42489
38.595505,-121.42483
38.59551,-121.42477
38.595516,-121.4247
38.595528,-121.42464
38.59554,-121.42454
38.595547,-121.42448
38.59555,-121.42441
38.59556,-121.42434
38.59556,-121.42428
38.595562,-121.42421
38.595566,-121.42415
38.595573,-121.42409
38.595585,-121.42403
38.595592,-121.423965
38.595608,-121.423904
38.59562,-121.42384
38.59563,-121.42378
38.59564,-121.42372
38.595646,-121.42366
38.595654,-121.4236
38.595673,-121.423485
38.595684,-121.42342
38.595688,-121.42339
38.595695,-121.42333
38.59571,-121.42321
38.59572,-121.42308
38.595726,-121.42301
38.59574,-121.42289
38.59576,-121.42277
38.595764,-121.42273
38.59577,-121.42266
38.595783,-121.42259
38.595802,-121.42252
38.595814,-121.42245
38.59582,-121.42242
38.59583,-121.42235
38.595837,-121.42228
38.595844,-121.42221
38.595848,-121.42214
38.595856,-121.42207
38.59586,-121.422005
38.595867,-121.421936
38.59588,-121.42184
38.59589,-121.42177
38.5959,-121.42171
38.59591,-121.42164
38.59592,-121.42157
38.59593,-121.4215
38.595932,-121.42147
38.59594,-121.42141
38.59595,-121.42134
38.595974,-121.42125
38.59599,-121.421196
38.596,-121.42114
38.596016,-121.42108
38.59603,-121.42102
38.596043,-121.42096
38.596046,-121.42093
38.59606,-121.42086
38.59609,-121.4208
38.59613,-121.42078
38.59608,-121.420815
38.59604,-121.42089
38.596004,-121.42098
38.595985,-121.42107
38.595974,-121.42115
38.595963,-121.421265
38.59596,-121.42134
38.59596,-121.42141
38.59596,-121.421486
38.595955,-121.42159
38.59595,-121.42167
38.595947,-121.421745
38.595947,-121.42183
38.595947,-121.421906
38.595943,-121.42195
38.595932,-121.422066
38.595913,-121.42217
38.595898,-121.42224
38.595875,-121.42238
38.59586,-121.422516
38.59586,-121.42255
38.595856,-121.422615
38.595856,-121.42265
38.595856,-121.422714
38.59585,-121.42278
38.595848,-121.42285
38.595837,-121.42295
38.59583,-121.42301
38.59582,-121.42308
38.595814,-121.42319
38.595814,-121.42326
38.59581,-121.42341
38.5958,-121.42351
38.595787,-121.42358
38.59578,-121.42364
38.595768,-121.423706
38.59575,-121.42383
38.595757,-121.42393
38.595753,-121.424
38.59575,-121.42407
38.59574,-121.42414
38.59573,-121.42422
38.59572,-121.42428
38.595707,-121.42435
38.5957,-121.424416
38.5957,-121.42445
38.595695,-121.42452
38.59569,-121.42459
38.595676,-121.42472
38.595654,-121.42485
38.595642,-121.42499
38.595634,-121.42506
38.595608,-121.425186
38.595596,-121.425285
38.595585,-121.425354
38.595577,-121.425415
38.595573,-121.425476
38.59556,-121.4256
38.595554,-121.42563
38.59554,-121.42571
38.59553,-121.425766
38.595516,-121.42589
38.595512,-121.42602
38.595505,-121.42615
38.5955,-121.42628
38.595493,-121.4264
38.59549,-121.42647
38.595478,-121.42659
38.595474,-121.42671
38.595474,-121.42674
