48.86374,2.331935
48.86106,2.330036
48.860718,2.3301
48.860634,2.330175
48.86022,2.329939
48.85964,2.329478
48.859604,2.329349
48.860363,2.326817
48.860916,2.324907
48.86165,2.322461
48.862743,2.318889
48.863018,2.318116
48.863224,2.317419
48.863194,2.315906
48.863144,2.31361
48.863052,2.310413
48.86286,2.303868
48.86248,2.302774
48.862495,2.302109
48.8635,2.301958
48.864162,2.301916
48.86409,2.302452
48.86412,2.305091
48.864204,2.309233
48.864204,2.311078
48.864147,2.313009
48.86422,2.314876
48.86432,2.316872
48.864388,2.318352
48.8634,2.321657
48.862495,2.324596
48.861706,2.326892
48.8611,2.328802
48.860786,2.329896
48.863697,2.331999
49.194088,2.48927
49.1934,2.493497
49.193375,2.498197
49.19402,2.503926
49.193542,2.511007
49.19086,2.512047
49.188633,2.506715
49.184677,2.500235
49.183586,2.491523
49.189503,2.490493
49.19214,2.489077
49.193993,2.489206
49.193447,2.496203
49.193794,2.500621
49.194187,2.504441
49.194046,2.508132
49.19371,2.510706
49.191216,2.512251
49.189,2.508174
49.18684,2.504827
49.184372,2.499806
49.183556,2.492639
49.183838,2.490794
49.18521,2.490579
49.188046,2.490021
49.189785,2.490064
49.19161,2.489249
49.192898,2.488905
49.194077,2.488691
49.194355,2.487918
49.193935,2.487275
49.195,2.488176
49.19313,2.488619
49.19255,2.498619
49.19209,2.506899
49.19418,2.511039
49.19315,2.529269
49.19644,2.563819
49.1947,2.577499
49.17002,2.56024
49.17002,2.56024
49.17009,2.56022
49.17043,2.5601
49.17046,2.56008
49.17051,2.56005
49.17058,2.56
49.17063,2.55996
49.17065,2.55995
49.17066,2.55993
49.17075,2.55983
49.17073,2.55982
49.16997,2.55929
49.16907,2.55866
49.16872,2.55844
49.16855,2.55832
49.16665,2.55702
49.16506,2.55592
49.16401,2.55518
49.16135,2.55337
49.16091,2.55308
49.16087,2.55305
49.16072,2.55293
49.16063,2.55284
49.16057,2.55281
49.16044,2.55273
49.16042,2.55271
49.15998,2.55247
49.15989,2.55244
49.1595,2.55228
49.15839,2.55182
49.15827,2.55181
49.15717,2.55136
49.1566,2.55113
49.15656,2.55112
49.15624,2.551
49.15596,2.55087
49.15572,2.55076
49.15549,2.55063
49.15538,2.55056
49.15533,2.55054
49.15528,2.5505
49.15507,2.55036
49.15493,2.55027
49.1549,2.55025
49.15478,2.55017
49.15474,2.55014
49.15457,2.55001
49.15453,2.54998
49.15448,2.54994
49.15425,2.54973
49.15411,2.5496
49.15383,2.54935
49.15359,2.54915
49.15346,2.54906
49.15333,2.54896
49.15321,2.54887
49.15302,2.54873
49.15258,2.54839
49.15249,2.54832
49.15184,2.54782
49.15126,2.54736
49.15127,2.54728
49.15128,2.54724
49.15129,2.5472
49.15129,2.54716
49.15133,2.54702
49.15138,2.54683
49.15142,2.54665
49.15144,2.54658
49.15145,2.54653
49.15146,2.54645
49.15148,2.54634
49.15148,2.5462
49.15148,2.54597
49.15147,2.54544
49.15145,2.544
49.15143,2.54326
49.15143,2.54311
49.15142,2.54287
49.1514,2.54261
49.15137,2.54233
49.15133,2.54207
49.1513,2.54185
49.15126,2.54166
49.15122,2.54151
49.15117,2.5414
49.1511,2.54121
49.15087,2.54069
49.15076,2.5404
49.15072,2.54031
49.15069,2.54019
49.15066,2.53995
49.15061,2.53937
49.15058,2.53914
49.15057,2.53901
49.15056,2.53887
49.15056,2.53881
49.15056,2.53869
49.15057,2.53849
49.15064,2.53788
49.15082,2.53622
49.15084,2.53608
49.15084,2.53608
49.15098,2.53483
49.15111,2.5335
49.15117,2.53292
49.1512,2.5327
49.1513,2.53169
49.15142,2.53052
49.15161,2.52864
49.15172,2.52734
49.1518,2.5265
49.15181,2.52633
49.15181,2.5262
49.15181,2.52599
49.1518,2.52556
49.15179,2.52544
49.15178,2.52541
49.15176,2.5253
49.15172,2.52513
49.15163,2.52481
49.15154,2.52453
49.1515,2.52433
49.15145,2.52412
49.15172,2.52398
49.15207,2.52381
49.15244,2.52362
49.15251,2.52358
49.15258,2.52355
49.15262,2.52354
49.15267,2.52353
49.1527,2.52353
49.15276,2.52352
49.15283,2.52352
49.15293,2.52352
49.15302,2.52354
49.15307,2.52353
49.15315,2.52353
49.15326,2.52351
49.15332,2.5235
49.15337,2.52348
49.15342,2.52347
49.15345,2.52346
49.15357,2.5234
49.15371,2.52332
49.15376,2.52329
49.15378,2.52327
49.15384,2.52319
49.15387,2.52314
49.15389,2.52307
49.1539,2.52294
49.1539,2.52274
49.1539,2.5226
49.15394,2.52219
49.15396,2.52209
49.15398,2.52201
49.15403,2.52189
49.15407,2.5218
49.15412,2.52173
49.15418,2.52166
49.1542,2.52164
49.15424,2.52159
49.15429,2.52154
49.15437,2.52147
49.15453,2.52134
49.15476,2.52116
49.15494,2.521
49.15509,2.52085
49.15614,2.51975
49.15678,2.51908
49.15715,2.5187
49.15895,2.51682
49.15895,2.51682
49.1592,2.51656
49.15942,2.51635
49.15956,2.51621
49.15961,2.51614
49.16068,2.51503
49.16175,2.51391
49.1624,2.51326
49.16324,2.51239
49.16485,2.51069
49.16594,2.50953
49.16599,2.50945
49.16605,2.50937
49.16638,2.50894
49.16638,2.5089
49.16638,2.50884
49.16639,2.50876
49.16641,2.50867
49.16647,2.50859
49.16649,2.50857
49.16655,2.50854
49.1666,2.50854
49.16665,2.50854
49.16668,2.50855
49.16671,2.50858
49.16673,2.50861
49.16693,2.50845
49.16704,2.50834
49.1673,2.50807
49.16737,2.50802
49.16832,2.50704
49.16862,2.50673
49.16892,2.50641
49.17111,2.50411
49.17254,2.50262
49.17273,2.50243
49.17326,2.5019
49.17347,2.50169
49.17533,2.49975
49.1763,2.49874
49.1781,2.49686
49.17822,2.49674
49.17859,2.49635
49.17877,2.49616
49.1794,2.4955
49.18318,2.49153
49.18319,2.49163
49.1832,2.49169
49.1831,2.492
49.18278,2.49383
49.18277,2.49389
49.18277,2.49389
49.18252,2.49537
49.18228,2.49673
49.18208,2.49787
49.18347,2.49911
49.18353,2.49896
49.1836,2.49881
49.18366,2.49898
49.18372,2.49911
49.18387,2.49937
49.18419,2.49986
49.18441,2.50022
49.18467,2.50064
49.18501,2.50117
49.18544,2.50184
49.18593,2.50264
49.18637,2.50334
49.18682,2.50406
49.18724,2.50472
49.18736,2.50493
49.18747,2.50515
49.18767,2.50562
49.18838,2.50728
49.18841,2.50737
49.18845,2.50748
49.18889,2.50848
49.1891,2.50898
49.18929,2.5094
49.18962,2.51016
49.18986,2.51075
49.18994,2.51099
49.19008,2.51141
49.19013,2.51155
49.19016,2.51163
49.19023,2.51179
49.19029,2.51189
49.1904,2.51208
49.1905,2.51223
49.19058,2.51233
49.19063,2.51238
49.19066,2.51241
49.19069,2.51243
49.19082,2.5125
49.19087,2.51252
49.19098,2.51255
49.19121,2.51256
49.19136,2.51255
49.19144,2.51255
49.19158,2.51255
49.19175,2.51256
49.19178,2.51256
49.19178,2.51256
49.19187,2.51256
49.19208,2.51259
49.19227,2.5126
49.19236,2.51261
49.19257,2.51262
49.19269,2.51265
49.1929,2.51271
49.19311,2.51278
49.19321,2.51281
49.19335,2.51284
49.19345,2.51286
49.19364,2.51288
49.19383,2.5129
49.19424,2.51298
49.19424,2.5134
49.19423,2.51361
49.1942,2.51387
49.19416,2.51422
49.19412,2.51439
49.1941,2.51454
49.19408,2.51468
49.19404,2.5148
49.19401,2.51489
49.19398,2.51495
49.19393,2.515
49.1938,2.51506
49.19376,2.51507
49.19374,2.51508
49.19371,2.51511
49.1937,2.51512
49.19368,2.51514
49.19365,2.51518
49.19359,2.51534
49.19348,2.51575
49.1934,2.51607
49.19332,2.5163
49.19323,2.51656
49.19307,2.51704
49.19303,2.51717
49.19296,2.51744
49.19291,2.51769
49.19285,2.51802
49.19272,2.51877
49.19264,2.51918
49.19258,2.51946
49.19251,2.51987
49.19246,2.52015
49.19245,2.5203
49.19243,2.5205
49.19241,2.52066
49.19238,2.52085
49.19235,2.52115
49.19231,2.5215
49.19228,2.52175
49.19226,2.52202
49.19227,2.52223
49.19228,2.5224
49.1923,2.52263
49.19263,2.52515
49.19285,2.52696
49.193,2.5282
49.19302,2.52836
49.1931,2.52902
49.1932,2.52955
49.19361,2.53145
49.1937,2.53177
49.19385,2.53219
49.19413,2.53298
49.19423,2.53333
49.19426,2.5335
49.19426,2.53357
49.19426,2.53371
49.19425,2.53402
49.19421,2.53467
49.19418,2.53519
49.19417,2.53554
49.19417,2.53582
49.19418,2.53612
49.19418,2.53622
49.19418,2.53632
49.19416,2.53642
49.19415,2.53647
49.19412,2.53654
49.1941,2.5366
49.19406,2.53666
49.19395,2.53683
49.19381,2.53703
49.19381,2.53707
49.19381,2.53711
49.19379,2.53713
49.19378,2.53714
49.19377,2.53714
49.19375,2.53714
49.19374,2.53714
49.19373,2.53721
49.19373,2.53729
49.19374,2.53737
49.19374,2.53742
49.19377,2.53761
49.19377,2.53773
49.19376,2.53784
49.19373,2.53808
49.19373,2.53818
49.19373,2.53825
49.19374,2.53833
49.19374,2.5384
49.19375,2.53847
49.19378,2.53869
49.19384,2.53899
49.1939,2.53929
49.19407,2.54006
49.19416,2.54051
49.19424,2.54088
49.19426,2.54101
49.19432,2.54124
49.19434,2.54134
49.19436,2.54144
49.19441,2.5416
49.19446,2.54174
49.1945,2.5418
49.19457,2.54187
49.19472,2.54202
49.19512,2.54248
49.19517,2.54258
49.1952,2.54267
49.19521,2.54275
49.19523,2.54322
49.19527,2.54488
49.19528,2.54522
49.1953,2.54602
49.19531,2.54636
49.19532,2.54693
49.19537,2.54825
49.19545,2.54963
49.19548,2.55025
49.19554,2.5509
49.1956,2.5514
49.19571,2.55196
49.19582,2.55238
49.19597,2.55292
49.19601,2.5531
49.19605,2.55339
49.19607,2.55355
49.19606,2.55368
49.19601,2.55424
49.19592,2.55501
49.19586,2.55553
49.1958,2.55598
49.19574,2.55644
49.19569,2.55682
49.19562,2.55725
49.1956,2.55742
49.19559,2.55761
49.19558,2.55782
49.19559,2.55794
49.1956,2.55829
49.19561,2.55857
49.19561,2.55857
49.19562,2.55873
49.19564,2.55933
49.19564,2.55949
49.19566,2.56037
49.19567,2.56057
49.19567,2.56072
49.1957,2.56111
49.1957,2.56114
49.1957,2.56116
49.19571,2.56123
49.19576,2.56137
49.19598,2.56206
49.19609,2.56243
49.1962,2.56275
49.19625,2.56296
49.1963,2.56322
49.19637,2.56352
49.19651,2.56414
49.19657,2.5647
49.19657,2.56483
49.19657,2.56488
49.19656,2.56507
49.19643,2.56557
49.19629,2.56605
49.19617,2.56645
49.19612,2.56664
49.19602,2.567
49.196,2.56707
49.19599,2.56713
49.19598,2.5672
49.19598,2.56731
49.19598,2.56734
49.19601,2.56753
49.19612,2.56798
49.19635,2.56892
49.1964,2.56914
49.19641,2.5692
49.19643,2.5693
49.19637,2.5693
49.19632,2.5693
49.19594,2.56932
49.19586,2.56932
49.19577,2.56933
49.19561,2.56931
49.19544,2.56926
49.19543,2.56936
49.19541,2.56942
49.19534,2.56955
49.19524,2.56969
49.19516,2.56981
49.19519,2.57006
49.1952,2.57018
49.19519,2.57029
49.19513,2.57073
49.19511,2.57082
49.19507,2.57092
49.1947,2.57083
49.19465,2.57082
49.19459,2.57082
49.19456,2.57084
49.19453,2.57089
49.1945,2.57098
49.1945,2.57107
49.1945,2.57114
49.19451,2.5714
49.1945,2.57159
49.19449,2.57174
49.19446,2.57186
49.19445,2.57188
49.19435,2.57221
49.19434,2.57226
49.19428,2.57239
49.1942,2.57257
49.19418,2.57263
49.19417,2.57267
49.19416,2.57271
49.19417,2.57276
49.19417,2.57281
49.19418,2.57295
49.19417,2.57306
49.19409,2.57333
49.19406,2.57344
49.19401,2.57358
49.19395,2.57368
49.19392,2.57377
49.1939,2.57379
49.19376,2.57428
49.19367,2.57461
49.19392,2.57478
49.19392,2.57478
49.19367,2.57461
49.19376,2.57428
49.1939,2.57379
49.19392,2.57377
49.19395,2.57368
49.19401,2.57358
49.19406,2.57344
49.19409,2.57333
49.19417,2.57306
49.19418,2.57295
49.19417,2.57281
49.19417,2.57276
49.19416,2.57271
49.19417,2.57267
49.19418,2.57263
49.1942,2.57257
49.19428,2.57239
49.19434,2.57226
49.19435,2.57221
49.19445,2.57188
49.19446,2.57186
49.19449,2.57174
49.1945,2.57159
49.19451,2.5714
49.1945,2.57114
49.1945,2.57107
49.1945,2.57098
49.19453,2.57089
49.19456,2.57084
49.19459,2.57082
49.19465,2.57082
49.1947,2.57083
49.19507,2.57092
49.19511,2.57082
49.19513,2.57073
49.19519,2.57029
49.1952,2.57018
49.19519,2.57006
49.19516,2.56981
49.19498,2.56969
49.19487,2.56964
49.1947,2.56955
49.19466,2.56952
49.19463,2.56948
49.19455,2.56937
49.19449,2.56927
49.19442,2.56919
49.19436,2.56913
49.19434,2.56914
49.19433,2.56915
49.19431,2.56914
49.1943,2.56914
49.19428,2.56913
49.19428,2.56912
49.19427,2.56911
49.19427,2.56909
49.19426,2.56907
49.19415,2.56911
49.19393,2.56919
49.19387,2.56922
49.19381,2.56926
49.19377,2.5693
49.19357,2.56964
49.19356,2.56965
49.19354,2.56966
49.1933,2.56958
49.19329,2.56957
49.19327,2.56956
49.19319,2.56947
49.19315,2.56947
49.1931,2.56949
49.19304,2.56955
49.19256,2.57034
49.19235,2.57028
49.19215,2.57025
49.1921,2.57023
49.19206,2.57021
49.192,2.57016
49.19197,2.57031
49.19194,2.57041
49.19192,2.57045
49.1919,2.57051
49.19186,2.57058
49.19182,2.57062
49.19177,2.57066
49.19174,2.57068
49.19169,2.5707
49.19161,2.57075
49.19162,2.57155
49.19163,2.57296
49.19155,2.57348
49.19139,2.57382
49.19135,2.57381
49.19131,2.57382
49.19126,2.57384
49.19122,2.57385
49.19119,2.57387
49.19105,2.57384
49.19095,2.57378
49.19031,2.57333
