48.86398,2.234077
48.863983,2.234234
48.863987,2.234402
48.864006,2.234585
48.864017,2.234721
48.86402,2.234889
48.86402,2.235055
48.864025,2.235216
48.86403,2.235371
48.864025,2.235518
48.864017,2.235664
48.86399,2.235813
48.86395,2.235957
48.8639,2.236106
48.863853,2.236225
48.8638,2.236338
48.863735,2.236475
48.86366,2.236596
48.863586,2.236677
48.863503,2.236755
48.863407,2.236853
48.863316,2.236938
48.86324,2.237021
48.86309,2.23721
48.863007,2.237327
48.86293,2.237433
48.862843,2.237542
48.862766,2.237624
48.862686,2.23772
48.86261,2.237825
48.862537,2.237923
48.862427,2.237954
48.86233,2.23795
48.86224,2.237923
48.86213,2.237913
48.86203,2.237917
48.861923,2.2379
48.861813,2.237838
48.86173,2.237782
48.861626,2.237719
48.861515,2.237666
48.861416,2.237603
48.86131,2.237547
48.86121,2.23749
48.861107,2.237448
48.86101,2.237399
48.8609,2.237355
48.860725,2.237284
48.860615,2.237233
48.860523,2.237178
48.860428,2.237142
48.860317,2.23712
48.860214,2.237078
48.86012,2.237025
48.860012,2.236988
48.859917,2.236967
48.85981,2.23695
48.859703,2.236926
48.859596,2.236926
48.8595,2.236896
48.859394,2.236883
48.859283,2.236895
48.85918,2.236906
48.85907,2.236922
48.858974,2.236925
48.858868,2.236938
48.858776,2.236966
48.858658,2.236997
48.858555,2.237007
48.858444,2.237038
48.85834,2.237051
48.858242,2.237055
48.858143,2.237056
48.858044,2.237078
48.857944,2.237113
48.85785,2.237136
48.857746,2.237146
48.85764,2.237163
48.857536,2.237173
48.857437,2.237197
48.857338,2.237222
48.85723,2.237251
48.857136,2.237281
48.857037,2.237304
48.85694,2.237326
48.85684,2.237344
48.856735,2.237395
48.856647,2.23744
48.856537,2.237475
48.85643,2.237496
48.856316,2.237481
48.856216,2.237487
48.8561,2.237482
48.855988,2.23748
48.855892,2.237473
48.8558,2.237458
48.85571,2.237447
48.855614,2.237452
48.855503,2.237469
48.855396,2.237477
48.85529,2.237471
48.855194,2.237463
48.85509,2.237454
48.854992,2.237444
48.85488,2.237436
48.854782,2.237437
48.85467,2.237421
48.85458,2.237414
48.854465,2.237388
48.85436,2.237373
48.85426,2.237366
48.854153,2.237345
48.854053,2.237316
48.853962,2.23728
48.85386,2.237251
48.85376,2.237202
48.85366,2.237159
48.85356,2.237113
48.853447,2.237081
48.85333,2.237074
48.853233,2.237039
48.853123,2.236994
48.853012,2.236949
48.852905,2.23692
48.852795,2.236886
48.85269,2.236856
48.852585,2.236834
48.85248,2.236817
48.852383,2.236795
48.85228,2.236775
48.852173,2.236764
48.85207,2.236803
48.85198,2.23682
48.85188,2.236849
48.851784,2.236884
48.85168,2.236911
48.851574,2.23695
48.851475,2.236967
48.85138,2.237005
48.851288,2.237052
48.8512,2.237149
48.851124,2.237226
48.851036,2.237305
48.85096,2.237401
48.85089,2.237523
48.85082,2.237632
48.850735,2.237711
48.850643,2.23775
48.850544,2.237739
48.850365,2.237625
48.850254,2.237639
48.850155,2.237622
48.850044,2.237608
48.84995,2.237606
48.849842,2.237576
48.849735,2.237541
48.849636,2.237513
48.84954,2.237481
48.84945,2.237475
48.849354,2.237462
48.84926,2.23744
48.849167,2.237424
48.849052,2.237407
48.848866,2.237345
48.848774,2.237309
48.848682,2.237279
48.84858,2.237253
48.848476,2.237233
48.848373,2.237208
48.848274,2.237172
48.84817,2.237155
48.848064,2.237123
48.847958,2.237095
48.847862,2.237067
48.847767,2.237048
48.84766,2.236997
48.84756,2.236954
48.847466,2.236927
48.847366,2.23691
48.847263,2.236908
48.847164,2.23689
48.847057,2.236893
48.846962,2.236883
48.846863,2.236865
48.84677,2.236854
48.84666,2.236849
48.846558,2.236855
48.846455,2.236869
48.84635,2.236889
48.84625,2.236911
48.846153,2.23693
48.846058,2.236946
48.845963,2.23694
48.84581,2.236881
48.845657,2.237053
48.84558,2.237148
48.8455,2.237225
48.845406,2.237313
48.845306,2.237386
48.84522,2.237444
48.845135,2.2375
48.845043,2.237543
48.844955,2.23758
48.844852,2.237618
48.844765,2.237662
48.844673,2.237702
48.84456,2.237725
48.844456,2.237773
48.844364,2.237806
48.844276,2.237854
48.84418,2.237934
48.844078,2.238007
48.843983,2.238083
48.843887,2.238143
48.8438,2.238184
48.8437,2.238256
48.843616,2.23833
48.843525,2.238376
48.843323,2.238417
48.843212,2.238454
48.843124,2.238499
48.843037,2.238539
48.842937,2.238575
48.84285,2.238624
48.84275,2.238692
48.842655,2.238693
48.842552,2.238699
48.842453,2.238699
48.842335,2.238724
48.842236,2.238775
48.84214,2.238813
48.842026,2.238847
48.84191,2.238886
48.841816,2.238971
48.841713,2.239048
48.84161,2.239122
48.8415,2.239178
48.8414,2.239239
48.84131,2.239305
48.84122,2.239336
48.841106,2.239386
48.84101,2.239457
48.84092,2.239545
48.840828,2.239618
48.84063,2.239722
48.84052,2.239792
48.840427,2.239861
48.84034,2.239925
48.840244,2.239998
48.840145,2.240057
48.840054,2.240093
48.839962,2.240151
48.839867,2.240183
48.839764,2.240159
48.839672,2.240107
48.839584,2.240057
48.83947,2.240038
48.83936,2.240011
48.83927,2.240024
48.839172,2.240067
48.839077,2.240125
48.83898,2.240195
48.838802,2.240287
48.838715,2.240323
48.838604,2.240385
48.838497,2.240467
48.838406,2.240509
48.838207,2.240545
48.8381,2.240548
48.837982,2.240561
48.837868,2.240564
48.837757,2.240569
48.837654,2.240569
48.83755,2.240547
48.83745,2.240567
48.837334,2.240607
48.841583,2.239019
48.841652,2.238903
48.841824,2.23887
48.841915,2.238858
48.842007,2.238823
48.842106,2.238776
48.8422,2.238713
48.842304,2.238656
48.84239,2.238595
48.842464,2.238503
48.84257,2.238425
48.84265,2.238356
48.84274,2.238257
48.842808,2.238158
48.84291,2.238134
48.84311,2.238066
48.843197,2.23797
48.8433,2.237945
48.843403,2.237912
48.84351,2.237878
48.8436,2.237795
48.843704,2.237733
48.843803,2.237665
48.843906,2.237633
48.843998,2.237632
48.844097,2.237624
48.844208,2.237586
48.844315,2.237562
48.84441,2.237532
48.84451,2.237458
48.844616,2.237401
48.844727,2.237374
48.844837,2.237341
48.84494,2.237316
48.845043,2.237302
48.84513,2.237259
48.845276,2.23722
48.845383,2.237157
48.84545,2.237034
48.845554,2.236994
48.845673,2.236973
48.84578,2.236939
48.845894,2.236897
48.84601,2.236858
48.846123,2.236823
48.846233,2.236787
48.84634,2.236755
48.846447,2.236735
48.846542,2.236719
48.846653,2.236717
48.84676,2.236744
48.84686,2.236782
48.846954,2.23682
48.847065,2.23686
48.847168,2.236892
48.84727,2.236927
48.847378,2.236958
48.847485,2.236996
48.84759,2.237043
48.847694,2.237082
48.8478,2.237117
48.84792,2.237149
48.84801,2.237154
48.848114,2.237138
48.84822,2.237135
48.84832,2.237143
48.84842,2.237155
48.84862,2.237201
48.848713,2.23721
48.848824,2.237238
48.848927,2.237261
48.84903,2.237285
48.849144,2.237313
48.849236,2.237347
48.84935,2.237365
48.84944,2.237388
48.849545,2.237435
48.84964,2.237487
48.84973,2.237542
48.849823,2.237585
48.84992,2.237622
48.85001,2.237609
48.850105,2.237633
48.850204,2.237674
48.85032,2.237698
48.850414,2.237696
48.850525,2.237623
48.85062,2.237519
48.850685,2.237423
48.850773,2.237313
48.850864,2.237217
48.85096,2.237137
48.851055,2.237045
48.85112,2.236908
48.851196,2.236773
48.85125,2.236653
48.851288,2.236484
48.85132,2.236353
48.85136,2.23619
48.85138,2.236034
48.851383,2.235888
48.8514,2.235726
48.851414,2.235547
48.851425,2.235373
48.851448,2.235212
48.851482,2.235052
48.851498,2.234874
48.85152,2.234741
48.85155,2.234565
48.851574,2.23443
48.851597,2.234292
48.851616,2.23414
48.851643,2.233998
48.851673,2.233864
48.8517,2.233691
48.851727,2.233527
48.851765,2.233377
48.851826,2.233232
48.851864,2.233073
48.851906,2.232925
48.851948,2.232766
48.851986,2.232608
48.852013,2.232468
48.85206,2.2323
48.852135,2.231998
48.852184,2.231872
48.85223,2.23171
48.852276,2.231562
48.852318,2.231405
48.852386,2.231152
48.85243,2.230997
48.852467,2.230851
48.852512,2.230717
48.852573,2.230559
48.852623,2.230427
48.85268,2.230301
48.85282,2.230075
48.852898,2.229976
48.85298,2.229896
48.85306,2.229828
48.85315,2.229768
48.853237,2.229697
48.853336,2.229627
48.853436,2.229545
48.853523,2.229458
48.853626,2.229376
48.85372,2.229293
48.853825,2.229223
48.853924,2.229161
48.85402,2.229088
48.85412,2.229019
48.85421,2.22894
48.85431,2.228888
48.854412,2.22885
48.85451,2.22881
48.85462,2.228782
48.854713,2.228757
48.854816,2.22872
48.85492,2.228673
48.855007,2.228626
48.8551,2.228572
48.855198,2.228509
48.85531,2.228492
48.85542,2.228471
48.85553,2.228447
48.855637,2.228429
48.855747,2.228408
48.85584,2.228376
48.855946,2.228361
48.856056,2.228354
48.856163,2.228353
48.85627,2.228382
48.85637,2.228407
48.856476,2.228428
48.856678,2.228486
48.856773,2.22848
48.856888,2.228481
48.856983,2.228504
48.857098,2.228531
48.85719,2.228565
48.8573,2.228577
48.85741,2.228593
48.857525,2.228617
48.85764,2.228663
48.857746,2.228719
48.85785,2.228761
48.857964,2.228798
48.858078,2.228831
48.858192,2.228837
48.858303,2.228841
48.858406,2.228857
48.858513,2.228884
48.858616,2.228927
48.858738,2.228997
48.85884,2.229066
48.858936,2.229142
48.859028,2.229215
48.859135,2.229257
48.859318,2.229311
48.859425,2.229353
48.859535,2.229402
48.85964,2.229447
48.85973,2.229493
48.859833,2.229529
48.859932,2.229553
48.860027,2.229579
48.860134,2.229587
48.860226,2.229606
48.86032,2.22964
48.860416,2.229667
48.860527,2.229696
48.86064,2.229731
48.86074,2.22977
48.860847,2.229824
48.86095,2.22987
48.861065,2.229921
48.86117,2.229992
48.86125,2.230055
48.861332,2.230123
48.86144,2.230206
48.861538,2.230268
48.86164,2.230315
48.86173,2.230356
48.861843,2.230412
48.861923,2.230486
48.862022,2.23057
48.862114,2.230598
48.86221,2.230608
48.8623,2.230654
48.8624,2.230715
48.862488,2.230758
48.86259,2.23082
48.862675,2.230904
48.86277,2.230993
48.86285,2.231099
48.862923,2.231197
48.863003,2.231307
48.863068,2.231402
48.863136,2.231501
48.863205,2.231622
48.863277,2.23174
48.863354,2.231866
48.863422,2.231999
48.86349,2.232112
48.86354,2.232226
48.8636,2.232364
48.86366,2.232499
48.863712,2.232642
48.86377,2.232782
48.86382,2.232908
48.86386,2.233053
48.8639,2.23322
48.863937,2.233384
48.863968,2.233546
48.863987,2.233721
48.864,2.233862
48.864017,2.234048
48.864044,2.234202
48.86407,2.234342
48.864098,2.23448
48.864136,2.234644
48.864143,2.234823
48.864136,2.234974
48.86416,2.23511
48.86417,2.235256
48.86416,2.235405
48.864136,2.235554
48.86411,2.235726
48.86407,2.235852
48.864025,2.235974
48.863953,2.236113
48.863895,2.236224
48.863827,2.236358
48.863754,2.236481
48.863678,2.236586
48.863594,2.236698
48.8635,2.236799
48.86342,2.236894
48.863335,2.236995
48.863297,2.23712
48.863216,2.237211
48.863132,2.237264
48.863037,2.237357
48.862957,2.237439
48.86286,2.237537
48.862778,2.237636
48.86271,2.237728
48.86263,2.237827
48.86256,2.237939
48.862457,2.238017
48.86234,2.238018
48.86223,2.238004
48.862125,2.237989
48.86202,2.237978
48.86192,2.237954
48.861813,2.237903
48.86171,2.237838
48.861614,2.237775
48.861507,2.237714
48.861423,2.23765
48.86132,2.237582
48.86123,2.237542
48.86113,2.237481
48.861034,2.237415
48.86085,2.237293
48.86075,2.237251
48.86066,2.237233
48.86056,2.237203
48.860462,2.237162
48.86037,2.237118
48.860256,2.237074
48.86016,2.237043
48.860065,2.237026
48.859974,2.237016
48.85988,2.236991
48.859776,2.236974
48.85967,2.236979
48.859562,2.236966
48.859455,2.236944
48.859352,2.236943
48.859245,2.236957
48.85915,2.236971
48.859043,2.23698
48.85894,2.236993
48.858833,2.237004
48.858738,2.23703
48.85864,2.237059
48.858536,2.23708
48.858433,2.237119
48.858337,2.237142
48.858227,2.237156
48.85812,2.237176
48.85802,2.237186
48.85793,2.237197
48.85783,2.237209
48.857727,2.237203
48.857628,2.237229
48.857525,2.237254
48.857418,2.237271
48.85732,2.237297
48.857216,2.23732
48.85712,2.237354
48.857018,2.237375
48.856915,2.237409
48.856827,2.237442
48.856724,2.237478
48.856617,2.237518
48.856514,2.237533
48.85641,2.237535
48.856304,2.237537
48.856205,2.23754
48.856106,2.237557
48.856007,2.237561
48.8559,2.237572
48.8558,2.237568
48.85569,2.237566
48.85558,2.237573
48.855473,2.237563
48.85536,2.237541
48.85525,2.237539
48.85516,2.237525
48.85505,2.237513
48.854946,2.237509
48.85485,2.237505
48.854748,2.237492
48.854637,2.237501
48.854527,2.237494
48.854416,2.237468
48.854305,2.237443
48.85421,2.237418
48.85412,2.237403
48.854023,2.237355
48.85392,2.237302
48.853817,2.237272
48.853725,2.237247
48.853622,2.237194
48.853527,2.23716
48.853436,2.23714
48.853344,2.237117
48.853256,2.237066
48.85317,2.237017
48.85308,2.236967
48.852978,2.236923
48.852882,2.236893
48.852783,2.236871
48.852684,2.236855
48.85258,2.236839
48.852467,2.236824
48.852356,2.236814
48.852253,2.236821
48.85215,2.236854
48.852055,2.236872
48.851955,2.23691
48.851868,2.236954
48.85177,2.237003
48.851677,2.237049
48.851578,2.237077
48.851467,2.237079
48.85136,2.23711
48.851273,2.237206
48.851185,2.2373
48.851093,2.237373
48.850994,2.237462
48.850914,2.237549
48.85085,2.237692
48.850773,2.23781
48.850677,2.237847
48.850582,2.237846
48.85047,2.237815
48.85036,2.2378
48.850266,2.237799
48.850166,2.23779
48.85006,2.23776
48.84996,2.237733
48.84986,2.237681
48.84976,2.237654
48.849655,2.237623
48.84955,2.237591
48.849453,2.237549
48.84936,2.237518
48.849266,2.237482
48.84918,2.237436
48.84907,2.237396
48.848957,2.237377
48.848866,2.237366
48.848766,2.237346
48.848675,2.237321
48.848583,2.237288
48.848488,2.237262
48.848373,2.237236
48.848278,2.237205
48.848186,2.23718
48.848083,2.237162
48.84797,2.237159
48.847874,2.237135
48.84777,2.237095
48.84767,2.237054
48.84758,2.237036
48.847485,2.237013
48.84738,2.23698
48.84727,2.236972
48.847164,2.236932
48.847057,2.236914
48.846947,2.236904
48.846836,2.236884
48.84672,2.236893
48.846615,2.236915
48.846516,2.23693
48.8464,2.23694
48.8463,2.236956
48.846203,2.236965
48.846107,2.236964
48.846,2.237004
48.84575,2.237046
48.84566,2.237108
48.84558,2.237178
48.8454,2.23729
48.845295,2.237311
48.845196,2.237349
48.845093,2.237404
48.844997,2.237437
48.844906,2.237479
48.84481,2.23752
48.844715,2.237544
48.84461,2.237575
48.844517,2.237606
48.84433,2.237667
48.844242,2.237773
48.84416,2.237891
48.844074,2.237979
48.84397,2.23803
48.843864,2.238091
48.84375,2.238107
48.843655,2.238124
48.843563,2.238146
48.843468,2.238168
48.84337,2.238209
48.843254,2.238223
48.84316,2.238221
48.843056,2.238216
48.842957,2.238215
48.84286,2.238242
48.842773,2.238296
48.84268,2.238364
48.84259,2.238451
48.842506,2.238535
48.84241,2.238622
48.842316,2.238716
48.842213,2.238783
48.842113,2.238826
48.842026,2.238869
48.84194,2.238934
48.841843,2.239014
48.841755,2.239066
48.841656,2.239133
48.84155,2.239193
48.841465,2.239247
48.84127,2.239328
48.841175,2.239368
48.841064,2.239377
48.840958,2.239394
48.840847,2.239442
48.84075,2.239504
48.84064,2.239559
48.84053,2.239608
48.840427,2.239652
48.840347,2.239735
48.840263,2.239828
48.84016,2.239891
48.840065,2.239944
48.839954,2.240011
48.839867,2.240051
48.839775,2.240065
48.83974,2.239846
48.83877,2.240138
48.838863,2.240043
48.838947,2.239987
48.83904,2.239946
48.83915,2.239901
48.839268,2.239861
48.83938,2.239816
48.839466,2.239793
48.83952,2.239772
48.8396,2.239707
48.839695,2.239609
48.839794,2.239545
48.840076,2.239497
48.840343,2.239492
48.840466,2.239533
48.840565,2.239538
48.840656,2.239514
48.84077,2.239472
48.840862,2.239421
48.84096,2.239401
48.841034,2.239314
48.841053,2.239266
48.84113,2.239128
48.841236,2.239015
48.841335,2.238939
48.84143,2.238894
48.84154,2.238838
48.841633,2.238778
48.841732,2.238756
48.841797,2.238763
48.841892,2.238779
48.84199,2.23876
48.842083,2.238732
48.842186,2.238691
48.842285,2.238632
48.842365,2.238559
48.84245,2.238504
48.842712,2.238403
48.842712,2.238403
48.84283,2.238361
48.843025,2.238223
48.843227,2.238002
48.84353,2.237896
48.84366,2.237888
48.843773,2.237888
48.843872,2.237873
48.84398,2.237849
48.844078,2.237854
48.844185,2.237854
48.84428,2.237844
48.844395,2.23782
48.84442,2.237809
48.84451,2.23777
48.844673,2.237647
48.84477,2.237568
48.84485,2.237463
48.84488,2.237404
48.844936,2.237293
48.845005,2.237176
48.84505,2.237126
48.845135,2.237062
48.845257,2.237041
48.84536,2.237038
48.84545,2.237021
48.845566,2.236974
48.845665,2.2369
48.845764,2.236867
48.845863,2.236875
48.845974,2.236848
48.846054,2.236773
48.846153,2.236705
48.846176,2.236693
48.846226,2.236669
48.84632,2.236641
48.84643,2.236633
48.846542,2.236638
48.846653,2.236663
48.846752,2.236693
48.846863,2.236729
48.846954,2.236755
48.846977,2.236762
48.847088,2.236816
48.847183,2.236847
48.847275,2.236877
48.84738,2.23691
48.84749,2.236944
48.84759,2.236962
48.847694,2.236982
48.847816,2.237021
48.847908,2.237056
48.848034,2.237095
48.848133,2.237099
48.848225,2.237101
48.848324,2.237111
48.848427,2.23713
48.848522,2.237149
48.848633,2.237154
48.848694,2.237161
48.84876,2.237164
48.848896,2.237178
48.848995,2.237193
48.84909,2.237212
48.849182,2.237238
48.849255,2.237267
48.849316,2.237289
48.849422,2.237326
48.849533,2.237359
48.849636,2.237388
48.849724,2.237422
48.84982,2.237452
48.849922,2.23748
48.850018,2.237495
48.850098,2.237515
48.850155,2.237546
48.850277,2.237575
48.850376,2.237554
48.850475,2.237512
48.850517,2.237485
48.850742,2.237504
48.850758,2.237447
48.85083,2.237313
48.850872,2.237214
48.8509,2.23715
48.850933,2.237083
48.85097,2.237016
48.85104,2.236896
48.85111,2.236773
48.851173,2.236634
48.85121,2.236495
48.85126,2.236375
48.851334,2.23623
48.85135,2.236185
48.85138,2.236088
48.85141,2.235993
48.851433,2.2359
48.851444,2.235809
48.851448,2.235716
48.85146,2.235625
48.85147,2.235535
48.851482,2.235448
48.851482,2.235406
48.85149,2.235317
48.851498,2.235228
48.851505,2.235129
48.851517,2.235051
48.851532,2.234965
48.851547,2.234876
48.851566,2.23479
48.85158,2.234701
48.851597,2.234612
48.85161,2.234523
48.851624,2.234436
48.85164,2.234348
48.85165,2.234259
48.851665,2.234169
48.851685,2.23408
48.851704,2.233992
48.851723,2.233905
48.85174,2.233819
48.851765,2.233732
48.851772,2.233688
48.851795,2.233599
48.851814,2.233511
48.85183,2.233422
48.85184,2.23333
48.851852,2.23324
48.851864,2.233151
48.85188,2.233062
48.851894,2.232972
48.85191,2.232886
48.85193,2.232802
48.851948,2.23272
48.85197,2.23264
48.851994,2.232558
48.852013,2.232473
48.85203,2.232391
48.85205,2.23231
48.852074,2.232231
48.852097,2.232154
48.852123,2.232075
48.852146,2.231996
48.852173,2.231918
48.852196,2.23184
48.85222,2.231761
48.85224,2.231681
48.85227,2.231602
48.852295,2.231524
48.852325,2.231446
48.852352,2.231368
48.85238,2.23129
48.852406,2.231214
48.852436,2.231142
48.852467,2.231071
48.8525,2.231001
48.852535,2.230932
48.852573,2.230866
48.852592,2.230832
48.85263,2.230769
48.852715,2.230647
48.852764,2.230588
48.852818,2.230534
48.852875,2.230482
48.85293,2.230425
48.85298,2.230361
48.853004,2.230328
48.853058,2.230268
48.85311,2.230217
48.85316,2.230172
48.85321,2.230126
48.85326,2.23008
48.85331,2.230034
48.853355,2.229986
48.853397,2.229935
48.853443,2.229887
48.853462,2.229864
48.853508,2.229822
48.853596,2.229738
48.853683,2.229647
48.853775,2.229544
48.853798,2.229516
48.853844,2.229461
48.85389,2.229412
48.85394,2.229366
48.85399,2.229323
48.854042,2.229283
48.85409,2.229241
48.85414,2.229197
48.85419,2.229155
48.854244,2.229121
48.8543,2.229094
48.854355,2.229068
48.85441,2.229041
48.854515,2.228994
48.85457,2.228969
48.854618,2.228949
48.85467,2.22893
48.854725,2.228914
48.85483,2.228875
48.85491,2.228842
48.854965,2.228824
48.85502,2.228808
48.855125,2.228774
48.8552,2.228748
48.855255,2.228736
48.855366,2.228714
48.85548,2.228683
48.855595,2.22865
48.855705,2.228623
48.85581,2.228595
48.85592,2.228557
48.855976,2.228542
48.856037,2.228534
48.856094,2.228529
48.856155,2.228527
48.856247,2.228531
48.85636,2.228527
48.85642,2.228521
48.856525,2.228512
48.856632,2.228504
48.856632,2.228504
48.856686,2.228497
48.856777,2.228454
48.85682,2.228427
48.856903,2.228407
48.85697,2.228413
48.857105,2.228438
48.857224,2.228468
48.857327,2.228487
48.8574,2.228502
48.857468,2.228518
48.85753,2.228536
48.85759,2.228568
48.85765,2.228606
48.85771,2.228641
48.857773,2.22867
48.857826,2.228697
48.857883,2.228723
48.857937,2.228744
48.857994,2.228764
48.85805,2.228782
48.85811,2.2288
48.858166,2.228819
48.85822,2.228839
48.858273,2.22886
48.85833,2.22888
48.858383,2.228901
48.858437,2.228923
48.858494,2.228945
48.858547,2.228963
48.858604,2.228987
48.858658,2.22901
48.858715,2.229038
48.858776,2.229075
48.858807,2.229089
48.858868,2.229116
48.858925,2.229149
48.85898,2.229183
48.859035,2.229216
48.859093,2.229245
48.85915,2.229273
48.859207,2.229298
48.85927,2.229324
48.85932,2.22935
48.85938,2.229377
48.859432,2.229403
48.85949,2.229429
48.859547,2.229455
48.8596,2.229478
48.859657,2.229502
48.859715,2.229528
48.85977,2.229552
48.85983,2.229576
48.859886,2.2296
48.859943,2.229619
48.86,2.229635
48.860058,2.229649
48.860115,2.229664
48.860172,2.229684
48.860226,2.229704
48.860283,2.229724
48.86034,2.229746
48.860394,2.229768
48.86045,2.229788
48.860474,2.229797
48.86053,2.229815
48.860584,2.229832
48.860638,2.229847
48.86069,2.229859
48.860744,2.229872
48.8608,2.229889
48.86083,2.229899
48.86088,2.229921
48.86093,2.229945
48.860985,2.229971
48.861034,2.229997
48.861084,2.230024
48.86119,2.230075
48.861244,2.230101
48.8613,2.230133
48.861355,2.23017
48.861412,2.230202
48.861473,2.230233
48.861538,2.230269
48.861588,2.230294
48.861637,2.230318
48.861687,2.230343
48.861736,2.230366
48.86179,2.230389
48.861843,2.230414
48.861893,2.230441
48.861942,2.230465
48.86199,2.230488
48.86204,2.230511
48.862144,2.230556
48.86224,2.230599
48.86233,2.230636
48.862427,2.23068
48.86252,2.230739
48.862614,2.230808
48.862705,2.230895
48.86281,2.230998
48.862892,2.231074
48.862953,2.231125
48.86305,2.23121
48.863132,2.231312
48.86319,2.231423
48.863243,2.231549
48.863297,2.231663
48.86336,2.231802
48.863422,2.231942
48.863472,2.232087
48.863506,2.232171
48.863556,2.232311
48.86361,2.232456
48.863647,2.232544
48.863705,2.232667
48.863758,2.232781
48.863777,2.232821
48.86384,2.232948
48.863895,2.233076
48.863953,2.233205
48.86401,2.233366
48.864063,2.233512
48.86412,2.233679
48.864166,2.233848
48.86421,2.233997
48.864243,2.234143
48.86426,2.234297
48.86426,2.234438
48.864265,2.234558
48.864273,2.234629
48.864304,2.234768
48.864334,2.234916
48.86436,2.235084
48.864376,2.235494
48.864365,2.235602
48.864315,2.235756
48.86423,2.235905
48.864155,2.236007
48.86411,2.236058
48.864025,2.236153
48.863926,2.236275
48.86385,2.236388
48.863777,2.236493
48.86371,2.236597
48.863636,2.23669
48.863564,2.236779
48.863487,2.236867
48.863464,2.236896
48.86342,2.23695
48.863377,2.237004
48.86334,2.237055
48.86328,2.237115
48.863228,2.237175
48.86316,2.237253
48.86311,2.23731
48.863026,2.2374
48.86299,2.237429
48.86293,2.237485
48.862858,2.237569
48.862816,2.237623
48.86278,2.237678
48.862713,2.237775
48.862625,2.237884
48.86251,2.237944
48.862396,2.237953
48.862297,2.237942
48.862206,2.23793
48.862114,2.23792
48.862022,2.237909
48.861927,2.23789
48.86186,2.237872
48.861794,2.237848
48.861702,2.23781
48.86165,2.237784
48.861595,2.237755
48.86154,2.237729
48.86143,2.237681
48.861317,2.237637
48.861214,2.237587
48.861115,2.237536
48.861008,2.237491
48.860897,2.237431
48.860783,2.237382
48.860672,2.237339
48.860565,2.237288
48.86046,2.237246
48.86035,2.237203
48.86024,2.237157
48.860188,2.237132
48.860134,2.237111
48.86008,2.237091
48.860027,2.237071
48.859924,2.23704
48.85982,2.237022
48.85972,2.237001
48.859608,2.236985
48.859493,2.236993
48.859463,2.236998
48.859406,2.237007
48.85929,2.237021
48.859207,2.237031
48.859154,2.237033
48.859055,2.237033
48.859,2.237024
48.858944,2.23702
48.858887,2.237018
48.858795,2.237018
48.858765,2.237023
48.858707,2.237039
48.85865,2.237058
48.85854,2.237082
48.858418,2.23711
48.858322,2.237149
48.85826,2.237176
48.85816,2.237197
48.85805,2.237223
48.858,2.237224
48.857944,2.237231
48.857834,2.237248
48.857777,2.237253
48.857723,2.237264
48.857613,2.237289
48.857586,2.237295
48.857533,2.237308
48.85748,2.237322
48.857426,2.237335
48.857372,2.237348
48.85732,2.237361
48.85721,2.23738
48.85718,2.237384
48.857124,2.237393
48.857014,2.237416
48.856956,2.237429
48.856903,2.237444
48.85679,2.23747
48.856678,2.237494
48.85665,2.237499
48.856544,2.237522
48.85645,2.237542
48.85638,2.237554
48.856316,2.237561
48.856255,2.237569
48.8562,2.237574
48.856094,2.237576
48.855988,2.237582
48.855877,2.237598
48.855766,2.237614
48.855713,2.237616
48.855656,2.23762
48.855602,2.237627
48.85555,2.237628
48.85549,2.237625
48.85544,2.237623
48.85533,2.237621
48.85522,2.237614
48.85511,2.237608
48.855,2.237599
48.85489,2.237581
48.854782,2.23757
48.85467,2.237545
48.85458,2.23753
48.854523,2.237527
48.854465,2.237522
48.854412,2.237514
48.854385,2.237508
48.854332,2.237497
48.85428,2.237483
48.85416,2.23746
48.854134,2.237454
48.854076,2.23744
48.854023,2.237422
48.853973,2.237403
48.853867,2.237367
48.853767,2.237329
48.853695,2.237296
48.85364,2.237279
48.853596,2.23726
48.853542,2.237242
48.85349,2.23722
48.85343,2.237204
48.853325,2.237171
48.853218,2.237137
48.853107,2.23709
48.85302,2.237045
48.852905,2.237002
48.852795,2.236962
48.852764,2.236952
48.85271,2.236937
48.85265,2.236922
48.85259,2.236911
48.85253,2.2369
48.85244,2.236884
48.852325,2.236869
48.85227,2.236866
48.852154,2.236854
48.8521,2.236849
48.852043,2.23684
48.851986,2.236826
48.851902,2.23681
48.85185,2.236798
48.851734,2.236751
48.851646,2.236701
48.85157,2.236644
48.851536,2.236585
48.851482,2.236458
48.851425,2.236287
48.85137,2.236107
48.85135,2.235942
48.85136,2.23577
48.85138,2.235622
48.851383,2.235576
48.85139,2.235477
48.851402,2.235337
48.85141,2.235249
48.851418,2.235163
48.85142,2.235076
48.851425,2.234988
48.851448,2.234852
48.85147,2.234756
48.851494,2.234663
48.851513,2.234532
48.85153,2.23444
48.851555,2.2343
48.85157,2.234205
48.851593,2.234108
48.851612,2.23402
48.85163,2.233934
48.85165,2.233849
48.85167,2.233721
48.851685,2.233632
48.851696,2.233545
48.85171,2.233459
48.85173,2.233372
48.85175,2.233288
48.851784,2.233128
48.85181,2.233009
48.85183,2.232926
48.851845,2.232845
48.851868,2.232765
48.851887,2.232685
48.851906,2.232601
48.851925,2.232518
48.851948,2.232433
48.851967,2.23235
48.851986,2.232271
48.852005,2.232194
48.852036,2.232076
48.852055,2.231991
48.852074,2.231907
48.852097,2.231822
48.852104,2.231782
48.852123,2.231701
48.852142,2.231618
48.85216,2.231538
48.85219,2.23146
48.852238,2.231312
48.852264,2.23124
48.852287,2.231171
48.85235,2.231033
48.85241,2.23089
48.852486,2.230756
48.85256,2.230662
48.852634,2.230565
48.852707,2.230468
48.85278,2.230376
48.85282,2.23032
48.85287,2.230266
48.852913,2.230207
48.85296,2.23015
48.85301,2.230104
48.853058,2.230064
48.853085,2.230046
48.85313,2.229998
48.853157,2.229975
48.853207,2.229925
48.853256,2.229882
48.853306,2.22984
48.853355,2.229798
48.853428,2.229732
48.85347,2.229683
48.853516,2.229635
48.853607,2.229537
48.85368,2.229465
48.853725,2.229417
48.853813,2.229319
48.853912,2.22923
48.854008,2.229147
48.854057,2.229108
48.85416,2.22904
48.854225,2.229021
48.85429,2.229006
48.85438,2.228982
48.854485,2.228937
48.85451,2.228924
48.85456,2.228899
48.854664,2.228848
48.854763,2.228803
48.854836,2.228774
48.854885,2.228761
48.854984,2.228739
48.85509,2.228703
48.855198,2.228664
48.855305,2.228627
48.85541,2.228597
48.855515,2.228567
48.855618,2.228532
48.855717,2.228498
48.855816,2.228459
48.85592,2.228415
48.85601,2.2284
48.856106,2.228408
48.856197,2.228427
48.85631,2.228447
48.85642,2.228466
48.85652,2.228481
48.85657,2.22848
48.856625,2.228464
48.856678,2.228442
48.85678,2.228414
48.85683,2.228406
48.856937,2.228396
48.857044,2.228393
48.85715,2.22841
48.85726,2.228429
48.85738,2.228439
48.857494,2.228463
48.857594,2.228506
48.857693,2.22855
48.85779,2.228591
48.857883,2.228625
48.85799,2.228667
48.858097,2.228698
48.858204,2.22873
48.858315,2.228753
48.85843,2.228773
48.85854,2.228807
48.85864,2.228845
48.85874,2.228898
48.85885,2.228945
48.85895,2.229017
48.85898,2.229032
48.859028,2.229062
48.85908,2.229088
48.859188,2.229133
48.859215,2.229143
48.85927,2.229161
48.85932,2.229182
48.85937,2.229203
48.859425,2.229225
48.859528,2.229265
48.85963,2.229298
48.859684,2.229314
48.859737,2.229332
48.859844,2.229368
48.85995,2.229402
48.860004,2.229421
48.86003,2.22943
48.86009,2.229446
48.86014,2.229463
48.860195,2.229479
48.86028,2.229503
48.860332,2.229518
48.860386,2.229535
48.86044,2.229555
48.860546,2.229599
48.8606,2.229621
48.860703,2.22966
48.860806,2.229698
48.860897,2.229743
48.861008,2.229778
48.861115,2.229821
48.86121,2.229854
48.86126,2.22988
48.86136,2.229933
48.86146,2.230007
48.861546,2.230068
48.86163,2.230126
48.86171,2.230197
48.86176,2.230245
48.861862,2.23032
48.86196,2.230373
48.862057,2.230422
48.86215,2.230472
48.86224,2.230511
48.862328,2.230551
48.86241,2.230598
48.862495,2.230659
48.86259,2.230739
48.862633,2.230785
48.862705,2.230882
48.862778,2.230969
48.862858,2.23107
48.862926,2.231185
48.862995,2.231294
48.86307,2.231432
48.86314,2.231548
48.86321,2.231645
48.863293,2.231762
48.86337,2.231881
48.863426,2.232001
48.863476,2.232117
48.86353,2.23225
48.863583,2.232394
48.86359,2.232551
48.86363,2.232686
48.863705,2.232811
48.863792,2.232949
48.86387,2.233077
48.863937,2.233191
48.86399,2.233321
48.864002,2.23337
48.86404,2.23353
48.86408,2.233688
48.864113,2.233828
48.864136,2.233994
48.864143,2.234179
48.86414,2.234339
48.864124,2.234515
48.86413,2.234676
48.86416,2.234807
48.86418,2.234959
48.86418,2.235127
48.86417,2.235304
48.86415,2.235526
48.86411,2.235666
48.864048,2.235843
48.863983,2.235992
48.863907,2.236126
48.863834,2.236247
48.86377,2.236349
48.863705,2.23645
48.863644,2.236548
48.86357,2.236641
48.863544,2.23667
48.8635,2.236724
48.86345,2.236774
48.863403,2.236825
48.86338,2.236851
48.86334,2.236901
48.863293,2.23695
48.863205,2.237041
48.863113,2.237117
48.86303,2.237219
48.862965,2.237331
48.862926,2.237387
48.862907,2.237416
48.86287,2.237474
48.862785,2.237576
48.86272,2.237644
48.862682,2.23769
48.862644,2.237737
48.862602,2.237779
48.86255,2.237836
48.862473,2.237911
48.862362,2.237955
48.862263,2.237975
48.86223,2.237977
48.862164,2.237975
48.8621,2.237975
48.86204,2.237975
48.862015,2.237975
48.86196,2.237972
48.86191,2.237964
48.861862,2.237955
48.861816,2.237943
48.861767,2.237922
48.861713,2.237895
48.861664,2.237867
48.86161,2.237839
48.86156,2.237813
48.86147,2.237765
48.86138,2.237708
48.861294,2.237654
48.86119,2.237599
48.861095,2.237543
48.861,2.237492
48.860905,2.237445
48.86081,2.237391
48.86071,2.23735
48.860607,2.237314
48.860497,2.237264
48.8604,2.23723
48.860287,2.237203
48.86018,2.237169
48.860077,2.237134
48.860027,2.237118
48.859932,2.237093
48.859886,2.237084
48.859818,2.237067
48.85977,2.237057
48.859653,2.237031
48.85959,2.237023
48.859554,2.237019
48.85949,2.237005
48.859425,2.236996
48.859364,2.236985
48.85931,2.236978
48.859203,2.236965
48.859154,2.236958
48.8591,2.236954
48.859055,2.236964
48.85901,2.236969
48.858913,2.236992
48.85889,2.236994
48.858837,2.236995
48.85881,2.236997
48.8587,2.237008
48.858643,2.237016
48.858536,2.237035
48.85848,2.23705
48.858425,2.237062
48.85837,2.237076
48.858265,2.237098
48.858185,2.237123
48.858128,2.237133
48.85802,2.237158
48.85791,2.237187
48.857826,2.237201
48.85778,2.237221
48.857758,2.23723
48.857704,2.237246
48.85763,2.237265
48.857582,2.237274
48.85751,2.237295
48.857464,2.237312
48.857414,2.237325
48.85736,2.237337
48.85731,2.237345
48.85726,2.237354
48.857212,2.237363
48.857162,2.237372
48.85711,2.237382
48.857056,2.237396
48.856956,2.237425
48.856907,2.237439
48.856857,2.237454
48.856834,2.23746
48.856785,2.237471
48.856762,2.237475
48.85671,2.237482
48.8566,2.237493
48.856503,2.237513
48.856445,2.237527
48.85642,2.237533
48.856358,2.237547
48.85633,2.237553
48.856274,2.237563
48.856216,2.237568
48.856113,2.237558
48.856064,2.237555
48.856018,2.23755
48.85597,2.237549
48.855946,2.237548
48.855896,2.237547
48.85585,2.23755
48.85575,2.237547
48.855644,2.237551
48.85555,2.237561
48.855453,2.237566
48.85536,2.237563
48.855328,2.237562
48.85527,2.237554
48.855213,2.23754
48.85516,2.23753
48.855103,2.237528
48.85505,2.237527
48.85497,2.237513
48.85491,2.2375
48.854855,2.237493
48.8548,2.237499
48.854717,2.2375
48.854664,2.237497
48.854603,2.237494
48.854546,2.237487
48.85449,2.237478
48.85443,2.237464
48.854374,2.237447
48.854317,2.237436
48.854263,2.237419
48.85421,2.237405
48.854156,2.237394
48.85413,2.237388
48.85408,2.237371
48.854027,2.237354
48.853924,2.237321
48.85382,2.237289
48.85377,2.237274
48.85372,2.237254
48.8537,2.237245
48.85365,2.237228
48.853542,2.237201
48.85343,2.23716
48.8534,2.23715
48.853344,2.237133
48.853252,2.2371
48.85316,2.237058
48.85313,2.237044
48.853065,2.237021
48.853035,2.237011
48.852978,2.236989
48.852917,2.236968
48.85286,2.236948
48.852802,2.236936
48.85275,2.236924
48.852642,2.236899
48.85259,2.236889
48.852535,2.236888
48.852425,2.236888
48.852333,2.236861
48.852276,2.236854
48.85222,2.236851
48.852165,2.236852
48.85211,2.236863
48.852062,2.236878
48.85201,2.236889
48.85194,2.236902
48.851894,2.236917
48.851795,2.23696
48.851746,2.236983
48.85164,2.237032
48.851585,2.237049
48.85153,2.237058
48.851467,2.237071
48.851414,2.23709
48.851368,2.23711
48.85132,2.237133
48.851276,2.237171
48.851234,2.23721
48.85121,2.237226
48.85117,2.237262
48.85108,2.237326
48.851036,2.237366
48.850994,2.237412
48.850925,2.237512
48.850864,2.23763
48.85079,2.237733
48.85068,2.237781
48.850586,2.237776
48.85052,2.237759
48.850468,2.237736
48.85038,2.237701
48.85027,2.237679
48.850166,2.237662
48.850075,2.237636
48.849983,2.237618
48.849865,2.237602
48.849754,2.237582
48.84965,2.237568
48.849556,2.23756
48.849457,2.237547
48.849342,2.237521
48.84923,2.237487
48.84914,2.237458
48.849045,2.237432
48.848934,2.2374
48.84882,2.237366
48.848724,2.237344
48.84863,2.237327
48.848526,2.237307
48.848415,2.237294
48.84833,2.237277
48.848274,2.237267
48.848248,2.237263
48.848198,2.237255
48.8481,2.237236
48.84799,2.23722
48.847885,2.237197
48.84779,2.237171
48.847683,2.237146
48.84757,2.237125
48.84747,2.237106
48.84736,2.23708
48.847256,2.237066
48.84716,2.237052
48.84707,2.237028
48.84698,2.23701
48.846928,2.236997
48.846878,2.236982
48.846775,2.236966
48.846664,2.236972
48.846565,2.236977
48.846462,2.236988
48.84644,2.236991
48.84639,2.237
48.846283,2.237015
48.846176,2.237035
48.846123,2.237046
48.846012,2.237065
48.845913,2.237049
48.845818,2.237075
48.845715,2.23712
48.84561,2.237159
48.84552,2.237185
48.845417,2.237199
48.84532,2.23721
48.845215,2.237243
48.845104,2.237288
48.845005,2.23731
48.844906,2.23739
48.84483,2.237463
48.844738,2.23752
48.844627,2.237572
48.844517,2.237601
48.84444,2.237621
48.84436,2.237705
48.84426,2.237772
48.844173,2.237839
48.844116,2.237868
48.844006,2.237912
48.843895,2.237967
48.84381,2.238021
48.84371,2.238074
48.843605,2.238129
48.843506,2.238163
48.84341,2.238208
48.843315,2.238239
48.843216,2.23826
48.84317,2.238274
48.843082,2.2383
48.842983,2.23834
48.842896,2.238394
48.842796,2.238487
48.842693,2.238575
48.842606,2.238635
48.842518,2.238683
48.842403,2.23874
48.8423,2.238785
48.842213,2.238832
48.842125,2.238878
48.84203,2.238906
48.84193,2.238969
48.841835,2.239034
48.841736,2.239099
48.841644,2.23916
48.84154,2.23923
48.841442,2.239281
48.841343,2.239305
48.841248,2.23931
48.841145,2.239332
48.84103,2.23938
48.84092,2.239452
48.840805,2.239529
48.840626,2.239619
48.840523,2.239668
48.840435,2.239714
48.840324,2.23978
48.840233,2.239824
48.840137,2.239871
48.840054,2.239931
48.839966,2.239975
48.839867,2.240013
48.839756,2.240052
48.83963,2.240058
48.83952,2.240033
48.839462,2.240028
48.83768,2.23951
48.837692,2.239546
48.837692,2.239631
48.837677,2.239798
48.837727,2.239909
48.83783,2.240165
48.8379,2.240264
48.83801,2.240303
48.8382,2.240229
48.838295,2.24017
48.838474,2.240118
48.83858,2.240096
48.83869,2.240066
48.8388,2.240049
48.838898,2.240025
48.838997,2.239999
48.839027,2.239994
48.839123,2.239982
48.839214,2.239944
48.839306,2.239908
48.83941,2.239899
48.83951,2.239838
48.83962,2.239728
48.839664,2.239603
48.83974,2.239513
48.840008,2.23962
48.840115,2.239625
48.840237,2.239597
48.840534,2.239534
48.840572,2.239531
48.840668,2.239503
48.840755,2.23947
48.840847,2.239445
48.840935,2.239401
48.841045,2.239353
48.841133,2.239308
48.841225,2.239274
48.84132,2.239245
48.84135,2.239221
48.84145,2.239176
48.841537,2.239121
48.841633,2.239066
48.84173,2.239034
48.841797,2.238926
48.84186,2.238779
48.84193,2.238687
48.842052,2.238686
48.84216,2.238726
48.842255,2.238758
48.842354,2.238708
48.84246,2.238663
48.84255,2.238623
48.84266,2.238553
48.842766,2.238485
48.84287,2.238442
48.842968,2.238385
48.843124,2.238302
48.843327,2.238145
48.843372,2.237985
48.843445,2.237894
48.843555,2.237868
48.84364,2.237845
48.843735,2.237833
48.84384,2.23782
48.843964,2.237788
48.844074,2.237763
48.844204,2.23777
48.84432,2.237785
48.844414,2.237781
48.844498,2.237762
48.84455,2.237748
48.844666,2.237699
48.84482,2.237542
48.84485,2.237518
48.84492,2.237377
48.845016,2.237284
48.84511,2.237266
48.845207,2.237247
48.84532,2.237222
48.845383,2.237212
48.84547,2.237192
48.84558,2.23716
48.845654,2.237041
48.845737,2.236905
48.84582,2.236789
48.84592,2.236748
48.84602,2.236697
48.84611,2.236662
48.846203,2.236646
48.846313,2.236664
48.846436,2.236657
48.846493,2.236647
48.8466,2.236642
48.846687,2.236662
48.846786,2.236696
48.846878,2.23672
48.846985,2.236758
48.847076,2.236804
48.847164,2.236845
48.847267,2.236889
48.847363,2.236925
48.847473,2.23696
48.847576,2.236997
48.847668,2.237035
48.847755,2.23707
48.847862,2.237114
48.847958,2.237149
48.84806,2.237179
48.848156,2.237187
48.848255,2.237173
48.848354,2.237172
48.848457,2.237192
48.84855,2.237217
48.84864,2.237244
48.8487,2.237261
48.84877,2.237272
48.848835,2.237281
48.848934,2.237299
48.84905,2.237323
48.84916,2.237341
48.84926,2.237356
48.849373,2.237376
48.849426,2.237388
48.849518,2.237404
48.84962,2.237438
48.84971,2.237487
48.84981,2.237549
48.849884,2.237582
48.85,2.237623
48.850094,2.237666
48.85018,2.237676
48.85023,2.237681
48.85031,2.237618
48.85031,2.237618
48.850365,2.237607
48.850426,2.237632
48.850517,2.237678
48.85057,2.237687
48.85062,2.237676
48.85067,2.23764
48.85074,2.237549
48.85078,2.237477
48.85082,2.237403
48.85085,2.23733
48.85087,2.237257
48.85089,2.23718
48.850903,2.237142
48.850925,2.237068
48.850986,2.236939
48.851048,2.236824
48.851105,2.2367
48.85117,2.236566
48.85123,2.236441
48.851242,2.236412
48.851494,2.235222
48.851498,2.235168
48.851505,2.235091
48.851513,2.234999
48.85152,2.234896
48.851532,2.234793
48.85154,2.234698
48.851543,2.234611
48.851562,2.23452
48.85157,2.234478
48.851585,2.234386
48.8516,2.234284
48.851612,2.234179
48.851627,2.234077
48.85164,2.233978
48.851654,2.233879
48.85166,2.233832
48.85168,2.233738
48.8517,2.233647
48.851715,2.23356
48.851723,2.233517
48.851738,2.233431
48.851753,2.233347
48.85179,2.233178
48.85181,2.233094
48.851837,2.232972
48.85186,2.23289
48.85188,2.232805
48.8519,2.232721
48.851917,2.232638
48.85196,2.232472
48.851994,2.232344
48.852036,2.23221
48.85205,2.232165
48.852077,2.23208
48.852104,2.231994
48.852135,2.231908
48.85216,2.231825
48.852192,2.231742
48.852222,2.23166
48.852253,2.231577
48.85227,2.231536
48.8523,2.231453
48.852333,2.231372
48.852364,2.231294
48.852394,2.231219
48.85242,2.231143
48.85245,2.231067
48.85248,2.23099
48.85253,2.230876
48.852592,2.230765
48.852657,2.230662
48.8527,2.230595
48.85274,2.230526
48.852764,2.230492
48.85281,2.230424
48.852856,2.230361
48.85293,2.230269
48.852978,2.230209
48.853027,2.230152
48.853073,2.230098
48.853123,2.230047
48.85315,2.230022
48.85319,2.229971
48.853237,2.229924
48.85328,2.229881
48.85336,2.22979
48.8534,2.22975
48.85348,2.229666
48.85357,2.229587
48.85367,2.229493
48.853767,2.229395
48.853867,2.229308
48.85392,2.229272
48.853973,2.229238
48.85408,2.229171
48.854156,2.22912
48.854206,2.229089
48.85431,2.229027
48.854416,2.228968
48.8545,2.228932
48.854557,2.228907
48.854645,2.228873
48.85475,2.228828
48.85486,2.228792
48.854916,2.228781
48.854977,2.228769
48.855038,2.228756
48.8551,2.228739
48.85521,2.228708
48.855297,2.22869
48.85535,2.228676
48.85546,2.228642
48.855576,2.22862
48.85563,2.228609
48.855736,2.228584
48.855812,2.228562
48.855865,2.228554
48.855972,2.228539
48.856083,2.228516
48.85611,2.228515
48.856167,2.228519
48.856224,2.228523
48.856327,2.228508
48.856434,2.228497
48.856457,2.228496
48.856506,2.228494
48.85661,2.228487
48.856712,2.228486
48.856827,2.228491
48.85693,2.228501
48.857037,2.228506
48.857143,2.228518
48.85725,2.228527
48.85736,2.228536
48.857468,2.228561
48.857574,2.228585
48.85768,2.228612
48.857784,2.228643
48.857887,2.228682
48.858,2.228717
48.85809,2.228741
48.858147,2.228756
48.85826,2.228791
48.858364,2.228832
48.858467,2.228878
48.858562,2.228923
48.858585,2.228934
48.858646,2.228969
48.858738,2.229023
48.85881,2.22906
48.858856,2.229082
48.858883,2.229093
48.85893,2.229114
48.85902,2.229157
48.85911,2.229195
48.859207,2.229229
48.85926,2.22924
48.85931,2.229258
48.85942,2.229307
48.85951,2.229345
48.859562,2.229371
48.859676,2.229408
48.859787,2.229437
48.85984,2.229448
48.859894,2.229467
48.85994,2.229485
48.85999,2.229503
48.86002,2.229517
48.860077,2.229541
48.86009,2.229546
48.86015,2.229567
48.860195,2.229582
48.86022,2.229589
48.86028,2.229603
48.860336,2.229625
48.860394,2.229647
48.8605,2.229692
48.86061,2.22975
48.860714,2.229802
48.86082,2.229859
48.86093,2.229915
48.861023,2.229948
48.861115,2.229999
48.861202,2.230066
48.8613,2.230167
48.86139,2.230255
48.86142,2.230277
48.86148,2.230314
48.861538,2.230345
48.861595,2.230372
48.861656,2.2304
48.861717,2.23043
48.86178,2.230457
48.861835,2.230486
48.861893,2.230513
48.86195,2.230536
48.862007,2.230557
48.862064,2.230574
48.86212,2.230592
48.86217,2.230611
48.862225,2.230632
48.862274,2.230656
48.862324,2.230681
48.86242,2.230742
48.86251,2.23081
48.862602,2.230878
48.862694,2.230952
48.862774,2.23104
48.86285,2.231143
48.86293,2.231242
48.863007,2.231345
48.863075,2.231441
48.86314,2.231539
48.863197,2.231641
48.863235,2.231704
48.86331,2.231831
48.863384,2.231963
48.863457,2.232106
48.863472,2.232144
48.863503,2.232222
48.863556,2.232381
48.863598,2.232512
48.863636,2.232635
48.863705,2.232785
48.86373,2.232854
48.863758,2.232921
48.86378,2.232989
48.863823,2.233135
48.86387,2.233291
48.863895,2.233363
48.863956,2.233498
48.86401,2.233639
48.864037,2.233817
48.864048,2.23396
48.86405,2.234004
48.86406,2.234093
48.864067,2.234228
48.864075,2.234318
48.86408,2.234406
48.864082,2.234491
48.864098,2.23466
48.8641,2.234791
48.8641,2.234877
48.864105,2.234961
48.864105,2.235045
48.86411,2.235128
48.86411,2.235293
48.86411,2.235333
48.864105,2.235411
48.864094,2.235565
48.86407,2.235723
48.86403,2.235883
48.864006,2.235939
48.86397,2.236015
48.863903,2.236152
48.863884,2.236189
48.86385,2.236265
48.86378,2.236403
48.863747,2.236467
48.863712,2.236528
48.863674,2.236586
48.863636,2.236643
48.863598,2.2367
48.863556,2.236755
48.863514,2.236809
48.863476,2.236861
48.863434,2.236912
48.86339,2.236961
48.863308,2.237061
48.863235,2.237155
48.863213,2.237197
48.86319,2.237257
48.8631,2.237363
48.863056,2.237411
48.863014,2.237459
48.862934,2.237555
48.862892,2.237601
48.86284,2.237669
48.862797,2.237716
48.862713,2.237794
48.862675,2.23784
48.862667,2.237843
48.86262,2.237873
48.862522,2.237943
48.862423,2.237933
48.862305,2.237917
48.862198,2.237892
48.862083,2.237863
48.862022,2.237844
48.861965,2.237824
48.861904,2.237806
48.861843,2.237785
48.861786,2.237758
48.861675,2.237702
48.861565,2.237638
48.861507,2.237609
48.86145,2.237583
48.861393,2.237557
48.861286,2.237506
48.861176,2.237449
48.86107,2.237399
48.86095,2.237361
48.860863,2.237324
48.86075,2.237282
48.860638,2.23724
48.86053,2.237198
48.860477,2.237175
48.86045,2.237166
48.86039,2.237152
48.860363,2.237144
48.860306,2.237128
48.86022,2.237099
48.86017,2.237078
48.860096,2.237052
48.860046,2.237038
48.85995,2.237013
48.85986,2.236994
48.859768,2.236974
48.859665,2.236959
48.85956,2.236951
48.85945,2.236951
48.859352,2.23695
48.859303,2.236951
48.859257,2.236953
48.859165,2.236963
48.859066,2.236979
48.858963,2.236996
48.85886,2.237017
48.858746,2.237041
48.85863,2.237071
48.858517,2.237101
48.858406,2.237135
48.858265,2.237172
48.858162,2.237188
48.858055,2.237208
48.857944,2.237224
48.857834,2.237246
48.857723,2.237266
48.85762,2.237273
48.857517,2.237281
48.85741,2.237301
48.857307,2.237322
48.8572,2.237341
48.857094,2.237364
48.85704,2.237379
48.85699,2.237399
48.85694,2.237412
48.856842,2.237444
48.85675,2.237471
48.85665,2.237502
48.856544,2.237538
48.85643,2.237543
48.85634,2.237539
48.856274,2.23754
48.856213,2.237539
48.856155,2.23754
48.8561,2.237542
48.855988,2.237551
48.85588,2.23755
48.855827,2.237547
48.85573,2.237544
48.85562,2.237549
48.85551,2.237553
48.855396,2.237551
48.85531,2.23755
48.85525,2.237547
48.855137,2.237535
48.855038,2.237509
48.854935,2.237491
48.854824,2.237471
48.85471,2.237456
48.85468,2.237447
48.85461,2.237438
48.854515,2.237436
48.854424,2.237426
48.854305,2.237406
48.854195,2.237386
48.854088,2.237355
48.85398,2.237324
48.853928,2.237305
48.85387,2.237287
48.85379,2.237256
48.853737,2.237238
48.853687,2.237219
48.853638,2.237193
48.85354,2.237143
48.853436,2.237094
48.853325,2.237055
48.853264,2.237032
48.853203,2.237009
48.853107,2.236972
48.853012,2.236938
48.85295,2.236921
48.852833,2.236889
48.85278,2.236873
48.852726,2.236857
48.852673,2.236845
48.852623,2.236836
48.852596,2.23683
48.852543,2.236824
48.85252,2.236822
48.852467,2.236817
48.852413,2.236811
48.852364,2.236808
48.852337,2.236807
48.852283,2.236812
48.85223,2.236817
48.852123,2.236833
48.852097,2.236841
48.852043,2.236856
48.851963,2.236882
48.851906,2.236904
48.851852,2.236928
48.8518,2.236952
48.851753,2.236972
48.85169,2.237003
48.851643,2.237024
48.851593,2.237036
48.851543,2.23702
48.85149,2.237023
48.851444,2.237045
48.851357,2.237137
48.851276,2.237249
48.851192,2.237321
48.85111,2.237389
48.85103,2.237478
48.850975,2.237591
48.850906,2.237698
48.85082,2.237768
48.850704,2.237764
48.850613,2.237741
48.85051,2.237716
48.850437,2.237702
48.85039,2.237692
48.85036,2.237692
48.85031,2.237768
48.85024,2.237892
48.850147,2.237932
48.850033,2.237919
48.849922,2.237908
48.849823,2.237899
48.849728,2.237854
48.84964,2.237771
48.849613,2.237737
48.849567,2.237694
48.849476,2.237656
48.849384,2.237648
48.849293,2.23764
48.849197,2.237622
48.849194,2.2375
48.84917,2.237434
48.849064,2.237438
48.84898,2.237422
48.848927,2.237408
48.848827,2.237388
48.84878,2.237381
48.848713,2.237368
48.84869,2.237361
48.84864,2.237347
48.84855,2.237324
48.848522,2.237318
48.848476,2.237305
48.848415,2.237284
48.848316,2.237255
48.848293,2.237252
48.848225,2.237237
48.84813,2.23721
48.848026,2.237178
48.847916,2.237149
48.847813,2.23712
48.847713,2.237097
48.84762,2.237075
48.847515,2.237057
48.84742,2.237057
48.84737,2.237049
48.84733,2.23704
48.847275,2.237033
48.847157,2.237011
48.847046,2.236984
48.84693,2.236967
48.84684,2.236967
48.846725,2.236945
48.846622,2.236919
48.846527,2.236924
48.84642,2.236941
48.84633,2.236959
48.846237,2.236977
48.846146,2.237001
48.846046,2.236982
48.845947,2.236993
48.845882,2.237032
48.845776,2.237084
48.84566,2.237133
48.845566,2.23717
48.845463,2.237222
48.84537,2.237304
48.845276,2.237362
48.845165,2.237402
48.844887,2.237498
48.844826,2.237547
48.8447,2.237624
48.844612,2.237674
48.84452,2.237718
48.844433,2.237756
48.844322,2.237807
48.844215,2.237882
48.844116,2.237959
48.844017,2.238042
48.84393,2.23812
48.84383,2.238195
48.84341,2.238188
48.84338,2.238196
48.843285,2.238226
48.84317,2.238253
48.84307,2.238297
48.84298,2.238344
48.842896,2.23844
48.84281,2.238526
48.8427,2.238585
48.842613,2.23863
48.842514,2.238687
48.842487,2.238698
48.842373,2.238764
48.842285,2.238815
48.842197,2.238842
48.842045,2.23889
48.841927,2.238957
48.84183,2.239023
48.841743,2.239084
48.84167,2.239168
48.841618,2.239283
48.841526,2.239292
48.84126,2.239399
48.841225,2.239422
48.841137,2.239471
48.841038,2.239529
48.84094,2.239576
48.840878,2.239597
48.84075,2.239664
48.8407,2.23972
48.840607,2.239798
48.840515,2.239852
48.839935,2.240121
48.839825,2.240098
48.839825,2.240098
48.839783,2.240065
48.839676,2.240051
48.83959,2.240108
48.83954,2.240122
48.839443,2.240121
48.839394,2.240113
48.839275,2.24011
48.839172,2.24012
48.839024,2.240138
48.838924,2.240164
48.838818,2.240187
48.838654,2.240161
48.838566,2.24015
48.83837,2.240119
48.838272,2.240105
48.838173,2.240115
48.83816,2.240079
48.83822,2.240076
48.83831,2.240024
48.838394,2.239962
48.838177,2.240985
48.838177,2.240985
48.839577,2.239844
48.8402,2.239484
48.8402,2.239484
48.840748,2.239177
48.841526,2.238702
48.842426,2.238119
48.84417,2.237591
48.8453,2.237056
48.84561,2.236874
48.84614,2.23679
48.846607,2.236706
48.846813,2.236688
48.84698,2.236724
48.8473,2.236896
48.847923,2.237094
48.848362,2.237132
48.84884,2.237177
48.84928,2.237264
48.84971,2.237408
48.850163,2.237521
48.850628,2.237589
48.850857,2.237352
48.851036,2.237188
48.851177,2.237052
48.851273,2.236838
48.85135,2.236585
48.851414,2.23633
48.851433,2.23605
48.85143,2.235803
48.851444,2.235559
48.851467,2.23526
48.851482,2.235018
48.85151,2.234737
48.851543,2.234464
48.851578,2.234217
48.851627,2.233956
48.8517,2.233569
48.85176,2.233285
48.85188,2.23287
48.85206,2.232224
48.852146,2.231951
48.852222,2.231727
48.85231,2.231499
48.85241,2.231252
48.852547,2.230968
48.852837,2.230455
48.853333,2.229777
48.85383,2.22934
48.854355,2.229071
48.85492,2.228831
48.855495,2.22868
48.856094,2.228534
48.85665,2.228538
48.857113,2.228535
48.857555,2.228611
48.85791,2.228729
48.858093,2.228771
48.85838,2.228863
48.858852,2.229094
48.859123,2.229244
48.859314,2.22933
48.85951,2.229411
48.859695,2.229488
48.860146,2.229612
48.860207,2.22963
48.860394,2.229676
48.86074,2.2298
48.861282,2.230053
48.86183,2.230415
48.86237,2.23061
48.862785,2.231118
48.86311,2.231621
48.863438,2.23208
48.863804,2.232772
48.86403,2.233631
48.864067,2.234647
48.864048,2.235606
48.863857,2.236424
48.863495,2.23707
48.863068,2.237573
48.862667,2.23787
48.86249,2.237901
48.86227,2.237897
48.862057,2.237863
48.86184,2.237789
48.861637,2.237713
48.861458,2.237621
48.861286,2.237534
48.86112,2.237439
48.860962,2.23735
48.8608,2.237266
48.86062,2.237196
48.860435,2.23714
48.86027,2.237104
48.860085,2.237069
48.859905,2.236993
48.859512,2.236902
48.85931,2.236892
48.85914,2.2369
48.858982,2.236921
48.85866,2.236997
48.858192,2.237091
48.858124,2.237103
48.85793,2.237128
48.857704,2.237185
48.857517,2.237241
48.85734,2.237283
48.857143,2.237321
48.85697,2.237368
48.856544,2.237496
48.85609,2.237508
48.85547,2.237472
48.855244,2.237438
48.85506,2.237442
48.85486,2.237443
48.85467,2.237441
48.854485,2.237427
48.854305,2.237398
48.85413,2.237364
48.853973,2.237324
48.85378,2.237263
48.853615,2.237184
48.853455,2.23711
48.853302,2.237049
48.853146,2.237001
48.85298,2.236938
48.85282,2.236892
48.852646,2.236817
48.852432,2.236771
48.85211,2.236779
48.85176,2.236391
48.85152,2.235854
48.85148,2.235199
48.851486,2.235097
48.851536,2.234802
48.851654,2.234183
48.85176,2.233515
48.851894,2.232865
48.85206,2.232094
48.852276,2.231527
48.85265,2.230719
48.85301,2.230146
48.853336,2.229699
48.85387,2.229212
48.85441,2.228934
48.854916,2.22859
48.85551,2.22842
48.85608,2.228375
48.856663,2.228525
48.856663,2.228525
48.858105,2.228951
48.858692,2.229119
48.85911,2.229271
48.859253,2.229337
48.85947,2.22947
48.85994,2.229641
48.86032,2.229747
48.860615,2.229782
48.86114,2.230062
48.861588,2.230356
48.86221,2.230644
48.862705,2.230952
48.86308,2.231627
48.86341,2.232366
48.86375,2.233084
48.863937,2.233866
48.8639,2.234522
48.864002,2.235534
48.86382,2.236138
48.863792,2.236205
48.863697,2.236424
48.86354,2.236625
48.863182,2.236988
48.86283,2.237382
48.86252,2.237836
48.862354,2.237903
48.862164,2.237909
48.861984,2.237882
48.86181,2.237811
48.861637,2.237706
48.861473,2.237603
48.861305,2.23752
48.861145,2.237438
48.860886,2.237298
48.86067,2.237196
48.860497,2.237126
48.86033,2.237061
48.86014,2.236978
48.85999,2.236934
48.859802,2.236918
48.859627,2.236916
48.85944,2.236903
48.85923,2.236897
48.859028,2.236904
48.858837,2.23694
48.85868,2.236977
48.858597,2.236987
48.858444,2.237018
48.85824,2.237064
48.858074,2.237105
48.857864,2.237153
48.8577,2.2372
48.857548,2.237234
48.85735,2.23727
48.857197,2.2373
48.856976,2.23737
48.85678,2.237422
48.85652,2.237452
48.856358,2.237451
48.856174,2.237441
48.856003,2.237445
48.85587,2.237442
48.85565,2.237466
48.85547,2.237453
48.855133,2.237462
48.854927,2.237462
48.854736,2.237448
48.85456,2.23742
48.85439,2.237388
48.85419,2.237338
48.85402,2.237285
48.853844,2.237232
48.853634,2.23716
48.853455,2.237089
48.853268,2.237035
48.853065,2.23697
48.85288,2.236878
48.852715,2.236812
48.852524,2.236784
48.85234,2.236759
48.852173,2.236755
48.852016,2.236793
48.85186,2.236854
48.851704,2.236922
48.851555,2.236982
48.8514,2.237037
48.851254,2.23712
48.851093,2.23726
48.850967,2.237406
48.85084,2.237632
48.850693,2.237746
48.850517,2.237752
48.85035,2.237702
48.850193,2.237666
48.849995,2.237622
48.849792,2.237578
48.849674,2.237558
48.84949,2.237506
48.849297,2.237446
48.848953,2.23735
48.84875,2.237291
48.848255,2.237118
48.847824,2.236999
48.847385,2.236915
48.846893,2.236831
48.84648,2.236902
48.846306,2.236936
48.846146,2.236944
48.84582,2.237039
48.84477,2.237793
48.842785,2.238342
48.84198,2.238666
48.84198,2.238666
48.84136,2.23926
48.84136,2.23926
48.8408,2.239528
48.840225,2.239682
48.83967,2.239791
48.839043,2.239896
48.838512,2.240055
48.837917,2.240326
48.837357,2.240611
48.836796,2.240862
48.836246,2.241035
48.836086,2.241373
48.839626,2.239864
48.840256,2.239774
48.8408,2.239535
48.84146,2.239025
48.84216,2.238743
48.842663,2.238533
48.842915,2.238352
48.84332,2.237966
48.844276,2.237943
48.844276,2.237943
48.844803,2.237357
48.845104,2.237235
48.845356,2.237067
48.845924,2.23691
48.846027,2.236892
48.84626,2.236828
48.846455,2.236801
48.846638,2.23678
48.84684,2.236792
48.847065,2.236835
48.84728,2.236902
48.847843,2.237136
48.848133,2.237187
48.848293,2.237164
48.84845,2.237168
48.848606,2.237182
48.848843,2.237143
48.84885,2.237143
48.849014,2.237155
48.849167,2.237194
48.849384,2.237268
48.849537,2.237318
48.849735,2.237383
48.850178,2.237467
48.85038,2.23757
48.85055,2.237604
48.850704,2.237581
48.85085,2.237451
48.85096,2.237283
48.85109,2.237132
48.851208,2.236937
48.85129,2.236668
48.851368,2.236371
48.851406,2.23614
48.851414,2.235852
48.85143,2.235606
48.851444,2.235369
48.851475,2.235139
48.851517,2.234905
48.851562,2.234672
48.851597,2.23443
48.851624,2.234172
48.851665,2.233939
48.85171,2.233715
48.851765,2.233469
48.85182,2.233223
48.85188,2.232996
48.85193,2.232762
48.851967,2.232532
48.852016,2.2323
48.852077,2.232081
48.85215,2.23187
48.852222,2.231662
48.852306,2.231466
48.852406,2.231256
48.852497,2.23106
48.85258,2.230838
48.85267,2.230634
48.852787,2.230445
48.852913,2.230284
48.853043,2.230143
48.853184,2.230042
48.853317,2.229922
48.853462,2.229784
48.853596,2.229655
48.853664,2.22958
48.85379,2.229438
48.85394,2.22933
48.854134,2.229201
48.85427,2.229101
48.85442,2.228985
48.85463,2.228876
48.8548,2.228787
48.85498,2.228735
48.855152,2.228701
48.85532,2.22865
48.855755,2.22851
48.855755,2.22851
48.855972,2.228467
48.85615,2.228468
48.856346,2.228523
48.856575,2.228587
48.857014,2.228618
48.857292,2.228611
48.857487,2.228634
48.8577,2.228707
48.857857,2.228773
48.85802,2.228834
48.85818,2.228889
48.85841,2.228986
48.858593,2.229087
48.858803,2.229191
48.858963,2.229271
48.859135,2.229353
48.85929,2.229421
48.85945,2.229492
48.859608,2.229548
48.859814,2.229616
48.860027,2.229689
48.86019,2.229748
48.86036,2.229788
48.860523,2.229808
48.86068,2.229848
48.860844,2.229897
48.861008,2.229936
48.861164,2.230036
48.861305,2.230187
48.861458,2.230246
48.861607,2.230309
48.86177,2.230389
48.861916,2.230472
48.862072,2.230547
48.86222,2.230622
48.862392,2.230742
48.862564,2.23086
48.86276,2.230984
48.86291,2.231139
48.86291,2.231139
48.863033,2.231333
48.863182,2.231604
48.86326,2.231757
48.86338,2.232031
48.86338,2.232031
48.86351,2.232281
48.86362,2.23254
48.863693,2.232765
48.863773,2.233052
48.863827,2.23337
48.863888,2.233904
48.863922,2.234132
48.863956,2.234379
48.86405,2.2347
48.86409,2.234949
48.86409,2.23521
48.864063,2.235765
48.864014,2.236093
48.864002,2.236152
48.863914,2.236398
48.86382,2.23659
48.863697,2.236786
48.863556,2.236932
48.863403,2.237089
48.86325,2.237236
48.863117,2.237398
48.862965,2.237583
48.86282,2.237751
48.862656,2.237946
48.862507,2.238041
48.86242,2.238068
48.862255,2.238082
48.861904,2.238047
48.86176,2.237968
48.861603,2.237868
48.861446,2.237789
48.8613,2.237691
48.861145,2.237587
48.86113,2.237576
48.860973,2.237512
48.860817,2.237427
48.860672,2.237339
48.860508,2.237282
48.86036,2.237218
48.860146,2.237102
48.859966,2.237044
48.85978,2.237018
48.859543,2.237003
48.859543,2.237003
48.85937,2.236995
48.859184,2.237009
48.85898,2.237042
48.85885,2.237066
48.858685,2.237098
48.858498,2.237125
48.85828,2.237143
48.85812,2.237152
48.857964,2.237187
48.857807,2.237219
48.857605,2.237266
48.85742,2.237296
48.857155,2.237401
48.85686,2.237498
48.85664,2.237514
48.85646,2.237522
48.85619,2.237528
48.856125,2.237532
48.85591,2.237542
48.855736,2.237546
48.85558,2.237556
48.855408,2.23756
48.85524,2.23756
48.855026,2.237545
48.854836,2.237517
48.854633,2.237489
48.854443,2.237448
48.854275,2.237395
48.854065,2.23733
48.854015,2.237313
48.853836,2.237251
48.853664,2.237199
48.85352,2.23715
48.853325,2.23708
48.85311,2.237
48.852936,2.236932
48.852776,2.236872
48.852585,2.236814
48.852417,2.236803
48.852253,2.236785
48.852104,2.236727
48.85193,2.236588
48.85151,2.236033
48.85151,2.236033
48.851456,2.235713
48.85145,2.23542
48.851463,2.235079
48.851482,2.234813
48.851517,2.23454
48.851555,2.23427
48.851593,2.234
48.851627,2.233745
48.851685,2.233414
48.851765,2.233145
48.85185,2.232881
48.85194,2.232616
48.852016,2.232352
48.85208,2.232052
48.85214,2.231827
48.85222,2.231517
48.8524,2.231086
48.852448,2.231012
48.85256,2.230838
48.852676,2.230681
48.852848,2.230463
48.85292,2.230378
48.853043,2.230233
48.853172,2.230063
48.853313,2.2299
48.85353,2.229643
48.85353,2.229643
48.85367,2.229512
48.853813,2.229402
48.85396,2.229276
48.854088,2.229148
48.85423,2.229045
48.854416,2.22893
48.854416,2.22893
48.854687,2.228822
48.855362,2.228662
48.855774,2.228543
48.855957,2.228496
48.85617,2.228472
48.85644,2.228467
48.85701,2.228485
48.85701,2.228485
48.857197,2.228463
48.857388,2.228508
48.857574,2.228566
48.85778,2.228618
48.85794,2.228655
48.858154,2.228708
48.858345,2.228776
48.858498,2.22886
48.858677,2.228958
48.85891,2.229115
48.859093,2.229188
48.859356,2.229276
48.859356,2.229276
48.85958,2.22939
48.859753,2.229434
48.8599,2.229484
48.86006,2.229539
48.860233,2.22958
48.86047,2.229688
48.86066,2.229763
48.860836,2.22982
48.861065,2.229941
48.861275,2.230063
48.86152,2.230211
48.861588,2.230255
48.861736,2.230345
48.86192,2.230453
48.8621,2.230548
48.862278,2.23063
48.86245,2.230736
48.862602,2.230899
48.86273,2.231068
48.862846,2.231266
48.863045,2.231568
48.863373,2.23206
48.863373,2.23206
48.863487,2.232291
48.863575,2.232536
48.863644,2.232836
48.863758,2.233344
48.86393,2.234127
48.863987,2.234446
48.86405,2.234985
48.864048,2.235666
48.864048,2.235666
48.864014,2.235941
48.86394,2.236195
48.86382,2.236497
48.863716,2.236687
48.863598,2.236853
48.86326,2.237286
48.862865,2.23769
48.862545,2.237865
48.862373,2.237942
48.862183,2.237977
48.86199,2.237953
48.861904,2.237904
48.861725,2.237792
48.861485,2.237671
48.86099,2.237432
48.860687,2.23728
48.86052,2.237221
48.860374,2.237163
48.860207,2.237095
48.860023,2.237047
48.859768,2.237043
48.859722,2.237037
48.859436,2.237
48.859436,2.237
48.859196,2.236979
48.858967,2.23701
48.85871,2.237053
48.858402,2.237121
48.858246,2.237166
48.858074,2.237218
48.857937,2.23726
48.85778,2.237303
48.857613,2.237339
48.857452,2.237369
48.857296,2.237407
48.85713,2.237444
48.857105,2.23745
48.856937,2.237478
48.8567,2.237507
48.85646,2.237524
48.856297,2.237529
48.856205,2.237535
48.856014,2.237553
48.855854,2.237564
48.855682,2.23757
48.855495,2.237568
48.855305,2.23755
48.855137,2.237536
48.85495,2.237525
48.85476,2.237509
48.854546,2.237483
48.854343,2.237445
48.85413,2.237396
48.853966,2.237375
48.853794,2.237342
48.85364,2.23728
48.853302,2.237163
48.853138,2.237087
48.852966,2.237016
48.8528,2.236964
48.852623,2.236917
48.85251,2.236898
48.85234,2.236873
48.852173,2.236882
48.85202,2.2369
48.851856,2.236968
48.85185,2.236969
48.851685,2.237028
48.85152,2.237112
48.851448,2.237151
48.851276,2.237257
48.851093,2.237422
48.850937,2.237609
48.850773,2.237758
48.850754,2.237771
48.850452,2.237863
48.850426,2.237859
48.850235,2.237815
48.84993,2.237748
48.84946,2.2376
48.849434,2.237593
48.84928,2.237543
48.849113,2.237494
48.848953,2.237419
48.848927,2.237413
48.84877,2.237379
48.84834,2.237275
48.848167,2.237241
48.848015,2.237189
48.847862,2.237152
48.847702,2.237128
48.84765,2.237118
48.847404,2.237084
48.847404,2.237084
48.847214,2.237047
48.847057,2.237033
48.846905,2.237029
48.84666,2.237024
48.8465,2.237017
48.84633,2.237024
48.845894,2.237034
48.84528,2.237247
48.844673,2.237487
48.844234,2.237808
48.84368,2.238233
48.843124,2.238412
48.84259,2.238718
48.842083,2.239072
48.841644,2.239212
48.841644,2.239212
48.841496,2.239307
48.841328,2.239426
48.841164,2.239531
48.840897,2.239672
48.840706,2.23976
48.840538,2.239842
48.840363,2.239961
48.840214,2.240038
48.840034,2.240154
48.8397,2.240099
48.839085,2.240239
48.83849,2.240301
48.838017,2.240584
48.837414,2.240795
48.837093,2.240816
48.84047,2.239467
48.841415,2.239126
48.84227,2.238563
48.84326,2.238153
48.84423,2.237881
48.845104,2.237266
48.846024,2.236864
48.84696,2.236764
48.847664,2.237005
48.84786,2.237085
48.84827,2.237313
48.848732,2.237392
48.849365,2.237542
48.849922,2.237807
48.850037,2.237851
48.853603,2.242363
48.853626,2.243314
48.85349,2.243954
48.853416,2.244226
48.853325,2.24444
48.852955,2.244804
48.85253,2.244941
48.85248,2.245074
48.85246,2.245313
48.852436,2.245547
48.852394,2.245797
48.852333,2.246067
48.85228,2.246299
48.85228,2.246299
48.852234,2.246541
48.852207,2.246616
48.85206,2.246786
48.851547,2.24644
48.85108,2.245932
48.85059,2.245601
48.85028,2.24589
48.85038,2.246073
48.850456,2.246179
48.850582,2.246554
48.850742,2.246975
48.850853,2.247157
48.850967,2.247415
48.851093,2.247681
48.851192,2.247886
48.85129,2.248071
48.85142,2.248208
48.851833,2.248436
48.851902,2.248517
48.852077,2.248848
48.852283,2.249552
48.852566,2.250095
48.85294,2.250416
48.853237,2.250896
48.8536,2.25125
48.853867,2.251491
48.854046,2.251605
48.854404,2.252023
48.85476,2.2525
48.855156,2.25226
48.855156,2.25226
48.855312,2.249347
48.85538,2.249113
48.855473,2.24869
48.855873,2.248328
48.8563,2.248511
48.856483,2.247861
48.856262,2.247184
48.855927,2.246546
48.855545,2.246035
48.85511,2.245831
48.85471,2.245532
48.854153,2.245001
48.853703,2.244778
48.853607,2.244755
48.85334,2.244766
48.85281,2.244705
48.852634,2.244702
48.8525,2.244833
48.85238,2.245532
48.85234,2.24587
48.852264,2.246241
48.852264,2.246241
48.852325,2.247226
48.852245,2.247077
48.852123,2.246906
48.85199,2.246676
48.85186,2.246529
48.85174,2.246385
48.85148,2.2461
48.851364,2.245998
48.851013,2.245662
48.8507,2.245454
48.85048,2.245393
48.850285,2.245814
48.850384,2.246018
48.85049,2.246208
48.850582,2.246401
48.850685,2.2466
48.850822,2.246856
48.85093,2.24703
48.850967,2.247091
48.85109,2.247268
48.851173,2.247448
48.85127,2.247659
48.85139,2.247959
48.851772,2.248355
48.852108,2.248765
48.852253,2.249092
48.85234,2.24929
48.8525,2.249765
48.852657,2.250096
48.853363,2.25116
48.85395,2.252085
48.85481,2.252303
48.85508,2.252017
48.855297,2.251447
48.85516,2.250638
48.85499,2.249689
48.855106,2.248994
48.855373,2.248134
48.85578,2.247471
48.856163,2.246835
48.855892,2.246196
48.85548,2.245623
48.855057,2.245443
48.85474,2.245278
48.854565,2.245162
48.854145,2.244862
48.85373,2.244694
48.85353,2.244717
48.8534,2.244663
48.851395,2.242958
48.851105,2.242858
48.85094,2.242779
48.850754,2.2427
48.85053,2.242614
48.85053,2.242614
48.850338,2.24253
48.850185,2.242478
48.849976,2.242401
48.849796,2.242372
48.84964,2.242354
48.849464,2.242314
48.8493,2.242265
48.84921,2.242236
48.84906,2.242284
48.84906,2.242284
48.848907,2.242236
48.848835,2.242213
48.848675,2.242191
48.84851,2.242154
48.8484,2.241991
48.848305,2.241796
48.848198,2.241618
48.847897,2.241193
48.84784,2.241008
48.84775,2.240767
48.847702,2.240353
48.847458,2.239697
48.84724,2.239092
48.846886,2.238807
48.84673,2.238759
48.84633,2.238664
48.846035,2.238631
48.845528,2.238935
48.84499,2.239134
48.84444,2.239343
48.843864,2.239323
48.843864,2.239323
48.84274,2.239832
48.84226,2.239885
48.842,2.239902
48.841824,2.239952
48.841633,2.239992
48.841366,2.239456
48.84087,2.239553
48.840294,2.239816
48.839848,2.239687
48.83978,2.239686
48.83962,2.239693
48.83946,2.239656
48.839424,2.23965
48.839264,2.239643
48.839188,2.239636
48.838978,2.239794
48.83881,2.239892
48.8386,2.239908
48.8386,2.239908
