776662,38.696262,-9.231035,1.301919071E9,776110,776759
776662,38.69589,-9.230725,1.301919071E9,776110,776759
776662,38.695995,-9.230177,1.301919071E9,776110,776759
776662,38.696377,-9.229906,1.301919071E9,776110,776759
776662,38.696785,-9.229674,1.301919071E9,776110,776759
776662,38.697186,-9.229444,1.301919071E9,776110,776759
776662,38.697235,-9.228887,1.301919071E9,776110,776759
776662,38.697292,-9.228147,1.301919071E9,776110,776759
776662,38.69733,-9.22747,1.301919071E9,776110,776759
776662,38.69723,-9.226915,1.301919071E9,776110,776759
776662,38.69702,-9.226422,1.301919071E9,776110,776759
776662,38.69692,-9.226208,1.301919071E9,776110,776759
776662,38.696827,-9.226017,1.301919071E9,776110,776759
776662,38.696766,-9.225893,1.301919071E9,776110,776759
776662,38.69667,-9.225705,1.301919071E9,776110,776759
776662,38.696583,-9.225507,1.301919071E9,776110,776759
776662,38.6965,-9.225322,1.301919071E9,776110,776759
776662,38.696396,-9.225154,1.301919071E9,776110,776759
776662,38.69631,-9.224992,1.301919071E9,776110,776759
776662,38.69626,-9.224885,1.301919071E9,776110,776759
776662,38.69618,-9.224711,1.301919071E9,776110,776759
776662,38.69609,-9.224532,1.301919071E9,776110,776759
776662,38.696,-9.224358,1.301919071E9,776110,776759
776662,38.695908,-9.22419,1.301919071E9,776110,776759
776662,38.695847,-9.22408,1.301919071E9,776110,776759
776662,38.69575,-9.223894,1.301919071E9,776110,776759
776662,38.69556,-9.223595,1.301919071E9,776110,776759
776662,38.695454,-9.223422,1.301919071E9,776110,776759
776662,38.695362,-9.223234,1.301919071E9,776110,776759
776662,38.695255,-9.223036,1.301919071E9,776110,776759
776662,38.69516,-9.222851,1.301919071E9,776110,776759
776662,38.6951,-9.222725,1.301919071E9,776110,776759
776662,38.695,-9.222548,1.301919071E9,776110,776759
776662,38.694748,-9.222104,1.301919071E9,776110,776759
776662,38.694492,-9.221631,1.301919071E9,776110,776759
776662,38.694424,-9.221496,1.301919071E9,776110,776759
776662,38.69433,-9.221298,1.301919071E9,776110,776759
776662,38.694252,-9.221111,1.301919071E9,776110,776759
776662,38.69404,-9.220613,1.301919071E9,776110,776759
776662,38.693874,-9.22011,1.301919071E9,776110,776759
776662,38.69382,-9.219919,1.301919071E9,776110,776759
776662,38.693787,-9.219787,1.301919071E9,776110,776759
776662,38.69373,-9.219586,1.301919071E9,776110,776759
776662,38.69368,-9.219376,1.301919071E9,776110,776759
776662,38.693638,-9.219168,1.301919071E9,776110,776759
776662,38.69359,-9.218965,1.301919071E9,776110,776759
776662,38.69353,-9.218769,1.301919071E9,776110,776759
776662,38.693485,-9.218571,1.301919071E9,776110,776759
776662,38.693275,-9.218071,1.301919071E9,776110,776759
776662,38.693054,-9.217764,1.301919071E9,776110,776759
776662,38.69294,-9.217625,1.301919071E9,776110,776759
776662,38.692802,-9.217481,1.301919071E9,776110,776759
776662,38.69268,-9.217326,1.301919071E9,776110,776759
776662,38.692574,-9.217164,1.301919071E9,776110,776759
776662,38.692474,-9.216977,1.301919071E9,776110,776759
776662,38.69239,-9.216819,1.301919071E9,776110,776759
776662,38.692333,-9.216617,1.301919071E9,776110,776759
776662,38.69235,-9.216474,1.301919071E9,776110,776759
776662,38.69237,-9.216255,1.301919071E9,776110,776759
776662,38.692356,-9.215675,1.301919071E9,776110,776759
776662,38.69233,-9.215552,1.301919071E9,776110,776759
776662,38.692272,-9.215363,1.301919071E9,776110,776759
776662,38.69219,-9.215162,1.301919071E9,776110,776759
776662,38.692097,-9.214976,1.301919071E9,776110,776759
776662,38.691994,-9.214796,1.301919071E9,776110,776759
776662,38.691963,-9.214579,1.301919071E9,776110,776759
776662,38.691986,-9.214365,1.301919071E9,776110,776759
776662,38.692028,-9.214213,1.301919071E9,776110,776759
776662,38.692078,-9.214003,1.301919071E9,776110,776759
776662,38.69212,-9.213805,1.301919071E9,776110,776759
776662,38.69222,-9.213335,1.301919071E9,776110,776759
776662,38.692253,-9.213142,1.301919071E9,776110,776759
776662,38.6924,-9.212942,1.301919071E9,776110,776759
776662,38.692562,-9.21292,1.301919071E9,776110,776759
776662,38.692734,-9.212943,1.301919071E9,776110,776759
776662,38.692886,-9.213001,1.301919071E9,776110,776759
776662,38.693054,-9.213063,1.301919071E9,776110,776759
776662,38.69317,-9.213094,1.301919071E9,776110,776759
776662,38.693325,-9.213129,1.301919071E9,776110,776759
776662,38.693455,-9.213129,1.301919071E9,776110,776759
776662,38.693577,-9.212946,1.301919071E9,776110,776759
776662,38.693638,-9.212733,1.301919071E9,776110,776759
776662,38.69366,-9.212519,1.301919071E9,776110,776759
776662,38.693672,-9.212295,1.301919071E9,776110,776759
776662,38.69369,-9.212098,1.301919071E9,776110,776759
776662,38.693707,-9.211883,1.301919071E9,776110,776759
776662,38.69373,-9.211669,1.301919071E9,776110,776759
776662,38.693764,-9.211278,1.301919071E9,776110,776759
776662,38.693726,-9.211062,1.301919071E9,776110,776759
776662,38.693184,-9.210749,1.301919071E9,776110,776759
776662,38.69293,-9.210477,1.301919071E9,776110,776759
776662,38.69288,-9.210284,1.301919071E9,776110,776759
776662,38.69286,-9.210168,1.301919071E9,776110,776759
776662,38.692833,-9.209947,1.301919071E9,776110,776759
776662,38.692833,-9.209729,1.301919071E9,776110,776759
776662,38.692844,-9.20953,1.301919071E9,776110,776759
776662,38.692863,-9.209388,1.301919071E9,776110,776759
776662,38.692898,-9.209165,1.301919071E9,776110,776759
776662,38.692932,-9.208961,1.301919071E9,776110,776759
776662,38.692955,-9.208748,1.301919071E9,776110,776759
776662,38.69298,-9.208536,1.301919071E9,776110,776759
776662,38.693005,-9.208327,1.301919071E9,776110,776759
776662,38.69303,-9.208104,1.301919071E9,776110,776759
776662,38.693066,-9.207911,1.301919071E9,776110,776759
776662,38.693104,-9.207714,1.301919071E9,776110,776759
776662,38.69314,-9.207533,1.301919071E9,776110,776759
776662,38.693176,-9.207312,1.301919071E9,776110,776759
776662,38.69321,-9.207102,1.301919071E9,776110,776759
776662,38.693233,-9.206898,1.301919071E9,776110,776759
776662,38.693256,-9.206765,1.301919071E9,776110,776759
776662,38.69331,-9.206576,1.301919071E9,776110,776759
776662,38.693375,-9.206418,1.301919071E9,776110,776759
776662,38.69339,-9.206222,1.301919071E9,776110,776759
776662,38.69374,-9.205874,1.301919071E9,776110,776759
776662,38.694134,-9.205652,1.301919071E9,776110,776759
776662,38.694374,-9.205667,1.301919071E9,776110,776759
776662,38.694546,-9.205669,1.301919071E9,776110,776759
776662,38.69464,-9.205592,1.301919071E9,776110,776759
776662,38.69473,-9.205408,1.301919071E9,776110,776759
776662,38.694763,-9.20519,1.301919071E9,776110,776759
776662,38.69479,-9.204978,1.301919071E9,776110,776759
776662,38.69482,-9.204764,1.301919071E9,776110,776759
776662,38.694855,-9.204566,1.301919071E9,776110,776759
776662,38.69488,-9.204352,1.301919071E9,776110,776759
776662,38.694923,-9.204081,1.301919071E9,776110,776759
776662,38.69497,-9.203842,1.301919071E9,776110,776759
776662,38.694984,-9.203695,1.301919071E9,776110,776759
776662,38.695034,-9.203419,1.301919071E9,776110,776759
776662,38.69494,-9.203241,1.301919071E9,776110,776759
776662,38.694424,-9.203029,1.301919071E9,776110,776759
776662,38.69418,-9.202553,1.301919071E9,776110,776759
776662,38.69428,-9.202024,1.301919071E9,776110,776759
776662,38.694324,-9.201822,1.301919071E9,776110,776759
776662,38.694363,-9.201616,1.301919071E9,776110,776759
776662,38.694386,-9.201475,1.301919071E9,776110,776759
776662,38.694405,-9.201268,1.301919071E9,776110,776759
776662,38.69442,-9.201056,1.301919071E9,776110,776759
776662,38.69445,-9.200838,1.301919071E9,776110,776759
776662,38.69448,-9.200691,1.301919071E9,776110,776759
776662,38.694504,-9.200463,1.301919071E9,776110,776759
776662,38.694527,-9.200238,1.301919071E9,776110,776759
776662,38.69455,-9.20002,1.301919071E9,776110,776759
776662,38.694572,-9.199804,1.301919071E9,776110,776759
776662,38.694607,-9.199595,1.301919071E9,776110,776759
776662,38.69464,-9.199398,1.301919071E9,776110,776759
776662,38.694668,-9.199268,1.301919071E9,776110,776759
776662,38.69476,-9.199095,1.301919071E9,776110,776759
776662,38.694855,-9.199013,1.301919071E9,776110,776759
776662,38.69498,-9.198863,1.301919071E9,776110,776759
776662,38.695038,-9.198656,1.301919071E9,776110,776759
776662,38.695072,-9.19851,1.301919071E9,776110,776759
776662,38.6951,-9.19829,1.301919071E9,776110,776759
776662,38.6951,-9.198155,1.301919071E9,776110,776759
776662,38.69506,-9.197944,1.301919071E9,776110,776759
776662,38.695026,-9.197817,1.301919071E9,776110,776759
776662,38.69498,-9.197626,1.301919071E9,776110,776759
776662,38.694992,-9.197402,1.301919071E9,776110,776759
776662,38.69503,-9.197211,1.301919071E9,776110,776759
776662,38.69508,-9.196988,1.301919071E9,776110,776759
776662,38.695103,-9.19676,1.301919071E9,776110,776759
776662,38.695126,-9.196545,1.301919071E9,776110,776759
776662,38.695168,-9.196326,1.301919071E9,776110,776759
776662,38.69521,-9.196173,1.301919071E9,776110,776759
776662,38.695263,-9.195959,1.301919071E9,776110,776759
776662,38.6953,-9.195791,1.301919071E9,776110,776759
776662,38.69533,-9.195563,1.301919071E9,776110,776759
776662,38.695347,-9.195351,1.301919071E9,776110,776759
776662,38.695366,-9.195132,1.301919071E9,776110,776759
776662,38.695408,-9.19491,1.301919071E9,776110,776759
776662,38.695442,-9.194707,1.301919071E9,776110,776759
776662,38.69548,-9.194505,1.301919071E9,776110,776759
776662,38.69551,-9.194295,1.301919071E9,776110,776759
776662,38.695534,-9.194155,1.301919071E9,776110,776759
776662,38.695557,-9.193945,1.301919071E9,776110,776759
776662,38.695587,-9.193736,1.301919071E9,776110,776759
776662,38.69562,-9.193532,1.301919071E9,776110,776759
776662,38.69564,-9.19339,1.301919071E9,776110,776759
776662,38.695663,-9.193183,1.301919071E9,776110,776759
776662,38.695698,-9.19298,1.301919071E9,776110,776759
776662,38.69574,-9.192779,1.301919071E9,776110,776759
776662,38.69578,-9.192581,1.301919071E9,776110,776759
776662,38.695824,-9.19239,1.301919071E9,776110,776759
776662,38.695858,-9.192195,1.301919071E9,776110,776759
776662,38.695877,-9.192061,1.301919071E9,776110,776759
776662,38.69592,-9.191859,1.301919071E9,776110,776759
776662,38.695953,-9.191658,1.301919071E9,776110,776759
776662,38.695984,-9.191464,1.301919071E9,776110,776759
776662,38.696022,-9.191263,1.301919071E9,776110,776759
776662,38.69606,-9.191058,1.301919071E9,776110,776759
776662,38.69609,-9.190859,1.301919071E9,776110,776759
776662,38.696125,-9.190652,1.301919071E9,776110,776759
776662,38.696156,-9.190444,1.301919071E9,776110,776759
776662,38.69619,-9.190239,1.301919071E9,776110,776759
776662,38.696236,-9.190076,1.301919071E9,776110,776759
776662,38.696297,-9.189885,1.301919071E9,776110,776759
776662,38.696354,-9.189658,1.301919071E9,776110,776759
776662,38.69639,-9.189459,1.301919071E9,776110,776759
776662,38.69648,-9.189035,1.301919071E9,776110,776759
776662,38.696518,-9.188839,1.301919071E9,776110,776759
776662,38.696552,-9.188644,1.301919071E9,776110,776759
776662,38.696583,-9.188451,1.301919071E9,776110,776759
776662,38.696617,-9.188256,1.301919071E9,776110,776759
776662,38.696655,-9.188101,1.301919071E9,776110,776759
776662,38.696697,-9.187886,1.301919071E9,776110,776759
776662,38.696735,-9.187665,1.301919071E9,776110,776759
776662,38.696762,-9.18747,1.301919071E9,776110,776759
776662,38.696796,-9.187272,1.301919071E9,776110,776759
776662,38.696835,-9.187076,1.301919071E9,776110,776759
776662,38.69687,-9.186879,1.301919071E9,776110,776759
776662,38.6969,-9.186751,1.301919071E9,776110,776759
776662,38.69694,-9.186555,1.301919071E9,776110,776759
776662,38.697025,-9.186121,1.301919071E9,776110,776759
776662,38.697067,-9.18593,1.301919071E9,776110,776759
776662,38.69711,-9.185708,1.301919071E9,776110,776759
776662,38.697147,-9.185483,1.301919071E9,776110,776759
776662,38.69719,-9.185266,1.301919071E9,776110,776759
776662,38.697205,-9.185139,1.301919071E9,776110,776759
776662,38.697235,-9.184945,1.301919071E9,776110,776759
776662,38.697277,-9.184728,1.301919071E9,776110,776759
776662,38.69736,-9.184171,1.301919071E9,776110,776759
776662,38.697395,-9.183883,1.301919071E9,776110,776759
776662,38.697414,-9.18368,1.301919071E9,776110,776759
776662,38.69751,-9.18314,1.301919071E9,776110,776759
776662,38.697544,-9.182915,1.301919071E9,776110,776759
776662,38.697613,-9.182589,1.301919071E9,776110,776759
776662,38.697693,-9.182266,1.301919071E9,776110,776759
776662,38.69775,-9.181957,1.301919071E9,776110,776759
776662,38.6978,-9.181679,1.301919071E9,776110,776759
776662,38.697838,-9.181465,1.301919071E9,776110,776759
776662,38.697887,-9.181251,1.301919071E9,776110,776759
776662,38.697994,-9.180702,1.301919071E9,776110,776759
776662,38.698112,-9.180161,1.301919071E9,776110,776759
776662,38.698208,-9.179614,1.301919071E9,776110,776759
776662,38.698338,-9.17908,1.301919071E9,776110,776759
776662,38.698505,-9.178538,1.301919071E9,776110,776759
776662,38.69857,-9.177921,1.301919071E9,776110,776759
776662,38.698807,-9.178537,1.301919071E9,776110,776759
776662,38.698605,-9.179041,1.301919071E9,776110,776759
776662,38.698406,-9.17953,1.301919071E9,776110,776759
776662,38.698246,-9.18004,1.301919071E9,776110,776759
776662,38.698143,-9.180573,1.301919071E9,776110,776759
776662,38.69803,-9.181126,1.301919071E9,776110,776759
776662,38.697914,-9.181663,1.301919071E9,776110,776759
776662,38.697777,-9.182193,1.301919071E9,776110,776759
776662,38.697662,-9.182739,1.301919071E9,776110,776759
776662,38.697567,-9.183281,1.301919071E9,776110,776759
776662,38.69751,-9.183485,1.301919071E9,776110,776759
776662,38.69745,-9.183684,1.301919071E9,776110,776759
776662,38.69743,-9.183886,1.301919071E9,776110,776759
776662,38.697395,-9.184097,1.301919071E9,776110,776759
776662,38.69735,-9.184331,1.301919071E9,776110,776759
776662,38.697315,-9.184524,1.301919071E9,776110,776759
776662,38.697266,-9.184777,1.301919071E9,776110,776759
776662,38.69722,-9.184991,1.301919071E9,776110,776759
776662,38.6972,-9.18511,1.301919071E9,776110,776759
776662,38.697163,-9.185314,1.301919071E9,776110,776759
776662,38.697124,-9.18552,1.301919071E9,776110,776759
776662,38.69709,-9.18569,1.301919071E9,776110,776759
776662,38.697025,-9.185883,1.301919071E9,776110,776759
776662,38.697,-9.186029,1.301919071E9,776110,776759
776662,38.696976,-9.186247,1.301919071E9,776110,776759
776662,38.696945,-9.186468,1.301919071E9,776110,776759
776662,38.696915,-9.186689,1.301919071E9,776110,776759
776662,38.696877,-9.186903,1.301919071E9,776110,776759
776662,38.69681,-9.187113,1.301919071E9,776110,776759
776662,38.69676,-9.187352,1.301919071E9,776110,776759
776662,38.69671,-9.187559,1.301919071E9,776110,776759
776662,38.696667,-9.187744,1.301919071E9,776110,776759
776662,38.69662,-9.187968,1.301919071E9,776110,776759
776662,38.69657,-9.188228,1.301919071E9,776110,776759
776662,38.696533,-9.188441,1.301919071E9,776110,776759
776662,38.696487,-9.188671,1.301919071E9,776110,776759
776662,38.696457,-9.188867,1.301919071E9,776110,776759
776662,38.696365,-9.1895,1.301919071E9,776110,776759
776662,38.696247,-9.190263,1.301919071E9,776110,776759
776662,38.696213,-9.190456,1.301919071E9,776110,776759
776662,38.696186,-9.190745,1.301919071E9,776110,776759
776662,38.696163,-9.190941,1.301919071E9,776110,776759
776662,38.696102,-9.19126,1.301919071E9,776110,776759
776662,38.696014,-9.19163,1.301919071E9,776110,776759
776662,38.695957,-9.191843,1.301919071E9,776110,776759
776662,38.69584,-9.192433,1.301919071E9,776110,776759
776662,38.69574,-9.192966,1.301919071E9,776110,776759
776662,38.69563,-9.193495,1.301919071E9,776110,776759
776662,38.69552,-9.194071,1.301919071E9,776110,776759
776662,38.69543,-9.194633,1.301919071E9,776110,776759
776662,38.695316,-9.19518,1.301919071E9,776110,776759
776662,38.695232,-9.195525,1.301919071E9,776110,776759
776662,38.695183,-9.195745,1.301919071E9,776110,776759
776662,38.695057,-9.196466,1.301919071E9,776110,776759
776662,38.695004,-9.197133,1.301919071E9,776110,776759
776662,38.695004,-9.197784,1.301919071E9,776110,776759
776662,38.695026,-9.198398,1.301919071E9,776110,776759
776662,38.69492,-9.198932,1.301919071E9,776110,776759
776662,38.69465,-9.199384,1.301919071E9,776110,776759
776662,38.694534,-9.199848,1.301919071E9,776110,776759
776662,38.694473,-9.20022,1.301919071E9,776110,776759
776662,38.694435,-9.200462,1.301919071E9,776110,776759
776662,38.694378,-9.200756,1.301919071E9,776110,776759
776662,38.694283,-9.201295,1.301919071E9,776110,776759
776662,38.69418,-9.201846,1.301919071E9,776110,776759
776662,38.694115,-9.202133,1.301919071E9,776110,776759
776662,38.694088,-9.202344,1.301919071E9,776110,776759
776662,38.694084,-9.202476,1.301919071E9,776110,776759
776662,38.69413,-9.20269,1.301919071E9,776110,776759
776662,38.694523,-9.202958,1.301919071E9,776110,776759
776662,38.69495,-9.203076,1.301919071E9,776110,776759
776662,38.695015,-9.20321,1.301919071E9,776110,776759
776662,38.69501,-9.203432,1.301919071E9,776110,776759
776662,38.694996,-9.203631,1.301919071E9,776110,776759
776662,38.69496,-9.20383,1.301919071E9,776110,776759
776662,38.69482,-9.204349,1.301919071E9,776110,776759
776662,38.694794,-9.2045,1.301919071E9,776110,776759
776662,38.694756,-9.204691,1.301919071E9,776110,776759
776662,38.69471,-9.204893,1.301919071E9,776110,776759
776662,38.694668,-9.205113,1.301919071E9,776110,776759
776662,38.694626,-9.205361,1.301919071E9,776110,776759
776662,38.694588,-9.205567,1.301919071E9,776110,776759
776662,38.694473,-9.2058,1.301919071E9,776110,776759
776662,38.69432,-9.205893,1.301919071E9,776110,776759
776662,38.694168,-9.205935,1.301919071E9,776110,776759
776662,38.694008,-9.205962,1.301919071E9,776110,776759
776662,38.69385,-9.205997,1.301919071E9,776110,776759
776662,38.693752,-9.206022,1.301919071E9,776110,776759
776662,38.693596,-9.206032,1.301919071E9,776110,776759
776662,38.69344,-9.206085,1.301919071E9,776110,776759
776662,38.693363,-9.206285,1.301919071E9,776110,776759
776662,38.693336,-9.206546,1.301919071E9,776110,776759
776662,38.69332,-9.20676,1.301919071E9,776110,776759
776662,38.693306,-9.206898,1.301919071E9,776110,776759
776662,38.69328,-9.207115,1.301919071E9,776110,776759
776662,38.69324,-9.207329,1.301919071E9,776110,776759
776662,38.693203,-9.207537,1.301919071E9,776110,776759
776662,38.693172,-9.207734,1.301919071E9,776110,776759
776662,38.693153,-9.207857,1.301919071E9,776110,776759
776662,38.693123,-9.208056,1.301919071E9,776110,776759
776662,38.69309,-9.208264,1.301919071E9,776110,776759
776662,38.693058,-9.208459,1.301919071E9,776110,776759
776662,38.69302,-9.208651,1.301919071E9,776110,776759
776662,38.69299,-9.208849,1.301919071E9,776110,776759
776662,38.69296,-9.209043,1.301919071E9,776110,776759
776662,38.692924,-9.209241,1.301919071E9,776110,776759
776662,38.692886,-9.209438,1.301919071E9,776110,776759
776662,38.692863,-9.209658,1.301919071E9,776110,776759
776662,38.69284,-9.209784,1.301919071E9,776110,776759
776662,38.6928,-9.209996,1.301919071E9,776110,776759
776662,38.69276,-9.210198,1.301919071E9,776110,776759
776662,38.69275,-9.210313,1.301919071E9,776110,776759
776662,38.692757,-9.210538,1.301919071E9,776110,776759
776662,38.69284,-9.210723,1.301919071E9,776110,776759
776662,38.693268,-9.210901,1.301919071E9,776110,776759
776662,38.693695,-9.211034,1.301919071E9,776110,776759
776662,38.693783,-9.21111,1.301919071E9,776110,776759
776662,38.693848,-9.211319,1.301919071E9,776110,776759
776662,38.69384,-9.211533,1.301919071E9,776110,776759
776662,38.69377,-9.211794,1.301919071E9,776110,776759
776662,38.69372,-9.212044,1.301919071E9,776110,776759
776662,38.6937,-9.212181,1.301919071E9,776110,776759
776662,38.69365,-9.212517,1.301919071E9,776110,776759
776662,38.69358,-9.212852,1.301919071E9,776110,776759
776662,38.693474,-9.213008,1.301919071E9,776110,776759
776662,38.693287,-9.21306,1.301919071E9,776110,776759
776662,38.69313,-9.213043,1.301919071E9,776110,776759
776662,38.692978,-9.213025,1.301919071E9,776110,776759
776662,38.692806,-9.213002,1.301919071E9,776110,776759
776662,38.692642,-9.212974,1.301919071E9,776110,776759
776662,38.692486,-9.212935,1.301919071E9,776110,776759
776662,38.692337,-9.212885,1.301919071E9,776110,776759
776662,38.692196,-9.212991,1.301919071E9,776110,776759
776662,38.692158,-9.213217,1.301919071E9,776110,776759
776662,38.69213,-9.213356,1.301919071E9,776110,776759
776662,38.692085,-9.213625,1.301919071E9,776110,776759
776662,38.692043,-9.213821,1.301919071E9,776110,776759
776662,38.692017,-9.213989,1.301919071E9,776110,776759
776662,38.69199,-9.214191,1.301919071E9,776110,776759
776662,38.69195,-9.214406,1.301919071E9,776110,776759
776662,38.691944,-9.214674,1.301919071E9,776110,776759
776662,38.691994,-9.214905,1.301919071E9,776110,776759
776662,38.692112,-9.21516,1.301919071E9,776110,776759
776662,38.692196,-9.215338,1.301919071E9,776110,776759
776662,38.692257,-9.215521,1.301919071E9,776110,776759
776662,38.69229,-9.215645,1.301919071E9,776110,776759
776662,38.692333,-9.215852,1.301919071E9,776110,776759
776662,38.69234,-9.216054,1.301919071E9,776110,776759
776662,38.69234,-9.216202,1.301919071E9,776110,776759
776662,38.69232,-9.216411,1.301919071E9,776110,776759
776662,38.69228,-9.216605,1.301919071E9,776110,776759
776662,38.69229,-9.216801,1.301919071E9,776110,776759
776662,38.692455,-9.217131,1.301919071E9,776110,776759
776662,38.692554,-9.217297,1.301919071E9,776110,776759
776662,38.69266,-9.217449,1.301919071E9,776110,776759
776662,38.69276,-9.217602,1.301919071E9,776110,776759
776662,38.69286,-9.217754,1.301919071E9,776110,776759
776662,38.692963,-9.217935,1.301919071E9,776110,776759
776662,38.69307,-9.218105,1.301919071E9,776110,776759
776662,38.693172,-9.218264,1.301919071E9,776110,776759
776662,38.693375,-9.218762,1.301919071E9,776110,776759
776662,38.693405,-9.218889,1.301919071E9,776110,776759
776662,38.693466,-9.219116,1.301919071E9,776110,776759
776662,38.69354,-9.219348,1.301919071E9,776110,776759
776662,38.693596,-9.219561,1.301919071E9,776110,776759
776662,38.6937,-9.219869,1.301919071E9,776110,776759
776662,38.69375,-9.220066,1.301919071E9,776110,776759
776662,38.693775,-9.220199,1.301919071E9,776110,776759
776662,38.69385,-9.220456,1.301919071E9,776110,776759
776662,38.693916,-9.220634,1.301919071E9,776110,776759
776662,38.694008,-9.220812,1.301919071E9,776110,776759
776662,38.69415,-9.221034,1.301919071E9,776110,776759
776662,38.6943,-9.221334,1.301919071E9,776110,776759
776662,38.694386,-9.221515,1.301919071E9,776110,776759
776662,38.694485,-9.221742,1.301919071E9,776110,776759
776662,38.694572,-9.221904,1.301919071E9,776110,776759
776662,38.694714,-9.222155,1.301919071E9,776110,776759
776662,38.69492,-9.222592,1.301919071E9,776110,776759
776662,38.695045,-9.222819,1.301919071E9,776110,776759
776662,38.695362,-9.223311,1.301919071E9,776110,776759
776662,38.695484,-9.223517,1.301919071E9,776110,776759
776662,38.695618,-9.223705,1.301919071E9,776110,776759
776662,38.69587,-9.224011,1.301919071E9,776110,776759
776662,38.696087,-9.22434,1.301919071E9,776110,776759
776662,38.696167,-9.224482,1.301919071E9,776110,776759
776662,38.69626,-9.224654,1.301919071E9,776110,776759
776662,38.69636,-9.22484,1.301919071E9,776110,776759
776662,38.69643,-9.224979,1.301919071E9,776110,776759
776662,38.696526,-9.225174,1.301919071E9,776110,776759
776662,38.69658,-9.22527,1.301919071E9,776110,776759
776662,38.696697,-9.225459,1.301919071E9,776110,776759
776662,38.69682,-9.22568,1.301919071E9,776110,776759
776662,38.696995,-9.226007,1.301919071E9,776110,776759
776662,38.6972,-9.226387,1.301919071E9,776110,776759
776662,38.697285,-9.226581,1.301919071E9,776110,776759
776662,38.697346,-9.226727,1.301919071E9,776110,776759
776662,38.69756,-9.227206,1.301919071E9,776110,776759
776662,38.697636,-9.227453,1.301919071E9,776110,776759
776662,38.697678,-9.227648,1.301919071E9,776110,776759
776662,38.697727,-9.227852,1.301919071E9,776110,776759
776662,38.69779,-9.228058,1.301919071E9,776110,776759
776662,38.69785,-9.228248,1.301919071E9,776110,776759
776662,38.697903,-9.228464,1.301919071E9,776110,776759
776662,38.69793,-9.228681,1.301919071E9,776110,776759
776662,38.69801,-9.228883,1.301919071E9,776110,776759
776662,38.698067,-9.228983,1.301919071E9,776110,776759
776662,38.69812,-9.229191,1.301919071E9,776110,776759
776662,38.698154,-9.229389,1.301919071E9,776110,776759
776662,38.69821,-9.229508,1.301919071E9,776110,776759
776662,38.698284,-9.229696,1.301919071E9,776110,776759
776662,38.698277,-9.229914,1.301919071E9,776110,776759
776662,38.69826,-9.230158,1.301919071E9,776110,776759
776662,38.69828,-9.230322,1.301919071E9,776110,776759
776662,38.698303,-9.230523,1.301919071E9,776110,776759
776662,38.698315,-9.230656,1.301919071E9,776110,776759
776662,38.69833,-9.230879,1.301919071E9,776110,776759
776662,38.698334,-9.231014,1.301919071E9,776110,776759
776662,38.69834,-9.231233,1.301919071E9,776110,776759
776662,38.698,-9.231585,1.301919071E9,776110,776759
776662,38.697823,-9.231589,1.301919071E9,776110,776759
776662,38.697647,-9.231597,1.301919071E9,776110,776759
776662,38.697487,-9.231606,1.301919071E9,776110,776759
776662,38.697323,-9.231609,1.301919071E9,776110,776759
776662,38.69722,-9.231626,1.301919071E9,776110,776759
776662,38.69704,-9.231649,1.301919071E9,776110,776759
776662,38.696884,-9.231656,1.301919071E9,776110,776759
776662,38.696712,-9.231656,1.301919071E9,776110,776759
776662,38.69661,-9.231662,1.301919071E9,776110,776759
776662,38.69645,-9.231631,1.301919071E9,776110,776759
776662,38.696327,-9.23156,1.301919071E9,776110,776759
776662,38.696236,-9.231477,1.301919071E9,776110,776759
776662,38.69612,-9.231345,1.301919071E9,776110,776759
776662,38.696095,-9.231309,1.301919071E9,776110,776759
776662,37.384243,-5.998559,1.301919071E9,776110,776759
776662,37.38579,-6.000281,1.301919071E9,776110,776759
776662,37.386322,-6.000829,1.301919071E9,776110,776759
776662,37.386963,-6.00202,1.301919071E9,776110,776759
776662,37.387035,-6.002197,1.301919071E9,776110,776759
776662,37.387688,-6.002931,1.301919071E9,776110,776759
776662,37.38794,-6.003156,1.301919071E9,776110,776759
776662,37.388145,-6.003253,1.301919071E9,776110,776759
776662,37.38834,-6.003329,1.301919071E9,776110,776759
776662,37.389233,-6.00358,1.301919071E9,776110,776759
776662,37.38919,-6.003934,1.301919071E9,776110,776759
776662,37.389168,-6.004214,1.301919071E9,776110,776759
776662,37.38917,-6.004428,1.301919071E9,776110,776759
776662,37.38921,-6.004633,1.301919071E9,776110,776759
776662,37.389256,-6.004772,1.301919071E9,776110,776759
776662,37.389313,-6.004921,1.301919071E9,776110,776759
776662,37.389393,-6.00505,1.301919071E9,776110,776759
776662,37.38952,-6.005179,1.301919071E9,776110,776759
776662,37.38965,-6.005286,1.301919071E9,776110,776759
776662,37.38982,-6.005389,1.301919071E9,776110,776759
776662,37.39001,-6.005463,1.301919071E9,776110,776759
776662,37.3902,-6.005523,1.301919071E9,776110,776759
776662,37.390457,-6.005582,1.301919071E9,776110,776759
776662,37.390747,-6.005609,1.301919071E9,776110,776759
776662,37.391087,-6.005646,1.301919071E9,776110,776759
776662,37.39141,-6.005657,1.301919071E9,776110,776759
776662,37.391693,-6.005646,1.301919071E9,776110,776759
776662,37.391994,-6.005614,1.301919071E9,776110,776759
776662,37.392345,-6.005538,1.301919071E9,776110,776759
776662,37.392933,-6.0054,1.301919071E9,776110,776759
776662,37.393166,-6.005318,1.301919071E9,776110,776759
776662,37.393524,-6.005303,1.301919071E9,776110,776759
776662,37.393738,-6.005255,1.301919071E9,776110,776759
776662,37.393967,-6.005174,1.301919071E9,776110,776759
776662,37.39418,-6.005083,1.301919071E9,776110,776759
776662,37.394695,-6.004819,1.301919071E9,776110,776759
776662,37.395584,-6.004251,1.301919071E9,776110,776759
776662,37.395744,-6.004106,1.301919071E9,776110,776759
776662,37.403885,-5.996456,1.301919071E9,776110,776759
776662,37.40454,-5.995834,1.301919071E9,776110,776759
776662,37.406033,-5.99448,1.301919071E9,776110,776759
776662,37.40983,-5.991585,1.301919071E9,776110,776759
776662,37.40984,-5.99162,1.301919071E9,776110,776759
776662,37.408035,-5.992975,1.301919071E9,776110,776759
776662,37.406174,-5.994386,1.301919071E9,776110,776759
776662,37.404564,-5.995854,1.301919071E9,776110,776759
776662,37.403942,-5.996443,1.301919071E9,776110,776759
776662,37.40214,-5.998125,1.301919071E9,776110,776759
776662,37.400955,-5.99924,1.301919071E9,776110,776759
776662,37.400463,-5.999699,1.301919071E9,776110,776759
776662,37.398914,-6.001152,1.301919071E9,776110,776759
776662,37.397484,-6.002498,1.301919071E9,776110,776759
776662,37.39591,-6.003976,1.301919071E9,776110,776759
776662,37.39558,-6.004278,1.301919071E9,776110,776759
776662,37.39537,-6.004409,1.301919071E9,776110,776759
776662,37.395023,-6.004637,1.301919071E9,776110,776759
776662,37.394665,-6.004854,1.301919071E9,776110,776759
776662,37.39429,-6.005046,1.301919071E9,776110,776759
776662,37.393944,-6.005196,1.301919071E9,776110,776759
776662,37.393723,-6.005271,1.301919071E9,776110,776759
776662,37.393513,-6.005324,1.301919071E9,776110,776759
776662,37.393154,-6.005339,1.301919071E9,776110,776759
776662,37.39294,-6.005421,1.301919071E9,776110,776759
776662,37.39233,-6.005571,1.301919071E9,776110,776759
776662,37.391987,-6.005635,1.301919071E9,776110,776759
776662,37.39168,-6.005668,1.301919071E9,776110,776759
776662,37.3914,-6.005678,1.301919071E9,776110,776759
776662,37.391075,-6.005665,1.301919071E9,776110,776759
776662,37.39073,-6.005633,1.301919071E9,776110,776759
776662,37.390446,-6.005595,1.301919071E9,776110,776759
776662,37.390194,-6.005544,1.301919071E9,776110,776759
776662,37.39,-6.005488,1.301919071E9,776110,776759
776662,37.389812,-6.005404,1.301919071E9,776110,776759
776662,37.389637,-6.005301,1.301919071E9,776110,776759
776662,37.389507,-6.005196,1.301919071E9,776110,776759
776662,37.389378,-6.005054,1.301919071E9,776110,776759
776662,37.389294,-6.004923,1.301919071E9,776110,776759
776662,37.389225,-6.004768,1.301919071E9,776110,776759
776662,37.38918,-6.004619,1.301919071E9,776110,776759
776662,37.38914,-6.004417,1.301919071E9,776110,776759
776662,37.389145,-6.004192,1.301919071E9,776110,776759
776662,37.389183,-6.003917,1.301919071E9,776110,776759
776662,37.38923,-6.003596,1.301919071E9,776110,776759
776662,37.38833,-6.00334,1.301919071E9,776110,776759
776662,37.388138,-6.003261,1.301919071E9,776110,776759
776662,37.387928,-6.003169,1.301919071E9,776110,776759
776662,37.38767,-6.00295,1.301919071E9,776110,776759
776662,37.387028,-6.00221,1.301919071E9,776110,776759
776662,37.38695,-6.002024,1.301919071E9,776110,776759
776662,37.38631,-6.000844,1.301919071E9,776110,776759
776662,37.385773,-6.000291,1.301919071E9,776110,776759
776662,37.383976,-5.998309,1.301919071E9,776110,776759
