59
776662,42.34055,-71.08876,1.301919071E9,776110,776759
776662,42.34051,-71.08887,1.301919071E9,776110,776759
776662,42.340485,-71.089005,1.301919071E9,776110,776759
776662,42.34047,-71.08914,1.301919071E9,776110,776759
776662,42.340435,-71.08927,1.301919071E9,776110,776759
776662,42.34039,-71.08938,1.301919071E9,776110,776759
776662,42.340332,-71.08949,1.301919071E9,776110,776759
776662,42.340275,-71.08962,1.301919071E9,776110,776759
776662,42.340214,-71.08976,1.301919071E9,776110,776759
776662,42.34017,-71.08989,1.301919071E9,776110,776759
776662,42.34011,-71.09003,1.301919071E9,776110,776759
776662,42.340057,-71.09014,1.301919071E9,776110,776759
776662,42.340008,-71.09027,1.301919071E9,776110,776759
776662,42.339947,-71.0904,1.301919071E9,776110,776759
776662,42.33987,-71.09052,1.301919071E9,776110,776759
776662,42.339806,-71.09064,1.301919071E9,776110,776759
776662,42.339756,-71.090775,1.301919071E9,776110,776759
776662,42.33971,-71.09089,1.301919071E9,776110,776759
776662,42.33965,-71.091,1.301919071E9,776110,776759
776662,42.339603,-71.09114,1.301919071E9,776110,776759
776662,42.339565,-71.091286,1.301919071E9,776110,776759
776662,42.3395,-71.09142,1.301919071E9,776110,776759
776662,42.33944,-71.09152,1.301919071E9,776110,776759
776662,42.33937,-71.09165,1.301919071E9,776110,776759
776662,42.339314,-71.09177,1.301919071E9,776110,776759
776662,42.339275,-71.09188,1.301919071E9,776110,776759
776662,42.33924,-71.09202,1.301919071E9,776110,776759
776662,42.339184,-71.09215,1.301919071E9,776110,776759
776662,42.339104,-71.09227,1.301919071E9,776110,776759
776662,42.339027,-71.09236,1.301919071E9,776110,776759
776662,42.33896,-71.09244,1.301919071E9,776110,776759
776662,42.338947,-71.0926,1.301919071E9,776110,776759
776662,42.338947,-71.09272,1.301919071E9,776110,776759
776662,42.33892,-71.09286,1.301919071E9,776110,776759
776662,42.338875,-71.093,1.301919071E9,776110,776759
776662,42.338837,-71.093155,1.301919071E9,776110,776759
776662,42.338802,-71.09331,1.301919071E9,776110,776759
776662,42.33877,-71.09342,1.301919071E9,776110,776759
776662,42.33872,-71.093575,1.301919071E9,776110,776759
776662,42.33866,-71.093666,1.301919071E9,776110,776759
776662,42.338604,-71.093796,1.301919071E9,776110,776759
776662,42.338554,-71.09392,1.301919071E9,776110,776759
776662,42.338516,-71.09405,1.301919071E9,776110,776759
776662,42.33848,-71.09416,1.301919071E9,776110,776759
776662,42.338444,-71.094284,1.301919071E9,776110,776759
776662,42.338394,-71.0944,1.301919071E9,776110,776759
776662,42.33835,-71.09452,1.301919071E9,776110,776759
776662,42.33828,-71.09465,1.301919071E9,776110,776759
776662,42.33825,-71.09478,1.301919071E9,776110,776759
776662,42.338276,-71.0949,1.301919071E9,776110,776759
776662,42.33831,-71.095024,1.301919071E9,776110,776759
776662,42.338364,-71.09515,1.301919071E9,776110,776759
776662,42.338425,-71.09529,1.301919071E9,776110,776759
776662,42.338478,-71.09539,1.301919071E9,776110,776759
776662,42.33853,-71.0955,1.301919071E9,776110,776759
776662,42.33859,-71.09559,1.301919071E9,776110,776759
776662,42.33863,-71.0957,1.301919071E9,776110,776759
776662,42.33868,-71.09584,1.301919071E9,776110,776759
776662,42.33872,-71.095955,1.301919071E9,776110,776759
776662,42.33878,-71.09608,1.301919071E9,776110,776759
776662,42.33885,-71.09618,1.301919071E9,776110,776759
776662,42.338905,-71.09632,1.301919071E9,776110,776759
776662,42.33895,-71.09645,1.301919071E9,776110,776759
776662,42.339,-71.09658,1.301919071E9,776110,776759
776662,42.33906,-71.09669,1.301919071E9,776110,776759
776662,42.339146,-71.096634,1.301919071E9,776110,776759
776662,42.339245,-71.09655,1.301919071E9,776110,776759
776662,42.339348,-71.09647,1.301919071E9,776110,776759
776662,42.339436,-71.096375,1.301919071E9,776110,776759
776662,42.3395,-71.09629,1.301919071E9,776110,776759
776662,42.339554,-71.09615,1.301919071E9,776110,776759
776662,42.339603,-71.09601,1.301919071E9,776110,776759
776662,42.339657,-71.095894,1.301919071E9,776110,776759
776662,42.339703,-71.095764,1.301919071E9,776110,776759
776662,42.339752,-71.095634,1.301919071E9,776110,776759
776662,42.339813,-71.095505,1.301919071E9,776110,776759
776662,42.339878,-71.0954,1.301919071E9,776110,776759
776662,42.339924,-71.09528,1.301919071E9,776110,776759
776662,42.339973,-71.09518,1.301919071E9,776110,776759
776662,42.34003,-71.09505,1.301919071E9,776110,776759
776662,42.340088,-71.09492,1.301919071E9,776110,776759
776662,42.340137,-71.09478,1.301919071E9,776110,776759
776662,42.34016,-71.09466,1.301919071E9,776110,776759
776662,42.340218,-71.09452,1.301919071E9,776110,776759
776662,42.340256,-71.09439,1.301919071E9,776110,776759
776662,42.340294,-71.09426,1.301919071E9,776110,776759
776662,42.340347,-71.09414,1.301919071E9,776110,776759
776662,42.340405,-71.094,1.301919071E9,776110,776759
776662,42.340454,-71.0939,1.301919071E9,776110,776759
776662,42.340515,-71.09377,1.301919071E9,776110,776759
776662,42.340557,-71.09364,1.301919071E9,776110,776759
776662,42.340614,-71.093506,1.301919071E9,776110,776759
776662,42.340668,-71.0934,1.301919071E9,776110,776759
776662,42.340717,-71.093285,1.301919071E9,776110,776759
776662,42.340797,-71.093216,1.301919071E9,776110,776759
776662,42.340862,-71.09313,1.301919071E9,776110,776759
776662,42.34092,-71.09301,1.301919071E9,776110,776759
776662,42.340984,-71.09289,1.301919071E9,776110,776759
776662,42.34103,-71.09278,1.301919071E9,776110,776759
776662,42.34111,-71.09267,1.301919071E9,776110,776759
776662,42.34117,-71.092545,1.301919071E9,776110,776759
776662,42.341225,-71.09242,1.301919071E9,776110,776759
776662,42.341267,-71.092316,1.301919071E9,776110,776759
776662,42.34133,-71.09219,1.301919071E9,776110,776759
776662,42.34142,-71.09209,1.301919071E9,776110,776759
776662,42.341496,-71.09199,1.301919071E9,776110,776759
776662,42.341564,-71.091896,1.301919071E9,776110,776759
776662,42.34166,-71.0918,1.301919071E9,776110,776759
776662,42.341743,-71.091736,1.301919071E9,776110,776759
776662,42.341843,-71.09169,1.301919071E9,776110,776759
776662,42.34194,-71.091644,1.301919071E9,776110,776759
776662,42.34204,-71.09159,1.301919071E9,776110,776759
776662,42.342133,-71.09154,1.301919071E9,776110,776759
776662,42.34222,-71.0915,1.301919071E9,776110,776759
776662,42.34233,-71.09147,1.301919071E9,776110,776759
776662,42.34244,-71.09147,1.301919071E9,776110,776759
776662,42.342537,-71.09147,1.301919071E9,776110,776759
776662,42.342674,-71.09146,1.301919071E9,776110,776759
776662,42.342793,-71.09145,1.301919071E9,776110,776759
776662,42.342896,-71.09145,1.301919071E9,776110,776759
776662,42.342995,-71.091446,1.301919071E9,776110,776759
776662,42.34309,-71.09143,1.301919071E9,776110,776759
776662,42.343197,-71.09138,1.301919071E9,776110,776759
776662,42.343296,-71.09135,1.301919071E9,776110,776759
776662,42.3434,-71.091286,1.301919071E9,776110,776759
776662,42.343513,-71.091255,1.301919071E9,776110,776759
776662,42.34361,-71.09121,1.301919071E9,776110,776759
776662,42.343693,-71.09114,1.301919071E9,776110,776759
776662,42.343784,-71.09106,1.301919071E9,776110,776759
776662,42.343872,-71.09099,1.301919071E9,776110,776759
776662,42.34398,-71.09094,1.301919071E9,776110,776759
776662,42.344078,-71.09091,1.301919071E9,776110,776759
776662,42.344166,-71.09089,1.301919071E9,776110,776759
776662,42.344276,-71.09087,1.301919071E9,776110,776759
776662,42.34439,-71.09087,1.301919071E9,776110,776759
776662,42.3445,-71.090866,1.301919071E9,776110,776759
776662,42.344612,-71.09088,1.301919071E9,776110,776759
776662,42.344715,-71.09088,1.301919071E9,776110,776759
776662,42.34483,-71.090866,1.301919071E9,776110,776759
776662,42.34493,-71.090836,1.301919071E9,776110,776759
776662,42.345028,-71.090805,1.301919071E9,776110,776759
776662,42.34513,-71.090805,1.301919071E9,776110,776759
776662,42.345226,-71.09079,1.301919071E9,776110,776759
776662,42.34534,-71.09075,1.301919071E9,776110,776759
776662,42.3454,-71.09065,1.301919071E9,776110,776759
776662,42.345474,-71.090546,1.301919071E9,776110,776759
776662,42.345573,