62,-37.82452,144.97188,1.301919071E9,776110,776759
776662,-37.82442,144.97182,1.301919071E9,776110,776759
776662,-37.824318,144.97179,1.301919071E9,776110,776759
776662,-37.82421,144.97176,1.301919071E9,776110,776759
776662,-37.82409,144.97171,1.301919071E9,776110,776759
776662,-37.823994,144.97166,1.301919071E9,776110,776759
776662,-37.8239,144.9716,1.301919071E9,776110,776759
776662,-37.823807,144.97156,1.301919071E9,776110,776759
776662,-37.823708,144.97153,1.301919071E9,776110,776759
776662,-37.823612,144.97148,1.301919071E9,776110,776759
776662,-37.82351,144.97147,1.301919071E9,776110,776759
776662,-37.823418,144.97147,1.301919071E9,776110,776759
776662,-37.823303,144.97148,1.301919071E9,776110,776759
776662,-37.823208,144.97151,1.301919071E9,776110,776759
776662,-37.823112,144.97159,1.301919071E9,776110,776759
776662,-37.82302,144.97166,1.301919071E9,776110,776759
776662,-37.82293,144.97171,1.301919071E9,776110,776759
776662,-37.82285,144.97177,1.301919071E9,776110,776759
776662,-37.82276,144.97186,1.301919071E9,776110,776759
776662,-37.822697,144.97197,1.301919071E9,776110,776759
776662,-37.8226,144.9721,1.301919071E9,776110,776759
776662,-37.822544,144.9722,1.301919071E9,776110,776759
776662,-37.82249,144.97229,1.301919071E9,776110,776759
776662,-37.822437,144.97243,1.301919071E9,776110,776759
776662,-37.822395,144.97255,1.301919071E9,776110,776759
776662,-37.822357,144.97278,1.301919071E9,776110,776759
776662,-37.822342,144.97289,1.301919071E9,776110,776759
776662,-37.82232,144.97305,1.301919071E9,776110,776759
776662,-37.822266,144.97334,1.301919071E9,776110,776759
776662,-37.82224,144.97346,1.301919071E9,776110,776759
776662,-37.822212,144.9736,1.301919071E9,776110,776759
776662,-37.8222,144.97371,1.301919071E9,776110,776759
776662,-37.822186,144.97386,1.301919071E9,776110,776759
776662,-37.822186,144.974,1.301919071E9,776110,776759
776662,-37.82219,144.97414,1.301919071E9,776110,776759
776662,-37.82219,144.97427,1.301919071E9,776110,776759
776662,-37.8222,144.97441,1.301919071E9,776110,776759
776662,-37.82222,144.97455,1.301919071E9,776110,776759
776662,-37.822258,144.97466,1.301919071E9,776110,776759
776662,-37.82231,144.97476,1.301919071E9,776110,776759
776662,-37.822365,144.9749,1.301919071E9,776110,776759
776662,-37.822437,144.975,1.301919071E9,776110,776759
776662,-37.8225,144.9751,1.301919071E9,776110,776759
776662,-37.82257,144.9752,1.301919071E9,776110,776759
776662,-37.822647,144.9753,1.301919071E9,776110,776759
776662,-37.822727,144.97539,1.301919071E9,776110,776759
776662,-37.822815,144.9755,1.301919071E9,776110,776759
776662,-37.82289,144.97557,1.301919071E9,776110,776759
776662,-37.822964,144.97565,1.301919071E9,776110,776759
776662,-37.823048,144.97574,1.301919071E9,776110,776759
776662,-37.823116,144.97583,1.301919071E9,776110,776759
776662,-37.8232,144.97592,1.301919071E9,776110,776759
776662,-37.82326,144.97601,1.301919071E9,776110,776759
776662,-37.823334,144.97612,1.301919071E9,776110,776759
776662,-37.823406,144.97624,1.301919071E9,776110,776759
776662,-37.823483,144.97635,1.301919071E9,776110,776759
776662,-37.823544,144.97644,1.301919071E9,776110,776759
776662,-37.823624,144.97652,1.301919071E9,776110,776759
776662,-37.823685,144.97661,1.301919071E9,776110,776759
776662,-37.823753,144.97668,1.301919071E9,776110,776759
776662,-37.823833,144.97678,1.301919071E9,776110,776759
776662,-37.82391,144.97685,1.301919071E9,776110,776759
776662,-37.823986,144.97693,1.301919071E9,776110,776759
776662,-37.82407,144.977,1.301919071E9,776110,776759
776662,-37.824154,144.9771,1.301919071E9,776110,776759
776662,-37.824253,144.97717,1.301919071E9,776110,776759
776662,-37.824333,144.97723,1.301919071E9,776110,776759
776662,-37.824417,144.97728,1.301919071E9,776110,776759
776662,-37.8245,144.97734,1.301919071E9,776110,776759
776662,-37.824593,144.97742,1.301919071E9,776110,776759
776662,-37.824673,144.97748,1.301919071E9,776110,776759
776662,-37.824768,144.97755,1.301919071E9,776110,776759
776662,-37.82484,144.97762,1.301919071E9,776110,776759
776662,-37.82492,144.9777,1.301919071E9,776110,776759
776662,-37.82501,144.9778,1.301919071E9,776110,776759
776662,-37.825077,144.97789,1.301919071E9,776110,776759
776662,-37.825176,144.97795,1.301919071E9,776110,776759
776662,-37.82527,144.97801,1.301919071E9,776110,776759
776662,-37.82534,144.97809,1.301919071E9,776110,776759
776662,-37.825417,144.97816,1.301919071E9,776110,776759
776662,-37.825512,144.97824,1.301919071E9,776110,776759
776662,-37.82559,144.97833,1.301919071E9,776110,776759
776662,-37.82568,144.9784,1.301919071E9,776110,776759
776662,-37.825756,144.97845,1.301919071E9,776110,776759
776662,-37.825848,144.97853,1.301919071E9,776110,776759
776662,-37.825935,144.9786,1.301919071E9,776110,776759
776662,-37.826023,144.97868,1.301919071E9,776110,776759
776662,-37.826096,144.97878,1.301919071E9,776110,776759
776662,-37.826176,144.97887,1.301919071E9,776110,776759
776662,-37.826256,144.97896,1.301919071E9,776110,776759
776662,-37.826332,144.97902,1.301919071E9,776110,776759
776662,-37.826427,144.9791,1.301919071E9,776110,776759
776662,-37.826492,144.9792,1.301919071E9,776110,776759
776662,-37.826557,144.97931,1.301919071E9,776110,776759
776662,-37.826626,144.97942,1.301919071E9,776110,776759
776662,-37.8267,144.97952,1.301919071E9,776110,776759
776662,-37.82676,144.97963,1.301919071E9,776110,776759
776662,-37.826836,144.9797,1.301919071E9,776110,776759
776662,-37.826878,144.97981,1.301919071E9,776110,776759
776662,-37.826958,144.9799,1.301919071E9,776110,776759
776662,-37.82704,144.98003,1.301919071E9,776110,776759
776662,-37.827114,144.9801,1.301919071E9,776110,776759
776662,-37.827217,144.98038,1.301919071E9,776110,776759
776662,-37.827248,144.98051,1.301919071E9,776110,776759
776662,-37.827377,144.98083,1.301919071E9,776110,776759
776662,-37.827503,144.98116,1.301919071E9,776110,776759
776662,-37.827553,144.98128,1.301919071E9,776110,776759
776662,-37.8276,144.98137,1.301919071E9,776110,776759
776662,-37.82771,144.98172,1.301919071E9,776110,776759
776662,-37.827866,144.98201,1.301919071E9,776110,776759
776662,-37.827988,144.9822,1.301919071E9,776110,776759
776662,-37.82804,144.9823,1.301919071E9,776110,776759
776662,-37.828094,144.98251,1.301919071E9,776110,776759
776662,-37.82812,144.98265,1.301919071E9,776110,776759
776662,-37.828133,144.98297,1.301919071E9,776110,776759
776662,-37.82814,144.98312,1.301919071E9,776110,776759
776662,-37.82814,144.98332,1.301919071E9,776110,776759
776662,-37.828163,144.98343,1.301919071E9,776110,776759
776662,-37.828194,144.98355,1.301919071E9,776110,776759
776662,-37.828217,144.9837,1.301919071E9,776110,776759
776662,-37.82825,144.98383,1.301919071E9,776110,776759
776662,-37.828327,144.98416,1.301919071E9,776110,776759
776662,-37.828365,144.98428,1.301919071E9,776110,776759
776662,-37.828403,144.98439,1.301919071E9,776110,776759
776662,-37.828472,144.98448,1.301919071E9,776110,776759
776662,-37.82856,144.98456,1.301919071E9,776110,776759
776662,-37.828663,144.98462,1.301919071E9,776110,776759
776662,-37.828762,144.98466,1.301919071E9,776110,776759
776662,-37.828865,144.98465,1.301919071E9,776110,776759
776662,-37.82896,144.98462,1.301919071E9,776110,776759
776662,-37.829063,144.98462,1.301919071E9,776110,776759
776662,-37.829163,144.98463,1.301919071E9,776110,776759
776662,-37.829273,144.9846,1.301919071E9,776110,776759
776662,-37.829365,144.98459,1.301919071E9,776110,776759
776662,-37.82946,144.98457,1.301919071E9,776110,776759
776662,-37.82957,144.98456,1.301919071E9,776110,776759
776662,-37.829685,144.98454,1.301919071E9,776110,776759
776662,-37.82978,144.98451,1.301919071E9,776110,776759
776662,-37.829895,144.9845,1.301919071E9,776110,776759
776662,-37.82999,144.98448,1.301919071E9,776110,776759
776662,-37.830086,144.98448,1.301919071E9,776110,776759
776662,-37.830193,144.98447,1.301919071E9,776110,776759
776662,-37.830288,144.98447,1.301919071E9,776110,776759
776662,-37.83038,144.98447,1.301919071E9,776110,776759
776662,-37.830467,144.98444,1.3