301919071E9,776110,776759
776662,41.885372,-87.80249,1.301919071E9,776110,776759
776662,41.885155,-87.80252,1.301919071E9,776110,776759
776662,41.884846,-87.80248,1.301919071E9,776110,776759
776662,41.884674,-87.80239,1.301919071E9,776110,776759
776662,41.88463,-87.802284,1.301919071E9,776110,776759
776662,41.88458,-87.80214,1.301919071E9,776110,776759
776662,41.884552,-87.802,1.301919071E9,776110,776759
776662,41.884537,-87.801865,1.301919071E9,776110,776759
776662,41.88453,-87.80173,1.301919071E9,776110,776759
776662,41.884525,-87.8016,1.301919071E9,776110,776759
776662,41.884518,-87.801476,1.301919071E9,776110,776759
776662,41.88451,-87.80134,1.301919071E9,776110,776759
776662,41.884525,-87.80121,1.301919071E9,776110,776759
776662,41.88456,-87.80109,1.301919071E9,776110,776759
776662,41.884613,-87.80097,1.301919071E9,776110,776759
776662,41.88468,-87.80087,1.301919071E9,776110,776759
776662,41.884735,-87.80075,1.301919071E9,776110,776759
776662,41.884743,-87.80063,1.301919071E9,776110,776759
776662,41.88476,-87.80051,1.301919071E9,776110,776759
776662,41.884766,-87.800385,1.301919071E9,776110,776759
776662,41.88479,-87.80026,1.301919071E9,776110,776759
776662,41.884777,-87.80013,1.301919071E9,776110,776759
776662,41.88469,-87.80009,1.301919071E9,776110,776759
776662,41.884598,-87.8001,1.301919071E9,776110,776759
776662,41.884495,-87.800125,1.301919071E9,776110,776759
776662,41.88429,-87.80018,1.301919071E9,776110,776759
776662,41.884163,-87.80021,1.301919071E9,776110,776759
776662,41.884056,-87.80023,1.301919071E9,776110,776759
776662,41.883965,-87.800224,1.301919071E9,776110,776759
776662,41.88377,-87.80019,1.301919071E9,776110,776759
776662,41.88366,-87.80015,1.301919071E9,776110,776759
776662,41.88349,-87.80007,1.301919071E9,776110,776759
776662,41.883446,-87.79995,1.301919071E9,776110,776759
776662,41.88343,-87.79982,1.301919071E9,776110,776759
776662,41.88338,-87.799644,1.301919071E9,776110,776759
776662,41.883385,-87.79952,1.301919071E9,776110,776759
776662,41.883392,-87.799385,1.301919071E9,776110,776759
776662,41.883385,-87.79925,1.301919071E9,776110,776759
776662,41.883373,-87.799095,1.301919071E9,776110,776759
776662,41.883373,-87.79896,1.301919071E9,776110,776759
776662,41.88339,-87.79882,1.301919071E9,776110,776759
776662,41.88342,-87.79861,1.301919071E9,776110,776759
776662,41.88344,-87.798485,1.301919071E9,776110,776759
776662,41.88341,-87.798294,1.301919071E9,776110,776759
776662,41.883392,-87.79793,1.301919071E9,776110,776759
776662,41.883442,-87.79773,1.301919071E9,776110,776759
776662,41.883446,-87.79759,1.301919071E9,776110,776759
776662,41.883484,-87.79729,1.301919071E9,776110,776759
776662,41.883484,-87.79715,1.301919071E9,776110,776759
776662,41.88347,-87.796844,1.301919071E9,776110,776759
776662,41.88346,-87.79671,1.301919071E9,776110,776759
776662,41.883465,-87.79649,1.301919071E9,776110,776759
776662,41.88346,-87.796364,1.301919071E9,776110,776759
776662,41.883465,-87.79608,1.301919071E9,776110,776759
776662,41.883465,-87.79596,1.301919071E9,776110,776759
776662,41.883465,-87.79582,1.301919071E9,776110,776759
776662,41.883472,-87.79568,1.301919071E9,776110,776759
776662,41.88348,-87.795555,1.301919071E9,776110,776759
776662,41.883465,-87.79543,1.301919071E9,776110,776759
776662,41.883476,-87.7953,1.301919071E9,776110,776759
776662,41.883488,-87.79517,1.301919071E9,776110,776759
776662,41.8835,-87.79504,1.301919071E9,776110,776759
776662,41.8835,-87.7949,1.301919071E9,776110,776759
776662,41.883484,-87.794754,1.301919071E9,776110,776759
776662,41.883472,-87.79463,1.301919071E9,776110,776759
776662,41.88356,-87.79444,1.301919071E9,776110,776759
776662,41.883694,-87.794426,1.301919071E9,776110,776759
776662,41.883785,-87.79444,1.301919071E9,776110,776759
776662,41.883953,-87.79447,1.301919071E9,776110,776759
776662,41.884026,-87.794495,1.301919071E9,776110,776759
776662,41.884075,-87.79446,1.301919071E9,776110,776759
776662,41.884357,-87.7945,1.301919071E9,776110,776759
776662,41.884644,-87.79453,1.301919071E9,776110,776759
776662,41.884914,-87.79456,1.301919071E9,776110,776759
776662,41.885345,-87.79447,1.301919071E9,776110,776759
776662,41.88524,-87.79461,1.301919071E9,776110,776759
776662,41.884914,-87.79456,1.301919071E9,776110,776759
776662,41.88539,-87.79448,1.301919071E9,776110,776759
776662,41.885666,-87.794464,1.301919071E9,776110,776759
776662,41.88636,-87.79415,1.301919071E9,776110,776759
776662,41.885666,-87.794464,1.301919071E9,776110,776759
776662,41.88595,-87.79443,1.301919071E9,776110,776759
776662,41.88624,-87.79449,1.301919071E9,776110,776759
776662,41.886517,-87.79452,1.301919071E9,776110,776759
776662,41.88679,-87.79441,1.301919071E9,776110,776759
776662,41.88693,-87.79432,1.301919071E9,776110,776759
776662,41.88693,-87.79432,1.301919071E9,776110,776759
776662,41.884037,-87.79436,1.301919071E9,776110,776759
776662,41.884182,-87.794365,1.301919071E9,776110,776759
776662,41.88436,-87.79442,1.301919071E9,776110,776759
776662,41.884506,-87.79445,1.301919071E9,776110,776759
776662,41.884613,-87.7945,1.301919071E9,776110,776759
776662,41.88471,-87.7945,1.301919071E9,776110,776759
776662,41.884804,-87.79451,1.301919071E9,776110,776759
776662,41.88489,-87.7945,1.301919071E9,776110,776759
776662,41.884983,-87.79452,1.301919071E9,776110,776759
776662,41.885124,-87.794556,1.301919071E9,776110,776759
776662,41.885456,-87.79454,1.301919071E9,776110,776759
776662,41.885746,-87.79459,1.301919071E9,776110,776759
776662,41.88602,-87.794586,1.301919071E9,776110,776759
776662,41.88612,-87.79456,1.301919071E9,776110,776759
776662,41.88624,-87.794556,1.301919071E9,776110,776759
776662,41.886406,-87.79454,1.301919071E9,776110,776759
776662,41.886738,-87.79457,1.301919071E9,776110,776759
776662,41.887096,-87.79444,1.301919071E9,776110,776759
776662,41.886738,-87.79457,1.301919071E9,776110,776759
776662,41.887054,-87.79457,1.301919071E9,776110,776759
776662,41.887325,-87.79457,1.301919071E9,776110,776759
776662,41.887623,-87.79446,1.301919071E9,776110,776759
776662,41.887882,-87.79457,1.301919071E9,776110,776759
776662,41.88816,-87.794495,1.301919071E9,776110,776759
776662,41.888412,-87.79463,1.301919071E9,776110,776759
776662,41.888508,-87.79464,1.301919071E9,776110,776759
776662,41.888603,-87.79466,1.301919071E9,776110,776759
776662,41.888683,-87.79476,1.301919071E9,776110,776759
776662,41.888744,-87.79486,1.301919071E9,776110,776759
776662,41.888786,-87.79499,1.301919071E9,776110,776759
776662,41.888798,-87.79512,1.301919071E9,776110,776759
776662,41.8888,-87.795265,1.301919071E9,776110,776759
776662,41.888817,-87.795425,1.301919071E9,776110,776759
776662,41.88885,-87.79554,1.301919071E9,776110,776759
776662,41.88889,-87.795746,1.301919071E9,776110,776759
776662,41.88893,-87.79587,1.301919071E9,776110,776759
776662,41.88893,-87.79587,1.301919071E9,776110,776759
776662,41.88835,-87.7945,1.301919071E9,776110,776759
776662,41.88831,-87.79448,1.301919071E9,776110,776759
776662,41.888435,-87.79447,1.301919071E9,776110,776759
776662,41.88821,-87.79448,1.301919071E9,776110,776759
776662,41.888435,-87.79447,1.301919071E9,776110,776759
776662,41.88804,-87.79428,1.301919071E9,776110,776759
776662,41.88776,-87.7944,1.301919071E9,776110,776759
776662,41.887478,-87.794395,1.301919071E9,776110,776759
776662,41.887344,-87.794426,1.301919071E9,776110,776759
776662,41.887005,-87.794395,1.301919071E9,776110,776759
776662,41.8869,-87.79441,1.301919071E9,776110,776759
776662,41.886597,-87.79437,1.301919071E9,776110,776759
776662,41.88632,-87.79439,1.301919071E9,776110,776759
776662,41.886032,-87.7943,1.301919071E9,776110,776759
776662,41.88577,-87.79418,1.301919071E9,776110,776759
776662,41.885628,-87.79425,1.301919071E9,776110,776759
776662,41.885345,-87.7943,1.301919071E9,776110,776759
776662,41.88509,-87.79439,1.301919071E9,776110,776759
776662,41.88498,-87.79439,1.301919071E9,776110,776759
776662,41.884815,-87.794395,1.301919071E9,776110,776759
776662,41.884693,-87.79439,1.301919071E9,776110,776759
776662,41.88459,-87.79439,1.301919071E9,77