48842,1.301919071E9,776110,776759
776662,38.717876,-90.48849,1.301919071E9,776110,776759
776662,38.71797,-90.48855,1.301919071E9,776110,776759
776662,38.71807,-90.4886,1.301919071E9,776110,776759
776662,38.718155,-90.48866,1.301919071E9,776110,776759
776662,38.71826,-90.488716,1.301919071E9,776110,776759
776662,38.71835,-90.48877,1.301919071E9,776110,776759
776662,38.718433,-90.48881,1.301919071E9,776110,776759
776662,38.718536,-90.48883,1.301919071E9,776110,776759
776662,38.718628,-90.48886,1.301919071E9,776110,776759
776662,38.718716,-90.4889,1.301919071E9,776110,776759
776662,38.718815,-90.488945,1.301919071E9,776110,776759
776662,38.718906,-90.48901,1.301919071E9,776110,776759
776662,38.718998,-90.48908,1.301919071E9,776110,776759
776662,38.71909,-90.48916,1.301919071E9,776110,776759
776662,38.719177,-90.48923,1.301919071E9,776110,776759
776662,38.71926,-90.48929,1.301919071E9,776110,776759
776662,38.719345,-90.48935,1.301919071E9,776110,776759
776662,38.719444,-90.489395,1.301919071E9,776110,776759
776662,38.71954,-90.48944,1.301919071E9,776110,776759
776662,38.719635,-90.489494,1.301919071E9,776110,776759
776662,38.71971,-90.48956,1.301919071E9,776110,776759
776662,38.7198,-90.48963,1.301919071E9,776110,776759
776662,38.7199,-90.48969,1.301919071E9,776110,776759
776662,38.71998,-90.48977,1.301919071E9,776110,776759
776662,38.720062,-90.48986,1.301919071E9,776110,776759
776662,38.72014,-90.48993,1.301919071E9,776110,776759
776662,38.72022,-90.490005,1.301919071E9,776110,776759
776662,38.720306,-90.49009,1.301919071E9,776110,776759
776662,38.72039,-90.49017,1.301919071E9,776110,776759
776662,38.72047,-90.49025,1.301919071E9,776110,776759
776662,38.720543,-90.49032,1.301919071E9,776110,776759
776662,38.72063,-90.4904,1.301919071E9,776110,776759
776662,38.720715,-90.49049,1.301919071E9,776110,776759
776662,38.72079,-90.49057,1.301919071E9,776110,776759
776662,38.720875,-90.49066,1.301919071E9,776110,776759
776662,38.72095,-90.490746,1.301919071E9,776110,776759
776662,38.72103,-90.490814,1.301919071E9,776110,776759
776662,38.72112,-90.49086,1.301919071E9,776110,776759
776662,38.721207,-90.49091,1.301919071E9,776110,776759
776662,38.721294,-90.490974,1.301919071E9,776110,776759
776662,38.721394,-90.49104,1.301919071E9,776110,776759
776662,38.721478,-90.49112,1.301919071E9,776110,776759
776662,38.72157,-90.491196,1.301919071E9,776110,776759
776662,38.72166,-90.49124,1.301919071E9,776110,776759
776662,38.721752,-90.491295,1.301919071E9,776110,776759
776662,38.721848,-90.49134,1.301919071E9,776110,776759
776662,38.72195,-90.49141,1.301919071E9,776110,776759
776662,38.72202,-90.4915,1.301919071E9,776110,776759
776662,38.72205,-90.49162,1.301919071E9,776110,776759
776662,38.72205,-90.49176,1.301919071E9,776110,776759
776662,38.722054,-90.49188,1.301919071E9,776110,776759
776662,38.722042,-90.49202,1.301919071E9,776110,776759
776662,38.721962,-90.49212,1.301919071E9,776110,776759
776662,38.72188,-90.49219,1.301919071E9,776110,776759
776662,38.721783,-90.492256,1.301919071E9,776110,776759
776662,38.721695,-90.49231,1.301919071E9,776110,776759
776662,38.721592,-90.49236,1.301919071E9,776110,776759
776662,38.721493,-90.4924,1.301919071E9,776110,776759
776662,38.721394,-90.492424,1.301919071E9,776110,776759
776662,38.721287,-90.49245,1.301919071E9,776110,776759
776662,38.7212,-90.49247,1.301919071E9,776110,776759
776662,38.721104,-90.49249,1.301919071E9,776110,776759
776662,38.720997,-90.492516,1.301919071E9,776110,776759
776662,38.720898,-90.49254,1.301919071E9,776110,776759
776662,38.720806,-90.49257,1.301919071E9,776110,776759
776662,38.720695,-90.4926,1.301919071E9,776110,776759
776662,38.720592,-90.49262,1.301919071E9,776110,776759
776662,38.720497,-90.49264,1.301919071E9,776110,776759
776662,38.720398,-90.49266,1.301919071E9,776110,776759
776662,38.720306,-90.49268,1.301919071E9,776110,776759
776662,38.72021,-90.492714,1.301919071E9,776110,776759
776662,38.720116,-90.49275,1.301919071E9,776110,776759
776662,38.720013,-90.49278,1.301919071E9,776110,776759
776662,38.71991,-90.492805,1.301919071E9,776110,776759
776662,38.719807,-90.49284,1.301919071E9,776110,776759
776662,38.719707,-90.492874,1.301919071E9,776110,776759
776662,38.719597,-90.49288,1.301919071E9,776110,776759
776662,38.7195,-90.4929,1.301919071E9,776110,776759
776662,38.719402,-90.49292,1.301919071E9,776110,776759
776662,38.71931,-90.49293,1.301919071E9,776110,776759
776662,38.71921,-90.492935,1.301919071E9,776110,776759
776662,38.719105,-90.49293,1.301919071E9,776110,776759
776662,38.71901,-90.49291,1.301919071E9,776110,776759
776662,38.71891,-90.49289,1.301919071E9,776110,776759
776662,38.71881,-90.49287,1.301919071E9,776110,776759
776662,38.718704,-90.49285,1.301919071E9,776110,776759
776662,38.718605,-90.492836,1.301919071E9,776110,776759
776662,38.71851,-90.49281,1.301919071E9,776110,776759
776662,38.71841,-90.49279,1.301919071E9,776110,776759
776662,38.71831,-90.492805,1.301919071E9,776110,776759
776662,38.718212,-90.49282,1.301919071E9,776110,776759
776662,38.718117,-90.492836,1.301919071E9,776110,776759
776662,38.718006,-90.49286,1.301919071E9,776110,776759
776662,38.71791,-90.49289,1.301919071E9,776110,776759
776662,38.717815,-90.492905,1.301919071E9,776110,776759
776662,38.717712,-90.49293,1.301919071E9,776110,776759
776662,38.717617,-90.492966,1.301919071E9,776110,776759
776662,38.717514,-90.49301,1.301919071E9,776110,776759
776662,38.71741,-90.493034,1.301919071E9,776110,776759
776662,38.717316,-90.49306,1.301919071E9,776110,776759
776662,38.717205,-90.49309,1.301919071E9,776110,776759
776662,38.717094,-90.49311,1.301919071E9,776110,776759
776662,38.717,-90.49314,1.301919071E9,776110,776759
776662,38.716908,-90.49317,1.301919071E9,776110,776759
776662,38.7168,-90.493195,1.301919071E9,776110,776759
776662,38.716705,-90.493225,1.301919071E9,776110,776759
776662,38.716595,-90.49324,1.301919071E9,776110,776759
776662,38.716496,-90.49324,1.301919071E9,776110,776759
776662,38.716404,-90.49324,1.301919071E9,776110,776759
776662,38.716297,-90.49324,1.301919071E9,776110,776759
776662,38.716194,-90.4932,1.301919071E9,776110,776759
776662,38.716167,-90.493065,1.301919071E9,776110,776759
776662,38.716156,-90.49293,1.301919071E9,776110,776759
776662,38.716137,-90.492805,1.301919071E9,776110,776759
776662,38.71611,-90.49268,1.301919071E9,776110,776759
776662,38.716076,-90.49255,1.301919071E9,776110,776759
776662,38.716064,-90.49243,1.301919071E9,776110,776759
776662,38.716057,-90.49232,1.301919071E9,776110,776759
776662,38.71603,-90.49218,1.301919071E9,776110,776759
776662,38.716003,-90.49206,1.301919071E9,776110,776759
776662,38.715984,-90.491936,1.301919071E9,776110,776759
776662,38.715973,-90.49181,1.301919071E9,776110,776759
776662,38.715958,-90.491684,1.301919071E9,776110,776759
776662,38.715946,-90.49156,1.301919071E9,776110,776759
776662,38.715935,-90.49144,1.301919071E9,776110,776759
776662,38.71593,-90.49131,1.301919071E9,776110,776759
776662,38.71594,-90.49116,1.301919071E9,776110,776759
776662,38.715916,-90.491035,1.301919071E9,776110,776759
776662,38.715874,-90.49103,1.301919071E9,776110,776759
776662,38.71589,-90.491035,1.301919071E9,776110,776759
776662,38.715874,-90.49092,1.301919071E9,776110,776759
776662,38.715847,-90.49081,1.301919071E9,776110,776759
776662,38.715744,-90.49081,1.301919071E9,776110,776759
776662,38.71565,-90.49078,1.301919071E9,776110,776759
776662,38.715607,-90.49065,1.301919071E9,776110,776759
776662,38.715576,-90.49052,1.301919071E9,776110,776759
776662,38.715557,-90.490395,1.301919071E9,776110,776759
776662,38.71554,-90.490265,1.301919071E9,776110,776759
776662,38.715546,-90.49013,1.301919071E9,776110,776759
776662,38.71554,-90.48999,1.301919071E9,776110,776759
776662,38.71551,-90.48986,1.301919071E9,776110,776759
776662,38.71548,-90.48973,1.301919071E9,776110,776759
776662,38.71546,-90.48961,1.301919071E9,776110,776759
776662,38.715446,-90.489494,1.301919071E9,776110,776759
776662,38.71543,-90.489365,1.301919071E9,776110,776759
776662,38.71542,-90.48925,