71E9,776110,776759
776662,39.736866,-104.96193,1.301919071E9,776110,776759
776662,39.736866,-104.962166,1.301919071E9,776110,776759
776662,39.736893,-104.962326,1.301919071E9,776110,776759
776662,39.73688,-104.96253,1.301919071E9,776110,776759
776662,39.736877,-104.9627,1.301919071E9,776110,776759
776662,39.73689,-104.96287,1.301919071E9,776110,776759
776662,39.7369,-104.96304,1.301919071E9,776110,776759
776662,39.73692,-104.96321,1.301919071E9,776110,776759
776662,39.73692,-104.96345,1.301919071E9,776110,776759
776662,39.73695,-104.96362,1.301919071E9,776110,776759
776662,39.736965,-104.96375,1.301919071E9,776110,776759
776662,39.736973,-104.96396,1.301919071E9,776110,776759
776662,39.736958,-104.964195,1.301919071E9,776110,776759
776662,39.73693,-104.96436,1.301919071E9,776110,776759
776662,39.736923,-104.96453,1.301919071E9,776110,776759
776662,39.736923,-104.96481,1.301919071E9,776110,776759
776662,39.736935,-104.96497,1.301919071E9,776110,776759
776662,39.736927,-104.965225,1.301919071E9,776110,776759
776662,39.736935,-104.96546,1.301919071E9,776110,776759
776662,39.736935,-104.96568,1.301919071E9,776110,776759
776662,39.736923,-104.965904,1.301919071E9,776110,776759
776662,39.736885,-104.966125,1.301919071E9,776110,776759
776662,39.73687,-104.96625,1.301919071E9,776110,776759
776662,39.736877,-104.96638,1.301919071E9,776110,776759
776662,39.736893,-104.966515,1.301919071E9,776110,776759
776662,39.73689,-104.96665,1.301919071E9,776110,776759
776662,39.736874,-104.96677,1.301919071E9,776110,776759
776662,39.73686,-104.96692,1.301919071E9,776110,776759
776662,39.73683,-104.96706,1.301919071E9,776110,776759
776662,39.736805,-104.96718,1.301919071E9,776110,776759
776662,39.736694,-104.96727,1.301919071E9,776110,776759
776662,39.736603,-104.96727,1.301919071E9,776110,776759
776662,39.736477,-104.967285,1.301919071E9,776110,776759
776662,39.736305,-104.9673,1.301919071E9,776110,776759
776662,39.736214,-104.9673,1.301919071E9,776110,776759
776662,39.73612,-104.967285,1.301919071E9,776110,776759
776662,39.73606,-104.96715,1.301919071E9,776110,776759
776662,39.73606,-104.96697,1.301919071E9,776110,776759
776662,39.73605,-104.96685,1.301919071E9,776110,776759
776662,39.736046,-104.96657,1.301919071E9,776110,776759
776662,39.736046,-104.96639,1.301919071E9,776110,776759
776662,39.73603,-104.9662,1.301919071E9,776110,776759
776662,39.735996,-104.96599,1.301919071E9,776110,776759
776662,39.735928,-104.965805,1.301919071E9,776110,776759
776662,39.735863,-104.96562,1.301919071E9,776110,776759
776662,39.735825,-104.965515,1.301919071E9,776110,776759
776662,39.73578,-104.965416,1.301919071E9,776110,776759
776662,39.735653,-104.9652,1.301919071E9,776110,776759
776662,39.735584,-104.96511,1.301919071E9,776110,776759
776662,39.735477,-104.96499,1.301919071E9,776110,776759
776662,39.73537,-104.96491,1.301919071E9,776110,776759
776662,39.73523,-104.964836,1.301919071E9,776110,776759
776662,39.735058,-104.96475,1.301919071E9,776110,776759
776662,39.73497,-104.96471,1.301919071E9,776110,776759
776662,39.73488,-104.96467,1.301919071E9,776110,776759
776662,39.734776,-104.964645,1.301919071E9,776110,776759
776662,39.73463,-104.964584,1.301919071E9,776110,776759
776662,39.734444,-104.96456,1.301919071E9,776110,776759
776662,39.734303,-104.964554,1.301919071E9,776110,776759
776662,39.73417,-104.96458,1.301919071E9,776110,776759
776662,39.734055,-104.96458,1.301919071E9,776110,776759
776662,39.733955,-104.96457,1.301919071E9,776110,776759
776662,39.733864,-104.96458,1.301919071E9,776110,776759
776662,39.73372,-104.9646,1.301919071E9,776110,776759
776662,39.733517,-104.964676,1.301919071E9,776110,776759
776662,39.73349,-104.9648,1.301919071E9,776110,776759
776662,39.733467,-104.96491,1.301919071E9,776110,776759
776662,39.733383,-104.965126,1.301919071E9,776110,776759
776662,39.733337,-104.965256,1.301919071E9,776110,776759
776662,39.733295,-104.96538,1.301919071E9,776110,776759
776662,39.73324,-104.96553,1.301919071E9,776110,776759
776662,39.73314,-104.96574,1.301919071E9,776110,776759
776662,39.732975,-104.96587,1.301919071E9,776110,776759
776662,39.7328,-104.96596,1.301919071E9,776110,776759
776662,39.73263,-104.96598,1.301919071E9,776110,776759
776662,39.732536,-104.96599,1.301919071E9,776110,776759
776662,39.732437,-104.965996,1.301919071E9,776110,776759
776662,39.732334,-104.966,1.301919071E9,776110,776759
776662,39.732185,-104.96603,1.301919071E9,776110,776759
776662,39.732067,-104.966034,1.301919071E9,776110,776759
776662,39.73195,-104.96606,1.301919071E9,776110,776759
776662,39.731747,-104.96606,1.301919071E9,776110,776759
776662,39.731632,-104.96606,1.301919071E9,776110,776759
776662,39.73151,-104.966,1.301919071E9,776110,776759
776662,39.73139,-104.96592,1.301919071E9,776110,776759
776662,39.731304,-104.96582,1.301919071E9,776110,776759
776662,39.731228,-104.96568,1.301919071E9,776110,776759
776662,39.731163,-104.96553,1.301919071E9,776110,776759
776662,39.731094,-104.96538,1.301919071E9,776110,776759
776662,39.731037,-104.96526,1.301919071E9,776110,776759
776662,39.73097,-104.96516,1.301919071E9,776110,776759
776662,39.730885,-104.96505,1.301919071E9,776110,776759
776662,39.73079,-104.964966,1.301919071E9,776110,776759
776662,39.730705,-104.9649,1.301919071E9,776110,776759
776662,39.730583,-104.964806,1.301919071E9,776110,776759
776662,39.730476,-104.96477,1.301919071E9,776110,776759
776662,39.73034,-104.964806,1.301919071E9,776110,776759
776662,39.73021,-104.964874,1.301919071E9,776110,776759
776662,39.730057,-104.96503,1.301919071E9,776110,776759
776662,39.7299,-104.96521,1.301919071E9,776110,776759
776662,39.729774,-104.96542,1.301919071E9,776110,776759
776662,39.72971,-104.96562,1.301919071E9,776110,776759
776662,39.729675,-104.96578,1.301919071E9,776110,776759
776662,39.72967,-104.965904,1.301919071E9,776110,776759
776662,39.729687,-104.96605,1.301919071E9,776110,776759
776662,39.72971,-104.96627,1.301919071E9,776110,776759
776662,39.729725,-104.96643,1.301919071E9,776110,776759
776662,39.729755,-104.96657,1.301919071E9,776110,776759
776662,39.729797,-104.96671,1.301919071E9,776110,776759
776662,39.729847,-104.966835,1.301919071E9,776110,776759
776662,39.729904,-104.966995,1.301919071E9,776110,776759
776662,39.729965,-104.96712,1.301919071E9,776110,776759
776662,39.73005,-104.96727,1.301919071E9,776110,776759
776662,39.73015,-104.96742,1.301919071E9,776110,776759
776662,39.730286,-104.96758,1.301919071E9,776110,776759
776662,39.730434,-104.96774,1.301919071E9,776110,776759
776662,39.730602,-104.967865,1.301919071E9,776110,776759
776662,39.73077,-104.967926,1.301919071E9,776110,776759
776662,39.730865,-104.96794,1.301919071E9,776110,776759
776662,39.731026,-104.96794,1.301919071E9,776110,776759
776662,39.731144,-104.967926,1.301919071E9,776110,776759
776662,39.731236,-104.96791,1.301919071E9,776110,776759
776662,39.731342,-104.96789,1.301919071E9,776110,776759
776662,39.731537,-104.967865,1.301919071E9,776110,776759
776662,39.731636,-104.96784,1.301919071E9,776110,776759
776662,39.731743,-104.96782,1.301919071E9,776110,776759
776662,39.731842,-104.9678,1.301919071E9,776110,776759
776662,39.73197,-104.967735,1.301919071E9,776110,776759
776662,39.732185,-104.96766,1.301919071E9,776110,776759
776662,39.732273,-104.96763,1.301919071E9,776110,776759
776662,39.73242,-104.96755,1.301919071E9,776110,776759
776662,39.73254,-104.96749,1.301919071E9,776110,776759
776662,39.73266,-104.96743,1.301919071E9,776110,776759
776662,39.732788,-104.96736,1.301919071E9,776110,776759
776662,39.732952,-104.96728,1.301919071E9,776110,776759
776662,39.73312,-104.96719,1.301919071E9,776110,776759
776662,39.73323,-104.96709,1.301919071E9,776110,776759
776662,39.733307,-104.96694,1.301919071E9,776110,776759
776662,39.733418,-104.96683,1.301919071E9,776110,776759
776662,39.73352,-104.966866,1.301919071E9,776110,776759
776662,39.733658,-104.96704,1.301919071E9,776110,776759
776662,39.733757,-104.967125,1.301919071E9,776110,776759
776662,39.73387,-104.9672,1.301919071E9,776110,776759
776662