01974,1.301919071E9,776110,776759
776662,38.782185,-90.60197,1.301919071E9,776110,776759
776662,38.78229,-90.60196,1.301919071E9,776110,776759
776662,38.782402,-90.60197,1.301919071E9,776110,776759
776662,38.782516,-90.60196,1.301919071E9,776110,776759
776662,38.782623,-90.60196,1.301919071E9,776110,776759
776662,38.782738,-90.60197,1.301919071E9,776110,776759
776662,38.782833,-90.60197,1.301919071E9,776110,776759
776662,38.782932,-90.601974,1.301919071E9,776110,776759
776662,38.783035,-90.602,1.301919071E9,776110,776759
776662,38.783146,-90.602036,1.301919071E9,776110,776759
776662,38.783237,-90.60206,1.301919071E9,776110,776759
776662,38.783314,-90.60212,1.301919071E9,776110,776759
776662,38.7834,-90.60219,1.301919071E9,776110,776759
776662,38.78351,-90.6022,1.301919071E9,776110,776759
776662,38.78361,-90.60216,1.301919071E9,776110,776759
776662,38.783707,-90.60215,1.301919071E9,776110,776759
776662,38.783806,-90.60217,1.301919071E9,776110,776759
776662,38.783897,-90.6022,1.301919071E9,776110,776759
776662,38.783997,-90.60223,1.301919071E9,776110,776759
776662,38.7841,-90.602234,1.301919071E9,776110,776759
776662,38.78419,-90.60225,1.301919071E9,776110,776759
776662,38.784306,-90.60227,1.301919071E9,776110,776759
776662,38.78441,-90.60228,1.301919071E9,776110,776759
776662,38.78451,-90.602295,1.301919071E9,776110,776759
776662,38.7846,-90.60231,1.301919071E9,776110,776759
776662,38.784702,-90.602325,1.301919071E9,776110,776759
776662,38.784798,-90.60234,1.301919071E9,776110,776759
776662,38.784897,-90.60238,1.301919071E9,776110,776759
776662,38.78498,-90.60242,1.301919071E9,776110,776759
776662,38.785076,-90.60247,1.301919071E9,776110,776759
776662,38.785187,-90.602516,1.301919071E9,776110,776759
776662,38.785297,-90.60256,1.301919071E9,776110,776759
776662,38.78539,-90.60263,1.301919071E9,776110,776759
776662,38.785484,-90.60269,1.301919071E9,776110,776759
776662,38.785583,-90.60275,1.301919071E9,776110,776759
776662,38.78567,-90.60281,1.301919071E9,776110,776759
776662,38.785755,-90.60288,1.301919071E9,776110,776759
776662,38.785835,-90.60294,1.301919071E9,776110,776759
776662,38.785915,-90.603004,1.301919071E9,776110,776759
776662,38.786,-90.60307,1.301919071E9,776110,776759
776662,38.78608,-90.603134,1.301919071E9,776110,776759
776662,38.786163,-90.60319,1.301919071E9,776110,776759
776662,38.786247,-90.603264,1.301919071E9,776110,776759
776662,38.78633,-90.6033,1.301919071E9,776110,776759
776662,38.78643,-90.6034,1.301919071E9,776110,776759
776662,38.786522,-90.60347,1.301919071E9,776110,776759
776662,38.7866,-90.60354,1.301919071E9,776110,776759
776662,38.786686,-90.60361,1.301919071E9,776110,776759
776662,38.786766,-90.60366,1.301919071E9,776110,776759
776662,38.786858,-90.60373,1.301919071E9,776110,776759
776662,38.78694,-90.603806,1.301919071E9,776110,776759
776662,38.787025,-90.603874,1.301919071E9,776110,776759
776662,38.787117,-90.603935,1.301919071E9,776110,776759
776662,38.7872,-90.604004,1.301919071E9,776110,776759
776662,38.787304,-90.60407,1.301919071E9,776110,776759
776662,38.787388,-90.604126,1.301919071E9,776110,776759
776662,38.787468,-90.60419,1.301919071E9,776110,776759
776662,38.78756,-90.604256,1.301919071E9,776110,776759
776662,38.787636,-90.60432,1.301919071E9,776110,776759
776662,38.787735,-90.60439,1.301919071E9,776110,776759
776662,38.787823,-90.60447,1.301919071E9,776110,776759
776662,38.787926,-90.60454,1.301919071E9,776110,776759
776662,38.788013,-90.6046,1.301919071E9,776110,776759
776662,38.78809,-90.60468,1.301919071E9,776110,776759
776662,38.788166,-90.60475,1.301919071E9,776110,776759
776662,38.788258,-90.604836,1.301919071E9,776110,776759
776662,38.788338,-90.60492,1.301919071E9,776110,776759
776662,38.788425,-90.60499,1.301919071E9,776110,776759
776662,38.788517,-90.605064,1.301919071E9,776110,776759
776662,38.788597,-90.605125,1.301919071E9,776110,776759
776662,38.78868,-90.60522,1.301919071E9,776110,776759
776662,38.788776,-90.60529,1.301919071E9,776110,776759
776662,38.788853,-90.605354,1.301919071E9,776110,776759
776662,38.78894,-90.60543,1.301919071E9,776110,776759
776662,38.789024,-90.60549,1.301919071E9,776110,776759
776662,38.78911,-90.60554,1.301919071E9,776110,776759
776662,38.789207,-90.6056,1.301919071E9,776110,776759
776662,38.789307,-90.60567,1.301919071E9,776110,776759
776662,38.78939,-90.60573,1.301919071E9,776110,776759
776662,38.78948,-90.60581,1.301919071E9,776110,776759
776662,38.78955,-90.60588,1.301919071E9,776110,776759
776662,38.78963,-90.60594,1.301919071E9,776110,776759
776662,38.78972,-90.60601,1.301919071E9,776110,776759
776662,38.78979,-90.60609,1.301919071E9,776110,776759
776662,38.789856,-90.6062,1.301919071E9,776110,776759
776662,38.789944,-90.60626,1.301919071E9,776110,776759
776662,38.789944,-90.60639,1.301919071E9,776110,776759
776662,38.789906,-90.60651,1.301919071E9,776110,776759
776662,38.789864,-90.60662,1.301919071E9,776110,776759
776662,38.789845,-90.606735,1.301919071E9,776110,776759
776662,38.78981,-90.60687,1.301919071E9,776110,776759
776662,38.78978,-90.60698,1.301919071E9,776110,776759
776662,38.789738,-90.607086,1.301919071E9,776110,776759
776662,38.7897,-90.607216,1.301919071E9,776110,776759
776662,38.78967,-90.60732,1.301919071E9,776110,776759
776662,38.78962,-90.607445,1.301919071E9,776110,776759
776662,38.78958,-90.60755,1.301919071E9,776110,776759
776662,38.789543,-90.60766,1.301919071E9,776110,776759
776662,38.78951,-90.607765,1.301919071E9,776110,776759
776662,38.789463,-90.60788,1.301919071E9,776110,776759
776662,38.78942,-90.608025,1.301919071E9,776110,776759
776662,38.78939,-90.60814,1.301919071E9,776110,776759
776662,38.789356,-90.60825,1.301919071E9,776110,776759
776662,38.789314,-90.60837,1.301919071E9,776110,776759
776662,38.789272,-90.6085,1.301919071E9,776110,776759
776662,38.78924,-90.60861,1.301919071E9,776110,776759
776662,38.78922,-90.60873,1.301919071E9,776110,776759
776662,38.789173,-90.60885,1.301919071E9,776110,776759
776662,38.789143,-90.60897,1.301919071E9,776110,776759
776662,38.7891,-90.60909,1.301919071E9,776110,776759
776662,38.789062,-90.60921,1.301919071E9,776110,776759
776662,38.78903,-90.60934,1.301919071E9,776110,776759
776662,38.788986,-90.60947,1.301919071E9,776110,776759
776662,38.78895,-90.609604,1.301919071E9,776110,776759
776662,38.788918,-90.60972,1.301919071E9,776110,776759
776662,38.788887,-90.609856,1.301919071E9,776110,776759
776662,38.78885,-90.60997,1.301919071E9,776110,776759
776662,38.78879,-90.610085,1.301919071E9,776110,776759
776662,38.788754,-90.61021,1.301919071E9,776110,776759
776662,38.788708,-90.61033,1.301919071E9,776110,776759
776662,38.78867,-90.610435,1.301919071E9,776110,776759
776662,38.788628,-90.61054,1.301919071E9,776110,776759
776662,38.788593,-90.61065,1.301919071E9,776110,776759
776662,38.788574,-90.61077,1.301919071E9,776110,776759
776662,38.78854,-90.610886,1.301919071E9,776110,776759
776662,38.7885,-90.611015,1.301919071E9,776110,776759
776662,38.788467,-90.61112,1.301919071E9,776110,776759
776662,38.78843,-90.61125,1.301919071E9,776110,776759
776662,38.788395,-90.61137,1.301919071E9,776110,776759
776662,38.788322,-90.61146,1.301919071E9,776110,776759
776662,38.78829,-90.6116,1.301919071E9,776110,776759
776662,38.788254,-90.61172,1.301919071E9,776110,776759
776662,38.78821,-90.61185,1.301919071E9,776110,776759
776662,38.788174,-90.61197,1.301919071E9,776110,776759
776662,38.788143,-90.612114,1.301919071E9,776110,776759
776662,38.788136,-90.61223,1.301919071E9,776110,776759
776662,38.78811,-90.61237,1.301919071E9,776110,776759
776662,38.788082,-90.612495,1.301919071E9,776110,776759
776662,38.78806,-90.61262,1.301919071E9,776110,776759
776662,38.788048,-90.61276,1.301919071E9,776110,776759
776662,38.788033,-90.6129,1.301919071E9,776110,776759
776662,38.788033,-90.61302,1.301919071E9,776110,776759
776662,38.78803,-90.61317,1.301919071E9,776110,776759
776662,38.78803,-90.6133,1.301919071E9,776110,776759
776662,38.788025,-90.61342,1.301919071E9,776110,776759
776662,38.78803,-90.61353,1.301919071