759
776662,-37.872883,145.02676,1.301919071E9,776110,776759
776662,-37.8729,145.0269,1.301919071E9,776110,776759
776662,-37.87291,145.02702,1.301919071E9,776110,776759
776662,-37.87292,145.02713,1.301919071E9,776110,776759
776662,-37.872936,145.02727,1.301919071E9,776110,776759
776662,-37.872955,145.02742,1.301919071E9,776110,776759
776662,-37.872963,145.02754,1.301919071E9,776110,776759
776662,-37.872982,145.0277,1.301919071E9,776110,776759
776662,-37.87301,145.02782,1.301919071E9,776110,776759
776662,-37.873016,145.02794,1.301919071E9,776110,776759
776662,-37.873028,145.02808,1.301919071E9,776110,776759
776662,-37.87303,145.0282,1.301919071E9,776110,776759
776662,-37.87305,145.02832,1.301919071E9,776110,776759
776662,-37.87308,145.02847,1.301919071E9,776110,776759
776662,-37.873104,145.02861,1.301919071E9,776110,776759
776662,-37.87313,145.02873,1.301919071E9,776110,776759
776662,-37.87315,145.02885,1.301919071E9,776110,776759
776662,-37.873154,145.02898,1.301919071E9,776110,776759
776662,-37.873158,145.02911,1.301919071E9,776110,776759
776662,-37.873146,145.02928,1.301919071E9,776110,776759
776662,-37.87315,145.02942,1.301919071E9,776110,776759
776662,-37.873158,145.02956,1.301919071E9,776110,776759
776662,-37.873177,145.02971,1.301919071E9,776110,776759
776662,-37.873188,145.02982,1.301919071E9,776110,776759
776662,-37.87321,145.02995,1.301919071E9,776110,776759
776662,-37.87325,145.03009,1.301919071E9,776110,776759
776662,-37.87327,145.03021,1.301919071E9,776110,776759
776662,-37.87329,145.03035,1.301919071E9,776110,776759
776662,-37.873318,145.03047,1.301919071E9,776110,776759
776662,-37.873337,145.0306,1.301919071E9,776110,776759
776662,-37.873344,145.03072,1.301919071E9,776110,776759
776662,-37.873356,145.03084,1.301919071E9,776110,776759
776662,-37.87337,145.03096,1.301919071E9,776110,776759
776662,-37.873383,145.0311,1.301919071E9,776110,776759
776662,-37.87341,145.03122,1.301919071E9,776110,776759
776662,-37.87343,145.03136,1.301919071E9,776110,776759
776662,-37.873444,145.0315,1.301919071E9,776110,776759
776662,-37.87346,145.03162,1.301919071E9,776110,776759
776662,-37.87346,145.03172,1.301919071E9,776110,776759
776662,-37.873455,145.03185,1.301919071E9,776110,776759
776662,-37.873466,145.03197,1.301919071E9,776110,776759
776662,-37.873493,145.03209,1.301919071E9,776110,776759
776662,-37.873512,145.03221,1.301919071E9,776110,776759
776662,-37.87354,145.03233,1.301919071E9,776110,776759
776662,-37.873554,145.03247,1.301919071E9,776110,776759
776662,-37.87356,145.03261,1.301919071E9,776110,776759
776662,-37.87357,145.03273,1.301919071E9,776110,776759
776662,-37.87359,145.03288,1.301919071E9,776110,776759
776662,-37.873608,145.03299,1.301919071E9,776110,776759
776662,-37.873627,145.03313,1.301919071E9,776110,776759
776662,-37.87364,145.03323,1.301919071E9,776110,776759
776662,-37.873653,145.03336,1.301919071E9,776110,776759
776662,-37.873672,145.03348,1.301919071E9,776110,776759
776662,-37.87369,145.03362,1.301919071E9,776110,776759
776662,-37.873707,145.03374,1.301919071E9,776110,776759
776662,-37.87371,145.03387,1.301919071E9,776110,776759
776662,-37.873714,145.03401,1.301919071E9,776110,776759
776662,-37.87371,145.03413,1.301919071E9,776110,776759
776662,-37.873688,145.03427,1.301919071E9,776110,776759
776662,-37.873688,145.03441,1.301919071E9,776110,776759
776662,-37.87363,145.03453,1.301919071E9,776110,776759
776662,-37.873554,145.03459,1.301919071E9,776110,776759
776662,-37.87346,145.03465,1.301919071E9,776110,776759
776662,-37.87336,145.03465,1.301919071E9,776110,776759
776662,-37.87326,145.03464,1.301919071E9,776110,776759
776662,-37.873158,145.03465,1.301919071E9,776110,776759
776662,-37.873043,145.03467,1.301919071E9,776110,776759
776662,-37.872932,145.03468,1.301919071E9,776110,776759
776662,-37.872826,145.03465,1.301919071E9,776110,776759
776662,-37.87274,145.03459,1.301919071E9,776110,776759
776662,-37.872658,145.0345,1.301919071E9,776110,776759
776662,-37.872574,145.03441,1.301919071E9,776110,776759
776662,-37.87248,145.0343,1.301919071E9,776110,776759
776662,-37.872406,145.03421,1.301919071E9,776110,776759
776662,-37.87233,145.03412,1.301919071E9,776110,776759
776662,-37.872257,145.03404,1.301919071E9,776110,776759
776662,-37.872185,145.03397,1.301919071E9,776110,776759
776662,-37.87209,145.03387,1.301919071E9,776110,776759
776662,-37.87201,145.03381,1.301919071E9,776110,776759
776662,-37.87192,145.03374,1.301919071E9,776110,776759
776662,-37.871845,145.03363,1.301919071E9,776110,776759
776662,-37.871758,145.03354,1.301919071E9,776110,776759
776662,-37.871674,145.03345,1.301919071E9,776110,776759
776662,-37.87161,145.03336,1.301919071E9,776110,776759
776662,-37.87153,145.03328,1.301919071E9,776110,776759
776662,-37.871437,145.03319,1.301919071E9,776110,776759
776662,-37.87134,145.03311,1.301919071E9,776110,776759
776662,-37.871246,145.03304,1.301919071E9,776110,776759
776662,-37.871143,145.03299,1.301919071E9,776110,776759
776662,-37.871037,145.03294,1.301919071E9,776110,776759
776662,-37.870934,145.03293,1.301919071E9,776110,776759
776662,-37.87083,145.03291,1.301919071E9,776110,776759
776662,-37.87074,145.03288,1.301919071E9,776110,776759
776662,-37.87068,145.03279,1.301919071E9,776110,776759
776662,-37.87064,145.03265,1.301919071E9,776110,776759
776662,-37.870617,145.03253,1.301919071E9,776110,776759
776662,-37.8706,145.0324,1.301919071E9,776110,776759
776662,-37.87059,145.03227,1.301919071E9,776110,776759
776662,-37.870564,145.03214,1.301919071E9,776110,776759
776662,-37.87055,145.03201,1.301919071E9,776110,776759
776662,-37.870544,145.03188,1.301919071E9,776110,776759
776662,-37.87053,145.03175,1.301919071E9,776110,776759
776662,-37.870518,145.03163,1.301919071E9,776110,776759
776662,-37.870502,145.0315,1.301919071E9,776110,776759
776662,-37.870476,145.03139,1.301919071E9,776110,776759
776662,-37.870453,145.03127,1.301919071E9,776110,776759
776662,-37.87044,145.03114,1.301919071E9,776110,776759
776662,-37.870426,145.03102,1.301919071E9,776110,776759
776662,-37.870407,145.0309,1.301919071E9,776110,776759
776662,-37.870396,145.03078,1.301919071E9,776110,776759
776662,-37.870377,145.03065,1.301919071E9,776110,776759
776662,-37.870346,145.03052,1.301919071E9,776110,776759
776662,-37.870323,145.03041,1.301919071E9,776110,776759
776662,-37.8703,145.03027,1.301919071E9,776110,776759
776662,-37.87028,145.03014,1.301919071E9,776110,776759
776662,-37.870266,145.03,1.301919071E9,776110,776759
776662,-37.870255,145.02988,1.301919071E9,776110,776759
776662,-37.870247,145.02974,1.301919071E9,776110,776759
776662,-37.87022,145.02963,1.301919071E9,776110,776759
776662,-37.870197,145.0295,1.301919071E9,776110,776759
776662,-37.870186,145.02937,1.301919071E9,776110,776759
776662,-37.870174,145.02925,1.301919071E9,776110,776759
776662,-37.870163,145.02911,1.301919071E9,776110,776759
776662,-37.870136,145.02899,1.301919071E9,776110,776759
776662,-37.870113,145.02885,1.301919071E9,776110,776759
776662,-37.87011,145.02872,1.301919071E9,776110,776759
776662,-37.8701,145.02861,1.301919071E9,776110,776759
776662,-37.87009,145.02847,1.301919071E9,776110,776759
776662,-37.870068,145.02832,1.301919071E9,776110,776759
776662,-37.870045,145.0282,1.301919071E9,776110,776759
776662,-37.87003,145.02808,1.301919071E9,776110,776759
776662,-37.87001,145.02794,1.301919071E9,776110,776759
776662,-37.869984,145.0278,1.301919071E9,776110,776759
776662,-37.86997,145.02766,1.301919071E9,776110,776759
776662,-37.869946,145.02753,1.301919071E9,776110,776759
776662,-37.869923,145.02742,1.301919071E9,776110,776759
776662,-37.869915,145.02728,1.301919071E9,776110,776759
776662,-37.86991,145.02715,1.301919071E9,776110,776759
776662,-37.869892,145.02702,1.301919071E9,776110,776759
776662,-37.86988,145.0269,1.301919071E9,776110,776759
776662,-37.869865,145.0268,1.301919071E9,776110,776759
776662,-37.869854,145.02666,1.301919071E9,776110,776759
776662,-37.869846,145.02654,1.301919071E9,776110,776759
776662,-37.86984,145.02638,1.301919071E9,776110,776759
776662,-37.86980