.342186,1.301919071E9,776110,776759
776662,37.685986,-97.34234,1.301919071E9,776110,776759
776662,37.68594,-97.34243,1.301919071E9,776110,776759
776662,37.68587,-97.34252,1.301919071E9,776110,776759
776662,37.685844,-97.34264,1.301919071E9,776110,776759
776662,37.68582,-97.34276,1.301919071E9,776110,776759
776662,37.685772,-97.34291,1.301919071E9,776110,776759
776662,37.685738,-97.34302,1.301919071E9,776110,776759
776662,37.685696,-97.34313,1.301919071E9,776110,776759
776662,37.685654,-97.343254,1.301919071E9,776110,776759
776662,37.68562,-97.34336,1.301919071E9,776110,776759
776662,37.68558,-97.34349,1.301919071E9,776110,776759
776662,37.685547,-97.34361,1.301919071E9,776110,776759
776662,37.68551,-97.343735,1.301919071E9,776110,776759
776662,37.685486,-97.34385,1.301919071E9,776110,776759
776662,37.68545,-97.34397,1.301919071E9,776110,776759
776662,37.68543,-97.34409,1.301919071E9,776110,776759
776662,37.685394,-97.34424,1.301919071E9,776110,776759
776662,37.68535,-97.34433,1.301919071E9,776110,776759
776662,37.685287,-97.3444,1.301919071E9,776110,776759
776662,37.685196,-97.34444,1.301919071E9,776110,776759
776662,37.685112,-97.34442,1.301919071E9,776110,776759
776662,37.685028,-97.344376,1.301919071E9,776110,776759
776662,37.68494,-97.344345,1.301919071E9,776110,776759
776662,37.684856,-97.34432,1.301919071E9,776110,776759
776662,37.684772,-97.34428,1.301919071E9,776110,776759
776662,37.684685,-97.34424,1.301919071E9,776110,776759
776662,37.684605,-97.344215,1.301919071E9,776110,776759
776662,37.68451,-97.34419,1.301919071E9,776110,776759
776662,37.68442,-97.344154,1.301919071E9,776110,776759
776662,37.684334,-97.344124,1.301919071E9,776110,776759
776662,37.684242,-97.34411,1.301919071E9,776110,776759
776662,37.68414,-97.34411,1.301919071E9,776110,776759
776662,37.684036,-97.34411,1.301919071E9,776110,776759
776662,37.683926,-97.34411,1.301919071E9,776110,776759
776662,37.68384,-97.344086,1.301919071E9,776110,776759
776662,37.683758,-97.34406,1.301919071E9,776110,776759
776662,37.683674,-97.34405,1.301919071E9,776110,776759
776662,37.683563,-97.34404,1.301919071E9,776110,776759
776662,37.683468,-97.344025,1.301919071E9,776110,776759
776662,37.683372,-97.34402,1.301919071E9,776110,776759
776662,37.683266,-97.34401,1.301919071E9,776110,776759
776662,37.683174,-97.34399,1.301919071E9,776110,776759
776662,37.683075,-97.34396,1.301919071E9,776110,776759
776662,37.682976,-97.34394,1.301919071E9,776110,776759
776662,37.682884,-97.34392,1.301919071E9,776110,776759
776662,37.68278,-97.3439,1.301919071E9,776110,776759
776662,37.682697,-97.343895,1.301919071E9,776110,776759
776662,37.682594,-97.34386,1.301919071E9,776110,776759
776662,37.6825,-97.34385,1.301919071E9,776110,776759
776662,37.682404,-97.34383,1.301919071E9,776110,776759
776662,37.68232,-97.34382,1.301919071E9,776110,776759
776662,37.68222,-97.3438,1.301919071E9,776110,776759
776662,37.682125,-97.3438,1.301919071E9,776110,776759
776662,37.682,-97.343796,1.301919071E9,776110,776759
776662,37.6819,-97.34378,1.301919071E9,776110,776759
776662,37.681793,-97.343765,1.301919071E9,776110,776759
776662,37.681705,-97.34374,1.301919071E9,776110,776759
776662,37.681614,-97.34372,1.301919071E9,776110,776759
776662,37.681488,-97.34368,1.301919071E9,776110,776759
776662,37.681374,-97.34365,1.301919071E9,776110,776759
776662,37.68129,-97.34363,1.301919071E9,776110,776759
776662,37.681183,-97.343605,1.301919071E9,776110,776759
776662,37.681095,-97.3436,1.301919071E9,776110,776759
776662,37.68101,-97.34359,1.301919071E9,776110,776759
776662,37.68089,-97.34356,1.301919071E9,776110,776759
776662,37.68082,-97.34349,1.301919071E9,776110,776759
776662,37.680756,-97.34341,1.301919071E9,776110,776759
776662,37.680756,-97.34328,1.301919071E9,776110,776759
776662,37.680767,-97.34317,1.301919071E9,776110,776759
776662,37.680775,-97.34306,1.301919071E9,776110,776759
776662,37.680794,-97.34291,1.301919071E9,776110,776759
776662,37.680817,-97.3428,1.301919071E9,776110,776759
776662,37.680836,-97.34268,1.301919071E9,776110,776759
776662,37.680855,-97.34257,1.301919071E9,776110,776759
776662,37.68089,-97.342445,1.301919071E9,776110,776759
776662,37.680923,-97.34231,1.301919071E9,776110,776759
776662,37.680958,-97.342186,1.301919071E9,776110,776759
776662,37.68098,-97.34207,1.301919071E9,776110,776759
776662,37.681007,-97.341965,1.301919071E9,776110,776759
776662,37.681034,-97.34184,1.301919071E9,776110,776759
776662,37.681076,-97.34172,1.301919071E9,776110,776759
776662,37.681114,-97.3416,1.301919071E9,776110,776759
776662,37.68116,-97.34148,1.301919071E9,776110,776759
776662,37.681217,-97.341385,1.301919071E9,776110,776759
776662,37.681297,-97.34131,1.301919071E9,776110,776759
776662,37.681393,-97.34125,1.301919071E9,776110,776759
776662,37.681484,-97.34117,1.301919071E9,776110,776759
776662,37.681587,-97.3411,1.301919071E9,776110,776759
776662,37.68168,-97.34105,1.301919071E9,776110,776759
776662,37.681744,-97.34099,1.301919071E9,776110,776759
776662,37.68181,-97.34091,1.301919071E9,776110,776759
776662,37.681858,-97.340836,1.301919071E9,776110,776759
776662,37.68191,-97.34076,1.301919071E9,776110,776759
776662,37.68191,-97.34076,1.301919071E9,776110,776759
776662,37.68191,-97.34076,1.301919071E9,776110,776759
776662,37.68191,-97.34076,1.301919071E9,776110,776759
776662,38.093758,-97.91005,1.301919071E9,776110,776759
776662,38.093807,-97.91015,1.301919071E9,776110,776759
776662,38.093857,-97.910255,1.301919071E9,776110,776759
776662,38.093876,-97.91038,1.301919071E9,776110,776759
776662,38.093876,-97.91051,1.301919071E9,776110,776759
776662,38.09387,-97.91062,1.301919071E9,776110,776759
776662,38.093872,-97.910736,1.301919071E9,776110,776759
776662,38.09391,-97.910835,1.301919071E9,776110,776759
776662,38.093952,-97.910934,1.301919071E9,776110,776759
776662,38.09401,-97.91107,1.301919071E9,776110,776759
776662,38.094055,-97.91118,1.301919071E9,776110,776759
776662,38.09405,-97.91128,1.301919071E9,776110,776759
776662,38.094078,-97.911415,1.301919071E9,776110,776759
776662,38.094074,-97.91155,1.301919071E9,776110,776759
776662,38.094074,-97.9117,1.301919071E9,776110,776759
776662,38.09406,-97.911835,1.301919071E9,776110,776759
776662,38.094055,-97.91195,1.301919071E9,776110,776759
776662,38.09405,-97.91207,1.301919071E9,776110,776759
776662,38.09405,-97.91218,1.301919071E9,776110,776759
776662,38.094048,-97.91229,1.301919071E9,776110,776759
776662,38.094048,-97.91244,1.301919071E9,776110,776759
776662,38.09404,-97.912575,1.301919071E9,776110,776759
776662,38.09405,-97.91271,1.301919071E9,776110,776759
776662,38.094055,-97.91282,1.301919071E9,776110,776759
776662,38.09406,-97.912926,1.301919071E9,776110,776759
776662,38.093967,-97.91307,1.301919071E9,776110,776759
776662,38.093884,-97.9131,1.301919071E9,776110,776759
776662,38.0938,-97.9131,1.301919071E9,776110,776759
776662,38.093716,-97.913086,1.301919071E9,776110,776759
776662,38.093605,-97.91308,1.301919071E9,776110,776759
776662,38.09352,-97.91307,1.301919071E9,776110,776759
776662,38.09342,-97.91305,1.301919071E9,776110,776759
776662,38.093307,-97.91305,1.301919071E9,776110,776759
776662,38.093212,-97.91305,1.301919071E9,776110,776759
776662,38.09311,-97.91308,1.301919071E9,776110,776759
776662,38.09306,-97.91317,1.301919071E9,776110,776759
776662,38.093033,-97.913284,1.301919071E9,776110,776759
776662,38.09302,-97.9134,1.301919071E9,776110,776759
776662,38.093006,-97.913506,1.301919071E9,776110,776759
776662,38.09299,-97.91361,1.301919071E9,776110,776759
776662,38.09297,-97.91373,1.301919071E9,776110,776759
776662,38.092976,-97.91387,1.301919071E9,776110,776759
776662,38.092983,-97.914,1.301919071E9,776110,776759
776662,38.09299,-97.91411,1.301919071E9,776110,776759
776662,38.092995,-97.91422,1.301919071E9,776110,776759
776662,38.093002,-97.91433,1.301919071E9,776110,776759
776662,38.093014,-97.91444,1.301919071E9,776110,776759
776662,38.093014,-97.914566,1.301919071E9,776110,776759
776662,38.09297,-97.91468,1.301919071E9,776110,776759
776662,38.092983,-97.91478,1.30