110,776759
776662,42.36758,-71.07383,1.301919071E9,776110,776759
776662,42.36768,-71.073875,1.301919071E9,776110,776759
776662,42.367756,-71.07395,1.301919071E9,776110,776759
776662,42.36784,-71.07403,1.301919071E9,776110,776759
776662,42.367947,-71.074036,1.301919071E9,776110,776759
776662,42.368046,-71.07402,1.301919071E9,776110,776759
776662,42.368145,-71.07397,1.301919071E9,776110,776759
776662,42.36822,-71.0739,1.301919071E9,776110,776759
776662,42.368298,-71.07382,1.301919071E9,776110,776759
776662,42.36837,-71.073746,1.301919071E9,776110,776759
776662,42.368443,-71.07367,1.301919071E9,776110,776759
776662,42.368538,-71.07359,1.301919071E9,776110,776759
776662,42.368614,-71.07349,1.301919071E9,776110,776759
776662,42.36869,-71.07339,1.301919071E9,776110,776759
776662,42.368774,-71.0733,1.301919071E9,776110,776759
776662,42.368847,-71.07322,1.301919071E9,776110,776759
776662,42.36888,-71.07308,1.301919071E9,776110,776759
776662,42.36885,-71.07295,1.301919071E9,776110,776759
776662,42.368816,-71.07284,1.301919071E9,776110,776759
776662,42.368767,-71.0727,1.301919071E9,776110,776759
776662,42.368725,-71.07255,1.301919071E9,776110,776759
776662,42.368687,-71.0724,1.301919071E9,776110,776759
776662,42.368664,-71.07228,1.301919071E9,776110,776759
776662,42.368618,-71.07214,1.301919071E9,776110,776759
776662,42.368565,-71.07202,1.301919071E9,776110,776759
776662,42.368507,-71.07189,1.301919071E9,776110,776759
776662,42.368443,-71.071754,1.301919071E9,776110,776759
776662,42.36838,-71.07165,1.301919071E9,776110,776759
776662,42.368324,-71.07155,1.301919071E9,776110,776759
776662,42.36825,-71.07143,1.301919071E9,776110,776759
776662,42.368183,-71.071335,1.301919071E9,776110,776759
776662,42.36812,-71.07122,1.301919071E9,776110,776759
776662,42.368065,-71.071106,1.301919071E9,776110,776759
776662,42.368008,-71.071,1.301919071E9,776110,776759
776662,42.367943,-71.07088,1.301919071E9,776110,776759
776662,42.36788,-71.070755,1.301919071E9,776110,776759
776662,42.367813,-71.070625,1.301919071E9,776110,776759
776662,42.367752,-71.070496,1.301919071E9,776110,776759
776662,42.367687,-71.07037,1.301919071E9,776110,776759
776662,42.36762,-71.07027,1.301919071E9,776110,776759
776662,42.367558,-71.070145,1.301919071E9,776110,776759
776662,42.36749,-71.070045,1.301919071E9,776110,776759
776662,42.36741,-71.06995,1.301919071E9,776110,776759
776662,42.367336,-71.06983,1.301919071E9,776110,776759
776662,42.367294,-71.06972,1.301919071E9,776110,776759
776662,42.367256,-71.0696,1.301919071E9,776110,776759
776662,42.367207,-71.06949,1.301919071E9,776110,776759
776662,42.367153,-71.06939,1.301919071E9,776110,776759
776662,42.3671,-71.06926,1.301919071E9,776110,776759
776662,42.367046,-71.06912,1.301919071E9,776110,776759
776662,42.36698,-71.069016,1.301919071E9,776110,776759
776662,42.36693,-71.06892,1.301919071E9,776110,776759
776662,42.36688,-71.06881,1.301919071E9,776110,776759
776662,42.366825,-71.0687,1.301919071E9,776110,776759
776662,42.366768,-71.0686,1.301919071E9,776110,776759
776662,42.36669,-71.0685,1.301919071E9,776110,776759
776662,42.3666,-71.06853,1.301919071E9,776110,776759
776662,42.36653,-71.06864,1.301919071E9,776110,776759
776662,42.36645,-71.06874,1.301919071E9,776110,776759
776662,42.366367,-71.068825,1.301919071E9,776110,776759
776662,42.366295,-71.06889,1.301919071E9,776110,776759
776662,42.36621,-71.068985,1.301919071E9,776110,776759
776662,42.366142,-71.06908,1.301919071E9,776110,776759
776662,42.36605,-71.06915,1.301919071E9,776110,776759
776662,42.365948,-71.06924,1.301919071E9,776110,776759
776662,42.365868,-71.06935,1.301919071E9,776110,776759
776662,42.365883,-71.06949,1.301919071E9,776110,776759
776662,42.365906,-71.06961,1.301919071E9,776110,776759
776662,42.365845,-71.06974,1.301919071E9,776110,776759
776662,42.36577,-71.06982,1.301919071E9,776110,776759
776662,42.36568,-71.069916,1.301919071E9,776110,776759
776662,42.365593,-71.06999,1.301919071E9,776110,776759
776662,42.3655,-71.07005,1.301919071E9,776110,776759
776662,42.3654,-71.07011,1.301919071E9,776110,776759
776662,42.365295,-71.07016,1.301919071E9,776110,776759
776662,42.36519,-71.070206,1.301919071E9,776110,776759
776662,42.36508,-71.07025,1.301919071E9,776110,776759
776662,42.36499,-71.07032,1.301919071E9,776110,776759
776662,42.364967,-71.07045,1.301919071E9,776110,776759
776662,42.36497,-71.07059,1.301919071E9,776110,776759
776662,42.36496,-71.07074,1.301919071E9,776110,776759
776662,42.364952,-71.07086,1.301919071E9,776110,776759
776662,42.364937,-71.07099,1.301919071E9,776110,776759
776662,42.364918,-71.07113,1.301919071E9,776110,776759
776662,42.364902,-71.07128,1.301919071E9,776110,776759
776662,42.364872,-71.07143,1.301919071E9,776110,776759
776662,42.364822,-71.07157,1.301919071E9,776110,776759
776662,42.364773,-71.07168,1.301919071E9,776110,776759
776662,42.36472,-71.0718,1.301919071E9,776110,776759
776662,42.364666,-71.07192,1.301919071E9,776110,776759
776662,42.36461,-71.07204,1.301919071E9,776110,776759
776662,42.364536,-71.07214,1.301919071E9,776110,776759
776662,42.36447,-71.07223,1.301919071E9,776110,776759
776662,42.364376,-71.07234,1.301919071E9,776110,776759
776662,42.364304,-71.072426,1.301919071E9,776110,776759
776662,42.364216,-71.07251,1.301919071E9,776110,776759
776662,42.364124,-71.072586,1.301919071E9,776110,776759
776662,42.364025,-71.07265,1.301919071E9,776110,776759
776662,42.363937,-71.072685,1.301919071E9,776110,776759
776662,42.36385,-71.07275,1.301919071E9,776110,776759
776662,42.363747,-71.07279,1.301919071E9,776110,776759
776662,42.363636,-71.07282,1.301919071E9,776110,776759
776662,42.36354,-71.07285,1.301919071E9,776110,776759
776662,42.36345,-71.07288,1.301919071E9,776110,776759
776662,42.363358,-71.07291,1.301919071E9,776110,776759
776662,42.363243,-71.07291,1.301919071E9,776110,776759
776662,42.363136,-71.072914,1.301919071E9,776110,776759
776662,42.363033,-71.07292,1.301919071E9,776110,776759
776662,42.362923,-71.07294,1.301919071E9,776110,776759
776662,42.36282,-71.07294,1.301919071E9,776110,776759
776662,42.36271,-71.07296,1.301919071E9,776110,776759
776662,42.3626,-71.072975,1.301919071E9,776110,776759
776662,42.362476,-71.07299,1.301919071E9,776110,776759
776662,42.362366,-71.073,1.301919071E9,776110,776759
776662,42.362255,-71.07299,1.301919071E9,776110,776759
776662,42.362152,-71.07299,1.301919071E9,776110,776759
776662,42.36205,-71.07298,1.301919071E9,776110,776759
776662,42.361958,-71.072975,1.301919071E9,776110,776759
776662,42.361843,-71.072975,1.301919071E9,776110,776759
776662,42.36173,-71.07296,1.301919071E9,776110,776759
776662,42.36161,-71.07296,1.301919071E9,776110,776759
776662,42.36151,-71.072975,1.301919071E9,776110,776759
776662,42.361263,-71.073006,1.301919071E9,776110,776759
776662,42.361164,-71.07299,1.301919071E9,776110,776759
776662,42.361057,-71.07296,1.301919071E9,776110,776759
776662,42.360943,-71.072945,1.301919071E9,776110,776759
776662,42.36084,-71.07288,1.301919071E9,776110,776759
776662,42.36075,-71.07282,1.301919071E9,776110,776759
776662,42.36065,-71.07279,1.301919071E9,776110,776759
776662,42.360558,-71.072754,1.301919071E9,776110,776759
776662,42.36046,-71.07273,1.301919071E9,776110,776759
776662,42.36035,-71.072716,1.301919071E9,776110,776759
776662,42.36024,-71.07272,1.301919071E9,776110,776759
776662,42.360146,-71.07272,1.301919071E9,776110,776759
776662,42.360027,-71.07273,1.301919071E9,776110,776759
776662,42.359917,-71.07274,1.301919071E9,776110,776759
776662,42.359795,-71.07275,1.301919071E9,776110,776759
776662,42.359703,-71.07276,1.301919071E9,776110,776759
776662,42.359592,-71.072784,1.301919071E9,776110,776759
776662,42.359493,-71.07281,1.301919071E9,776110,776759
776662,42.359386,-71.07285,1.301919071E9,776110,776759
776662,42.359272,-71.07288,1.301919071E9,776110,776759
776662,42.359165,-71.07291,1.301919071E9,776110,776759
776662,42.35907,-71.07294,1.301919071E9,776110,776759
776662,42.358955,-71.07299,1.301919071E9,776110,776759
776662,42.35885,-71.07304,1.301919071E9,776110,776759
776