76662,43.350155,-70.4724,1.301919071E9,776110,776759
776662,43.350056,-70.47238,1.301919071E9,776110,776759
776662,43.34994,-70.47238,1.301919071E9,776110,776759
776662,43.34984,-70.47237,1.301919071E9,776110,776759
776662,43.34974,-70.47234,1.301919071E9,776110,776759
776662,43.349625,-70.472336,1.301919071E9,776110,776759
776662,43.34952,-70.47234,1.301919071E9,776110,776759
776662,43.349422,-70.47235,1.301919071E9,776110,776759
776662,43.349316,-70.47234,1.301919071E9,776110,776759
776662,43.34922,-70.47235,1.301919071E9,776110,776759
776662,43.349125,-70.47234,1.301919071E9,776110,776759
776662,43.34902,-70.47235,1.301919071E9,776110,776759
776662,43.34892,-70.47239,1.301919071E9,776110,776759
776662,43.34882,-70.47239,1.301919071E9,776110,776759
776662,43.34871,-70.47242,1.301919071E9,776110,776759
776662,43.3486,-70.47245,1.301919071E9,776110,776759
776662,43.348495,-70.47247,1.301919071E9,776110,776759
776662,43.34839,-70.47251,1.301919071E9,776110,776759
776662,43.348297,-70.47257,1.301919071E9,776110,776759
776662,43.348206,-70.47263,1.301919071E9,776110,776759
776662,43.34811,-70.4727,1.301919071E9,776110,776759
776662,43.34803,-70.47276,1.301919071E9,776110,776759
776662,43.347927,-70.47282,1.301919071E9,776110,776759
776662,43.347847,-70.47287,1.301919071E9,776110,776759
776662,43.34777,-70.47294,1.301919071E9,776110,776759
776662,43.34767,-70.473,1.301919071E9,776110,776759
776662,43.347572,-70.473045,1.301919071E9,776110,776759
776662,43.34747,-70.47307,1.301919071E9,776110,776759
776662,43.34736,-70.473076,1.301919071E9,776110,776759
776662,43.34725,-70.47306,1.301919071E9,776110,776759
776662,43.34715,-70.47303,1.301919071E9,776110,776759
776662,43.347046,-70.473,1.301919071E9,776110,776759
776662,43.34694,-70.47298,1.301919071E9,776110,776759
776662,43.34683,-70.472946,1.301919071E9,776110,776759
776662,43.346714,-70.47291,1.301919071E9,776110,776759
776662,43.346603,-70.47288,1.301919071E9,776110,776759
776662,43.34649,-70.47287,1.301919071E9,776110,776759
776662,43.34638,-70.47287,1.301919071E9,776110,776759
776662,43.34628,-70.47288,1.301919071E9,776110,776759
776662,43.346172,-70.47289,1.301919071E9,776110,776759
776662,43.346066,-70.472916,1.301919071E9,776110,776759
776662,43.34592,-70.47295,1.301919071E9,776110,776759
776662,43.345825,-70.472984,1.301919071E9,776110,776759
776662,43.34571,-70.473015,1.301919071E9,776110,776759
776662,43.3456,-70.473045,1.301919071E9,776110,776759
776662,43.345497,-70.473076,1.301919071E9,776110,776759
776662,43.345398,-70.47311,1.301919071E9,776110,776759
776662,43.345306,-70.473145,1.301919071E9,776110,776759
776662,43.345215,-70.47317,1.301919071E9,776110,776759
776662,43.34512,-70.47319,1.301919071E9,776110,776759
776662,43.345016,-70.47319,1.301919071E9,776110,776759
776662,43.344917,-70.47315,1.301919071E9,776110,776759
776662,43.34482,-70.47309,1.301919071E9,776110,776759
776662,43.34472,-70.473015,1.301919071E9,776110,776759
776662,43.34462,-70.47296,1.301919071E9,776110,776759
776662,43.344524,-70.4729,1.301919071E9,776110,776759
776662,43.344418,-70.47283,1.301919071E9,776110,776759
776662,43.34432,-70.47275,1.301919071E9,776110,776759
776662,43.34423,-70.472664,1.301919071E9,776110,776759
776662,43.344143,-70.47258,1.301919071E9,776110,776759
776662,43.34405,-70.47249,1.301919071E9,776110,776759
776662,43.34397,-70.4724,1.301919071E9,776110,776759
776662,43.34393,-70.472275,1.301919071E9,776110,776759
776662,43.34391,-70.47212,1.301919071E9,776110,776759
776662,43.343895,-70.47196,1.301919071E9,776110,776759
776662,43.34387,-70.471825,1.301919071E9,776110,776759
776662,43.34384,-70.47169,1.301919071E9,776110,776759
776662,43.3438,-70.471565,1.301919071E9,776110,776759
776662,43.34374,-70.471466,1.301919071E9,776110,776759
776662,43.34365,-70.47137,1.301919071E9,776110,776759
776662,43.34357,-70.47128,1.301919071E9,776110,776759
776662,43.343494,-70.47118,1.301919071E9,776110,776759
776662,43.34343,-70.47109,1.301919071E9,776110,776759
776662,43.343376,-70.47099,1.301919071E9,776110,776759
776662,43.34333,-70.47088,1.301919071E9,776110,776759
776662,43.343292,-70.47075,1.301919071E9,776110,776759
776662,43.343243,-70.47061,1.301919071E9,776110,776759
776662,43.34317,-70.47049,1.301919071E9,776110,776759
776662,43.343086,-70.47038,1.301919071E9,776110,776759
776662,43.343037,-70.47027,1.301919071E9,776110,776759
776662,43.34299,-70.47016,1.301919071E9,776110,776759
776662,43.342934,-70.47002,1.301919071E9,776110,776759
776662,43.342888,-70.4699,1.301919071E9,776110,776759
776662,43.34282,-70.46982,1.301919071E9,776110,776759
776662,43.34273,-70.46972,1.301919071E9,776110,776759
776662,43.342663,-70.46963,1.301919071E9,776110,776759
776662,43.34258,-70.469536,1.301919071E9,776110,776759
776662,43.3425,-70.469444,1.301919071E9,776110,776759
776662,43.342422,-70.469376,1.301919071E9,776110,776759
776662,43.342346,-70.46926,1.301919071E9,776110,776759
776662,43.34228,-70.46913,1.301919071E9,776110,776759
776662,43.34222,-70.46902,1.301919071E9,776110,776759
776662,43.34217,-70.468895,1.301919071E9,776110,776759
776662,43.342113,-70.46877,1.301919071E9,776110,776759
776662,43.342068,-70.46865,1.301919071E9,776110,776759
776662,43.34202,-70.468544,1.301919071E9,776110,776759
776662,43.341953,-70.46844,1.301919071E9,776110,776759
776662,43.341892,-70.46834,1.301919071E9,776110,776759
776662,43.341827,-70.46823,1.301919071E9,776110,776759
776662,43.341763,-70.4681,1.301919071E9,776110,776759
776662,43.341705,-70.46797,1.301919071E9,776110,776759
776662,43.34165,-70.46784,1.301919071E9,776110,776759
776662,43.341595,-70.467705,1.301919071E9,776110,776759
776662,43.341537,-70.46759,1.301919071E9,776110,776759
776662,43.341484,-70.46747,1.301919071E9,776110,776759
776662,43.341434,-70.46733,1.301919071E9,776110,776759
776662,43.341385,-70.4672,1.301919071E9,776110,776759
776662,43.341347,-70.46708,1.301919071E9,776110,776759
776662,43.341312,-70.46695,1.301919071E9,776110,776759
776662,43.341286,-70.46682,1.301919071E9,776110,776759
776662,43.341263,-70.46669,1.301919071E9,776110,776759
776662,43.341244,-70.46655,1.301919071E9,776110,776759
776662,43.341232,-70.466415,1.301919071E9,776110,776759
776662,43.341225,-70.466255,1.301919071E9,776110,776759
776662,43.34121,-70.466095,1.301919071E9,776110,776759
776662,43.34123,-70.46595,1.301919071E9,776110,776759
776662,43.341244,-70.46582,1.301919071E9,776110,776759
776662,43.341267,-70.46569,1.301919071E9,776110,776759
776662,43.341316,-70.46555,1.301919071E9,776110,776759
776662,43.34138,-70.46545,1.301919071E9,776110,776759
776662,43.341442,-70.46531,1.301919071E9,776110,776759
776662,43.341496,-70.46518,1.301919071E9,776110,776759
776662,43.341553,-70.46506,1.301919071E9,776110,776759
776662,43.34161,-70.46495,1.301919071E9,776110,776759
776662,43.34167,-70.46484,1.301919071E9,776110,776759
776662,43.34173,-70.46472,1.301919071E9,776110,776759
776662,43.341785,-70.464615,1.301919071E9,776110,776759
776662,43.34184,-70.4645,1.301919071E9,776110,776759
776662,43.34191,-70.464386,1.301919071E9,776110,776759
776662,43.342007,-70.464294,1.301919071E9,776110,776759
776662,43.34209,-70.46423,1.301919071E9,776110,776759
776662,43.342197,-70.464165,1.301919071E9,776110,776759
776662,43.3423,-70.46411,1.301919071E9,776110,776759
776662,43.342403,-70.46407,1.301919071E9,776110,776759
776662,43.342503,-70.464035,1.301919071E9,776110,776759
776662,43.3426,-70.464,1.301919071E9,776110,776759
776662,43.342705,-70.46397,1.301919071E9,776110,776759
776662,43.34281,-70.46395,1.301919071E9,776110,776759
776662,43.342903,-70.46391,1.301919071E9,776110,776759
776662,43.342995,-70.463875,1.301919071E9,776110,776759
776662,43.343086,-70.46382,1.301919071E9,776110,776759
776662,43.34317,-70.46376,1.301919071E9,776110,776759
776662,43.343266,-70.46369,1.301919071E9,776110,776759
776662,43.34337,-70.46363,1.301919071E9,776110,776759
776662,43.343464,-70.463554,1.301919071E9,776110,776759
776662,43.343555,-70.46349,1.301919071E9,776110,776759
776662,43.34365,-70.46341,1.3