76110,776759
776662,37.71839,-122.44882,1.301919071E9,776110,776759
776662,37.71847,-122.44878,1.301919071E9,776110,776759
776662,37.71856,-122.44879,1.301919071E9,776110,776759
776662,37.718636,-122.44888,1.301919071E9,776110,776759
776662,37.71867,-122.44899,1.301919071E9,776110,776759
776662,37.718735,-122.44908,1.301919071E9,776110,776759
776662,37.71878,-122.44918,1.301919071E9,776110,776759
776662,37.718822,-122.44929,1.301919071E9,776110,776759
776662,37.71887,-122.44937,1.301919071E9,776110,776759
776662,37.718918,-122.44947,1.301919071E9,776110,776759
776662,37.718952,-122.44958,1.301919071E9,776110,776759
776662,37.71898,-122.44971,1.301919071E9,776110,776759
776662,37.71903,-122.44981,1.301919071E9,776110,776759
776662,37.719086,-122.4499,1.301919071E9,776110,776759
776662,37.719124,-122.45,1.301919071E9,776110,776759
776662,37.719177,-122.450096,1.301919071E9,776110,776759
776662,37.719227,-122.45019,1.301919071E9,776110,776759
776662,37.719273,-122.45029,1.301919071E9,776110,776759
776662,37.71931,-122.450386,1.301919071E9,776110,776759
776662,37.719334,-122.45049,1.301919071E9,776110,776759
776662,37.71936,-122.45059,1.301919071E9,776110,776759
776662,37.71941,-122.4507,1.301919071E9,776110,776759
776662,37.719467,-122.450806,1.301919071E9,776110,776759
776662,37.7195,-122.450905,1.301919071E9,776110,776759
776662,37.719524,-122.45101,1.301919071E9,776110,776759
776662,37.71954,-122.451126,1.301919071E9,776110,776759
776662,37.71961,-122.45122,1.301919071E9,776110,776759
776662,37.71966,-122.45131,1.301919071E9,776110,776759
776662,37.71972,-122.4514,1.301919071E9,776110,776759
776662,37.719803,-122.451454,1.301919071E9,776110,776759
776662,37.7199,-122.451385,1.301919071E9,776110,776759
776662,37.71999,-122.451324,1.301919071E9,776110,776759
776662,37.720074,-122.45126,1.301919071E9,776110,776759
776662,37.72017,-122.45122,1.301919071E9,776110,776759
776662,37.720276,-122.45117,1.301919071E9,776110,776759
776662,37.720383,-122.451126,1.301919071E9,776110,776759
776662,37.720478,-122.451065,1.301919071E9,776110,776759
776662,37.72056,-122.45098,1.301919071E9,776110,776759
776662,37.72064,-122.45091,1.301919071E9,776110,776759
776662,37.720734,-122.45086,1.301919071E9,776110,776759
776662,37.72083,-122.450806,1.301919071E9,776110,776759
776662,37.7209,-122.45086,1.301919071E9,776110,776759
776662,37.720936,-122.45098,1.301919071E9,776110,776759
776662,37.72097,-122.45109,1.301919071E9,776110,776759
776662,37.721,-122.45119,1.301919071E9,776110,776759
776662,37.721066,-122.4513,1.301919071E9,776110,776759
776662,37.72112,-122.451385,1.301919071E9,776110,776759
776662,37.72116,-122.451485,1.301919071E9,776110,776759
776662,37.7212,-122.4516,1.301919071E9,776110,776759
776662,37.721252,-122.45169,1.301919071E9,776110,776759
776662,37.721294,-122.45178,1.301919071E9,776110,776759
776662,37.721336,-122.45188,1.301919071E9,776110,776759
776662,37.7214,-122.45198,1.301919071E9,776110,776759
776662,37.72149,-122.45199,1.301919071E9,776110,776759
776662,37.721607,-122.45199,1.301919071E9,776110,776759
776662,37.72171,-122.45198,1.301919071E9,776110,776759
776662,37.721798,-122.45198,1.301919071E9,776110,776759
776662,37.721893,-122.45199,1.301919071E9,776110,776759
776662,37.722015,-122.45202,1.301919071E9,776110,776759
776662,37.72211,-122.452034,1.301919071E9,776110,776759
776662,37.72217,-122.45213,1.301919071E9,776110,776759
776662,37.722187,-122.45223,1.301919071E9,776110,776759
776662,37.722202,-122.452354,1.301919071E9,776110,776759
776662,37.722202,-122.45247,1.301919071E9,776110,776759
776662,37.722202,-122.45258,1.301919071E9,776110,776759
776662,37.7222,-122.45269,1.301919071E9,776110,776759
776662,37.72219,-122.452805,1.301919071E9,776110,776759
776662,37.72219,-122.452934,1.301919071E9,776110,776759
776662,37.72229,-122.452995,1.301919071E9,776110,776759
776662,37.722378,-122.452995,1.301919071E9,776110,776759
776662,37.722485,-122.45299,1.301919071E9,776110,776759
776662,37.72257,-122.452995,1.301919071E9,776110,776759
776662,37.72265,-122.452995,1.301919071E9,776110,776759
776662,37.722755,-122.45302,1.301919071E9,776110,776759
776662,37.722843,-122.45303,1.301919071E9,776110,776759
776662,37.722954,-122.45302,1.301919071E9,776110,776759
776662,37.723038,-122.45296,1.301919071E9,776110,776759
776662,37.723076,-122.45286,1.301919071E9,776110,776759
776662,37.72305,-122.45275,1.301919071E9,776110,776759
776662,37.723026,-122.45263,1.301919071E9,776110,776759
776662,37.723,-122.452515,1.301919071E9,776110,776759
776662,37.723076,-122.45245,1.301919071E9,776110,776759
776662,37.72316,-122.45246,1.301919071E9,776110,776759
776662,37.72325,-122.45246,1.301919071E9,776110,776759
776662,37.723347,-122.45247,1.301919071E9,776110,776759
776662,37.723442,-122.45249,1.301919071E9,776110,776759
776662,37.723534,-122.452484,1.301919071E9,776110,776759
776662,37.72364,-122.452446,1.301919071E9,776110,776759
776662,37.72373,-122.45243,1.301919071E9,776110,776759
776662,37.723824,-122.452415,1.301919071E9,776110,776759
776662,37.723923,-122.45242,1.301919071E9,776110,776759
776662,37.72403,-122.452415,1.301919071E9,776110,776759
776662,37.724117,-122.4524,1.301919071E9,776110,776759
776662,37.724205,-122.452415,1.301919071E9,776110,776759
776662,37.724308,-122.45243,1.301919071E9,776110,776759
776662,37.7244,-122.452415,1.301919071E9,776110,776759
776662,37.724487,-122.45241,1.301919071E9,776110,776759
776662,37.724583,-122.4524,1.301919071E9,776110,776759
776662,37.724667,-122.4524,1.301919071E9,776110,776759
776662,37.72475,-122.45242,1.301919071E9,776110,776759
776662,37.724846,-122.45244,1.301919071E9,776110,776759
776662,37.72495,-122.452415,1.301919071E9,776110,776759
776662,37.725063,-122.45239,1.301919071E9,776110,776759
776662,37.725174,-122.45239,1.301919071E9,776110,776759
776662,37.725266,-122.45241,1.301919071E9,776110,776759
776662,37.725353,-122.452415,1.301919071E9,776110,776759
776662,37.725433,-122.45242,1.301919071E9,776110,776759
776662,37.72552,-122.45242,1.301919071E9,776110,776759
776662,37.725605,-122.45242,1.301919071E9,776110,776759
776662,37.725704,-122.45241,1.301919071E9,776110,776759
776662,37.725807,-122.4524,1.301919071E9,776110,776759
776662,37.725903,-122.45239,1.301919071E9,776110,776759
776662,37.725986,-122.45239,1.301919071E9,776110,776759
776662,37.726074,-122.452385,1.301919071E9,776110,776759
776662,37.72616,-122.452385,1.301919071E9,776110,776759
776662,37.72626,-122.45239,1.301919071E9,776110,776759
776662,37.726345,-122.452385,1.301919071E9,776110,776759
776662,37.726437,-122.45238,1.301919071E9,776110,776759
776662,37.726524,-122.45237,1.301919071E9,776110,776759
776662,37.726616,-122.45238,1.301919071E9,776110,776759
776662,37.72671,-122.45238,1.301919071E9,776110,776759
776662,37.726803,-122.4524,1.301919071E9,776110,776759
776662,37.72689,-122.4524,1.301919071E9,776110,776759
776662,37.727,-122.45238,1.301919071E9,776110,776759
776662,37.727093,-122.45238,1.301919071E9,776110,776759
776662,37.72719,-122.45238,1.301919071E9,776110,776759
776662,37.727283,-122.45238,1.301919071E9,776110,776759
776662,37.72737,-122.452385,1.301919071E9,776110,776759
776662,37.727467,-122.45239,1.301919071E9,776110,776759
776662,37.727573,-122.452385,1.301919071E9,776110,776759
776662,37.72767,-122.452385,1.301919071E9,776110,776759
776662,37.727757,-122.45238,1.301919071E9,776110,776759
776662,37.72784,-122.45238,1.301919071E9,776110,776759
776662,37.727936,-122.45237,1.301919071E9,776110,776759
776662,37.728043,-122.45236,1.301919071E9,776110,776759
776662,37.72813,-122.45237,1.301919071E9,776110,776759
776662,37.728218,-122.45237,1.301919071E9,776110,776759
776662,37.7283,-122.45234,1.301919071E9,776110,776759
776662,37.728382,-122.45232,1.301919071E9,776110,776759
776662,37.728474,-122.452255,1.301919071E9,776110,776759
776662,37.728485,-122.45215,1.301919071E9,776110,776759
776662,37.728474,-122.45203,1.301919071E9,776110,776759
776662,37.728447,-122.45191,1.301919071E9,776110,776759
776662,37.728436,-122.4518,1.30