9,776110,776759
776662,25.868402,-80.38172,1.301919071E9,776110,776759
776662,25.868395,-80.38161,1.301919071E9,776110,776759
776662,25.868397,-80.38148,1.301919071E9,776110,776759
776662,25.8684,-80.38135,1.301919071E9,776110,776759
776662,25.868402,-80.381226,1.301919071E9,776110,776759
776662,25.868406,-80.381065,1.301919071E9,776110,776759
776662,25.868408,-80.38094,1.301919071E9,776110,776759
776662,25.86841,-80.38082,1.301919071E9,776110,776759
776662,25.86841,-80.3807,1.301919071E9,776110,776759
776662,25.86841,-80.38057,1.301919071E9,776110,776759
776662,25.868412,-80.38045,1.301919071E9,776110,776759
776662,25.868414,-80.3803,1.301919071E9,776110,776759
776662,25.868412,-80.38018,1.301919071E9,776110,776759
776662,25.868406,-80.38004,1.301919071E9,776110,776759
776662,25.868397,-80.379906,1.301919071E9,776110,776759
776662,25.868378,-80.37977,1.301919071E9,776110,776759
776662,25.868359,-80.379654,1.301919071E9,776110,776759
776662,25.868326,-80.3795,1.301919071E9,776110,776759
776662,25.868303,-80.3794,1.301919071E9,776110,776759
776662,25.868185,-80.37931,1.301919071E9,776110,776759
776662,25.868086,-80.379326,1.301919071E9,776110,776759
776662,25.867949,-80.379364,1.301919071E9,776110,776759
776662,25.867805,-80.37942,1.301919071E9,776110,776759
776662,25.867699,-80.379456,1.301919071E9,776110,776759
776662,25.867592,-80.37949,1.301919071E9,776110,776759
776662,25.867477,-80.37954,1.301919071E9,776110,776759
776662,25.867392,-80.37957,1.301919071E9,776110,776759
776662,25.867283,-80.37961,1.301919071E9,776110,776759
776662,25.86717,-80.37964,1.301919071E9,776110,776759
776662,25.86707,-80.37967,1.301919071E9,776110,776759
776662,25.866962,-80.3797,1.301919071E9,776110,776759
776662,25.866838,-80.37973,1.301919071E9,776110,776759
776662,25.866734,-80.379745,1.301919071E9,776110,776759
776662,25.866573,-80.37975,1.301919071E9,776110,776759
776662,25.866451,-80.37975,1.301919071E9,776110,776759
776662,25.866316,-80.37975,1.301919071E9,776110,776759
776662,25.86618,-80.379745,1.301919071E9,776110,776759
776662,25.866049,-80.379745,1.301919071E9,776110,776759
776662,25.865929,-80.379745,1.301919071E9,776110,776759
776662,25.865793,-80.37974,1.301919071E9,776110,776759
776662,25.865685,-80.37974,1.301919071E9,776110,776759
776662,25.86557,-80.37974,1.301919071E9,776110,776759
776662,25.865448,-80.37973,1.301919071E9,776110,776759
776662,25.865309,-80.37973,1.301919071E9,776110,776759
776662,25.86518,-80.37972,1.301919071E9,776110,776759
776662,25.865051,-80.37972,1.301919071E9,776110,776759
776662,25.864927,-80.379715,1.301919071E9,776110,776759
776662,25.864803,-80.379715,1.301919071E9,776110,776759
776662,25.864697,-80.37971,1.301919071E9,776110,776759
776662,25.86458,-80.37971,1.301919071E9,776110,776759
776662,25.864445,-80.3797,1.301919071E9,776110,776759
776662,25.864338,-80.3797,1.301919071E9,776110,776759
776662,25.864223,-80.37969,1.301919071E9,776110,776759
776662,25.864153,-80.37982,1.301919071E9,776110,776759
776662,25.864021,-80.37985,1.301919071E9,776110,776759
776662,25.86392,-80.379684,1.301919071E9,776110,776759
776662,25.863796,-80.37968,1.301919071E9,776110,776759
776662,25.86368,-80.37968,1.301919071E9,776110,776759
776662,25.863558,-80.37967,1.301919071E9,776110,776759
776662,25.863441,-80.37967,1.301919071E9,776110,776759
776662,25.863317,-80.37966,1.301919071E9,776110,776759
776662,25.863194,-80.37966,1.301919071E9,776110,776759
776662,25.863062,-80.379654,1.301919071E9,776110,776759
776662,25.862942,-80.379654,1.301919071E9,776110,776759
776662,25.862835,-80.37965,1.301919071E9,776110,776759
776662,25.862715,-80.37965,1.301919071E9,776110,776759
776662,25.862606,-80.37965,1.301919071E9,776110,776759
776662,25.862467,-80.37964,1.301919071E9,776110,776759
776662,25.862343,-80.37963,1.301919071E9,776110,776759
776662,25.862207,-80.37963,1.301919071E9,776110,776759
776662,25.86209,-80.37962,1.301919071E9,776110,776759
776662,25.861973,-80.37962,1.301919071E9,776110,776759
776662,25.86184,-80.379616,1.301919071E9,776110,776759
776662,25.861713,-80.379616,1.301919071E9,776110,776759
776662,25.861624,-80.37961,1.301919071E9,776110,776759
776662,25.861462,-80.37961,1.301919071E9,776110,776759
776662,25.861345,-80.3796,1.301919071E9,776110,776759
776662,25.861217,-80.37959,1.301919071E9,776110,776759
776662,25.861105,-80.379585,1.301919071E9,776110,776759
776662,25.860971,-80.37957,1.301919071E9,776110,776759
776662,25.860872,-80.37954,1.301919071E9,776110,776759
776662,25.860748,-80.37949,1.301919071E9,776110,776759
776662,25.860636,-80.37945,1.301919071E9,776110,776759
776662,25.860556,-80.3794,1.301919071E9,776110,776759
776662,25.860464,-80.37933,1.301919071E9,776110,776759
776662,25.86039,-80.37928,1.301919071E9,776110,776759
776662,25.860306,-80.37922,1.301919071E9,776110,776759
776662,25.8602,-80.37915,1.301919071E9,776110,776759
776662,25.860111,-80.3791,1.301919071E9,776110,776759
776662,25.859997,-80.37904,1.301919071E9,776110,776759
776662,25.859901,-80.379005,1.301919071E9,776110,776759
776662,25.859758,-80.37896,1.301919071E9,776110,776759
776662,25.859621,-80.37894,1.301919071E9,776110,776759
776662,25.859467,-80.378914,1.301919071E9,776110,776759
776662,25.85936,-80.378914,1.301919071E9,776110,776759
776662,25.859241,-80.378914,1.301919071E9,776110,776759
776662,25.859125,-80.378914,1.301919071E9,776110,776759
776662,25.85899,-80.37891,1.301919071E9,776110,776759
776662,25.85887,-80.37891,1.301919071E9,776110,776759
776662,25.85875,-80.37891,1.301919071E9,776110,776759
776662,25.85866,-80.3789,1.301919071E9,776110,776759
776662,25.858534,-80.3789,1.301919071E9,776110,776759
776662,25.8584,-80.37889,1.301919071E9,776110,776759
776662,25.85829,-80.37889,1.301919071E9,776110,776759
776662,25.858164,-80.37888,1.301919071E9,776110,776759
776662,25.858038,-80.37888,1.301919071E9,776110,776759
776662,25.85791,-80.37888,1.301919071E9,776110,776759
776662,25.857779,-80.378876,1.301919071E9,776110,776759
776662,25.857664,-80.378876,1.301919071E9,776110,776759
776662,25.857533,-80.37887,1.301919071E9,776110,776759
776662,25.857439,-80.37887,1.301919071E9,776110,776759
776662,25.85732,-80.37886,1.301919071E9,776110,776759
776662,25.857088,-80.37885,1.301919071E9,776110,776759
776662,25.856974,-80.37885,1.301919071E9,776110,776759
776662,25.856836,-80.378845,1.301919071E9,776110,776759
776662,25.856709,-80.37884,1.301919071E9,776110,776759
776662,25.856588,-80.37884,1.301919071E9,776110,776759
776662,25.856474,-80.37883,1.301919071E9,776110,776759
776662,25.856373,-80.37883,1.301919071E9,776110,776759
776662,25.856356,-80.379196,1.301919071E9,776110,776759
776662,25.856356,-80.37932,1.301919071E9,776110,776759
776662,25.856356,-80.37942,1.301919071E9,776110,776759
776662,25.856354,-80.37954,1.301919071E9,776110,776759
776662,25.856354,-80.37967,1.301919071E9,776110,776759
776662,25.856354,-80.37979,1.301919071E9,776110,776759
776662,25.856354,-80.37993,1.301919071E9,776110,776759
776662,25.856352,-80.380066,1.301919071E9,776110,776759
776662,25.856352,-80.38019,1.301919071E9,776110,776759
776662,25.856352,-80.38031,1.301919071E9,776110,776759
776662,25.85635,-80.38044,1.301919071E9,776110,776759
776662,25.85635,-80.38059,1.301919071E9,776110,776759
776662,25.85635,-80.38076,1.301919071E9,776110,776759
776662,25.85635,-80.38091,1.301919071E9,776110,776759
776662,25.856348,-80.38107,1.301919071E9,776110,776759
776662,25.856346,-80.38119,1.301919071E9,776110,776759
776662,25.856346,-80.38131,1.301919071E9,776110,776759
776662,25.856346,-80.38144,1.301919071E9,776110,776759
776662,25.856346,-80.38161,1.301919071E9,776110,776759
776662,25.856344,-80.38172,1.301919071E9,776110,776759
776662,25.856344,-80.38188,1.301919071E9,776110,776759
776662,25.856344,-80.38201,1.301919071E9,776110,776759
776662,25.856342,-80.38216,1.301919071E9,776110,776759
776662,25.856342,-80.382286,1.301919071E9,776110,776759
776662,25.856342,-80.38239,1.301919071E9,776110,776759
776662,25.856342,-80.38254,1.301919071E9,776110,776759
776662,25.85634,-80.382