59
776662,41.239166,1.256943,1.301919071E9,776110,776759
776662,41.239178,1.256772,1.301919071E9,776110,776759
776662,41.23916,1.256625,1.301919071E9,776110,776759
776662,41.239166,1.256514,1.301919071E9,776110,776759
776662,41.239178,1.256368,1.301919071E9,776110,776759
776662,41.23923,1.256193,1.301919071E9,776110,776759
776662,41.239323,1.256037,1.301919071E9,776110,776759
776662,41.23936,1.255924,1.301919071E9,776110,776759
776662,41.23939,1.255823,1.301919071E9,776110,776759
776662,41.239487,1.255698,1.301919071E9,776110,776759
776662,41.239567,1.255517,1.301919071E9,776110,776759
776662,41.239597,1.255402,1.301919071E9,776110,776759
776662,41.23963,1.255292,1.301919071E9,776110,776759
776662,41.23966,1.25519,1.301919071E9,776110,776759
776662,41.239697,1.255095,1.301919071E9,776110,776759
776662,41.239773,1.2549,1.301919071E9,776110,776759
776662,41.23981,1.2548,1.301919071E9,776110,776759
776662,41.23985,1.254697,1.301919071E9,776110,776759
776662,41.239883,1.2546,1.301919071E9,776110,776759
776662,41.239956,1.254412,1.301919071E9,776110,776759
776662,41.239998,1.254318,1.301919071E9,776110,776759
776662,41.240067,1.254135,1.301919071E9,776110,776759
776662,41.24013,1.253953,1.301919071E9,776110,776759
776662,41.24019,1.253772,1.301919071E9,776110,776759
776662,41.24018,1.253517,1.301919071E9,776110,776759
776662,41.24027,1.25356,1.301919071E9,776110,776759
776662,41.24032,1.253434,1.301919071E9,776110,776759
776662,41.24034,1.25327,1.301919071E9,776110,776759
776662,41.240242,1.253203,1.301919071E9,776110,776759
776662,41.240147,1.253112,1.301919071E9,776110,776759
776662,41.24014,1.25299,1.301919071E9,776110,776759
776662,41.240173,1.252879,1.301919071E9,776110,776759
776662,41.24022,1.25276,1.301919071E9,776110,776759
776662,41.240265,1.252629,1.301919071E9,776110,776759
776662,41.2403,1.25249,1.301919071E9,776110,776759
776662,41.240337,1.252364,1.301919071E9,776110,776759
776662,41.240376,1.252243,1.301919071E9,776110,776759
776662,41.24041,1.252142,1.301919071E9,776110,776759
776662,41.240433,1.252012,1.301919071E9,776110,776759
776662,41.240456,1.251891,1.301919071E9,776110,776759
776662,41.240494,1.251747,1.301919071E9,776110,776759
776662,41.24052,1.251633,1.301919071E9,776110,776759
776662,41.240547,1.251507,1.301919071E9,776110,776759
776662,41.240574,1.251383,1.301919071E9,776110,776759
776662,41.2406,1.251254,1.301919071E9,776110,776759
776662,41.24065,1.251157,1.301919071E9,776110,776759
776662,41.240715,1.251063,1.301919071E9,776110,776759
776662,41.240757,1.250953,1.301919071E9,776110,776759
776662,41.240772,1.25082,1.301919071E9,776110,776759
776662,41.240776,1.250686,1.301919071E9,776110,776759
776662,41.2408,1.250567,1.301919071E9,776110,776759
776662,41.240826,1.250436,1.301919071E9,776110,776759
776662,41.24085,1.250309,1.301919071E9,776110,776759
776662,41.240864,1.250194,1.301919071E9,776110,776759
776662,41.24089,1.250061,1.301919071E9,776110,776759
776662,41.24091,1.249918,1.301919071E9,776110,776759
776662,41.240936,1.249813,1.301919071E9,776110,776759
776662,41.240963,1.249706,1.301919071E9,776110,776759
776662,41.24099,1.249597,1.301919071E9,776110,776759
776662,41.24103,1.249467,1.301919071E9,776110,776759
776662,41.241062,1.249338,1.301919071E9,776110,776759
776662,41.241085,1.249197,1.301919071E9,776110,776759
776662,41.241116,1.249058,1.301919071E9,776110,776759
776662,41.24115,1.248957,1.301919071E9,776110,776759
776662,41.241173,1.248841,1.301919071E9,776110,776759
776662,41.241196,1.248717,1.301919071E9,776110,776759
776662,41.241215,1.248601,1.301919071E9,776110,776759
776662,41.24121,1.248481,1.301919071E9,776110,776759
776662,41.241142,1.248415,1.301919071E9,776110,776759
776662,41.24106,1.24837,1.301919071E9,776110,776759
776662,41.24097,1.248319,1.301919071E9,776110,776759
776662,41.240974,1.248182,1.301919071E9,776110,776759
776662,41.240967,1.248039,1.301919071E9,776110,776759
776662,41.24096,1.247926,1.301919071E9,776110,776759
776662,41.240955,1.247801,1.301919071E9,776110,776759
776662,41.24094,1.247686,1.301919071E9,776110,776759
776662,41.240917,1.247555,1.301919071E9,776110,776759
776662,41.240944,1.247451,1.301919071E9,776110,776759
776662,41.24094,1.247342,1.301919071E9,776110,776759
776662,41.240948,1.247227,1.301919071E9,776110,776759
776662,41.24094,1.2471,1.301919071E9,776110,776759
776662,41.240944,1.246987,1.301919071E9,776110,776759
776662,41.240967,1.246846,1.301919071E9,776110,776759
776662,41.240997,1.246702,1.301919071E9,776110,776759
776662,41.240963,1.246555,1.301919071E9,776110,776759
776662,41.240906,1.246477,1.301919071E9,776110,776759
776662,41.240845,1.246398,1.301919071E9,776110,776759
776662,41.240788,1.246314,1.301919071E9,776110,776759
776662,41.240738,1.246216,1.301919071E9,776110,776759
776662,41.240685,1.246115,1.301919071E9,776110,776759
776662,41.240623,1.246021,1.301919071E9,776110,776759
776662,41.240555,1.245916,1.301919071E9,776110,776759
776662,41.240475,1.245809,1.301919071E9,776110,776759
776662,41.240395,1.245699,1.301919071E9,776110,776759
776662,41.240314,1.245596,1.301919071E9,776110,776759
776662,41.24024,1.245487,1.301919071E9,776110,776759
776662,41.24016,1.245373,1.301919071E9,776110,776759
776662,41.24007,1.245271,1.301919071E9,776110,776759
776662,41.23999,1.245154,1.301919071E9,776110,776759
776662,41.239906,1.24504,1.301919071E9,776110,776759
776662,41.239826,1.244921,1.301919071E9,776110,776759
776662,41.239742,1.244802,1.301919071E9,776110,776759
776662,41.23966,1.244686,1.301919071E9,776110,776759
776662,41.239582,1.244573,1.301919071E9,776110,776759
776662,41.239506,1.244463,1.301919071E9,776110,776759
776662,41.239426,1.244352,1.301919071E9,776110,776759
776662,41.23935,1.244249,1.301919071E9,776110,776759
776662,41.239265,1.24413,1.301919071E9,776110,776759
776662,41.239178,1.244007,1.301919071E9,776110,776759
776662,41.239086,1.243885,1.301919071E9,776110,776759
776662,41.239,1.243754,1.301919071E9,776110,776759
776662,41.238914,1.243624,1.301919071E9,776110,776759
776662,41.238823,1.243499,1.301919071E9,776110,776759
776662,41.238735,1.243371,1.301919071E9,776110,776759
776662,41.238647,1.243251,1.301919071E9,776110,776759
776662,41.238564,1.243127,1.301919071E9,776110,776759
776662,41.238476,1.242997,1.301919071E9,776110,776759
776662,41.238388,1.242871,1.301919071E9,776110,776759
776662,41.238297,1.242763,1.301919071E9,776110,776759
776662,41.238197,1.242663,1.301919071E9,776110,776759
776662,41.238102,1.242558,1.301919071E9,776110,776759
776662,41.238003,1.242459,1.301919071E9,776110,776759
776662,41.237904,1.242347,1.301919071E9,776110,776759
776662,41.2378,1.242237,1.301919071E9,776110,776759
776662,41.23769,1.242126,1.301919071E9,776110,776759
776662,41.237576,1.242014,1.301919071E9,776110,776759
776662,41.23746,1.2419,1.301919071E9,776110,776759
776662,41.237347,1.241785,1.301919071E9,776110,776759
776662,41.237232,1.241667,1.301919071E9,776110,776759
776662,41.23712,1.241545,1.301919071E9,776110,776759
776662,41.237015,1.241419,1.301919071E9,776110,776759
776662,41.23691,1.241291,1.301919071E9,776110,776759
776662,41.236813,1.241165,1.301919071E9,776110,776759
776662,41.23671,1.241044,1.301919071E9,776110,776759
776662,41.2366,1.240927,1.301919071E9,776110,776759
776662,41.236477,1.240826,1.301919071E9,776110,776759
776662,41.236343,1.240742,1.301919071E9,776110,776759
776662,41.236217,1.24066,1.301919071E9,776110,776759
776662,41.236088,1.240582,1.301919071E9,776110,776759
776662,41.23597,1.240501,1.301919071E9,776110,776759
776662,41.235847,1.240431,1.301919071E9,776110,776759
776662,41.235725,1.240351,1.301919071E9,776110,776759
776662,41.235607,1.240254,1.301919071E9,776110,776759
776662,41.235504,1.24014,1.301919071E9,776110,776759
776662,41.23541,1.240019,1.301919071E9,776110,776759
776662,41.23532,1.239895,1.301919071E9,776110,776759
776662,41.23524,1.239757,1.301919071E9,776110,776759
776662,41.23516,1.239625,1.301919071E9,776110,776759
776662,41.23509,1.239495,1.301919071E9,776110,776759
776662,41.235023,1.239355,1.3019190