0,776759
776662,38.790108,-90.56248,1.301919071E9,776110,776759
776662,38.790077,-90.56252,1.301919071E9,776110,776759
776662,38.79006,-90.56266,1.301919071E9,776110,776759
776662,38.79005,-90.56279,1.301919071E9,776110,776759
776662,38.790043,-90.56293,1.301919071E9,776110,776759
776662,38.790024,-90.56305,1.301919071E9,776110,776759
776662,38.790016,-90.563194,1.301919071E9,776110,776759
776662,38.790012,-90.56331,1.301919071E9,776110,776759
776662,38.789997,-90.56344,1.301919071E9,776110,776759
776662,38.789974,-90.56356,1.301919071E9,776110,776759
776662,38.789944,-90.5637,1.301919071E9,776110,776759
776662,38.789936,-90.56381,1.301919071E9,776110,776759
776662,38.789936,-90.56394,1.301919071E9,776110,776759
776662,38.789944,-90.56409,1.301919071E9,776110,776759
776662,38.789944,-90.56421,1.301919071E9,776110,776759
776662,38.789906,-90.56432,1.301919071E9,776110,776759
776662,38.789837,-90.56441,1.301919071E9,776110,776759
776662,38.789745,-90.56443,1.301919071E9,776110,776759
776662,38.789642,-90.56441,1.301919071E9,776110,776759
776662,38.789562,-90.564354,1.301919071E9,776110,776759
776662,38.78956,-90.56423,1.301919071E9,776110,776759
776662,38.789566,-90.56411,1.301919071E9,776110,776759
776662,38.789574,-90.56399,1.301919071E9,776110,776759
776662,38.78956,-90.56386,1.301919071E9,776110,776759
776662,38.78954,-90.56373,1.301919071E9,776110,776759
776662,38.78954,-90.56359,1.301919071E9,776110,776759
776662,38.789524,-90.56345,1.301919071E9,776110,776759
776662,38.789513,-90.56333,1.301919071E9,776110,776759
776662,38.789505,-90.563194,1.301919071E9,776110,776759
776662,38.7895,-90.56307,1.301919071E9,776110,776759
776662,38.78951,-90.56293,1.301919071E9,776110,776759
776662,38.789513,-90.562805,1.301919071E9,776110,776759
776662,38.789505,-90.56268,1.301919071E9,776110,776759
776662,38.789497,-90.56254,1.301919071E9,776110,776759
776662,38.78949,-90.562416,1.301919071E9,776110,776759
776662,38.78948,-90.562294,1.301919071E9,776110,776759
776662,38.789474,-90.56217,1.301919071E9,776110,776759
776662,38.789474,-90.56205,1.301919071E9,776110,776759
776662,38.789463,-90.56192,1.301919071E9,776110,776759
776662,38.789463,-90.561806,1.301919071E9,776110,776759
776662,38.78946,-90.56166,1.301919071E9,776110,776759
776662,38.78943,-90.56154,1.301919071E9,776110,776759
776662,38.78937,-90.56145,1.301919071E9,776110,776759
776662,38.789276,-90.561386,1.301919071E9,776110,776759
776662,38.78919,-90.56136,1.301919071E9,776110,776759
776662,38.78909,-90.56135,1.301919071E9,776110,776759
776662,38.78899,-90.56135,1.301919071E9,776110,776759
776662,38.788883,-90.56134,1.301919071E9,776110,776759
776662,38.788773,-90.56135,1.301919071E9,776110,776759
776662,38.788673,-90.56135,1.301919071E9,776110,776759
776662,38.788563,-90.561356,1.301919071E9,776110,776759
776662,38.788464,-90.56136,1.301919071E9,776110,776759
776662,38.78837,-90.561356,1.301919071E9,776110,776759
776662,38.788265,-90.56133,1.301919071E9,776110,776759
776662,38.788174,-90.56134,1.301919071E9,776110,776759
776662,38.78808,-90.56135,1.301919071E9,776110,776759
776662,38.787987,-90.561356,1.301919071E9,776110,776759
776662,38.787888,-90.56136,1.301919071E9,776110,776759
776662,38.787792,-90.56137,1.301919071E9,776110,776759
776662,38.7877,-90.56137,1.301919071E9,776110,776759
776662,38.7876,-90.56139,1.301919071E9,776110,776759
776662,38.78749,-90.5614,1.301919071E9,776110,776759
776662,38.787388,-90.5614,1.301919071E9,776110,776759
776662,38.787277,-90.56141,1.301919071E9,776110,776759
776662,38.787174,-90.56142,1.301919071E9,776110,776759
776662,38.78707,-90.561424,1.301919071E9,776110,776759
776662,38.786976,-90.56143,1.301919071E9,776110,776759
776662,38.786877,-90.56143,1.301919071E9,776110,776759
776662,38.786774,-90.56144,1.301919071E9,776110,776759
776662,38.78666,-90.56144,1.301919071E9,776110,776759
776662,38.786564,-90.56145,1.301919071E9,776110,776759
776662,38.78645,-90.561455,1.301919071E9,776110,776759
776662,38.786346,-90.561455,1.301919071E9,776110,776759
776662,38.78624,-90.561455,1.301919071E9,776110,776759
776662,38.786144,-90.56145,1.301919071E9,776110,776759
776662,38.786045,-90.561455,1.301919071E9,776110,776759
776662,38.785934,-90.56147,1.301919071E9,776110,776759
776662,38.785835,-90.56148,1.301919071E9,776110,776759
776662,38.785744,-90.56148,1.301919071E9,776110,776759
776662,38.785637,-90.561485,1.301919071E9,776110,776759
776662,38.78553,-90.561485,1.301919071E9,776110,776759
776662,38.78544,-90.561485,1.301919071E9,776110,776759
776662,38.78534,-90.56148,1.301919071E9,776110,776759
776662,38.785236,-90.56148,1.301919071E9,776110,776759
776662,38.78513,-90.56147,1.301919071E9,776110,776759
776662,38.785034,-90.56146,1.301919071E9,776110,776759
776662,38.78494,-90.56146,1.301919071E9,776110,776759
776662,38.784836,-90.56148,1.301919071E9,776110,776759
776662,38.784744,-90.5615,1.301919071E9,776110,776759
776662,38.784653,-90.56153,1.301919071E9,776110,776759
776662,38.784565,-90.56159,1.301919071E9,776110,776759
776662,38.784485,-90.561646,1.301919071E9,776110,776759
776662,38.7844,-90.561714,1.301919071E9,776110,776759
776662,38.784313,-90.561775,1.301919071E9,776110,776759
776662,38.784237,-90.5617,1.301919071E9,776110,776759
776662,38.784187,-90.5616,1.301919071E9,776110,776759
776662,38.78413,-90.56151,1.301919071E9,776110,776759
776662,38.784073,-90.5614,1.301919071E9,776110,776759
776662,38.78401,-90.561295,1.301919071E9,776110,776759
776662,38.783955,-90.56118,1.301919071E9,776110,776759
776662,38.7839,-90.56107,1.301919071E9,776110,776759
776662,38.783863,-90.56096,1.301919071E9,776110,776759
776662,38.7838,-90.560844,1.301919071E9,776110,776759
776662,38.78375,-90.56074,1.301919071E9,776110,776759
776662,38.78369,-90.56063,1.301919071E9,776110,776759
776662,38.78363,-90.560524,1.301919071E9,776110,776759
776662,38.78357,-90.560425,1.301919071E9,776110,776759
776662,38.78351,-90.560326,1.301919071E9,776110,776759
776662,38.783447,-90.56023,1.301919071E9,776110,776759
776662,38.7834,-90.56012,1.301919071E9,776110,776759
776662,38.78334,-90.56,1.301919071E9,776110,776759
776662,38.783302,-90.559875,1.301919071E9,776110,776759
776662,38.783257,-90.55975,1.301919071E9,776110,776759
776662,38.783195,-90.559654,1.301919071E9,776110,776759
776662,38.78314,-90.55956,1.301919071E9,776110,776759
776662,38.783073,-90.55946,1.301919071E9,776110,776759
776662,38.78302,-90.55933,1.301919071E9,776110,776759
776662,38.782967,-90.55922,1.301919071E9,776110,776759
776662,38.782925,-90.55909,1.301919071E9,776110,776759
776662,38.78287,-90.55897,1.301919071E9,776110,776759
776662,38.782825,-90.55887,1.301919071E9,776110,776759
776662,38.78277,-90.55878,1.301919071E9,776110,776759
776662,38.782677,-90.558685,1.301919071E9,776110,776759
776662,38.78256,-90.55869,1.301919071E9,776110,776759
776662,38.78246,-90.558685,1.301919071E9,776110,776759
776662,38.782375,-90.5586,1.301919071E9,776110,776759
776662,38.782333,-90.55849,1.301919071E9,776110,776759
776662,38.78229,-90.55837,1.301919071E9,776110,776759
776662,38.782234,-90.55826,1.301919071E9,776110,776759
776662,38.782173,-90.558136,1.301919071E9,776110,776759
776662,38.782127,-90.55804,1.301919071E9,776110,776759
776662,38.78207,-90.55793,1.301919071E9,776110,776759
776662,38.782005,-90.55783,1.301919071E9,776110,776759
776662,38.781933,-90.55775,1.301919071E9,776110,776759
776662,38.781853,-90.55768,1.301919071E9,776110,776759
776662,38.781784,-90.557594,1.301919071E9,776110,776759
776662,38.78171,-90.55752,1.301919071E9,776110,776759
776662,38.781635,-90.55746,1.301919071E9,776110,776759
776662,38.781536,-90.55738,1.301919071E9,776110,776759
776662,38.78144,-90.55731,1.301919071E9,776110,776759
776662,38.781338,-90.55722,1.301919071E9,776110,776759
776662,38.78124,-90.55716,1.301919071E9,776110,776759
776662,38.781143,-90.557076,1.301919071E9,776110,776759
776662,38.78105,-90.557,1.301919071E9,776110,776759
776662,38.78096,-90.55694,1.301919071E9,776110,776759
776662,38.780872,-90.55688,1.301919071E9,776110,776759
77