6662,38.774757,-90.529785,1.301919071E9,776110,776759
776662,38.774826,-90.529686,1.301919071E9,776110,776759
776662,38.774876,-90.52958,1.301919071E9,776110,776759
776662,38.774937,-90.52949,1.301919071E9,776110,776759
776662,38.774998,-90.52938,1.301919071E9,776110,776759
776662,38.775055,-90.52928,1.301919071E9,776110,776759
776662,38.775105,-90.529175,1.301919071E9,776110,776759
776662,38.775158,-90.52907,1.301919071E9,776110,776759
776662,38.775215,-90.52897,1.301919071E9,776110,776759
776662,38.775276,-90.52887,1.301919071E9,776110,776759
776662,38.775337,-90.52876,1.301919071E9,776110,776759
776662,38.775394,-90.52865,1.301919071E9,776110,776759
776662,38.77545,-90.52856,1.301919071E9,776110,776759
776662,38.775517,-90.52844,1.301919071E9,776110,776759
776662,38.775578,-90.52832,1.301919071E9,776110,776759
776662,38.775642,-90.528206,1.301919071E9,776110,776759
776662,38.7757,-90.5281,1.301919071E9,776110,776759
776662,38.775764,-90.528,1.301919071E9,776110,776759
776662,38.775845,-90.52795,1.301919071E9,776110,776759
776662,38.775948,-90.52796,1.301919071E9,776110,776759
776662,38.776035,-90.52805,1.301919071E9,776110,776759
776662,38.7761,-90.52814,1.301919071E9,776110,776759
776662,38.776173,-90.52821,1.301919071E9,776110,776759
776662,38.776245,-90.528275,1.301919071E9,776110,776759
776662,38.776318,-90.52835,1.301919071E9,776110,776759
776662,38.776394,-90.52842,1.301919071E9,776110,776759
776662,38.77647,-90.528496,1.301919071E9,776110,776759
776662,38.776546,-90.52857,1.301919071E9,776110,776759
776662,38.776615,-90.52865,1.301919071E9,776110,776759
776662,38.77669,-90.528725,1.301919071E9,776110,776759
776662,38.776768,-90.52879,1.301919071E9,776110,776759
776662,38.776844,-90.52887,1.301919071E9,776110,776759
776662,38.77692,-90.52893,1.301919071E9,776110,776759
776662,38.776985,-90.529015,1.301919071E9,776110,776759
776662,38.77705,-90.5291,1.301919071E9,776110,776759
776662,38.777122,-90.529175,1.301919071E9,776110,776759
776662,38.777203,-90.52925,1.301919071E9,776110,776759
776662,38.77729,-90.52932,1.301919071E9,776110,776759
776662,38.777367,-90.529396,1.301919071E9,776110,776759
776662,38.777447,-90.529465,1.301919071E9,776110,776759
776662,38.777534,-90.529526,1.301919071E9,776110,776759
776662,38.77761,-90.5296,1.301919071E9,776110,776759
776662,38.777683,-90.52968,1.301919071E9,776110,776759
776662,38.777767,-90.529755,1.301919071E9,776110,776759
776662,38.777847,-90.52985,1.301919071E9,776110,776759
776662,38.77794,-90.529915,1.301919071E9,776110,776759
776662,38.77802,-90.52999,1.301919071E9,776110,776759
776662,38.778095,-90.53007,1.301919071E9,776110,776759
776662,38.778164,-90.53015,1.301919071E9,776110,776759
776662,38.77808,-90.53021,1.301919071E9,776110,776759
776662,38.778004,-90.530304,1.301919071E9,776110,776759
776662,38.77794,-90.530396,1.301919071E9,776110,776759
776662,38.777874,-90.53049,1.301919071E9,776110,776759
776662,38.7778,-90.530594,1.301919071E9,776110,776759
776662,38.777775,-90.53064,1.301919071E9,776110,776759
776662,38.783672,-90.61929,1.301919071E9,776110,776759
776662,38.78377,-90.61903,1.301919071E9,776110,776759
776662,38.783867,-90.618774,1.301919071E9,776110,776759
776662,38.78396,-90.61854,1.301919071E9,776110,776759
776662,38.784046,-90.61829,1.301919071E9,776110,776759
776662,38.784134,-90.618065,1.301919071E9,776110,776759
776662,38.784218,-90.61784,1.301919071E9,776110,776759
776662,38.784294,-90.61762,1.301919071E9,776110,776759
776662,38.78437,-90.61742,1.301919071E9,776110,776759
776662,38.78444,-90.61722,1.301919071E9,776110,776759
776662,38.784508,-90.61703,1.301919071E9,776110,776759
776662,38.784573,-90.61684,1.301919071E9,776110,776759
776662,38.784634,-90.61665,1.301919071E9,776110,776759
776662,38.78469,-90.61647,1.301919071E9,776110,776759
776662,38.784744,-90.616295,1.301919071E9,776110,776759
776662,38.7848,-90.61612,1.301919071E9,776110,776759
776662,38.784794,-90.615974,1.301919071E9,776110,776759
776662,38.784798,-90.61584,1.301919071E9,776110,776759
776662,38.784786,-90.61572,1.301919071E9,776110,776759
776662,38.784817,-90.615585,1.301919071E9,776110,776759
776662,38.78487,-90.61546,1.301919071E9,776110,776759
776662,38.78492,-90.61534,1.301919071E9,776110,776759
776662,38.784985,-90.615234,1.301919071E9,776110,776759
776662,38.785046,-90.615135,1.301919071E9,776110,776759
776662,38.78508,-90.615005,1.301919071E9,776110,776759
776662,38.785126,-90.61489,1.301919071E9,776110,776759
776662,38.78522,-90.6149,1.301919071E9,776110,776759
776662,38.78531,-90.614944,1.301919071E9,776110,776759
776662,38.785397,-90.61498,1.301919071E9,776110,776759
776662,38.785503,-90.615005,1.301919071E9,776110,776759
776662,38.785606,-90.61501,1.301919071E9,776110,776759
776662,38.785694,-90.615036,1.301919071E9,776110,776759
776662,38.78579,-90.615074,1.301919071E9,776110,776759
776662,38.785892,-90.615105,1.301919071E9,776110,776759
776662,38.786,-90.615135,1.301919071E9,776110,776759
776662,38.78611,-90.615166,1.301919071E9,776110,776759
776662,38.7862,-90.61518,1.301919071E9,776110,776759
776662,38.786293,-90.615204,1.301919071E9,776110,776759
776662,38.78639,-90.61523,1.301919071E9,776110,776759
776662,38.786488,-90.61525,1.301919071E9,776110,776759
776662,38.786587,-90.615265,1.301919071E9,776110,776759
776662,38.78669,-90.61528,1.301919071E9,776110,776759
776662,38.78678,-90.61531,1.301919071E9,776110,776759
776662,38.78689,-90.61533,1.301919071E9,776110,776759
776662,38.786995,-90.61535,1.301919071E9,776110,776759
776662,38.787094,-90.61538,1.301919071E9,776110,776759
776662,38.78719,-90.61542,1.301919071E9,776110,776759
776662,38.787292,-90.615425,1.301919071E9,776110,776759
776662,38.78739,-90.615425,1.301919071E9,776110,776759
776662,38.787495,-90.61543,1.301919071E9,776110,776759
776662,38.7876,-90.615395,1.301919071E9,776110,776759
776662,38.787697,-90.615326,1.301919071E9,776110,776759
776662,38.78779,-90.615234,1.301919071E9,776110,776759
776662,38.78785,-90.615135,1.301919071E9,776110,776759
776662,38.787903,-90.61502,1.301919071E9,776110,776759
776662,38.787926,-90.61488,1.301919071E9,776110,776759
776662,38.787945,-90.61475,1.301919071E9,776110,776759
776662,38.787956,-90.614624,1.301919071E9,776110,776759
776662,38.787983,-90.614494,1.301919071E9,776110,776759
776662,38.788,-90.61437,1.301919071E9,776110,776759
776662,38.788006,-90.61424,1.301919071E9,776110,776759
776662,38.788017,-90.61412,1.301919071E9,776110,776759
776662,38.788025,-90.614,1.301919071E9,776110,776759
776662,38.788025,-90.613884,1.301919071E9,776110,776759
776662,38.78802,-90.61376,1.301919071E9,776110,776759
776662,38.78802,-90.61364,1.301919071E9,776110,776759
776662,38.78802,-90.61352,1.301919071E9,776110,776759
776662,38.78803,-90.613396,1.301919071E9,776110,776759
776662,38.788044,-90.61327,1.301919071E9,776110,776759
776662,38.78805,-90.61315,1.301919071E9,776110,776759
776662,38.78806,-90.61301,1.301919071E9,776110,776759
776662,38.78807,-90.61286,1.301919071E9,776110,776759
776662,38.788086,-90.61275,1.301919071E9,776110,776759
776662,38.7881,-90.61263,1.301919071E9,776110,776759
776662,38.788136,-90.61252,1.301919071E9,776110,776759
776662,38.788193,-90.612404,1.301919071E9,776110,776759
776662,38.788258,-90.612305,1.301919071E9,776110,776759
776662,38.788166,-90.612236,1.301919071E9,776110,776759
776662,38.78805,-90.61225,1.301919071E9,776110,776759
776662,38.787964,-90.612274,1.301919071E9,776110,776759
776662,38.787857,-90.61228,1.301919071E9,776110,776759
776662,38.787758,-90.61229,1.301919071E9,776110,776759
776662,38.787663,-90.61231,1.301919071E9,776110,776759
776662,38.78756,-90.61232,1.301919071E9,776110,776759
776662,38.787464,-90.61229,1.301919071E9,776110,776759
776662,38.787354,-90.61227,1.301919071E9,776110,776759
776662,38.78726,-90.61219,1.301919071E9,776110,776759
776662,38.78718,-90.6121,1.301919071E9,776110,776759
776662,38.78708,-90.61208,1.301919071E9,776110,776759
776662,38.786976,-90.61207,1.301919071E9,776110,776759
776662,38.786873,-90.61204,1.301919071E9,776110,776