9
776662,42.354977,-71.09909,1.301919071E9,776110,776759
776662,42.35499,-71.09897,1.301919071E9,776110,776759
776662,42.355,-71.09883,1.301919071E9,776110,776759
776662,42.355026,-71.098694,1.301919071E9,776110,776759
776662,42.355064,-71.09857,1.301919071E9,776110,776759
776662,42.355106,-71.09845,1.301919071E9,776110,776759
776662,42.35515,-71.09832,1.301919071E9,776110,776759
776662,42.355194,-71.0982,1.301919071E9,776110,776759
776662,42.355236,-71.09808,1.301919071E9,776110,776759
776662,42.355278,-71.09796,1.301919071E9,776110,776759
776662,42.355312,-71.09783,1.301919071E9,776110,776759
776662,42.355347,-71.097694,1.301919071E9,776110,776759
776662,42.35538,-71.09754,1.301919071E9,776110,776759
776662,42.355415,-71.09742,1.301919071E9,776110,776759
776662,42.355442,-71.09729,1.301919071E9,776110,776759
776662,42.355476,-71.09714,1.301919071E9,776110,776759
776662,42.355507,-71.09701,1.301919071E9,776110,776759
776662,42.355537,-71.096886,1.301919071E9,776110,776759
776662,42.355583,-71.096756,1.301919071E9,776110,776759
776662,42.35563,-71.09664,1.301919071E9,776110,776759
776662,42.355675,-71.09652,1.301919071E9,776110,776759
776662,42.35572,-71.09639,1.301919071E9,776110,776759
776662,42.35577,-71.09626,1.301919071E9,776110,776759
776662,42.35582,-71.09614,1.301919071E9,776110,776759
776662,42.355858,-71.096,1.301919071E9,776110,776759
776662,42.3559,-71.095856,1.301919071E9,776110,776759
776662,42.355946,-71.095726,1.301919071E9,776110,776759
776662,42.35599,-71.095604,1.301919071E9,776110,776759
776662,42.356033,-71.09549,1.301919071E9,776110,776759
776662,42.35607,-71.09537,1.301919071E9,776110,776759
776662,42.356113,-71.09526,1.301919071E9,776110,776759
776662,42.356144,-71.095146,1.301919071E9,776110,776759
776662,42.356182,-71.095024,1.301919071E9,776110,776759
776662,42.356228,-71.0949,1.301919071E9,776110,776759
776662,42.35627,-71.09477,1.301919071E9,776110,776759
776662,42.35631,-71.09464,1.301919071E9,776110,776759
776662,42.356354,-71.09451,1.301919071E9,776110,776759
776662,42.3564,-71.09439,1.301919071E9,776110,776759
776662,42.356445,-71.09428,1.301919071E9,776110,776759
776662,42.356483,-71.094154,1.301919071E9,776110,776759
776662,42.35652,-71.09403,1.301919071E9,776110,776759
776662,42.356552,-71.0939,1.301919071E9,776110,776759
776662,42.356586,-71.09378,1.301919071E9,776110,776759
776662,42.356632,-71.093636,1.301919071E9,776110,776759
776662,42.35667,-71.09351,1.301919071E9,776110,776759
776662,42.356712,-71.09339,1.301919071E9,776110,776759
776662,42.356754,-71.093285,1.301919071E9,776110,776759
776662,42.35679,-71.09317,1.301919071E9,776110,776759
776662,42.356823,-71.09305,1.301919071E9,776110,776759
776662,42.356857,-71.09292,1.301919071E9,776110,776759
776662,42.35689,-71.09277,1.301919071E9,776110,776759
776662,42.356934,-71.09264,1.301919071E9,776110,776759
776662,42.357006,-71.09251,1.301919071E9,776110,776759
776662,42.357044,-71.09237,1.301919071E9,776110,776759
776662,42.35708,-71.09224,1.301919071E9,776110,776759
776662,42.357113,-71.09212,1.301919071E9,776110,776759
776662,42.357147,-71.092,1.301919071E9,776110,776759
776662,42.357193,-71.09187,1.301919071E9,776110,776759
776662,42.35724,-71.09176,1.301919071E9,776110,776759
776662,42.35728,-71.09164,1.301919071E9,776110,776759
776662,42.35732,-71.0915,1.301919071E9,776110,776759
776662,42.357353,-71.09136,1.301919071E9,776110,776759
776662,42.357388,-71.09122,1.301919071E9,776110,776759
776662,42.35742,-71.091095,1.301919071E9,776110,776759
776662,42.357464,-71.09097,1.301919071E9,776110,776759
776662,42.35751,-71.090836,1.301919071E9,776110,776759
776662,42.357548,-71.090706,1.301919071E9,776110,776759
776662,42.357586,-71.090576,1.301919071E9,776110,776759
776662,42.357628,-71.09045,1.301919071E9,776110,776759
776662,42.357666,-71.090324,1.301919071E9,776110,776759
776662,42.357708,-71.09022,1.301919071E9,776110,776759
776662,42.357742,-71.090096,1.301919071E9,776110,776759
776662,42.357784,-71.089966,1.301919071E9,776110,776759
776662,42.357838,-71.08984,1.301919071E9,776110,776759
776662,42.357883,-71.089714,1.301919071E9,776110,776759
776662,42.35793,-71.08959,1.301919071E9,776110,776759
776662,42.357975,-71.08947,1.301919071E9,776110,776759
776662,42.35801,-71.08935,1.301919071E9,776110,776759
776662,42.358055,-71.089226,1.301919071E9,776110,776759
776662,42.358097,-71.08909,1.301919071E9,776110,776759
776662,42.35813,-71.08895,1.301919071E9,776110,776759
776662,42.35817,-71.08882,1.301919071E9,776110,776759
776662,42.35821,-71.08871,1.301919071E9,776110,776759
776662,42.35826,-71.08859,1.301919071E9,776110,776759
776662,42.358307,-71.08848,1.301919071E9,776110,776759
776662,42.358353,-71.08837,1.301919071E9,776110,776759
776662,42.358383,-71.08825,1.301919071E9,776110,776759
776662,42.358414,-71.08812,1.301919071E9,776110,776759
776662,42.358437,-71.088,1.301919071E9,776110,776759
776662,42.35846,-71.08787,1.301919071E9,776110,776759
776662,42.35849,-71.08774,1.301919071E9,776110,776759
776662,42.35852,-71.08761,1.301919071E9,776110,776759
776662,42.358555,-71.08749,1.301919071E9,776110,776759
776662,42.358612,-71.08737,1.301919071E9,776110,776759
776662,42.358677,-71.087234,1.301919071E9,776110,776759
776662,42.358723,-71.08713,1.301919071E9,776110,776759
776662,42.358757,-71.08701,1.301919071E9,776110,776759
776662,42.358803,-71.08691,1.301919071E9,776110,776759
776662,42.35885,-71.08677,1.301919071E9,776110,776759
776662,42.35889,-71.08664,1.301919071E9,776110,776759
776662,42.358932,-71.08652,1.301919071E9,776110,776759
776662,42.358974,-71.08639,1.301919071E9,776110,776759
776662,42.359024,-71.08627,1.301919071E9,776110,776759
776662,42.35907,-71.08615,1.301919071E9,776110,776759
776662,42.35911,-71.086044,1.301919071E9,776110,776759
776662,42.359165,-71.0859,1.301919071E9,776110,776759
776662,42.3592,-71.085785,1.301919071E9,776110,776759
776662,42.35924,-71.08564,1.301919071E9,776110,776759
776662,42.359295,-71.08551,1.301919071E9,776110,776759
776662,42.35934,-71.08539,1.301919071E9,776110,776759
776662,42.35939,-71.08526,1.301919071E9,776110,776759
776662,42.359444,-71.08514,1.301919071E9,776110,776759
776662,42.359478,-71.08501,1.301919071E9,776110,776759
776662,42.359528,-71.08488,1.301919071E9,776110,776759
776662,42.35956,-71.08476,1.301919071E9,776110,776759
776662,42.359592,-71.08463,1.301919071E9,776110,776759
776662,42.359642,-71.0845,1.301919071E9,776110,776759
776662,42.359688,-71.084366,1.301919071E9,776110,776759
776662,42.359734,-71.08423,1.301919071E9,776110,776759
776662,42.35978,-71.08409,1.301919071E9,776110,776759
776662,42.35983,-71.083954,1.301919071E9,776110,776759
776662,42.359867,-71.08382,1.301919071E9,776110,776759
776662,42.359913,-71.08369,1.301919071E9,776110,776759
776662,42.35995,-71.08356,1.301919071E9,776110,776759
776662,42.36,-71.08343,1.301919071E9,776110,776759
776662,42.36005,-71.083305,1.301919071E9,776110,776759
776662,42.360096,-71.083176,1.301919071E9,776110,776759
776662,42.36013,-71.08304,1.301919071E9,776110,776759
776662,42.36017,-71.0829,1.301919071E9,776110,776759
776662,42.360203,-71.08276,1.301919071E9,776110,776759
776662,42.36025,-71.08263,1.301919071E9,776110,776759
776662,42.3603,-71.08249,1.301919071E9,776110,776759
776662,42.360344,-71.082344,1.301919071E9,776110,776759
776662,42.36039,-71.082214,1.301919071E9,776110,776759
776662,42.36043,-71.0821,1.301919071E9,776110,776759
776662,42.360477,-71.08197,1.301919071E9,776110,776759
776662,42.360516,-71.08183,1.301919071E9,776110,776759
776662,42.36056,-71.0817,1.301919071E9,776110,776759
776662,42.360596,-71.08157,1.301919071E9,776110,776759
776662,42.36063,-71.08144,1.301919071E9,776110,776759
776662,42.36066,-71.08131,1.301919071E9,776110,776759
776662,42.360664,-71.08115,1.301919071E9,776110,776759
776662,42.36068,-71.08099,1.301919071E9,776110,776759
776662,42.36069,-71.080864,1.301919071E9,776110,776759
776662,42.360703,-71.0807,1.301919071E9,776110,776759
776662,42.360706,-71.08057,1.301919071E9,776110,776759
776662,42.360703,-71