59
776662,51.40272,5.453518,1.301919071E9,776110,776759
776662,51.402687,5.4536552,1.301919071E9,776110,776759
776662,51.402634,5.453815,1.301919071E9,776110,776759
776662,51.40255,5.4539967,1.301919071E9,776110,776759
776662,51.402496,5.4541063,1.301919071E9,776110,776759
776662,51.402447,5.454288,1.301919071E9,776110,776759
776662,51.40238,5.4543905,1.301919071E9,776110,776759
776662,51.402348,5.454551,1.301919071E9,776110,776759
776662,51.402283,5.4546523,1.301919071E9,776110,776759
776662,51.40221,5.454817,1.301919071E9,776110,776759
776662,51.402164,5.4549417,1.301919071E9,776110,776759
776662,51.402126,5.4550853,1.301919071E9,776110,776759
776662,51.40209,5.455201,1.301919071E9,776110,776759
776662,51.40204,5.45533,1.301919071E9,776110,776759
776662,51.402004,5.455465,1.301919071E9,776110,776759
776662,51.40195,5.4556117,1.301919071E9,776110,776759
776662,51.401913,5.4557967,1.301919071E9,776110,776759
776662,51.401882,5.4559345,1.301919071E9,776110,776759
776662,51.4018,5.456139,1.301919071E9,776110,776759
776662,51.401726,5.4562106,1.301919071E9,776110,776759
776662,51.401604,5.456197,1.301919071E9,776110,776759
776662,51.40155,5.4562984,1.301919071E9,776110,776759
776662,51.401493,5.4564047,1.301919071E9,776110,776759
776662,51.40142,5.456505,1.301919071E9,776110,776759
776662,51.40134,5.456421,1.301919071E9,776110,776759
776662,51.40128,5.45629,1.301919071E9,776110,776759
776662,51.40128,5.456156,1.301919071E9,776110,776759
776662,51.40126,5.4560137,1.301919071E9,776110,776759
776662,51.40122,5.4558396,1.301919071E9,776110,776759
776662,51.401146,5.4557214,1.301919071E9,776110,776759
776662,51.401066,5.45566,1.301919071E9,776110,776759
776662,51.400986,5.4556437,1.301919071E9,776110,776759
776662,51.400875,5.4556623,1.301919071E9,776110,776759
776662,51.400784,5.4556923,1.301919071E9,776110,776759
776662,51.400692,5.455739,1.301919071E9,776110,776759
776662,51.400635,5.455638,1.301919071E9,776110,776759
776662,51.400528,5.4555435,1.301919071E9,776110,776759
776662,51.400414,5.4554887,1.301919071E9,776110,776759
776662,51.400314,5.455464,1.301919071E9,776110,776759
776662,51.400215,5.455457,1.301919071E9,776110,776759
776662,51.40013,5.4554033,1.301919071E9,776110,776759
776662,51.400078,5.4552794,1.301919071E9,776110,776759
776662,51.399994,5.4551563,1.301919071E9,776110,776759
776662,51.399956,5.4550185,1.301919071E9,776110,776759
776662,51.39993,5.4548926,1.301919071E9,776110,776759
776662,51.399944,5.4547563,1.301919071E9,776110,776759
776662,51.39992,5.4546275,1.301919071E9,776110,776759
776662,51.3999,5.4544516,1.301919071E9,776110,776759
776662,51.399933,5.4542904,1.301919071E9,776110,776759
776662,51.399937,5.4540577,1.301919071E9,776110,776759
776662,51.39989,5.453935,1.301919071E9,776110,776759
776662,51.39979,5.4538555,1.301919071E9,776110,776759
776662,51.39973,5.453679,1.301919071E9,776110,776759
776662,51.399673,5.453561,1.301919071E9,776110,776759
776662,51.399612,5.45341,1.301919071E9,776110,776759
776662,51.399567,5.4532557,1.301919071E9,776110,776759
776662,51.399517,5.453142,1.301919071E9,776110,776759
776662,51.399555,5.452992,1.301919071E9,776110,776759
776662,51.399475,5.4529443,1.301919071E9,776110,776759
776662,51.399426,5.452784,1.301919071E9,776110,776759
776662,51.399353,5.452669,1.301919071E9,776110,776759
776662,51.39931,5.4525447,1.301919071E9,776110,776759
776662,51.399242,5.452375,1.301919071E9,776110,776759
776662,51.39914,5.4521646,1.301919071E9,776110,776759
776662,51.39909,5.452021,1.301919071E9,776110,776759
776662,51.399014,5.4518642,1.301919071E9,776110,776759
776662,51.398964,5.451718,1.301919071E9,776110,776759
776662,51.39897,5.4515805,1.301919071E9,776110,776759
776662,51.39904,5.451496,1.301919071E9,776110,776759
776662,51.39912,5.4514375,1.301919071E9,776110,776759
776662,51.399204,5.451369,1.301919071E9,776110,776759
776662,51.399273,5.4512925,1.301919071E9,776110,776759
776662,51.399357,5.4512296,1.301919071E9,776110,776759
776662,51.399437,5.4512115,1.301919071E9,776110,776759
776662,51.399506,5.4511275,1.301919071E9,776110,776759
776662,51.399574,5.45104,1.301919071E9,776110,776759
776662,51.399662,5.450997,1.301919071E9,776110,776759
776662,51.399746,5.450873,1.301919071E9,776110,776759
776662,51.399773,5.450702,1.301919071E9,776110,776759
776662,51.399746,5.450499,1.301919071E9,776110,776759
776662,51.39971,5.4501095,1.301919071E9,776110,776759
776662,51.399685,5.449975,1.301919071E9,776110,776759
776662,51.39967,5.449634,1.301919071E9,776110,776759
776662,51.399616,5.449519,1.301919071E9,776110,776759
776662,51.399563,5.449378,1.301919071E9,776110,776759
776662,51.399563,5.4492188,1.301919071E9,776110,776759
776662,51.399517,5.4490647,1.301919071E9,776110,776759
776662,51.39946,5.4488606,1.301919071E9,776110,776759
776662,51.399418,5.448657,1.301919071E9,776110,776759
776662,51.399338,5.4485116,1.301919071E9,776110,776759
776662,51.399292,5.448401,1.301919071E9,776110,776759
776662,51.39925,5.448289,1.301919071E9,776110,776759
776662,51.399235,5.4481516,1.301919071E9,776110,776759
776662,51.399315,5.4481263,1.301919071E9,776110,776759
776662,51.399406,5.4481373,1.301919071E9,776110,776759
776662,51.39949,5.448173,1.301919071E9,776110,776759
776662,51.399597,5.44811,1.301919071E9,776110,776759
776662,51.39969,5.448191,1.301919071E9,776110,776759
776662,51.399757,5.4480925,1.301919071E9,776110,776759
776662,51.39984,5.448088,1.301919071E9,776110,776759
776662,51.39992,5.4480534,1.301919071E9,776110,776759
776662,51.399918,5.447919,1.301919071E9,776110,776759
776662,51.399887,5.447779,1.301919071E9,776110,776759
776662,51.3999,5.447633,1.301919071E9,776110,776759
776662,51.3999,5.447482,1.301919071E9,776110,776759
776662,51.39991,5.4473243,1.301919071E9,776110,776759
776662,51.399918,5.4471545,1.301919071E9,776110,776759
776662,51.399998,5.447148,1.301919071E9,776110,776759
776662,51.40008,5.4471946,1.301919071E9,776110,776759
776662,51.400166,5.4472604,1.301919071E9,776110,776759
776662,51.40025,5.4472895,1.301919071E9,776110,776759
776662,51.400307,5.447388,1.301919071E9,776110,776759
776662,51.40032,5.4472456,1.301919071E9,776110,776759
776662,51.400333,5.4471045,1.301919071E9,776110,776759
776662,51.400288,5.4469795,1.301919071E9,776110,776759
776662,51.4002,5.4469423,1.301919071E9,776110,776759
776662,51.400097,5.446949,1.301919071E9,776110,776759
776662,51.400017,5.446989,1.301919071E9,776110,776759
776662,51.399937,5.447021,1.301919071E9,776110,776759
776662,51.399845,5.447076,1.301919071E9,776110,776759
776662,51.399742,5.447163,1.301919071E9,776110,776759
776662,51.399654,5.4471726,1.301919071E9,776110,776759
776662,51.399605,5.4473104,1.301919071E9,776110,776759
776662,51.39963,5.4474597,1.301919071E9,776110,776759
776662,51.399586,5.447595,1.301919071E9,776110,776759
776662,51.3996,5.4477315,1.301919071E9,776110,776759
776662,51.39949,5.4477563,1.301919071E9,776110,776759
776662,51.39938,5.4477835,1.301919071E9,776110,776759
776662,51.399292,5.4478064,1.301919071E9,776110,776759
776662,51.399197,5.4477744,1.301919071E9,776110,776759
776662,51.39914,5.4476643,1.301919071E9,776110,776759
776662,51.39906,5.4476404,1.301919071E9,776110,776759
776662,51.398975,5.4477844,1.301919071E9,776110,776759
776662,51.398895,5.4478436,1.301919071E9,776110,776759
776662,51.398773,5.4479213,1.301919071E9,776110,776759
776662,51.398693,5.447976,1.301919071E9,776110,776759
776662,51.39862,5.4480495,1.301919071E9,776110,776759
776662,51.398537,5.448082,1.301919071E9,776110,776759
776662,51.398457,5.4481077,1.301919071E9,776110,776759
776662,51.398357,5.4481854,1.301919071E9,776110,776759
776662,51.39828,5.4483113,1.301919071E9,776110,776759
776662,51.39819,5.4483967,1.301919071E9,776110,776759
776662,51.398098,5.4484553,1.301919071E9,776110,776759
776662,51.398014,5.4485188,1.301919071E9,776110,776759
776662,51.397926,5.448557,1.301919071E9,776110,776759
776662,51.39783,5.4486337,1.301919071E9,776110,776759
776662,51.397747,5.4487023,1.301919071E9,776110,776759
776662,51.39766,5.448775,1.301919071E9,7