6110,776759
776662,48.847923,2.34117,1.301919071E9,776110,776759
776662,48.848034,2.341089,1.301919071E9,776110,776759
776662,48.848125,2.341033,1.301919071E9,776110,776759
776662,48.848213,2.340967,1.301919071E9,776110,776759
776662,48.848312,2.340936,1.301919071E9,776110,776759
776662,48.848427,2.340877,1.301919071E9,776110,776759
776662,48.848515,2.340843,1.301919071E9,776110,776759
776662,48.84864,2.340797,1.301919071E9,776110,776759
776662,48.848732,2.340732,1.301919071E9,776110,776759
776662,48.848846,2.34067,1.301919071E9,776110,776759
776662,48.84894,2.340564,1.301919071E9,776110,776759
776662,48.849022,2.340489,1.301919071E9,776110,776759
776662,48.849133,2.34045,1.301919071E9,776110,776759
776662,48.84922,2.340374,1.301919071E9,776110,776759
776662,48.8493,2.340307,1.301919071E9,776110,776759
776662,48.849407,2.340255,1.301919071E9,776110,776759
776662,48.849506,2.340206,1.301919071E9,776110,776759
776662,48.84959,2.340126,1.301919071E9,776110,776759
776662,48.84965,2.34,1.301919071E9,776110,776759
776662,48.849747,2.339922,1.301919071E9,776110,776759
776662,48.849857,2.339934,1.301919071E9,776110,776759
776662,48.849957,2.339934,1.301919071E9,776110,776759
776662,48.85005,2.339922,1.301919071E9,776110,776759
776662,48.850147,2.339904,1.301919071E9,776110,776759
776662,48.85026,2.339872,1.301919071E9,776110,776759
776662,48.85037,2.339851,1.301919071E9,776110,776759
776662,48.850464,2.339815,1.301919071E9,776110,776759
776662,48.850563,2.33977,1.301919071E9,776110,776759
776662,48.850666,2.339694,1.301919071E9,776110,776759
776662,48.850758,2.339655,1.301919071E9,776110,776759
776662,48.85087,2.339638,1.301919071E9,776110,776759
776662,48.85096,2.339657,1.301919071E9,776110,776759
776662,48.85106,2.33961,1.301919071E9,776110,776759
776662,48.851154,2.339522,1.301919071E9,776110,776759
776662,48.851242,2.339415,1.301919071E9,776110,776759
776662,48.85133,2.339331,1.301919071E9,776110,776759
776662,48.85142,2.33924,1.301919071E9,776110,776759
776662,48.851463,2.339077,1.301919071E9,776110,776759
776662,48.851562,2.339029,1.301919071E9,776110,776759
776662,48.851643,2.338964,1.301919071E9,776110,776759
776662,48.851715,2.338848,1.301919071E9,776110,776759
776662,48.85179,2.338772,1.301919071E9,776110,776759
776662,48.851875,2.338682,1.301919071E9,776110,776759
776662,48.851967,2.33871,1.301919071E9,776110,776759
776662,48.852066,2.33879,1.301919071E9,776110,776759
776662,48.852158,2.338817,1.301919071E9,776110,776759
776662,48.85226,2.338852,1.301919071E9,776110,776759
776662,48.852352,2.338814,1.301919071E9,776110,776759
776662,48.852398,2.338677,1.301919071E9,776110,776759
776662,48.85245,2.338525,1.301919071E9,776110,776759
776662,48.85251,2.338363,1.301919071E9,776110,776759
776662,48.852547,2.338188,1.301919071E9,776110,776759
776662,48.852547,2.338041,1.301919071E9,776110,776759
776662,48.852562,2.337879,1.301919071E9,776110,776759
776662,48.85259,2.337709,1.301919071E9,776110,776759
776662,48.85263,2.337586,1.301919071E9,776110,776759
776662,48.85268,2.337463,1.301919071E9,776110,776759
776662,48.85272,2.337292,1.301919071E9,776110,776759
776662,48.85277,2.33718,1.301919071E9,776110,776759
776662,48.85283,2.337028,1.301919071E9,776110,776759
776662,48.852863,2.336886,1.301919071E9,776110,776759
776662,48.852913,2.336752,1.301919071E9,776110,776759
776662,48.85295,2.336617,1.301919071E9,776110,776759
776662,48.852974,2.336468,1.301919071E9,776110,776759
776662,48.853004,2.336339,1.301919071E9,776110,776759
776662,48.85305,2.336172,1.301919071E9,776110,776759
776662,48.853104,2.336012,1.301919071E9,776110,776759
776662,48.85312,2.335862,1.301919071E9,776110,776759
776662,48.85315,2.335705,1.301919071E9,776110,776759
776662,48.85322,2.335593,1.301919071E9,776110,776759
776662,48.853287,2.335482,1.301919071E9,776110,776759
776662,48.853313,2.335301,1.301919071E9,776110,776759
776662,48.853344,2.335097,1.301919071E9,776110,776759
776662,48.853394,2.33494,1.301919071E9,776110,776759
776662,48.853436,2.334813,1.301919071E9,776110,776759
776662,48.85347,2.334658,1.301919071E9,776110,776759
776662,48.853497,2.334527,1.301919071E9,776110,776759
776662,48.853546,2.334384,1.301919071E9,776110,776759
776662,48.853584,2.334244,1.301919071E9,776110,776759
776662,48.853634,2.334087,1.301919071E9,776110,776759
776662,48.85367,2.333956,1.301919071E9,776110,776759
776662,48.8537,2.3338,1.301919071E9,776110,776759
776662,48.8538,2.333738,1.301919071E9,776110,776759
776662,48.853848,2.333607,1.301919071E9,776110,776759
776662,48.85389,2.333484,1.301919071E9,776110,776759
776662,48.853928,2.333338,1.301919071E9,776110,776759
776662,48.85396,2.333178,1.301919071E9,776110,776759
776662,48.85399,2.333048,1.301919071E9,776110,776759
776662,48.854034,2.332892,1.301919071E9,776110,776759
776662,48.854057,2.332755,1.301919071E9,776110,776759
776662,48.85407,2.332599,1.301919071E9,776110,776759
776662,48.854107,2.33247,1.301919071E9,776110,776759
776662,48.85415,2.332329,1.301919071E9,776110,776759
776662,48.85419,2.332173,1.301919071E9,776110,776759
776662,48.854256,2.332051,1.301919071E9,776110,776759
776662,48.854313,2.331921,1.301919071E9,776110,776759
776662,48.85435,2.33176,1.301919071E9,776110,776759
776662,48.854378,2.331595,1.301919071E9,776110,776759
776662,48.8544,2.331459,1.301919071E9,776110,776759
776662,48.854427,2.331294,1.301919071E9,776110,776759
776662,48.854473,2.331152,1.301919071E9,776110,776759
776662,48.854534,2.330961,1.301919071E9,776110,776759
776662,48.85458,2.330794,1.301919071E9,776110,776759
776662,48.854603,2.330645,1.301919071E9,776110,776759
776662,48.85462,2.330471,1.301919071E9,776110,776759
776662,48.85466,2.330308,1.301919071E9,776110,776759
776662,48.8547,2.330131,1.301919071E9,776110,776759
776662,48.85473,2.32999,1.301919071E9,776110,776759
776662,48.85477,2.329844,1.301919071E9,776110,776759
776662,48.854816,2.329723,1.301919071E9,776110,776759
776662,48.85486,2.329588,1.301919071E9,776110,776759
776662,48.854916,2.329435,1.301919071E9,776110,776759
776662,48.85496,2.329298,1.301919071E9,776110,776759
776662,48.855007,2.329146,1.301919071E9,776110,776759
776662,48.85505,2.328979,1.301919071E9,776110,776759
776662,48.85508,2.328804,1.301919071E9,776110,776759
776662,48.855125,2.328677,1.301919071E9,776110,776759
776662,48.855167,2.328537,1.301919071E9,776110,776759
776662,48.85521,2.328402,1.301919071E9,776110,776759
776662,48.855263,2.328253,1.301919071E9,776110,776759
776662,48.855312,2.328098,1.301919071E9,776110,776759
776662,48.85536,2.327972,1.301919071E9,776110,776759
776662,48.85541,2.327845,1.301919071E9,776110,776759
776662,48.85548,2.32771,1.301919071E9,776110,776759
776662,48.855534,2.3276,1.301919071E9,776110,776759
776662,48.855595,2.327443,1.301919071E9,776110,776759
776662,48.855637,2.327302,1.301919071E9,776110,776759
776662,48.855667,2.327162,1.301919071E9,776110,776759
776662,48.855705,2.327033,1.301919071E9,776110,776759
776662,48.855804,2.32703,1.301919071E9,776110,776759
776662,48.855885,2.327181,1.301919071E9,776110,776759
776662,48.856,2.327291,1.301919071E9,776110,776759
776662,48.856106,2.327243,1.301919071E9,776110,776759
776662,48.85618,2.327126,1.301919071E9,776110,776759
776662,48.856243,2.327022,1.301919071E9,776110,776759
776662,48.856342,2.32692,1.301919071E9,776110,776759
776662,48.856422,2.326807,1.301919071E9,776110,776759
776662,48.856537,2.326749,1.301919071E9,776110,776759
776662,48.856613,2.326885,1.301919071E9,776110,776759
776662,48.856678,2.326995,1.301919071E9,776110,776759
776662,48.856754,2.327113,1.301919071E9,776110,776759
776662,48.85684,2.327221,1.301919071E9,776110,776759
776662,48.85684,2.327221,1.301919071E9,776110,776759
776662,48.853516,2.369991,1.301919071E9,776110,776759
776662,48.853558,2.369833,1.301919071E9,776110,776759
776662,48.853596,2.369772,1.301919071E9,776110,776759
776662,48.853687,2.369213,1.301919071E9,776110,776759
776662,48.853703,2.369211,1.301919071E9,776110,776759
776662,48.853703,2.369089,1.301919071E9,776110,776759
776662,48.853706,2.369058,1.3019