,776759
776662,42.367733,-71.07067,1.301919071E9,776110,776759
776662,42.367664,-71.07054,1.301919071E9,776110,776759
776662,42.3676,-71.070404,1.301919071E9,776110,776759
776662,42.367542,-71.070274,1.301919071E9,776110,776759
776662,42.367485,-71.070145,1.301919071E9,776110,776759
776662,42.367424,-71.07002,1.301919071E9,776110,776759
776662,42.367355,-71.06991,1.301919071E9,776110,776759
776662,42.367283,-71.0698,1.301919071E9,776110,776759
776662,42.367214,-71.069695,1.301919071E9,776110,776759
776662,42.367157,-71.069595,1.301919071E9,776110,776759
776662,42.3671,-71.06949,1.301919071E9,776110,776759
776662,42.367043,-71.06936,1.301919071E9,776110,776759
776662,42.367004,-71.069244,1.301919071E9,776110,776759
776662,42.36696,-71.06911,1.301919071E9,776110,776759
776662,42.366913,-71.06896,1.301919071E9,776110,776759
776662,42.36685,-71.06883,1.301919071E9,776110,776759
776662,42.36677,-71.068726,1.301919071E9,776110,776759
776662,42.366695,-71.0686,1.301919071E9,776110,776759
776662,42.366608,-71.06858,1.301919071E9,776110,776759
776662,42.366516,-71.068665,1.301919071E9,776110,776759
776662,42.366444,-71.06875,1.301919071E9,776110,776759
776662,42.366367,-71.06885,1.301919071E9,776110,776759
776662,42.3663,-71.06895,1.301919071E9,776110,776759
776662,42.366226,-71.06904,1.301919071E9,776110,776759
776662,42.366158,-71.06913,1.301919071E9,776110,776759
776662,42.366093,-71.06923,1.301919071E9,776110,776759
776662,42.365993,-71.06934,1.301919071E9,776110,776759
776662,42.36592,-71.069435,1.301919071E9,776110,776759
776662,42.36593,-71.069565,1.301919071E9,776110,776759
776662,42.36589,-71.069695,1.301919071E9,776110,776759
776662,42.3658,-71.069786,1.301919071E9,776110,776759
776662,42.365726,-71.06987,1.301919071E9,776110,776759
776662,42.36563,-71.06996,1.301919071E9,776110,776759
776662,42.365532,-71.07002,1.301919071E9,776110,776759
776662,42.365433,-71.07009,1.301919071E9,776110,776759
776662,42.36533,-71.07016,1.301919071E9,776110,776759
776662,42.365242,-71.070206,1.301919071E9,776110,776759
776662,42.365154,-71.070244,1.301919071E9,776110,776759
776662,42.365047,-71.07032,1.301919071E9,776110,776759
776662,42.364967,-71.07038,1.301919071E9,776110,776759
776662,42.364906,-71.07048,1.301919071E9,776110,776759
776662,42.36493,-71.070625,1.301919071E9,776110,776759
776662,42.364937,-71.07075,1.301919071E9,776110,776759
776662,42.36493,-71.07088,1.301919071E9,776110,776759
776662,42.36492,-71.07103,1.301919071E9,776110,776759
776662,42.364902,-71.07118,1.301919071E9,776110,776759
776662,42.364872,-71.071335,1.301919071E9,776110,776759
776662,42.364838,-71.071465,1.301919071E9,776110,776759
776662,42.36481,-71.0716,1.301919071E9,776110,776759
776662,42.36477,-71.07174,1.301919071E9,776110,776759
776662,42.364723,-71.071846,1.301919071E9,776110,776759
776662,42.36468,-71.07196,1.301919071E9,776110,776759
776662,42.36462,-71.07208,1.301919071E9,776110,776759
776662,42.364555,-71.07221,1.301919071E9,776110,776759
776662,42.364487,-71.07233,1.301919071E9,776110,776759
776662,42.36441,-71.07242,1.301919071E9,776110,776759
776662,42.36433,-71.07252,1.301919071E9,776110,776759
776662,42.36424,-71.0726,1.301919071E9,776110,776759
776662,42.36414,-71.072685,1.301919071E9,776110,776759
776662,42.364044,-71.07277,1.301919071E9,776110,776759
776662,42.363953,-71.07284,1.301919071E9,776110,776759
776662,42.363842,-71.07287,1.301919071E9,776110,776759
776662,42.36375,-71.0729,1.301919071E9,776110,776759
776662,42.363647,-71.072914,1.301919071E9,776110,776759
776662,42.36353,-71.07293,1.301919071E9,776110,776759
776662,42.363422,-71.07295,1.301919071E9,776110,776759
776662,42.363327,-71.07297,1.301919071E9,776110,776759
776662,42.363216,-71.072975,1.301919071E9,776110,776759
776662,42.36313,-71.07298,1.301919071E9,776110,776759
776662,42.363014,-71.07298,1.301919071E9,776110,776759
776662,42.362896,-71.07299,1.301919071E9,776110,776759
776662,42.36279,-71.07301,1.301919071E9,776110,776759
776662,42.36269,-71.07305,1.301919071E9,776110,776759
776662,42.362583,-71.07307,1.301919071E9,776110,776759
776662,42.362476,-71.073074,1.301919071E9,776110,776759
776662,42.36237,-71.07309,1.301919071E9,776110,776759
776662,42.362267,-71.0731,1.301919071E9,776110,776759
776662,42.36216,-71.073074,1.301919071E9,776110,776759
776662,42.36205,-71.073044,1.301919071E9,776110,776759
776662,42.36194,-71.07302,1.301919071E9,776110,776759
776662,42.36182,-71.07298,1.301919071E9,776110,776759
776662,42.361713,-71.07296,1.301919071E9,776110,776759
776662,42.361595,-71.072945,1.301919071E9,776110,776759
776662,42.361492,-71.072945,1.301919071E9,776110,776759
776662,42.36139,-71.072975,1.301919071E9,776110,776759
776662,42.361286,-71.073006,1.301919071E9,776110,776759
776662,42.361183,-71.072975,1.301919071E9,776110,776759
776662,42.361065,-71.072975,1.301919071E9,776110,776759
776662,42.36095,-71.072945,1.301919071E9,776110,776759
776662,42.360847,-71.07288,1.301919071E9,776110,776759
776662,42.36076,-71.07284,1.301919071E9,776110,776759
776662,42.360664,-71.072815,1.301919071E9,776110,776759
776662,42.360565,-71.07277,1.301919071E9,776110,776759
776662,42.360477,-71.072716,1.301919071E9,776110,776759
776662,42.360386,-71.072685,1.301919071E9,776110,776759
776662,42.360275,-71.072685,1.301919071E9,776110,776759
776662,42.360184,-71.0727,1.301919071E9,776110,776759
776662,42.36008,-71.0727,1.301919071E9,776110,776759
776662,42.359985,-71.07271,1.301919071E9,776110,776759
776662,42.359894,-71.07272,1.301919071E9,776110,776759
776662,42.3598,-71.072754,1.301919071E9,776110,776759
776662,42.359695,-71.07281,1.301919071E9,776110,776759
776662,42.359604,-71.07286,1.301919071E9,776110,776759
776662,42.359486,-71.07293,1.301919071E9,776110,776759
776662,42.35938,-71.07298,1.301919071E9,776110,776759
776662,42.35927,-71.07303,1.301919071E9,776110,776759
776662,42.35918,-71.07306,1.301919071E9,776110,776759
776662,42.359055,-71.073074,1.301919071E9,776110,776759
776662,42.358948,-71.073105,1.301919071E9,776110,776759
776662,42.358837,-71.07315,1.301919071E9,776110,776759
776662,42.35873,-71.07321,1.301919071E9,776110,776759
776662,42.35863,-71.07326,1.301919071E9,776110,776759
776662,42.35852,-71.073296,1.301919071E9,776110,776759
776662,42.358433,-71.07332,1.301919071E9,776110,776759
776662,42.358322,-71.07335,1.301919071E9,776110,776759
776662,42.358223,-71.07339,1.301919071E9,776110,776759
776662,42.358128,-71.07345,1.301919071E9,776110,776759
776662,42.35803,-71.0735,1.301919071E9,776110,776759
776662,42.357918,-71.073524,1.301919071E9,776110,776759
776662,42.357822,-71.07353,1.301919071E9,776110,776759
776662,42.357727,-71.0736,1.301919071E9,776110,776759
776662,42.357674,-71.0737,1.301919071E9,776110,776759
776662,42.35763,-71.07384,1.301919071E9,776110,776759
776662,42.357574,-71.07396,1.301919071E9,776110,776759
776662,42.357483,-71.074066,1.301919071E9,776110,776759
776662,42.357388,-71.07414,1.301919071E9,776110,776759
776662,42.3573,-71.07423,1.301919071E9,776110,776759
776662,42.35723,-71.074326,1.301919071E9,776110,776759
776662,42.35719,-71.07443,1.301919071E9,776110,776759
776662,42.357166,-71.074554,1.301919071E9,776110,776759
776662,42.35718,-71.074684,1.301919071E9,776110,776759
776662,42.357185,-71.07482,1.301919071E9,776110,776759
776662,42.35717,-71.07495,1.301919071E9,776110,776759
776662,42.35714,-71.07507,1.301919071E9,776110,776759
776662,42.35708,-71.07518,1.301919071E9,776110,776759
776662,42.357,-71.07528,1.301919071E9,776110,776759
776662,42.356888,-71.07541,1.301919071E9,776110,776759
776662,42.35681,-71.0755,1.301919071E9,776110,776759
776662,42.356735,-71.07561,1.301919071E9,776110,776759
776662,42.356663,-71.075714,1.301919071E9,776110,776759
776662,42.356586,-71.075806,1.301919071E9,776110,776759
776662,42.356525,-71.0759,1.301919071E9,776110,776759
776662,42.356457,-71.07602,1.301919071E9,776110,776759
776662,42.3564,-71.07614,1.301919071E9,776110,776759
776662,42.356346,-71.07625,1.301919071E9,776110,776759
776662,42.356285,-71.07637,1.301919071E9,776110,7