0,776759
776662,48.864937,2.269857,1.301919071E9,776110,776759
776662,48.86484,2.269815,1.301919071E9,776110,776759
776662,48.86473,2.269783,1.301919071E9,776110,776759
776662,48.86463,2.269718,1.301919071E9,776110,776759
776662,48.864536,2.269664,1.301919071E9,776110,776759
776662,48.86444,2.269596,1.301919071E9,776110,776759
776662,48.864353,2.269557,1.301919071E9,776110,776759
776662,48.86425,2.269512,1.301919071E9,776110,776759
776662,48.864162,2.269481,1.301919071E9,776110,776759
776662,48.86406,2.269436,1.301919071E9,776110,776759
776662,48.863953,2.269385,1.301919071E9,776110,776759
776662,48.86387,2.26931,1.301919071E9,776110,776759
776662,48.86379,2.269249,1.301919071E9,776110,776759
776662,48.8637,2.269162,1.301919071E9,776110,776759
776662,48.86361,2.26909,1.301919071E9,776110,776759
776662,48.86353,2.269019,1.301919071E9,776110,776759
776662,48.863457,2.268904,1.301919071E9,776110,776759
776662,48.863358,2.268821,1.301919071E9,776110,776759
776662,48.86324,2.268815,1.301919071E9,776110,776759
776662,48.863155,2.268872,1.301919071E9,776110,776759
776662,48.86307,2.268935,1.301919071E9,776110,776759
776662,48.862976,2.268935,1.301919071E9,776110,776759
776662,48.862946,2.2688,1.301919071E9,776110,776759
776662,48.86289,2.268639,1.301919071E9,776110,776759
776662,48.862823,2.268536,1.301919071E9,776110,776759
776662,48.862743,2.268429,1.301919071E9,776110,776759
776662,48.862667,2.268369,1.301919071E9,776110,776759
776662,48.8626,2.26829,1.301919071E9,776110,776759
776662,48.862587,2.268277,1.301919071E9,776110,776759
776662,48.86249,2.268279,1.301919071E9,776110,776759
776662,48.86238,2.268237,1.301919071E9,776110,776759
776662,48.86229,2.268187,1.301919071E9,776110,776759
776662,48.862213,2.268086,1.301919071E9,776110,776759
776662,48.86213,2.267969,1.301919071E9,776110,776759
776662,48.862026,2.267947,1.301919071E9,776110,776759
776662,48.86193,2.267914,1.301919071E9,776110,776759
776662,48.86183,2.267915,1.301919071E9,776110,776759
776662,48.861736,2.267953,1.301919071E9,776110,776759
776662,48.86163,2.268001,1.301919071E9,776110,776759
776662,48.861538,2.268051,1.301919071E9,776110,776759
776662,48.86145,2.268117,1.301919071E9,776110,776759
776662,48.86137,2.268185,1.301919071E9,776110,776759
776662,48.86133,2.268318,1.301919071E9,776110,776759
776662,48.861233,2.268342,1.301919071E9,776110,776759
776662,48.861134,2.268371,1.301919071E9,776110,776759
776662,48.86105,2.268425,1.301919071E9,776110,776759
776662,48.860943,2.268456,1.301919071E9,776110,776759
776662,48.860844,2.268453,1.301919071E9,776110,776759
776662,48.86075,2.268465,1.301919071E9,776110,776759
776662,48.86066,2.268519,1.301919071E9,776110,776759
776662,48.860672,2.268579,1.301919071E9,776110,776759
776662,48.8606,2.268743,1.301919071E9,776110,776759
776662,48.860584,2.268746,1.301919071E9,776110,776759
776662,48.860676,2.268814,1.301919071E9,776110,776759
776662,48.860725,2.26875,1.301919071E9,776110,776759
776662,48.860626,2.268775,1.301919071E9,776110,776759
776662,48.860584,2.268793,1.301919071E9,776110,776759
776662,48.860573,2.26879,1.301919071E9,776110,776759
776662,48.860542,2.268911,1.301919071E9,776110,776759
776662,48.860546,2.268926,1.301919071E9,776110,776759
776662,48.860523,2.269076,1.301919071E9,776110,776759
776662,48.86046,2.269179,1.301919071E9,776110,776759
776662,48.86038,2.26925,1.301919071E9,776110,776759
776662,48.8603,2.269325,1.301919071E9,776110,776759
776662,48.860283,2.269335,1.301919071E9,776110,776759
776662,48.86016,2.269389,1.301919071E9,776110,776759
776662,48.860104,2.26942,1.301919071E9,776110,776759
776662,48.860016,2.26945,1.301919071E9,776110,776759
776662,48.859917,2.269469,1.301919071E9,776110,776759
776662,48.859825,2.269517,1.301919071E9,776110,776759
776662,48.85973,2.269499,1.301919071E9,776110,776759
776662,48.85963,2.269503,1.301919071E9,776110,776759
776662,48.859528,2.269545,1.301919071E9,776110,776759
776662,48.859447,2.269627,1.301919071E9,776110,776759
776662,48.859367,2.269715,1.301919071E9,776110,776759
776662,48.8593,2.269847,1.301919071E9,776110,776759
776662,48.859238,2.270004,1.301919071E9,776110,776759
776662,48.85919,2.270156,1.301919071E9,776110,776759
776662,48.859135,2.270304,1.301919071E9,776110,776759
776662,48.859062,2.27044,1.301919071E9,776110,776759
776662,48.859,2.270549,1.301919071E9,776110,776759
776662,48.858936,2.270661,1.301919071E9,776110,776759
776662,48.858868,2.270779,1.301919071E9,776110,776759
776662,48.85878,2.270872,1.301919071E9,776110,776759
776662,48.858685,2.270943,1.301919071E9,776110,776759
776662,48.8586,2.271038,1.301919071E9,776110,776759
776662,48.8585,2.271136,1.301919071E9,776110,776759
776662,48.85843,2.271227,1.301919071E9,776110,776759
776662,48.85838,2.271349,1.301919071E9,776110,776759
776662,48.85836,2.271517,1.301919071E9,776110,776759
776662,48.858356,2.271654,1.301919071E9,776110,776759
776662,48.85835,2.271791,1.301919071E9,776110,776759
776662,48.85831,2.271952,1.301919071E9,776110,776759
776662,48.858295,2.272146,1.301919071E9,776110,776759
776662,48.85832,2.272309,1.301919071E9,776110,776759
776662,48.858345,2.272448,1.301919071E9,776110,776759
776662,48.85833,2.272612,1.301919071E9,776110,776759
776662,48.858337,2.272752,1.301919071E9,776110,776759
776662,48.85833,2.27283,1.301919071E9,776110,776759
776662,48.858315,2.272962,1.301919071E9,776110,776759
776662,48.858315,2.27304,1.301919071E9,776110,776759
776662,48.85831,2.273176,1.301919071E9,776110,776759
776662,48.858276,2.273308,1.301919071E9,776110,776759
776662,48.858257,2.273496,1.301919071E9,776110,776759
776662,48.85825,2.273644,1.301919071E9,776110,776759
776662,48.858295,2.273773,1.301919071E9,776110,776759
776662,48.858303,2.273927,1.301919071E9,776110,776759
776662,48.858246,2.274065,1.301919071E9,776110,776759
776662,48.85822,2.274223,1.301919071E9,776110,776759
776662,48.858223,2.27424,1.301919071E9,776110,776759
776662,48.85823,2.274423,1.301919071E9,776110,776759
776662,48.858234,2.274522,1.301919071E9,776110,776759
776662,48.85819,2.274648,1.301919071E9,776110,776759
776662,48.858128,2.274789,1.301919071E9,776110,776759
776662,48.858086,2.274922,1.301919071E9,776110,776759
776662,48.858055,2.275059,1.301919071E9,776110,776759
776662,48.858086,2.275225,1.301919071E9,776110,776759
776662,48.85812,2.275358,1.301919071E9,776110,776759
776662,48.8581,2.275502,1.301919071E9,776110,776759
776662,48.85818,2.275632,1.301919071E9,776110,776759
776662,48.858257,2.27571,1.301919071E9,776110,776759
776662,48.858307,2.275849,1.301919071E9,776110,776759
776662,48.858315,2.275994,1.301919071E9,776110,776759
776662,48.85832,2.276158,1.301919071E9,776110,776759
776662,48.85833,2.27632,1.301919071E9,776110,776759
776662,48.85832,2.276488,1.301919071E9,776110,776759
776662,48.858334,2.27665,1.301919071E9,776110,776759
776662,48.858315,2.276803,1.301919071E9,776110,776759
776662,48.8583,2.276938,1.301919071E9,776110,776759
776662,48.858307,2.277084,1.301919071E9,776110,776759
776662,48.858265,2.277227,1.301919071E9,776110,776759
776662,48.858162,2.277324,1.301919071E9,776110,776759
776662,48.85804,2.277323,1.301919071E9,776110,776759
776662,48.857994,2.277442,1.301919071E9,776110,776759
776662,48.857998,2.277595,1.301919071E9,776110,776759
776662,48.85804,2.277764,1.301919071E9,776110,776759
776662,48.858074,2.277906,1.301919071E9,776110,776759
776662,48.85805,2.278076,1.301919071E9,776110,776759
776662,48.858047,2.278241,1.301919071E9,776110,776759
776662,48.85801,2.278374,1.301919071E9,776110,776759
776662,48.85796,2.278511,1.301919071E9,776110,776759
776662,48.857925,2.278647,1.301919071E9,776110,776759
776662,48.857857,2.278768,1.301919071E9,776110,776759
776662,48.85784,2.278927,1.301919071E9,776110,776759
776662,48.85784,2.279074,1.301919071E9,776110,776759
776662,48.857838,2.279235,1.301919071E9,776110,776759
776662,48.857765,2.279359,1.301919071E9,776110,776759
776662,48.857716,2.279519,1.301919071E9,776110,776759
776662,48.857647,2.279655,1.301919071E9,776110,776759
776662,48.857594,2.279783,1.301919071E9,7