223,1.301919071E9,776110,776759
776662,42.13712,2.454675,1.301919071E9,776110,776759
776662,42.137203,2.454723,1.301919071E9,776110,776759
776662,42.13729,2.4547694,1.301919071E9,776110,776759
776662,42.13737,2.4548151,1.301919071E9,776110,776759
776662,42.13745,2.4548619,1.301919071E9,776110,776759
776662,42.13754,2.454902,1.301919071E9,776110,776759
776662,42.137627,2.454948,1.301919071E9,776110,776759
776662,42.13772,2.4550076,1.301919071E9,776110,776759
776662,42.13781,2.4550674,1.301919071E9,776110,776759
776662,42.137897,2.4551249,1.301919071E9,776110,776759
776662,42.137978,2.4551873,1.301919071E9,776110,776759
776662,42.13805,2.4552515,1.301919071E9,776110,776759
776662,42.13815,2.455337,1.301919071E9,776110,776759
776662,42.138233,2.4554253,1.301919071E9,776110,776759
776662,42.138336,2.4554844,1.301919071E9,776110,776759
776662,42.13842,2.4555252,1.301919071E9,776110,776759
776662,42.138504,2.4555666,1.301919071E9,776110,776759
776662,42.138615,2.4556372,1.301919071E9,776110,776759
776662,42.13869,2.4557037,1.301919071E9,776110,776759
776662,42.13876,2.4557788,1.301919071E9,776110,776759
776662,42.138836,2.4558518,1.301919071E9,776110,776759
776662,42.138912,2.4559195,1.301919071E9,776110,776759
776662,42.138985,2.4559832,1.301919071E9,776110,776759
776662,42.139057,2.4560664,1.301919071E9,776110,776759
776662,42.13912,2.4561532,1.301919071E9,776110,776759
776662,42.139183,2.4562747,1.301919071E9,776110,776759
776662,42.13919,2.4564564,1.301919071E9,776110,776759
776662,42.139187,2.456602,1.301919071E9,776110,776759
776662,42.139202,2.4567387,1.301919071E9,776110,776759
776662,42.13921,2.4568698,1.301919071E9,776110,776759
776662,42.139275,2.456991,1.301919071E9,776110,776759
776662,42.139324,2.4571223,1.301919071E9,776110,776759
776662,42.13937,2.4572656,1.301919071E9,776110,776759
776662,42.139416,2.45741,1.301919071E9,776110,776759
776662,42.139465,2.4575276,1.301919071E9,776110,776759
776662,42.13951,2.4576445,1.301919071E9,776110,776759
776662,42.139553,2.4577553,1.301919071E9,776110,776759
776662,42.139587,2.45787,1.301919071E9,776110,776759
776662,42.139618,2.4579835,1.301919071E9,776110,776759
776662,42.139652,2.4581027,1.301919071E9,776110,776759
776662,42.139683,2.4582198,1.301919071E9,776110,776759
776662,42.13973,2.4583354,1.301919071E9,776110,776759
776662,42.13977,2.4584498,1.301919071E9,776110,776759
776662,42.139824,2.4585478,1.301919071E9,776110,776759
776662,42.1399,2.4586127,1.301919071E9,776110,776759
776662,42.13999,2.4586656,1.301919071E9,776110,776759
776662,42.140095,2.4587257,1.301919071E9,776110,776759
776662,42.14018,2.4587693,1.301919071E9,776110,776759
776662,42.140263,2.458805,1.301919071E9,776110,776759
776662,42.140347,2.4588282,1.301919071E9,776110,776759
776662,42.14044,2.4588041,1.301919071E9,776110,776759
776662,42.14054,2.4587684,1.301919071E9,776110,776759
776662,42.140648,2.4587386,1.301919071E9,776110,776759
776662,42.14076,2.4587054,1.301919071E9,776110,776759
776662,42.14087,2.4586713,1.301919071E9,776110,776759
776662,42.140995,2.458607,1.301919071E9,776110,776759
776662,42.141098,2.4585004,1.301919071E9,776110,776759
776662,42.14118,2.458376,1.301919071E9,776110,776759
776662,42.141243,2.4582393,1.301919071E9,776110,776759
776662,42.141315,2.4581194,1.301919071E9,776110,776759
776662,42.141373,2.4579966,1.301919071E9,776110,776759
776662,42.141438,2.457879,1.301919071E9,776110,776759
776662,42.14152,2.4578125,1.301919071E9,776110,776759
776662,42.14162,2.4578452,1.301919071E9,776110,776759
776662,42.14172,2.4579113,1.301919071E9,776110,776759
776662,42.141827,2.4579673,1.301919071E9,776110,776759
776662,42.14193,2.458034,1.301919071E9,776110,776759
776662,42.14203,2.4581015,1.301919071E9,776110,776759
776662,42.14213,2.4581625,1.301919071E9,776110,776759
776662,42.14224,2.4582145,1.301919071E9,776110,776759
776662,42.142338,2.4582727,1.301919071E9,776110,776759
776662,42.142445,2.4583232,1.301919071E9,776110,776759
776662,42.142548,2.4583778,1.301919071E9,776110,776759
776662,42.14265,2.458429,1.301919071E9,776110,776759
776662,42.14276,2.4584785,1.301919071E9,776110,776759
776662,42.142868,2.4585397,1.301919071E9,776110,776759
776662,42.142967,2.4585924,1.301919071E9,776110,776759
776662,42.143066,2.4586353,1.301919071E9,776110,776759
776662,42.143166,2.458683,1.301919071E9,776110,776759
776662,42.14326,2.4587264,1.301919071E9,776110,776759
776662,42.14336,2.458755,1.301919071E9,776110,776759
776662,42.14346,2.4587672,1.301919071E9,776110,776759
776662,42.143555,2.4588058,1.301919071E9,776110,776759
776662,42.14365,2.4587836,1.301919071E9,776110,776759
776662,42.143734,2.4587686,1.301919071E9,776110,776759
776662,42.14382,2.4587486,1.301919071E9,776110,776759
776662,42.14394,2.4587553,1.301919071E9,776110,776759
776662,42.14405,2.45873,1.301919071E9,776110,776759
776662,42.144154,2.4586942,1.301919071E9,776110,776759
776662,42.144245,2.4586613,1.301919071E9,776110,776759
776662,42.144264,2.4585388,1.301919071E9,776110,776759
776662,42.144302,2.4584024,1.301919071E9,776110,776759
776662,42.14434,2.4582758,1.301919071E9,776110,776759
776662,42.144386,2.4581463,1.301919071E9,776110,776759
776662,42.14443,2.4580107,1.301919071E9,776110,776759
776662,42.144455,2.4579046,1.301919071E9,776110,776759
776662,42.144505,2.457749,1.301919071E9,776110,776759
776662,42.144535,2.4576285,1.301919071E9,776110,776759
776662,42.144573,2.457518,1.301919071E9,776110,776759
776662,42.14461,2.457412,1.301919071E9,776110,776759
776662,42.144657,2.4573183,1.301919071E9,776110,776759
776662,42.144684,2.4572132,1.301919071E9,776110,776759
776662,42.144745,2.4571135,1.301919071E9,776110,776759
776662,42.144817,2.4571774,1.301919071E9,776110,776759
776662,42.144924,2.4572282,1.301919071E9,776110,776759
776662,42.145,2.4572864,1.301919071E9,776110,776759
776662,42.145103,2.4573495,1.301919071E9,776110,776759
776662,42.14518,2.457393,1.301919071E9,776110,776759
776662,42.145267,2.457426,1.301919071E9,776110,776759
776662,42.145367,2.4574642,1.301919071E9,776110,776759
776662,42.145447,2.4575207,1.301919071E9,776110,776759
776662,42.145535,2.4575667,1.301919071E9,776110,776759
776662,42.145615,2.457633,1.301919071E9,776110,776759
776662,42.1457,2.4576669,1.301919071E9,776110,776759
776662,42.145798,2.4576864,1.301919071E9,776110,776759
776662,42.14589,2.457731,1.301919071E9,776110,776759
776662,42.145973,2.457781,1.301919071E9,776110,776759
776662,42.14605,2.4578493,1.301919071E9,776110,776759
776662,42.14613,2.4579034,1.301919071E9,776110,776759
776662,42.146206,2.4579625,1.301919071E9,776110,776759
776662,42.14629,2.4580247,1.301919071E9,776110,776759
776662,42.146385,2.4580705,1.301919071E9,776110,776759
776662,42.146454,2.458138,1.301919071E9,776110,776759
776662,42.146557,2.4582267,1.301919071E9,776110,776759
776662,42.14662,2.4583168,1.301919071E9,776110,776759
776662,42.14672,2.4583237,1.301919071E9,776110,776759
776662,42.14681,2.4583473,1.301919071E9,776110,776759
776662,42.14689,2.458385,1.301919071E9,776110,776759
776662,42.147,2.4583888,1.301919071E9,776110,776759
776662,42.147118,2.4584396,1.301919071E9,776110,776759
776662,42.14722,2.4584913,1.301919071E9,776110,776759
776662,42.14732,2.4585488,1.301919071E9,776110,776759
776662,42.14742,2.458607,1.301919071E9,776110,776759
776662,42.14751,2.458669,1.301919071E9,776110,776759
776662,42.14761,2.458728,1.301919071E9,776110,776759
776662,42.147705,2.4587843,1.301919071E9,776110,776759
776662,42.147804,2.4588387,1.301919071E9,776110,776759
776662,42.1479,2.4588947,1.301919071E9,776110,776759
776662,42.148,2.458946,1.301919071E9,776110,776759
776662,42.1481,2.4590003,1.301919071E9,776110,776759
776662,42.1482,2.4590554,1.301919071E9,776110,776759
776662,42.148296,2.4591005,1.301919071E9,776110,776759
776662,42.14839,2.4591532,1.301919071E9,776110,776759
776662,42.14848,2.4592144,1.301919071E9,776110,776759
776662,42.14857,2.459266,1.301919071E9,776110,776759
776662,42.14867,2.4593217,1.301919071E9,776110,776759
776662,42.14877,2.4593792,1.301919071E9,776110,776759
77