6,1.301919071E9,776110,776759
776662,48.858273,2.23707,1.301919071E9,776110,776759
776662,48.858166,2.237088,1.301919071E9,776110,776759
776662,48.858063,2.237113,1.301919071E9,776110,776759
776662,48.85796,2.23713,1.301919071E9,776110,776759
776662,48.857857,2.237153,1.301919071E9,776110,776759
776662,48.85775,2.237182,1.301919071E9,776110,776759
776662,48.857643,2.237204,1.301919071E9,776110,776759
776662,48.85754,2.237228,1.301919071E9,776110,776759
776662,48.857433,2.23725,1.301919071E9,776110,776759
776662,48.85733,2.237271,1.301919071E9,776110,776759
776662,48.85724,2.237296,1.301919071E9,776110,776759
776662,48.85713,2.237322,1.301919071E9,776110,776759
776662,48.857018,2.237352,1.301919071E9,776110,776759
776662,48.856922,2.23737,1.301919071E9,776110,776759
776662,48.85682,2.237387,1.301919071E9,776110,776759
776662,48.856716,2.237415,1.301919071E9,776110,776759
776662,48.856617,2.237457,1.301919071E9,776110,776759
776662,48.85652,2.237502,1.301919071E9,776110,776759
776662,48.856415,2.237516,1.301919071E9,776110,776759
776662,48.8563,2.237499,1.301919071E9,776110,776759
776662,48.85619,2.237476,1.301919071E9,776110,776759
776662,48.85609,2.23747,1.301919071E9,776110,776759
776662,48.85598,2.23748,1.301919071E9,776110,776759
776662,48.85589,2.237488,1.301919071E9,776110,776759
776662,48.85577,2.237489,1.301919071E9,776110,776759
776662,48.855663,2.237516,1.301919071E9,776110,776759
776662,48.855556,2.237541,1.301919071E9,776110,776759
776662,48.85547,2.237551,1.301919071E9,776110,776759
776662,48.855373,2.237517,1.301919071E9,776110,776759
776662,48.855274,2.237487,1.301919071E9,776110,776759
776662,48.855175,2.237469,1.301919071E9,776110,776759
776662,48.855072,2.237457,1.301919071E9,776110,776759
776662,48.85496,2.237444,1.301919071E9,776110,776759
776662,48.85486,2.237433,1.301919071E9,776110,776759
776662,48.854744,2.237418,1.301919071E9,776110,776759
776662,48.854637,2.237401,1.301919071E9,776110,776759
776662,48.854527,2.237385,1.301919071E9,776110,776759
776662,48.854424,2.23736,1.301919071E9,776110,776759
776662,48.854336,2.237333,1.301919071E9,776110,776759
776662,48.854244,2.237314,1.301919071E9,776110,776759
776662,48.854153,2.237288,1.301919071E9,776110,776759
776662,48.85406,2.237258,1.301919071E9,776110,776759
776662,48.853962,2.237251,1.301919071E9,776110,776759
776662,48.853863,2.237224,1.301919071E9,776110,776759
776662,48.853752,2.237187,1.301919071E9,776110,776759
776662,48.853657,2.237155,1.301919071E9,776110,776759
776662,48.853565,2.237142,1.301919071E9,776110,776759
776662,48.85347,2.237126,1.301919071E9,776110,776759
776662,48.853374,2.237102,1.301919071E9,776110,776759
776662,48.853275,2.237018,1.301919071E9,776110,776759
776662,48.853172,2.236956,1.301919071E9,776110,776759
776662,48.85307,2.236914,1.301919071E9,776110,776759
776662,48.85297,2.236862,1.301919071E9,776110,776759
776662,48.85286,2.23682,1.301919071E9,776110,776759
776662,48.85274,2.236797,1.301919071E9,776110,776759
776662,48.852627,2.236788,1.301919071E9,776110,776759
776662,48.85252,2.236788,1.301919071E9,776110,776759
776662,48.85241,2.236778,1.301919071E9,776110,776759
776662,48.852306,2.236755,1.301919071E9,776110,776759
776662,48.852203,2.236755,1.301919071E9,776110,776759
776662,48.852104,2.236755,1.301919071E9,776110,776759
776662,48.851994,2.236737,1.301919071E9,776110,776759
776662,48.85189,2.236703,1.301919071E9,776110,776759
776662,48.851784,2.236679,1.301919071E9,776110,776759
776662,48.851685,2.23667,1.301919071E9,776110,776759
776662,48.8516,2.236582,1.301919071E9,776110,776759
776662,48.85153,2.236467,1.301919071E9,776110,776759
776662,48.851456,2.236342,1.301919071E9,776110,776759
776662,48.851406,2.236173,1.301919071E9,776110,776759
776662,48.85141,2.235981,1.301919071E9,776110,776759
776662,48.851418,2.235824,1.301919071E9,776110,776759
776662,48.851425,2.235635,1.301919071E9,776110,776759
776662,48.851425,2.235445,1.301919071E9,776110,776759
776662,48.85143,2.235279,1.301919071E9,776110,776759
776662,48.85144,2.235137,1.301919071E9,776110,776759
776662,48.851456,2.234953,1.301919071E9,776110,776759
776662,48.851467,2.234776,1.301919071E9,776110,776759
776662,48.851482,2.234596,1.301919071E9,776110,776759
776662,48.851505,2.234415,1.301919071E9,776110,776759
776662,48.85152,2.234273,1.301919071E9,776110,776759
776662,48.851543,2.234135,1.301919071E9,776110,776759
776662,48.85157,2.233975,1.301919071E9,776110,776759
776662,48.8516,2.233814,1.301919071E9,776110,776759
776662,48.851627,2.23365,1.301919071E9,776110,776759
776662,48.851658,2.233515,1.301919071E9,776110,776759
776662,48.851685,2.23338,1.301919071E9,776110,776759
776662,48.85172,2.233242,1.301919071E9,776110,776759
776662,48.851765,2.233082,1.301919071E9,776110,776759
776662,48.851803,2.232943,1.301919071E9,776110,776759
776662,48.851833,2.23281,1.301919071E9,776110,776759
776662,48.851868,2.232683,1.301919071E9,776110,776759
776662,48.851913,2.232539,1.301919071E9,776110,776759
776662,48.85195,2.232399,1.301919071E9,776110,776759
776662,48.851982,2.232243,1.301919071E9,776110,776759
776662,48.852024,2.232109,1.301919071E9,776110,776759
776662,48.852066,2.23198,1.301919071E9,776110,776759
776662,48.852108,2.231855,1.301919071E9,776110,776759
776662,48.852158,2.231693,1.301919071E9,776110,776759
776662,48.85222,2.231538,1.301919071E9,776110,776759
776662,48.852264,2.231408,1.301919071E9,776110,776759
776662,48.85231,2.231283,1.301919071E9,776110,776759
776662,48.852364,2.231128,1.301919071E9,776110,776759
776662,48.85243,2.230976,1.301919071E9,776110,776759
776662,48.85249,2.230824,1.301919071E9,776110,776759
776662,48.852562,2.230683,1.301919071E9,776110,776759
776662,48.852642,2.23055,1.301919071E9,776110,776759
776662,48.852707,2.23043,1.301919071E9,776110,776759
776662,48.852787,2.230318,1.301919071E9,776110,776759
776662,48.852867,2.23024,1.301919071E9,776110,776759
776662,48.852962,2.230153,1.301919071E9,776110,776759
776662,48.853043,2.230085,1.301919071E9,776110,776759
776662,48.853134,2.230007,1.301919071E9,776110,776759
776662,48.85322,2.229932,1.301919071E9,776110,776759
776662,48.853306,2.229871,1.301919071E9,776110,776759
776662,48.8534,2.229791,1.301919071E9,776110,776759
776662,48.8535,2.229706,1.301919071E9,776110,776759
776662,48.853584,2.229603,1.301919071E9,776110,776759
776662,48.85368,2.229503,1.301919071E9,776110,776759
776662,48.85376,2.229432,1.301919071E9,776110,776759
776662,48.85384,2.229364,1.301919071E9,776110,776759
776662,48.853943,2.229287,1.301919071E9,776110,776759
776662,48.85405,2.229218,1.301919071E9,776110,776759
776662,48.854134,2.229169,1.301919071E9,776110,776759
776662,48.854244,2.229099,1.301919071E9,776110,776759
776662,48.854347,2.229036,1.301919071E9,776110,776759
776662,48.854435,2.22898,1.301919071E9,776110,776759
776662,48.85454,2.228933,1.301919071E9,776110,776759
776662,48.854626,2.228885,1.301919071E9,776110,776759
776662,48.85473,2.228824,1.301919071E9,776110,776759
776662,48.854816,2.228778,1.301919071E9,776110,776759
776662,48.854908,2.22873,1.301919071E9,776110,776759
776662,48.855007,2.228697,1.301919071E9,776110,776759
776662,48.8551,2.228677,1.301919071E9,776110,776759
776662,48.855194,2.228658,1.301919071E9,776110,776759
776662,48.85531,2.228628,1.301919071E9,776110,776759
776662,48.85541,2.228608,1.301919071E9,776110,776759
776662,48.855507,2.228585,1.301919071E9,776110,776759
776662,48.855618,2.228553,1.301919071E9,776110,776759
776662,48.85571,2.228521,1.301919071E9,776110,776759
776662,48.8558,2.228498,1.301919071E9,776110,776759
776662,48.85589,2.228477,1.301919071E9,776110,776759
776662,48.856007,2.228457,1.301919071E9,776110,776759
776662,48.8561,2.228436,1.301919071E9,776110,776759
776662,48.856205,2.228415,1.301919071E9,776110,776759
776662,48.85631,2.228413,1.301919071E9,776110,776759
776662,48.856422,2.228423,1.301919071E9,776110,776759
776662,48.85653,2.228413,1.301919071E9,776110,776759
776662,48.856625,2.228414,1.301919071E9,776110,776759
776662,48.856735,2.228413,1.301919071E9,776110,776759
776662,4