62,37.392357,-121.96834,1.301919071E9,776110,776759
776662,37.392456,-121.968315,1.301919071E9,776110,776759
776662,37.392555,-121.96829,1.301919071E9,776110,776759
776662,37.39265,-121.96828,1.301919071E9,776110,776759
776662,37.392742,-121.96824,1.301919071E9,776110,776759
776662,37.392838,-121.96821,1.301919071E9,776110,776759
776662,37.392933,-121.968155,1.301919071E9,776110,776759
776662,37.39304,-121.96813,1.301919071E9,776110,776759
776662,37.39314,-121.96812,1.301919071E9,776110,776759
776662,37.39323,-121.968094,1.301919071E9,776110,776759
776662,37.393326,-121.96808,1.301919071E9,776110,776759
776662,37.39342,-121.968056,1.301919071E9,776110,776759
776662,37.393517,-121.96802,1.301919071E9,776110,776759
776662,37.393616,-121.96799,1.301919071E9,776110,776759
776662,37.393707,-121.96795,1.301919071E9,776110,776759
776662,37.393806,-121.96791,1.301919071E9,776110,776759
776662,37.393898,-121.96788,1.301919071E9,776110,776759
776662,37.393986,-121.967865,1.301919071E9,776110,776759
776662,37.394077,-121.96786,1.301919071E9,776110,776759
776662,37.39417,-121.96785,1.301919071E9,776110,776759
776662,37.39426,-121.96784,1.301919071E9,776110,776759
776662,37.394352,-121.967834,1.301919071E9,776110,776759
776662,37.394444,-121.96784,1.301919071E9,776110,776759
776662,37.394547,-121.967834,1.301919071E9,776110,776759
776662,37.39466,-121.967834,1.301919071E9,776110,776759
776662,37.394775,-121.96784,1.301919071E9,776110,776759
776662,37.394882,-121.967865,1.301919071E9,776110,776759
776662,37.394997,-121.96789,1.301919071E9,776110,776759
776662,37.39508,-121.96792,1.301919071E9,776110,776759
776662,37.39517,-121.96796,1.301919071E9,776110,776759
776662,37.39527,-121.968,1.301919071E9,776110,776759
776662,37.395367,-121.96805,1.301919071E9,776110,776759
776662,37.39546,-121.96809,1.301919071E9,776110,776759
776662,37.39555,-121.96813,1.301919071E9,776110,776759
776662,37.395634,-121.96817,1.301919071E9,776110,776759
776662,37.39573,-121.968216,1.301919071E9,776110,776759
776662,37.39582,-121.96826,1.301919071E9,776110,776759
776662,37.395916,-121.9683,1.301919071E9,776110,776759
776662,37.39601,-121.96834,1.301919071E9,776110,776759
776662,37.3961,-121.96839,1.301919071E9,776110,776759
776662,37.39619,-121.96844,1.301919071E9,776110,776759
776662,37.396275,-121.96848,1.301919071E9,776110,776759
776662,37.396362,-121.96853,1.301919071E9,776110,776759
776662,37.39645,-121.96858,1.301919071E9,776110,776759
776662,37.39645,-121.96858,1.301919071E9,776110,776759
776662,37.396477,-121.968636,1.301919071E9,776110,776759
776662,37.396564,-121.968666,1.301919071E9,776110,776759
776662,37.396656,-121.968704,1.301919071E9,776110,776759
776662,37.396748,-121.968735,1.301919071E9,776110,776759
776662,37.396854,-121.96878,1.301919071E9,776110,776759
776662,37.39694,-121.96881,1.301919071E9,776110,776759
776662,37.39703,-121.96886,1.301919071E9,776110,776759
776662,37.397125,-121.968895,1.301919071E9,776110,776759
776662,37.39722,-121.968925,1.301919071E9,776110,776759
776662,37.39732,-121.96896,1.301919071E9,776110,776759
776662,37.397408,-121.969,1.301919071E9,776110,776759
776662,37.39751,-121.969055,1.301919071E9,776110,776759
776662,37.397617,-121.96909,1.301919071E9,776110,776759
776662,37.397713,-121.96914,1.301919071E9,776110,776759
776662,37.3978,-121.96918,1.301919071E9,776110,776759
776662,37.39789,-121.96922,1.301919071E9,776110,776759
776662,37.397976,-121.969284,1.301919071E9,776110,776759
776662,37.398064,-121.96934,1.301919071E9,776110,776759
776662,37.39815,-121.96939,1.301919071E9,776110,776759
776662,37.398243,-121.96943,1.301919071E9,776110,776759
776662,37.39833,-121.969475,1.301919071E9,776110,776759
776662,37.398415,-121.96952,1.301919071E9,776110,776759
776662,37.39851,-121.96957,1.301919071E9,776110,776759
776662,37.398605,-121.96961,1.301919071E9,776110,776759
776662,37.398693,-121.96966,1.301919071E9,776110,776759
776662,37.39878,-121.9697,1.301919071E9,776110,776759
776662,37.398865,-121.96974,1.301919071E9,776110,776759
776662,37.398952,-121.96978,1.301919071E9,776110,776759
776662,37.399044,-121.96982,1.301919071E9,776110,776759
776662,37.399136,-121.96985,1.301919071E9,776110,776759
776662,37.399223,-121.96988,1.301919071E9,776110,776759
776662,37.399326,-121.96991,1.301919071E9,776110,776759
776662,37.39942,-121.969955,1.301919071E9,776110,776759
776662,37.399513,-121.96999,1.301919071E9,776110,776759
776662,37.3996,-121.97003,1.301919071E9,776110,776759
776662,37.399696,-121.970055,1.301919071E9,776110,776759
776662,37.399784,-121.97009,1.301919071E9,776110,776759
776662,37.399887,-121.97013,1.301919071E9,776110,776759
776662,37.39999,-121.97018,1.301919071E9,776110,776759
776662,37.40009,-121.970215,1.301919071E9,776110,776759
776662,37.400185,-121.97025,1.301919071E9,776110,776759
776662,37.400295,-121.97031,1.301919071E9,776110,776759
776662,37.400414,-121.97034,1.301919071E9,776110,776759
776662,37.40052,-121.97036,1.301919071E9,776110,776759
776662,37.400616,-121.97039,1.301919071E9,776110,776759
776662,37.400715,-121.97041,1.301919071E9,776110,776759
776662,37.400806,-121.970436,1.301919071E9,776110,776759
776662,37.400913,-121.97047,1.301919071E9,776110,776759
776662,37.401012,-121.970505,1.301919071E9,776110,776759
776662,37.401115,-121.97056,1.301919071E9,776110,776759
776662,37.401203,-121.970604,1.301919071E9,776110,776759
776662,37.401295,-121.97067,1.301919071E9,776110,776759
776662,37.40139,-121.97073,1.301919071E9,776110,776759
776662,37.40148,-121.97079,1.301919071E9,776110,776759
776662,37.401573,-121.97085,1.301919071E9,776110,776759
776662,37.401665,-121.9709,1.301919071E9,776110,776759
776662,37.401752,-121.970955,1.301919071E9,776110,776759
776662,37.401836,-121.971016,1.301919071E9,776110,776759
776662,37.401913,-121.971085,1.301919071E9,776110,776759
776662,37.401997,-121.97114,1.301919071E9,776110,776759
776662,37.402077,-121.97119,1.301919071E9,776110,776759
776662,37.40217,-121.97127,1.301919071E9,776110,776759
776662,37.402245,-121.971344,1.301919071E9,776110,776759
776662,37.40233,-121.97141,1.301919071E9,776110,776759
776662,37.402405,-121.97149,1.301919071E9,776110,776759
776662,37.402473,-121.97156,1.301919071E9,776110,776759
776662,37.402554,-121.97163,1.301919071E9,776110,776759
776662,37.402645,-121.971695,1.301919071E9,776110,776759
776662,37.402733,-121.97175,1.301919071E9,776110,776759
776662,37.402817,-121.971825,1.301919071E9,776110,776759
776662,37.4029,-121.97189,1.301919071E9,776110,776759
776662,37.402985,-121.97197,1.301919071E9,776110,776759
776662,37.403065,-121.97203,1.301919071E9,776110,776759
776662,37.403156,-121.972115,1.301919071E9,776110,776759
776662,37.403244,-121.97219,1.301919071E9,776110,776759
776662,37.403328,-121.97226,1.301919071E9,776110,776759
776662,37.40341,-121.97232,1.301919071E9,776110,776759
776662,37.40349,-121.972374,1.301919071E9,776110,776759
776662,37.403587,-121.97244,1.301919071E9,776110,776759
776662,37.40366,-121.97251,1.301919071E9,776110,776759
776662,37.40373,-121.9726,1.301919071E9,776110,776759
776662,37.40378,-121.972694,1.301919071E9,776110,776759
776662,37.40387,-121.97277,1.301919071E9,776110,776759
776662,37.403984,-121.97281,1.301919071E9,776110,776759
776662,37.404083,-121.972855,1.301919071E9,776110,776759
776662,37.40418,-121.97291,1.301919071E9,776110,776759
776662,37.404266,-121.972984,1.301919071E9,776110,776759
776662,37.40435,-121.97307,1.301919071E9,776110,776759
776662,37.404438,-121.973145,1.301919071E9,776110,776759
776662,37.40452,-121.97322,1.301919071E9,776110,776759
776662,37.404602,-121.9733,1.301919071E9,776110,776759
776662,37.4047,-121.97335,1.301919071E9,776110,776759
776662,37.404785,-121.973404,1.301919071E9,776110,776759
776662,37.40488,-121.97347,1.301919071E9,776110,776759
776662,37.40496,-121.97353,1.301919071E9,776110,776759
776662,37.40505,-121.9736,1.301919071E9,776110,776759
776662,37.40513,-121.97366,1.301919071E9,776110,776759
776662,37.4052,-121.97374,1.301919071E9,776110,776759
776662,37.405296,-121.973816,1