E9,776110,776759
776662,41.776306,-70.03016,1.301919071E9,776110,776759
776662,41.776253,-70.03028,1.301919071E9,776110,776759
776662,41.776203,-70.03042,1.301919071E9,776110,776759
776662,41.776165,-70.030525,1.301919071E9,776110,776759
776662,41.77611,-70.03066,1.301919071E9,776110,776759
776662,41.776066,-70.03078,1.301919071E9,776110,776759
776662,41.776024,-70.03089,1.301919071E9,776110,776759
776662,41.775978,-70.03101,1.301919071E9,776110,776759
776662,41.77593,-70.03114,1.301919071E9,776110,776759
776662,41.775883,-70.031265,1.301919071E9,776110,776759
776662,41.775818,-70.03136,1.301919071E9,776110,776759
776662,41.77573,-70.03144,1.301919071E9,776110,776759
776662,41.77565,-70.0315,1.301919071E9,776110,776759
776662,41.77556,-70.03159,1.301919071E9,776110,776759
776662,41.775497,-70.031685,1.301919071E9,776110,776759
776662,41.77545,-70.031815,1.301919071E9,776110,776759
776662,41.775448,-70.03196,1.301919071E9,776110,776759
776662,41.77546,-70.03209,1.301919071E9,776110,776759
776662,41.775467,-70.03222,1.301919071E9,776110,776759
776662,41.775467,-70.032364,1.301919071E9,776110,776759
776662,41.77544,-70.03251,1.301919071E9,776110,776759
776662,41.775394,-70.03265,1.301919071E9,776110,776759
776662,41.77536,-70.03278,1.301919071E9,776110,776759
776662,41.77531,-70.03293,1.301919071E9,776110,776759
776662,41.77526,-70.03304,1.301919071E9,776110,776759
776662,41.775204,-70.03318,1.301919071E9,776110,776759
776662,41.775158,-70.0333,1.301919071E9,776110,776759
776662,41.775127,-70.03342,1.301919071E9,776110,776759
776662,41.775085,-70.03355,1.301919071E9,776110,776759
776662,41.775032,-70.03369,1.301919071E9,776110,776759
776662,41.774994,-70.03383,1.301919071E9,776110,776759
776662,41.774952,-70.03395,1.301919071E9,776110,776759
776662,41.77491,-70.034065,1.301919071E9,776110,776759
776662,41.774857,-70.03419,1.301919071E9,776110,776759
776662,41.77481,-70.034325,1.301919071E9,776110,776759
776662,41.774776,-70.03445,1.301919071E9,776110,776759
776662,41.774734,-70.03459,1.301919071E9,776110,776759
776662,41.774704,-70.03471,1.301919071E9,776110,776759
776662,41.77466,-70.034836,1.301919071E9,776110,776759
776662,41.77461,-70.034966,1.301919071E9,776110,776759
776662,41.77456,-70.03508,1.301919071E9,776110,776759
776662,41.774513,-70.03521,1.301919071E9,776110,776759
776662,41.77446,-70.03533,1.301919071E9,776110,776759
776662,41.774414,-70.03545,1.301919071E9,776110,776759
776662,41.774384,-70.035576,1.301919071E9,776110,776759
776662,41.77434,-70.035706,1.301919071E9,776110,776759
776662,41.774303,-70.035835,1.301919071E9,776110,776759
776662,41.77426,-70.03596,1.301919071E9,776110,776759
776662,41.77421,-70.03608,1.301919071E9,776110,776759
776662,41.774155,-70.0362,1.301919071E9,776110,776759
776662,41.77411,-70.036316,1.301919071E9,776110,776759
776662,41.774055,-70.036446,1.301919071E9,776110,776759
776662,41.77401,-70.03657,1.301919071E9,776110,776759
776662,41.773968,-70.03668,1.301919071E9,776110,776759
776662,41.773926,-70.03683,1.301919071E9,776110,776759
776662,41.773888,-70.03695,1.301919071E9,776110,776759
776662,41.773846,-70.03707,1.301919071E9,776110,776759
776662,41.77381,-70.03722,1.301919071E9,776110,776759
776662,41.77379,-70.03733,1.301919071E9,776110,776759
776662,41.77376,-70.03745,1.301919071E9,776110,776759
776662,41.77372,-70.03756,1.301919071E9,776110,776759
776662,41.773674,-70.03769,1.301919071E9,776110,776759
776662,41.77363,-70.0378,1.301919071E9,776110,776759
776662,41.773594,-70.03792,1.301919071E9,776110,776759
776662,41.773563,-70.03806,1.301919071E9,776110,776759
776662,41.77351,-70.03819,1.301919071E9,776110,776759
776662,41.77347,-70.0383,1.301919071E9,776110,776759
776662,41.77343,-70.03842,1.301919071E9,776110,776759
776662,41.773384,-70.03856,1.301919071E9,776110,776759
776662,41.773323,-70.03868,1.301919071E9,776110,776759
776662,41.773266,-70.038795,1.301919071E9,776110,776759
776662,41.77322,-70.038925,1.301919071E9,776110,776759
776662,41.773182,-70.03904,1.301919071E9,776110,776759
776662,41.773136,-70.039154,1.301919071E9,776110,776759
776662,41.77309,-70.03927,1.301919071E9,776110,776759
776662,41.77305,-70.0394,1.301919071E9,776110,776759
776662,41.773006,-70.03951,1.301919071E9,776110,776759
776662,41.77296,-70.03964,1.301919071E9,776110,776759
776662,41.77292,-70.03979,1.301919071E9,776110,776759
776662,41.772884,-70.03991,1.301919071E9,776110,776759
776662,41.77286,-70.04002,1.301919071E9,776110,776759
776662,41.772816,-70.04015,1.301919071E9,776110,776759
776662,41.772762,-70.04029,1.301919071E9,776110,776759
776662,41.772717,-70.04043,1.301919071E9,776110,776759
776662,41.772667,-70.04056,1.301919071E9,776110,776759
776662,41.77262,-70.04069,1.301919071E9,776110,776759
776662,41.772583,-70.040794,1.301919071E9,776110,776759
776662,41.772533,-70.04092,1.301919071E9,776110,776759
776662,41.772495,-70.04103,1.301919071E9,776110,776759
776662,41.772457,-70.041145,1.301919071E9,776110,776759
776662,41.772415,-70.04129,1.301919071E9,776110,776759
776662,41.772358,-70.04141,1.301919071E9,776110,776759
776662,41.77231,-70.04153,1.301919071E9,776110,776759
776662,41.772263,-70.04166,1.301919071E9,776110,776759
776662,41.772232,-70.04178,1.301919071E9,776110,776759
776662,41.772194,-70.04189,1.301919071E9,776110,776759
776662,41.772156,-70.042015,1.301919071E9,776110,776759
776662,41.77212,-70.04214,1.301919071E9,776110,776759
776662,41.772087,-70.04227,1.301919071E9,776110,776759
776662,41.772064,-70.0424,1.301919071E9,776110,776759
776662,41.772026,-70.04253,1.301919071E9,776110,776759
776662,41.77197,-70.04265,1.301919071E9,776110,776759
776662,41.77191,-70.04276,1.301919071E9,776110,776759
776662,41.77186,-70.04287,1.301919071E9,776110,776759
776662,41.77181,-70.042984,1.301919071E9,776110,776759
776662,41.771767,-70.04312,1.301919071E9,776110,776759
776662,41.771732,-70.043236,1.301919071E9,776110,776759
776662,41.771706,-70.04335,1.301919071E9,776110,776759
776662,41.771675,-70.04347,1.301919071E9,776110,776759
776662,41.771633,-70.043594,1.301919071E9,776110,776759
776662,41.77157,-70.04373,1.301919071E9,776110,776759
776662,41.771507,-70.04387,1.301919071E9,776110,776759
776662,41.77147,-70.04399,1.301919071E9,776110,776759
776662,41.771416,-70.04412,1.301919071E9,776110,776759
776662,41.771374,-70.04425,1.301919071E9,776110,776759
776662,41.771336,-70.044365,1.301919071E9,776110,776759
776662,41.771297,-70.04449,1.301919071E9,776110,776759
776662,41.77125,-70.04463,1.301919071E9,776110,776759
776662,41.771217,-70.04477,1.301919071E9,776110,776759
776662,41.771187,-70.04488,1.301919071E9,776110,776759
776662,41.771133,-70.04501,1.301919071E9,776110,776759
776662,41.771076,-70.04515,1.301919071E9,776110,776759
776662,41.771034,-70.045265,1.301919071E9,776110,776759
776662,41.77099,-70.045395,1.301919071E9,776110,776759
776662,41.77094,-70.045525,1.301919071E9,776110,776759
776662,41.770885,-70.04566,1.301919071E9,776110,776759
776662,41.77084,-70.04579,1.301919071E9,776110,776759
776662,41.7708,-70.04594,1.301919071E9,776110,776759
776662,41.770782,-70.04607,1.301919071E9,776110,776759
776662,41.770767,-70.04619,1.301919071E9,776110,776759
776662,41.770725,-70.04633,1.301919071E9,776110,776759
776662,41.770687,-70.046455,1.301919071E9,776110,776759
776662,41.77065,-70.04659,1.301919071E9,776110,776759
776662,41.770603,-70.04672,1.301919071E9,776110,776759
776662,41.770546,-70.04683,1.301919071E9,776110,776759
776662,41.770496,-70.04696,1.301919071E9,776110,776759
776662,41.77045,-70.04709,1.301919071E9,776110,776759
776662,41.770393,-70.04722,1.301919071E9,776110,776759
776662,41.770336,-70.04733,1.301919071E9,776110,776759
776662,41.770264,-70.04746,1.301919071E9,776110,776759
776662,41.770214,-70.047585,1.301919071E9,776110,776759
776662,41.770164,-70.0477,1.301919071E9,776110,776759
776662,41.770134,-70.04784,1.301919071E9,776110,776759
776662,41.7701,-70.04796,1.301919071E9,776110,776759
776662,41.769997,-70.048134,1.301919071E9,776110,776759
776662,41.769924,-70.04826,1.301919071E9,