84,1.301919071E9,776110,776759
776662,48.864037,2.234855,1.301919071E9,776110,776759
776662,48.86404,2.235022,1.301919071E9,776110,776759
776662,48.86404,2.235195,1.301919071E9,776110,776759
776662,48.864033,2.235361,1.301919071E9,776110,776759
776662,48.86402,2.235525,1.301919071E9,776110,776759
776662,48.864006,2.235686,1.301919071E9,776110,776759
776662,48.86397,2.235849,1.301919071E9,776110,776759
776662,48.863914,2.236008,1.301919071E9,776110,776759
776662,48.86385,2.236143,1.301919071E9,776110,776759
776662,48.86377,2.236278,1.301919071E9,776110,776759
776662,48.863697,2.23642,1.301919071E9,776110,776759
776662,48.86362,2.236547,1.301919071E9,776110,776759
776662,48.863537,2.23666,1.301919071E9,776110,776759
776662,48.863453,2.236768,1.301919071E9,776110,776759
776662,48.863373,2.236854,1.301919071E9,776110,776759
776662,48.86329,2.23694,1.301919071E9,776110,776759
776662,48.863216,2.23703,1.301919071E9,776110,776759
776662,48.863148,2.237129,1.301919071E9,776110,776759
776662,48.863068,2.23724,1.301919071E9,776110,776759
776662,48.86298,2.237354,1.301919071E9,776110,776759
776662,48.86288,2.23745,1.301919071E9,776110,776759
776662,48.862785,2.237543,1.301919071E9,776110,776759
776662,48.86269,2.237639,1.301919071E9,776110,776759
776662,48.862602,2.23775,1.301919071E9,776110,776759
776662,48.862534,2.237856,1.301919071E9,776110,776759
776662,48.862423,2.237901,1.301919071E9,776110,776759
776662,48.862316,2.237876,1.301919071E9,776110,776759
776662,48.862198,2.237877,1.301919071E9,776110,776759
776662,48.862106,2.237879,1.301919071E9,776110,776759
776662,48.86201,2.237882,1.301919071E9,776110,776759
776662,48.861904,2.237847,1.301919071E9,776110,776759
776662,48.8618,2.23778,1.301919071E9,776110,776759
776662,48.8617,2.237719,1.301919071E9,776110,776759
776662,48.861603,2.237644,1.301919071E9,776110,776759
776662,48.861504,2.23757,1.301919071E9,776110,776759
776662,48.8614,2.237509,1.301919071E9,776110,776759
776662,48.861298,2.237441,1.301919071E9,776110,776759
776662,48.8612,2.237381,1.301919071E9,776110,776759
776662,48.861095,2.237327,1.301919071E9,776110,776759
776662,48.860992,2.237275,1.301919071E9,776110,776759
776662,48.860897,2.23722,1.301919071E9,776110,776759
776662,48.8608,2.237166,1.301919071E9,776110,776759
776662,48.860695,2.237112,1.301919071E9,776110,776759
776662,48.860596,2.237059,1.301919071E9,776110,776759
776662,48.860497,2.237012,1.301919071E9,776110,776759
776662,48.86041,2.236973,1.301919071E9,776110,776759
776662,48.860294,2.236926,1.301919071E9,776110,776759
776662,48.86018,2.236914,1.301919071E9,776110,776759
776662,48.860065,2.236912,1.301919071E9,776110,776759
776662,48.85996,2.236886,1.301919071E9,776110,776759
776662,48.85985,2.236851,1.301919071E9,776110,776759
776662,48.85975,2.236831,1.301919071E9,776110,776759
776662,48.859634,2.236802,1.301919071E9,776110,776759
776662,48.85952,2.236785,1.301919071E9,776110,776759
776662,48.8594,2.236809,1.301919071E9,776110,776759
776662,48.859287,2.236844,1.301919071E9,776110,776759
776662,48.85918,2.236867,1.301919071E9,776110,776759
776662,48.859074,2.236868,1.301919071E9,776110,776759
776662,48.858967,2.236871,1.301919071E9,776110,776759
776662,48.858868,2.236884,1.301919071E9,776110,776759
776662,48.85877,2.236897,1.301919071E9,776110,776759
776662,48.85867,2.236915,1.301919071E9,776110,776759
776662,48.858562,2.236931,1.301919071E9,776110,776759
776662,48.858444,2.236954,1.301919071E9,776110,776759
776662,48.858334,2.236981,1.301919071E9,776110,776759
776662,48.85823,2.237019,1.301919071E9,776110,776759
776662,48.858128,2.237045,1.301919071E9,776110,776759
776662,48.85801,2.237067,1.301919071E9,776110,776759
776662,48.85789,2.237079,1.301919071E9,776110,776759
776662,48.85778,2.237096,1.301919071E9,776110,776759
776662,48.857677,2.237127,1.301919071E9,776110,776759
776662,48.85757,2.237163,1.301919071E9,776110,776759
776662,48.85746,2.237185,1.301919071E9,776110,776759
776662,48.85735,2.237202,1.301919071E9,776110,776759
776662,48.857246,2.237217,1.301919071E9,776110,776759
776662,48.857143,2.237243,1.301919071E9,776110,776759
776662,48.857048,2.237276,1.301919071E9,776110,776759
776662,48.85695,2.237286,1.301919071E9,776110,776759
776662,48.856846,2.237289,1.301919071E9,776110,776759
776662,48.856743,2.237304,1.301919071E9,776110,776759
776662,48.85665,2.237327,1.301919071E9,776110,776759
776662,48.85656,2.237361,1.301919071E9,776110,776759
776662,48.856457,2.237384,1.301919071E9,776110,776759
776662,48.85635,2.237401,1.301919071E9,776110,776759
776662,48.856243,2.237428,1.301919071E9,776110,776759
776662,48.85615,2.237453,1.301919071E9,776110,776759
776662,48.85604,2.237458,1.301919071E9,776110,776759
776662,48.855938,2.23746,1.301919071E9,776110,776759
776662,48.855827,2.237453,1.301919071E9,776110,776759
776662,48.855736,2.237437,1.301919071E9,776110,776759
776662,48.855648,2.237419,1.301919071E9,776110,776759
776662,48.855537,2.2374,1.301919071E9,776110,776759
776662,48.85544,2.237406,1.301919071E9,776110,776759
776662,48.85541,2.237411,1.301919071E9,776110,776759
776662,48.851437,2.235738,1.301919071E9,776110,776759
776662,48.851402,2.235321,1.301919071E9,776110,776759
776662,48.851402,2.234864,1.301919071E9,776110,776759
776662,48.851433,2.234454,1.301919071E9,776110,776759
776662,48.851482,2.234025,1.301919071E9,776110,776759
776662,48.851574,2.233617,1.301919071E9,776110,776759
776662,48.851677,2.2332,1.301919071E9,776110,776759
776662,48.85178,2.23278,1.301919071E9,776110,776759
776662,48.851887,2.23239,1.301919071E9,776110,776759
776662,48.851997,2.231981,1.301919071E9,776110,776759
776662,48.852127,2.231613,1.301919071E9,776110,776759
776662,48.852253,2.231243,1.301919071E9,776110,776759
776662,48.852413,2.230886,1.301919071E9,776110,776759
776662,48.85259,2.230563,1.301919071E9,776110,776759
776662,48.852802,2.230258,1.301919071E9,776110,776759
776662,48.853024,2.230013,1.301919071E9,776110,776759
776662,48.853237,2.229782,1.301919071E9,776110,776759
776662,48.853317,2.229715,1.301919071E9,776110,776759
776662,48.853397,2.22965,1.301919071E9,776110,776759
776662,48.853493,2.229554,1.301919071E9,776110,776759
776662,48.853596,2.229471,1.301919071E9,776110,776759
776662,48.853703,2.229382,1.301919071E9,776110,776759
776662,48.853786,2.22932,1.301919071E9,776110,776759
776662,48.853886,2.229241,1.301919071E9,776110,776759
776662,48.853973,2.229158,1.301919071E9,776110,776759
776662,48.854065,2.22909,1.301919071E9,776110,776759
776662,48.854168,2.229026,1.301919071E9,776110,776759
776662,48.854275,2.228971,1.301919071E9,776110,776759
776662,48.854374,2.228919,1.301919071E9,776110,776759
776662,48.854473,2.228873,1.301919071E9,776110,776759
776662,48.854572,2.228828,1.301919071E9,776110,776759
776662,48.854668,2.228784,1.301919071E9,776110,776759
776662,48.854755,2.228744,1.301919071E9,776110,776759
776662,48.854855,2.228711,1.301919071E9,776110,776759
776662,48.854946,2.228681,1.301919071E9,776110,776759
776662,48.855034,2.228653,1.301919071E9,776110,776759
776662,48.855152,2.228629,1.301919071E9,776110,776759
776662,48.855263,2.228603,1.301919071E9,776110,776759
776662,48.85537,2.228572,1.301919071E9,776110,776759
776662,48.855488,2.228535,1.301919071E9,776110,776759
776662,48.85558,2.228513,1.301919071E9,776110,776759
776662,48.85567,2.228489,1.301919071E9,776110,776759
776662,48.855785,2.22847,1.301919071E9,776110,776759
776662,48.85588,2.228446,1.301919071E9,776110,776759
776662,48.855984,2.228433,1.301919071E9,776110,776759
776662,48.856075,2.22842,1.301919071E9,776110,776759
776662,48.856186,2.228407,1.301919071E9,776110,776759
776662,48.856293,2.228397,1.301919071E9,776110,776759
776662,48.856403,2.22841,1.301919071E9,776110,776759
776662,48.856514,2.228426,1.301919071E9,776110,776759
776662,48.85662,2.228434,1.301919071E9,776110,776759
776662,48.85673,2.228448,1.301919071E9,776110,776759
776662,48.856834,2.228471,1.301919071E9,776110,776759
776662,48.856937,2.228479,1.301919071E9,776110,776759
776662,48.857033,2.22849,1.301919071E9,776110,776759
776