76662,47.418385,-122.30742,1.301919071E9,776110,776759
776662,47.41826,-122.30757,1.301919071E9,776110,776759
776662,47.41813,-122.30768,1.301919071E9,776110,776759
776662,47.417976,-122.30777,1.301919071E9,776110,776759
776662,47.41783,-122.30786,1.301919071E9,776110,776759
776662,47.41774,-122.30792,1.301919071E9,776110,776759
776662,47.417603,-122.30798,1.301919071E9,776110,776759
776662,47.417503,-122.30804,1.301919071E9,776110,776759
776662,47.417374,-122.3081,1.301919071E9,776110,776759
776662,47.417282,-122.30821,1.301919071E9,776110,776759
776662,47.417152,-122.3083,1.301919071E9,776110,776759
776662,47.417015,-122.30833,1.301919071E9,776110,776759
776662,47.416878,-122.30827,1.301919071E9,776110,776759
776662,47.416775,-122.30821,1.301919071E9,776110,776759
776662,47.416683,-122.30813,1.301919071E9,776110,776759
776662,47.41659,-122.30806,1.301919071E9,776110,776759
776662,47.41636,-122.30809,1.301919071E9,776110,776759
776662,47.41624,-122.308075,1.301919071E9,776110,776759
776662,47.416092,-122.307945,1.301919071E9,776110,776759
776662,47.415955,-122.30785,1.301919071E9,776110,776759
776662,47.415855,-122.30791,1.301919071E9,776110,776759
776662,47.415783,-122.308044,1.301919071E9,776110,776759
776662,47.415756,-122.308304,1.301919071E9,776110,776759
776662,47.415657,-122.308495,1.301919071E9,776110,776759
776662,47.41556,-122.308586,1.301919071E9,776110,776759
776662,47.415455,-122.30863,1.301919071E9,776110,776759
776662,47.415356,-122.30864,1.301919071E9,776110,776759
776662,47.41519,-122.30861,1.301919071E9,776110,776759
776662,47.41509,-122.3086,1.301919071E9,776110,776759
776662,47.41494,-122.30864,1.301919071E9,776110,776759
776662,47.41484,-122.308655,1.301919071E9,776110,776759
776662,47.414726,-122.30862,1.301919071E9,776110,776759
776662,47.414627,-122.30857,1.301919071E9,776110,776759
776662,47.414505,-122.30857,1.301919071E9,776110,776759
776662,47.414318,-122.308556,1.301919071E9,776110,776759
776662,47.41418,-122.308586,1.301919071E9,776110,776759
776662,47.41407,-122.308655,1.301919071E9,776110,776759
776662,47.413895,-122.30875,1.301919071E9,776110,776759
776662,47.41379,-122.308846,1.301919071E9,776110,776759
776662,47.413715,-122.30892,1.301919071E9,776110,776759
776662,47.413612,-122.309,1.301919071E9,776110,776759
776662,47.41351,-122.30918,1.301919071E9,776110,776759
776662,47.413483,-122.30936,1.301919071E9,776110,776759
776662,47.41349,-122.30955,1.301919071E9,776110,776759
776662,47.4135,-122.309875,1.301919071E9,776110,776759
776662,47.41346,-122.31006,1.301919071E9,776110,776759
776662,47.413387,-122.31017,1.301919071E9,776110,776759
776662,47.413345,-122.31031,1.301919071E9,776110,776759
776662,47.413227,-122.31054,1.301919071E9,776110,776759
776662,47.41315,-122.3107,1.301919071E9,776110,776759
776662,47.41314,-122.31095,1.301919071E9,776110,776759
776662,47.413033,-122.31109,1.301919071E9,776110,776759
776662,47.41296,-122.311195,1.301919071E9,776110,776759
776662,47.412914,-122.311386,1.301919071E9,776110,776759
776662,47.41277,-122.31137,1.301919071E9,776110,776759
776662,47.41266,-122.311325,1.301919071E9,776110,776759
776662,47.41255,-122.3114,1.301919071E9,776110,776759
776662,47.412514,-122.31154,1.301919071E9,776110,776759
776662,47.41244,-122.31177,1.301919071E9,776110,776759
776662,47.412327,-122.31171,1.301919071E9,776110,776759
776662,47.412323,-122.31155,1.301919071E9,776110,776759
776662,47.412296,-122.31135,1.301919071E9,776110,776759
776662,47.412285,-122.31119,1.301919071E9,776110,776759
776662,47.412243,-122.31102,1.301919071E9,776110,776759
776662,47.412216,-122.31089,1.301919071E9,776110,776759
776662,47.412163,-122.31075,1.301919071E9,776110,776759
776662,47.412086,-122.310616,1.301919071E9,776110,776759
776662,47.4119,-122.31049,1.301919071E9,776110,776759
776662,47.411804,-122.3105,1.301919071E9,776110,776759
776662,47.411602,-122.31049,1.301919071E9,776110,776759
776662,47.411484,-122.31049,1.301919071E9,776110,776759
776662,47.411354,-122.31047,1.301919071E9,776110,776759
776662,47.411137,-122.310455,1.301919071E9,776110,776759
776662,47.410984,-122.310455,1.301919071E9,776110,776759
776662,47.41087,-122.310455,1.301919071E9,776110,776759
776662,47.41074,-122.310486,1.301919071E9,776110,776759
776662,47.410587,-122.31052,1.301919071E9,776110,776759
776662,47.41042,-122.3105,1.301919071E9,776110,776759
776662,47.410305,-122.3105,1.301919071E9,776110,776759
776662,47.410156,-122.31048,1.301919071E9,776110,776759
776662,47.410023,-122.31048,1.301919071E9,776110,776759
776662,47.40988,-122.31047,1.301919071E9,776110,776759
776662,47.409714,-122.310486,1.301919071E9,776110,776759
776662,47.40956,-122.310486,1.301919071E9,776110,776759
776662,47.40944,-122.31048,1.301919071E9,776110,776759
776662,47.40928,-122.310486,1.301919071E9,776110,776759
776662,47.40916,-122.31049,1.301919071E9,776110,776759
776662,47.409042,-122.31049,1.301919071E9,776110,776759
776662,47.408897,-122.310486,1.301919071E9,776110,776759
776662,47.40873,-122.3105,1.301919071E9,776110,776759
776662,47.408585,-122.31052,1.301919071E9,776110,776759
776662,47.40843,-122.31051,1.301919071E9,776110,776759
776662,47.408356,-122.31032,1.301919071E9,776110,776759
776662,47.408348,-122.310104,1.301919071E9,776110,776759
776662,47.408337,-122.30991,1.301919071E9,776110,776759
776662,47.408325,-122.30975,1.301919071E9,776110,776759
776662,47.408325,-122.30955,1.301919071E9,776110,776759
776662,47.408344,-122.30934,1.301919071E9,776110,776759
776662,47.408337,-122.30914,1.301919071E9,776110,776759
776662,47.408344,-122.30891,1.301919071E9,776110,776759
776662,47.408356,-122.30875,1.301919071E9,776110,776759
776662,47.408367,-122.30858,1.301919071E9,776110,776759
776662,47.408363,-122.308395,1.301919071E9,776110,776759
776662,47.408367,-122.30817,1.301919071E9,776110,776759
776662,47.408356,-122.30793,1.301919071E9,776110,776759
776662,47.408367,-122.30776,1.301919071E9,776110,776759
776662,47.40836,-122.3075,1.301919071E9,776110,776759
776662,47.40836,-122.307304,1.301919071E9,776110,776759
776662,47.408344,-122.30711,1.301919071E9,776110,776759
776662,47.408337,-122.30696,1.301919071E9,776110,776759
776662,47.408337,-122.30682,1.301919071E9,776110,776759
776662,47.40834,-122.30653,1.301919071E9,776110,776759
776662,47.40834,-122.30634,1.301919071E9,776110,776759
776662,47.408348,-122.30609,1.301919071E9,776110,776759
776662,47.408344,-122.30587,1.301919071E9,776110,776759
776662,47.408344,-122.3057,1.301919071E9,776110,776759
776662,47.40834,-122.30549,1.301919071E9,776110,776759
776662,47.40833,-122.30531,1.301919071E9,776110,776759
776662,47.40832,-122.305145,1.301919071E9,776110,776759
776662,47.408318,-122.304985,1.301919071E9,776110,776759
776662,47.40832,-122.304825,1.301919071E9,776110,776759
776662,47.408333,-122.3046,1.301919071E9,776110,776759
776662,47.40833,-122.304306,1.301919071E9,776110,776759
776662,47.40832,-122.30411,1.301919071E9,776110,776759
776662,47.408314,-122.303925,1.301919071E9,776110,776759
776662,47.408306,-122.30374,1.301919071E9,776110,776759
776662,47.40831,-122.3036,1.301919071E9,776110,776759
776662,47.408302,-122.3034,1.301919071E9,776110,776759
776662,47.408306,-122.30317,1.301919071E9,776110,776759
776662,47.408306,-122.30293,1.301919071E9,776110,776759
776662,47.408333,-122.302765,1.301919071E9,776110,776759
776662,47.40847,-122.30264,1.301919071E9,776110,776759
776662,47.408592,-122.30261,1.301919071E9,776110,776759
776662,47.408688,-122.30261,1.301919071E9,776110,776759
776662,47.40889,-122.30261,1.301919071E9,776110,776759
776662,47.409073,-122.3026,1.301919071E9,776110,776759
776662,47.40919,-122.30259,1.301919071E9,776110,776759
776662,47.40932,-122.30258,1.301919071E9,776110,776759
776662,47.409492,-122.30256,1.301919071E9,776110,776759
776662,47.409702,-122.30254,1.301919071E9,776110,776759
776662,47.409866,-122.302536,1.301919071E9,776110,776759
776662,47.41003,-122.302536,1.301919071E9,776110,776759
776662,47.410168,-122.302536,1.301919071E9,776110,776759
776662,47.410313,-122.302536,