301919071E9,776110,776759
776662,42.058105,-91.67514,1.301919071E9,776110,776759
776662,42.057995,-91.67516,1.301919071E9,776110,776759
776662,42.057884,-91.675186,1.301919071E9,776110,776759
776662,42.057777,-91.67521,1.301919071E9,776110,776759
776662,42.057674,-91.67523,1.301919071E9,776110,776759
776662,42.057568,-91.67526,1.301919071E9,776110,776759
776662,42.05746,-91.675285,1.301919071E9,776110,776759
776662,42.057343,-91.675316,1.301919071E9,776110,776759
776662,42.05726,-91.67534,1.301919071E9,776110,776759
776662,42.057175,-91.675354,1.301919071E9,776110,776759
776662,42.05706,-91.67537,1.301919071E9,776110,776759
776662,42.056946,-91.67539,1.301919071E9,776110,776759
776662,42.056835,-91.67541,1.301919071E9,776110,776759
776662,42.05673,-91.67543,1.301919071E9,776110,776759
776662,42.056618,-91.675446,1.301919071E9,776110,776759
776662,42.056507,-91.67547,1.301919071E9,776110,776759
776662,42.056396,-91.67549,1.301919071E9,776110,776759
776662,42.05628,-91.67552,1.301919071E9,776110,776759
776662,42.056168,-91.675545,1.301919071E9,776110,776759
776662,42.05605,-91.675575,1.301919071E9,776110,776759
776662,42.05593,-91.675606,1.301919071E9,776110,776759
776662,42.05585,-91.67562,1.301919071E9,776110,776759
776662,42.055733,-91.675644,1.301919071E9,776110,776759
776662,42.055614,-91.67568,1.301919071E9,776110,776759
776662,42.0555,-91.675705,1.301919071E9,776110,776759
776662,42.055416,-91.67573,1.301919071E9,776110,776759
776662,42.055336,-91.67574,1.301919071E9,776110,776759
776662,42.055256,-91.675766,1.301919071E9,776110,776759
776662,42.055172,-91.67579,1.301919071E9,776110,776759
776662,42.055088,-91.675804,1.301919071E9,776110,776759
776662,42.055008,-91.67582,1.301919071E9,776110,776759
776662,42.054928,-91.67584,1.301919071E9,776110,776759
776662,42.05481,-91.67587,1.301919071E9,776110,776759
776662,42.05469,-91.6759,1.301919071E9,776110,776759
776662,42.054607,-91.67593,1.301919071E9,776110,776759
776662,42.054493,-91.67596,1.301919071E9,776110,776759
776662,42.054375,-91.67599,1.301919071E9,776110,776759
776662,42.05426,-91.67601,1.301919071E9,776110,776759
776662,42.054142,-91.67605,1.301919071E9,776110,776759
776662,42.054028,-91.67607,1.301919071E9,776110,776759
776662,42.053913,-91.67611,1.301919071E9,776110,776759
776662,42.05381,-91.676125,1.301919071E9,776110,776759
776662,42.053703,-91.67615,1.301919071E9,776110,776759
776662,42.053596,-91.67617,1.301919071E9,776110,776759
776662,42.05349,-91.67619,1.301919071E9,776110,776759
776662,42.053387,-91.67621,1.301919071E9,776110,776759
776662,42.05328,-91.67623,1.301919071E9,776110,776759
776662,42.053173,-91.676254,1.301919071E9,776110,776759
776662,42.053055,-91.676285,1.301919071E9,776110,776759
776662,42.05294,-91.67631,1.301919071E9,776110,776759
776662,42.05284,-91.67632,1.301919071E9,776110,776759
776662,42.052746,-91.67633,1.301919071E9,776110,776759
776662,42.05262,-91.67634,1.301919071E9,776110,776759
776662,42.05254,-91.67636,1.301919071E9,776110,776759
776662,42.05246,-91.67638,1.301919071E9,776110,776759
776662,42.05235,-91.6764,1.301919071E9,776110,776759
776662,42.052242,-91.67642,1.301919071E9,776110,776759
776662,42.052147,-91.67644,1.301919071E9,776110,776759
776662,42.052036,-91.67645,1.301919071E9,776110,776759
776662,42.051926,-91.67647,1.301919071E9,776110,776759
776662,42.051804,-91.6765,1.301919071E9,776110,776759
776662,42.051723,-91.67651,1.301919071E9,776110,776759
776662,42.051613,-91.676544,1.301919071E9,776110,776759
776662,42.05153,-91.67658,1.301919071E9,776110,776759
776662,42.051437,-91.67663,1.301919071E9,776110,776759
776662,42.05135,-91.67664,1.301919071E9,776110,776759
776662,42.05124,-91.67667,1.301919071E9,776110,776759
776662,42.051125,-91.67669,1.301919071E9,776110,776759
776662,42.05101,-91.67671,1.301919071E9,776110,776759
776662,42.050896,-91.67675,1.301919071E9,776110,776759
776662,42.05079,-91.67677,1.301919071E9,776110,776759
776662,42.050686,-91.67679,1.301919071E9,776110,776759
776662,42.050587,-91.67681,1.301919071E9,776110,776759
776662,42.05048,-91.676834,1.301919071E9,776110,776759
776662,42.050377,-91.67686,1.301919071E9,776110,776759
776662,42.050274,-91.67688,1.301919071E9,776110,776759
776662,42.05019,-91.67689,1.301919071E9,776110,776759
776662,42.0501,-91.676895,1.301919071E9,776110,776759
776662,42.05,-91.67692,1.301919071E9,776110,776759
776662,42.049915,-91.67694,1.301919071E9,776110,776759
776662,42.04983,-91.67696,1.301919071E9,776110,776759
776662,42.04971,-91.677,1.301919071E9,776110,776759
776662,42.049625,-91.67703,1.301919071E9,776110,776759
776662,42.049545,-91.677055,1.301919071E9,776110,776759
776662,42.049435,-91.67708,1.301919071E9,776110,776759
776662,42.049324,-91.6771,1.301919071E9,776110,776759
776662,42.049213,-91.677124,1.301919071E9,776110,776759
776662,42.0491,-91.67715,1.301919071E9,776110,776759
776662,42.048985,-91.67718,1.301919071E9,776110,776759
776662,42.048878,-91.6772,1.301919071E9,776110,776759
776662,42.04873,-91.677246,1.301919071E9,776110,776759
776662,42.048622,-91.67728,1.301919071E9,776110,776759
776662,42.04852,-91.6773,1.301919071E9,776110,776759
776662,42.048412,-91.67733,1.301919071E9,776110,776759
776662,42.048313,-91.67736,1.301919071E9,776110,776759
776662,42.04821,-91.67739,1.301919071E9,776110,776759
776662,42.04811,-91.677414,1.301919071E9,776110,776759
776662,42.04802,-91.67743,1.301919071E9,776110,776759
776662,42.047924,-91.67745,1.301919071E9,776110,776759
776662,42.04803,-91.67743,1.301919071E9,776110,776759
776662,42.04815,-91.677414,1.301919071E9,776110,776759
776662,42.048264,-91.6774,1.301919071E9,776110,776759
776662,42.048386,-91.67737,1.301919071E9,776110,776759
776662,42.04847,-91.677345,1.301919071E9,776110,776759
776662,42.048588,-91.67732,1.301919071E9,776110,776759
776662,42.048702,-91.6773,1.301919071E9,776110,776759
776662,42.04881,-91.677284,1.301919071E9,776110,776759
776662,42.048927,-91.67727,1.301919071E9,776110,776759
776662,42.049046,-91.67725,1.301919071E9,776110,776759
776662,42.04916,-91.67722,1.301919071E9,776110,776759
776662,42.04928,-91.67719,1.301919071E9,776110,776759
776662,42.049362,-91.67718,1.301919071E9,776110,776759
776662,42.049446,-91.67716,1.301919071E9,776110,776759
776662,42.04953,-91.67714,1.301919071E9,776110,776759
776662,42.049618,-91.67712,1.301919071E9,776110,776759
776662,42.04971,-91.6771,1.301919071E9,776110,776759
776662,42.049797,-91.67708,1.301919071E9,776110,776759
776662,42.04989,-91.67705,1.301919071E9,776110,776759
776662,42.049973,-91.67705,1.301919071E9,776110,776759
776662,42.050056,-91.67703,1.301919071E9,776110,776759
776662,42.050148,-91.67702,1.301919071E9,776110,776759
776662,42.050236,-91.67699,1.301919071E9,776110,776759
776662,42.05032,-91.67697,1.301919071E9,776110,776759
776662,42.0504,-91.67695,1.301919071E9,776110,776759
776662,42.05048,-91.676926,1.301919071E9,776110,776759
776662,42.05056,-91.676895,1.301919071E9,776110,776759
776662,42.05064,-91.67688,1.301919071E9,776110,776759
776662,42.050724,-91.676865,1.301919071E9,776110,776759
776662,42.05081,-91.67684,1.301919071E9,776110,776759
776662,42.050896,-91.67683,1.301919071E9,776110,776759
776662,42.050987,-91.6768,1.301919071E9,776110,776759
776662,42.05107,-91.6768,1.301919071E9,776110,776759
776662,42.05116,-91.67677,1.301919071E9,776110,776759
776662,42.051247,-91.67676,1.301919071E9,776110,776759
776662,42.051334,-91.676735,1.301919071E9,776110,776759
776662,42.051426,-91.67672,1.301919071E9,776110,776759
776662,42.051517,-91.67668,1.301919071E9,776110,776759
776662,42.051613,-91.67667,1.301919071E9,776110,776759
776662,42.051704,-91.67665,1.301919071E9,776110,776759
776662,42.0518,-91.676636,1.301919071E9,776110,776759
776662,42.051895,-91.6766,1.301919071E9,776110,776759
776662,42.05199,-91.676575,1.301919071E9,776110,776759
776662,42.052082,-91.676544,1.301919071E9,776110,776759
776662,42.052177,-91.67652,1.301919071E9,776110,776759
776662,42.052273,-91.67649,1.301919071E9,776110,776759
776662,42.052364,-91.67646,1.301919071E9,77611