76662,51.409588,5.495968,1.301919071E9,776110,776759
776662,51.409508,5.496,1.301919071E9,776110,776759
776662,51.40941,5.496037,1.301919071E9,776110,776759
776662,51.40931,5.4959307,1.301919071E9,776110,776759
776662,51.409245,5.495792,1.301919071E9,776110,776759
776662,51.409145,5.4957314,1.301919071E9,776110,776759
776662,51.409073,5.4956703,1.301919071E9,776110,776759
776662,51.409046,5.495523,1.301919071E9,776110,776759
776662,51.408997,5.4953923,1.301919071E9,776110,776759
776662,51.408913,5.495294,1.301919071E9,776110,776759
776662,51.40882,5.495282,1.301919071E9,776110,776759
776662,51.40874,5.4951987,1.301919071E9,776110,776759
776662,51.40871,5.4950657,1.301919071E9,776110,776759
776662,51.40867,5.4949446,1.301919071E9,776110,776759
776662,51.408665,5.494803,1.301919071E9,776110,776759
776662,51.408676,5.4947696,1.301919071E9,776110,776759
776662,51.40867,5.4947615,1.301919071E9,776110,776759
776662,51.408768,5.4945116,1.301919071E9,776110,776759
776662,51.408684,5.494567,1.301919071E9,776110,776759
776662,51.40865,5.4946856,1.301919071E9,776110,776759
776662,51.408585,5.494778,1.301919071E9,776110,776759
776662,51.408497,5.494805,1.301919071E9,776110,776759
776662,51.40843,5.494905,1.301919071E9,776110,776759
776662,51.408447,5.495039,1.301919071E9,776110,776759
776662,51.408535,5.495133,1.301919071E9,776110,776759
776662,51.408615,5.4951725,1.301919071E9,776110,776759
776662,51.408695,5.495269,1.301919071E9,776110,776759
776662,51.408752,5.4953737,1.301919071E9,776110,776759
776662,51.40874,5.4955606,1.301919071E9,776110,776759
776662,51.40876,5.495713,1.301919071E9,776110,776759
776662,51.408863,5.4958115,1.301919071E9,776110,776759
776662,51.408962,5.495849,1.301919071E9,776110,776759
776662,51.408993,5.4959803,1.301919071E9,776110,776759
776662,51.409035,5.4960933,1.301919071E9,776110,776759
776662,51.409092,5.4962173,1.301919071E9,776110,776759
776662,51.40915,5.496312,1.301919071E9,776110,776759
776662,51.409252,5.4963784,1.301919071E9,776110,776759
776662,51.409344,5.496393,1.301919071E9,776110,776759
776662,51.40946,5.4963994,1.301919071E9,776110,776759
776662,51.409546,5.496403,1.301919071E9,776110,776759
776662,51.409657,5.496356,1.301919071E9,776110,776759
776662,51.409756,5.4963174,1.301919071E9,776110,776759
776662,51.40987,5.4962564,1.301919071E9,776110,776759
776662,51.409977,5.496203,1.301919071E9,776110,776759
776662,51.41006,5.4962234,1.301919071E9,776110,776759
776662,51.410164,5.4961963,1.301919071E9,776110,776759
776662,51.410255,5.4961815,1.301919071E9,776110,776759
776662,51.41037,5.49611,1.301919071E9,776110,776759
776662,51.41051,5.496118,1.301919071E9,776110,776759
776662,51.41058,5.4960456,1.301919071E9,776110,776759
776662,51.41065,5.4958167,1.301919071E9,776110,776759
776662,51.4107,5.495594,1.301919071E9,776110,776759
776662,51.410717,5.4954343,1.301919071E9,776110,776759
776662,51.41075,5.4952717,1.301919071E9,776110,776759
776662,51.410774,5.495101,1.301919071E9,776110,776759
776662,51.4108,5.494893,1.301919071E9,776110,776759
776662,51.410793,5.494661,1.301919071E9,776110,776759
776662,51.41083,5.4944963,1.301919071E9,776110,776759
776662,51.410847,5.4943104,1.301919071E9,776110,776759
776662,51.410877,5.4940915,1.301919071E9,776110,776759
776662,51.410896,5.4938974,1.301919071E9,776110,776759
776662,51.41091,5.493718,1.301919071E9,776110,776759
776662,51.410896,5.4935255,1.301919071E9,776110,776759
776662,51.410904,5.493347,1.301919071E9,776110,776759
776662,51.41089,5.493198,1.301919071E9,776110,776759
776662,51.410885,5.4930396,1.301919071E9,776110,776759
776662,51.410904,5.4928775,1.301919071E9,776110,776759
776662,51.410923,5.4926653,1.301919071E9,776110,776759
776662,51.410904,5.492534,1.301919071E9,776110,776759
776662,51.41084,5.492367,1.301919071E9,776110,776759
776662,51.410843,5.4921765,1.301919071E9,776110,776759
776662,51.41086,5.491968,1.301919071E9,776110,776759
776662,51.410885,5.491791,1.301919071E9,776110,776759
776662,51.4109,5.49165,1.301919071E9,776110,776759
776662,51.41091,5.491517,1.301919071E9,776110,776759
776662,51.41091,5.4912963,1.301919071E9,776110,776759
776662,51.410946,5.4911203,1.301919071E9,776110,776759
776662,51.41101,5.49093,1.301919071E9,776110,776759
776662,51.411034,5.490734,1.301919071E9,776110,776759
776662,51.411003,5.4905767,1.301919071E9,776110,776759
776662,51.41102,5.490336,1.301919071E9,776110,776759
776662,51.41102,5.490127,1.301919071E9,776110,776759
776662,51.410988,5.4899883,1.301919071E9,776110,776759
776662,51.410927,5.489875,1.301919071E9,776110,776759
776662,51.41083,5.4898334,1.301919071E9,776110,776759
776662,51.410732,5.4898314,1.301919071E9,776110,776759
776662,51.41064,5.489848,1.301919071E9,776110,776759
776662,51.4106,5.4897156,1.301919071E9,776110,776759
776662,51.41056,5.4895124,1.301919071E9,776110,776759
776662,51.410473,5.489421,1.301919071E9,776110,776759
776662,51.410393,5.489315,1.301919071E9,776110,776759
776662,51.41031,5.4892206,1.301919071E9,776110,776759
776662,51.41021,5.4891133,1.301919071E9,776110,776759
776662,51.41013,5.4889407,1.301919071E9,776110,776759
776662,51.41004,5.4888606,1.301919071E9,776110,776759
776662,51.40995,5.488725,1.301919071E9,776110,776759
776662,51.409836,5.4885726,1.301919071E9,776110,776759
776662,51.40975,5.4884176,1.301919071E9,776110,776759
776662,51.409695,5.4882884,1.301919071E9,776110,776759
776662,51.409622,5.4881363,1.301919071E9,776110,776759
776662,51.409622,5.4879947,1.301919071E9,776110,776759
776662,51.409565,5.487844,1.301919071E9,776110,776759
776662,51.40956,5.487697,1.301919071E9,776110,776759
776662,51.409668,5.487702,1.301919071E9,776110,776759
776662,51.40976,5.4876823,1.301919071E9,776110,776759
776662,51.409847,5.4876623,1.301919071E9,776110,776759
776662,51.40996,5.4875836,1.301919071E9,776110,776759
776662,51.410034,5.4874973,1.301919071E9,776110,776759
776662,51.410088,5.487297,1.301919071E9,776110,776759
776662,51.410103,5.487058,1.301919071E9,776110,776759
776662,51.410084,5.4869037,1.301919071E9,776110,776759
776662,51.410072,5.486763,1.301919071E9,776110,776759
776662,51.410057,5.486627,1.301919071E9,776110,776759
776662,51.410027,5.486436,1.301919071E9,776110,776759
776662,51.41003,5.4862876,1.301919071E9,776110,776759
776662,51.409977,5.4861827,1.301919071E9,776110,776759
776662,51.410072,5.4861593,1.301919071E9,776110,776759
776662,51.410164,5.48613,1.301919071E9,776110,776759
776662,51.41026,5.4861064,1.301919071E9,776110,776759
776662,51.41036,5.4860234,1.301919071E9,776110,776759
776662,51.410435,5.4859166,1.301919071E9,776110,776759
776662,51.41051,5.48584,1.301919071E9,776110,776759
776662,51.41064,5.4857926,1.301919071E9,776110,776759
776662,51.410774,5.4857526,1.301919071E9,776110,776759
776662,51.41088,5.4856596,1.301919071E9,776110,776759
776662,51.411,5.485612,1.301919071E9,776110,776759
776662,51.411106,5.485551,1.301919071E9,776110,776759
776662,51.41122,5.4854565,1.301919071E9,776110,776759
776662,51.411324,5.4855046,1.301919071E9,776110,776759
776662,51.41142,5.4853816,1.301919071E9,776110,776759
776662,51.4115,5.485286,1.301919071E9,776110,776759
776662,51.41157,5.4851694,1.301919071E9,776110,776759
776662,51.41162,5.485036,1.301919071E9,776110,776759
776662,51.41167,5.48491,1.301919071E9,776110,776759
776662,51.41174,5.48484,1.301919071E9,776110,776759
776662,51.411816,5.484731,1.301919071E9,776110,776759
776662,51.4119,5.4846606,1.301919071E9,776110,776759
776662,51.411995,5.4844937,1.301919071E9,776110,776759
776662,51.412075,5.484294,1.301919071E9,776110,776759
776662,51.41216,5.484146,1.301919071E9,776110,776759
776662,51.41222,5.484041,1.301919071E9,776110,776759
776662,51.412285,5.4839096,1.301919071E9,776110,776759
776662,51.41234,5.4837656,1.301919071E9,776110,776759
776662,51.412415,5.483634,1.301919071E9,776110,776759
776662,51.41249,5.4835024,1.301919071E9,776110,776759
776662,51.41255,5.483383,1.301919071E9,776110,776759
776662,51.412613,5.483254,1.301919071E9,776110,776759
776662,51.412636,5.483068,1.301919071E9,776110,776759
776662,51.41268