6759
776662,46.74906,-71.32349,1.301919071E9,776110,776759
776662,46.74906,-71.32333,1.301919071E9,776110,776759
776662,46.749073,-71.32318,1.301919071E9,776110,776759
776662,46.749107,-71.32305,1.301919071E9,776110,776759
776662,46.74914,-71.3229,1.301919071E9,776110,776759
776662,46.749203,-71.322784,1.301919071E9,776110,776759
776662,46.74927,-71.32269,1.301919071E9,776110,776759
776662,46.749336,-71.32257,1.301919071E9,776110,776759
776662,46.749393,-71.32246,1.301919071E9,776110,776759
776662,46.74946,-71.322334,1.301919071E9,776110,776759
776662,46.749523,-71.322235,1.301919071E9,776110,776759
776662,46.74962,-71.32211,1.301919071E9,776110,776759
776662,46.749702,-71.322014,1.301919071E9,776110,776759
776662,46.7498,-71.32195,1.301919071E9,776110,776759
776662,46.74989,-71.32186,1.301919071E9,776110,776759
776662,46.74994,-71.32171,1.301919071E9,776110,776759
776662,46.749992,-71.32155,1.301919071E9,776110,776759
776662,46.75005,-71.32142,1.301919071E9,776110,776759
776662,46.7501,-71.321266,1.301919071E9,776110,776759
776662,46.750137,-71.32112,1.301919071E9,776110,776759
776662,46.750153,-71.32099,1.301919071E9,776110,776759
776662,46.75018,-71.32082,1.301919071E9,776110,776759
776662,46.750195,-71.32068,1.301919071E9,776110,776759
776662,46.750168,-71.32049,1.301919071E9,776110,776759
776662,46.75015,-71.320305,1.301919071E9,776110,776759
776662,46.75016,-71.32015,1.301919071E9,776110,776759
776662,46.75015,-71.320015,1.301919071E9,776110,776759
776662,46.750153,-71.319855,1.301919071E9,776110,776759
776662,46.750164,-71.3197,1.301919071E9,776110,776759
776662,46.750217,-71.31956,1.301919071E9,776110,776759
776662,46.750263,-71.319435,1.301919071E9,776110,776759
776662,46.750313,-71.31927,1.301919071E9,776110,776759
776662,46.750336,-71.31911,1.301919071E9,776110,776759
776662,46.750317,-71.31894,1.301919071E9,776110,776759
776662,46.750286,-71.3188,1.301919071E9,776110,776759
776662,46.750305,-71.31864,1.301919071E9,776110,776759
776662,46.750282,-71.318504,1.301919071E9,776110,776759
776662,46.75028,-71.31835,1.301919071E9,776110,776759
776662,46.7503,-71.31822,1.301919071E9,776110,776759
776662,46.750336,-71.31809,1.301919071E9,776110,776759
776662,46.75035,-71.31794,1.301919071E9,776110,776759
776662,46.7503,-71.31782,1.301919071E9,776110,776759
776662,46.750248,-71.31767,1.301919071E9,776110,776759
776662,46.75021,-71.31755,1.301919071E9,776110,776759
776662,46.750237,-71.31743,1.301919071E9,776110,776759
776662,46.750286,-71.317314,1.301919071E9,776110,776759
776662,46.75039,-71.31729,1.301919071E9,776110,776759
776662,46.750496,-71.317276,1.301919071E9,776110,776759
776662,46.750587,-71.3173,1.301919071E9,776110,776759
776662,46.750675,-71.31734,1.301919071E9,776110,776759
776662,46.750698,-71.317474,1.301919071E9,776110,776759
776662,46.750725,-71.3176,1.301919071E9,776110,776759
776662,46.750748,-71.31774,1.301919071E9,776110,776759
776662,46.750805,-71.31784,1.301919071E9,776110,776759
776662,46.75086,-71.31773,1.301919071E9,776110,776759
776662,46.750923,-71.317635,1.301919071E9,776110,776759
776662,46.751034,-71.317604,1.301919071E9,776110,776759
776662,46.751144,-71.31763,1.301919071E9,776110,776759
776662,46.751236,-71.31758,1.301919071E9,776110,776759
776662,46.75132,-71.31751,1.301919071E9,776110,776759
776662,46.75138,-71.3174,1.301919071E9,776110,776759
776662,46.751446,-71.317276,1.301919071E9,776110,776759
776662,46.75148,-71.317154,1.301919071E9,776110,776759
776662,46.7515,-71.31699,1.301919071E9,776110,776759
776662,46.751537,-71.31683,1.301919071E9,776110,776759
776662,46.75157,-71.31667,1.301919071E9,776110,776759
776662,46.75161,-71.31653,1.301919071E9,776110,776759
776662,46.751633,-71.316376,1.301919071E9,776110,776759
776662,46.751637,-71.31623,1.301919071E9,776110,776759
776662,46.751633,-71.31608,1.301919071E9,776110,776759
776662,46.751637,-71.31593,1.301919071E9,776110,776759
776662,46.751644,-71.31579,1.301919071E9,776110,776759
776662,46.751686,-71.31564,1.301919071E9,776110,776759
776662,46.751743,-71.31552,1.301919071E9,776110,776759
776662,46.75173,-71.31535,1.301919071E9,776110,776759
776662,46.751728,-71.31521,1.301919071E9,776110,776759
776662,46.751743,-71.31508,1.301919071E9,776110,776759
776662,46.75176,-71.31493,1.301919071E9,776110,776759
776662,46.75177,-71.31479,1.301919071E9,776110,776759
776662,46.751785,-71.31465,1.301919071E9,776110,776759
776662,46.751812,-71.314476,1.301919071E9,776110,776759
776662,46.75183,-71.31435,1.301919071E9,776110,776759
776662,46.751858,-71.31419,1.301919071E9,776110,776759
776662,46.75187,-71.31405,1.301919071E9,776110,776759
776662,46.75192,-71.3139,1.301919071E9,776110,776759
776662,46.75196,-71.31376,1.301919071E9,776110,776759
776662,46.751957,-71.31359,1.301919071E9,776110,776759
776662,46.75198,-71.31343,1.301919071E9,776110,776759
776662,46.751987,-71.31327,1.301919071E9,776110,776759
776662,46.752037,-71.31314,1.301919071E9,776110,776759
776662,46.752087,-71.31299,1.301919071E9,776110,776759
776662,46.75211,-71.31282,1.301919071E9,776110,776759
776662,46.75213,-71.31266,1.301919071E9,776110,776759
776662,46.752148,-71.312515,1.301919071E9,776110,776759
776662,46.75216,-71.31236,1.301919071E9,776110,776759
776662,46.752163,-71.312225,1.301919071E9,776110,776759
776662,46.7522,-71.312065,1.301919071E9,776110,776759
776662,46.752216,-71.31193,1.301919071E9,776110,776759
776662,46.752243,-71.31177,1.301919071E9,776110,776759
776662,46.75227,-71.311615,1.301919071E9,776110,776759
776662,46.752304,-71.311455,1.301919071E9,776110,776759
776662,46.752335,-71.31132,1.301919071E9,776110,776759
776662,46.75234,-71.31117,1.301919071E9,776110,776759
776662,46.75235,-71.31102,1.301919071E9,776110,776759
776662,46.752384,-71.31087,1.301919071E9,776110,776759
776662,46.752415,-71.310745,1.301919071E9,776110,776759
776662,46.752506,-71.3107,1.301919071E9,776110,776759
776662,46.752605,-71.31074,1.301919071E9,776110,776759
776662,46.75271,-71.310814,1.301919071E9,776110,776759
776662,46.7528,-71.3109,1.301919071E9,776110,776759
776662,46.752876,-71.311,1.301919071E9,776110,776759
776662,46.752956,-71.311066,1.301919071E9,776110,776759
776662,46.753056,-71.31119,1.301919071E9,776110,776759
776662,46.753113,-71.3113,1.301919071E9,776110,776759
776662,46.75316,-71.311424,1.301919071E9,776110,776759
776662,46.753235,-71.31155,1.301919071E9,776110,776759
776662,46.753307,-71.31164,1.301919071E9,776110,776759
776662,46.753372,-71.31174,1.301919071E9,776110,776759
776662,46.753414,-71.31187,1.301919071E9,776110,776759
776662,46.753506,-71.31195,1.301919071E9,776110,776759
776662,46.753628,-71.31202,1.301919071E9,776110,776759
776662,46.75373,-71.312096,1.301919071E9,776110,776759
776662,46.753838,-71.31217,1.301919071E9,776110,776759
776662,46.75393,-71.31227,1.301919071E9,776110,776759
776662,46.754,-71.312355,1.301919071E9,776110,776759
776662,46.754032,-71.3125,1.301919071E9,776110,776759
776662,46.754112,-71.31242,1.301919071E9,776110,776759
776662,46.754112,-71.312294,1.301919071E9,776110,776759
776662,46.754154,-71.31217,1.301919071E9,776110,776759
776662,46.754246,-71.31217,1.301919071E9,776110,776759
776662,46.75435,-71.31223,1.301919071E9,776110,776759
776662,46.754444,-71.31234,1.301919071E9,776110,776759
776662,46.75451,-71.31245,1.301919071E9,776110,776759
776662,46.754578,-71.31259,1.301919071E9,776110,776759
776662,46.754646,-71.31272,1.301919071E9,776110,776759
776662,46.754715,-71.31286,1.301919071E9,776110,776759
776662,46.754807,-71.31295,1.301919071E9,776110,776759
776662,46.754913,-71.31295,1.301919071E9,776110,776759
776662,46.755013,-71.3129,1.301919071E9,776110,776759
776662,46.75511,-71.31293,1.301919071E9,776110,776759
776662,46.755177,-71.31303,1.301919071E9,776110,776759
776662,46.75523,-71.31315,1.301919071E9,776110,776759
776662,46.755287,-71.313286,1.301919071E9,776110,776759
776662,46.755333,-71.31342,1.301919071E9,776110,776759
776662,46.755363,-71.31356,1.301919071E9,776110,776759
776662,46.75547,-71.313644,1.301919071E9,776110,776759
776662,46