919071E9,776110,776759
776662,42.3515,-71.083595,1.301919071E9,776110,776759
776662,42.35145,-71.08374,1.301919071E9,776110,776759
776662,42.351414,-71.08388,1.301919071E9,776110,776759
776662,42.351383,-71.08404,1.301919071E9,776110,776759
776662,42.35135,-71.08418,1.301919071E9,776110,776759
776662,42.351315,-71.084305,1.301919071E9,776110,776759
776662,42.35126,-71.08444,1.301919071E9,776110,776759
776662,42.351223,-71.08457,1.301919071E9,776110,776759
776662,42.351196,-71.08471,1.301919071E9,776110,776759
776662,42.35117,-71.084854,1.301919071E9,776110,776759
776662,42.35114,-71.08501,1.301919071E9,776110,776759
776662,42.351105,-71.08515,1.301919071E9,776110,776759
776662,42.351067,-71.08528,1.301919071E9,776110,776759
776662,42.351032,-71.0854,1.301919071E9,776110,776759
776662,42.35101,-71.08554,1.301919071E9,776110,776759
776662,42.35098,-71.08568,1.301919071E9,776110,776759
776662,42.350964,-71.0858,1.301919071E9,776110,776759
776662,42.350925,-71.085945,1.301919071E9,776110,776759
776662,42.350903,-71.08608,1.301919071E9,776110,776759
776662,42.35087,-71.086235,1.301919071E9,776110,776759
776662,42.350838,-71.08637,1.301919071E9,776110,776759
776662,42.3508,-71.08652,1.301919071E9,776110,776759
776662,42.350758,-71.086655,1.301919071E9,776110,776759
776662,42.35072,-71.086784,1.301919071E9,776110,776759
776662,42.350666,-71.08692,1.301919071E9,776110,776759
776662,42.350613,-71.08704,1.301919071E9,776110,776759
776662,42.350563,-71.08715,1.301919071E9,776110,776759
776662,42.35051,-71.087265,1.301919071E9,776110,776759
776662,42.350475,-71.08741,1.301919071E9,776110,776759
776662,42.350433,-71.08755,1.301919071E9,776110,776759
776662,42.350395,-71.08767,1.301919071E9,776110,776759
776662,42.350346,-71.0878,1.301919071E9,776110,776759
776662,42.3503,-71.08794,1.301919071E9,776110,776759
776662,42.350258,-71.08806,1.301919071E9,776110,776759
776662,42.350224,-71.0882,1.301919071E9,776110,776759
776662,42.350216,-71.08835,1.301919071E9,776110,776759
776662,42.350212,-71.088486,1.301919071E9,776110,776759
776662,42.350212,-71.08861,1.301919071E9,776110,776759
776662,42.35019,-71.08872,1.301919071E9,776110,776759
776662,42.350132,-71.08882,1.301919071E9,776110,776759
776662,42.350033,-71.08884,1.301919071E9,776110,776759
776662,42.34994,-71.08881,1.301919071E9,776110,776759
776662,42.349823,-71.08878,1.301919071E9,776110,776759
776662,42.349716,-71.08879,1.301919071E9,776110,776759
776662,42.349606,-71.088806,1.301919071E9,776110,776759
776662,42.349503,-71.0888,1.301919071E9,776110,776759
776662,42.349415,-71.08875,1.301919071E9,776110,776759
776662,42.349373,-71.08864,1.301919071E9,776110,776759
776662,42.349377,-71.088486,1.301919071E9,776110,776759
776662,42.349403,-71.08834,1.301919071E9,776110,776759
776662,42.349434,-71.08822,1.301919071E9,776110,776759
776662,42.349483,-71.08807,1.301919071E9,776110,776759
776662,42.34953,-71.08794,1.301919071E9,776110,776759
776662,42.34957,-71.0878,1.301919071E9,776110,776759
776662,42.349606,-71.08767,1.301919071E9,776110,776759
776662,42.34965,-71.087524,1.301919071E9,776110,776759
776662,42.349693,-71.08739,1.301919071E9,776110,776759
776662,42.34974,-71.08725,1.301919071E9,776110,776759
776662,42.34978,-71.08711,1.301919071E9,776110,776759
776662,42.34981,-71.08697,1.301919071E9,776110,776759
776662,42.34985,-71.08683,1.301919071E9,776110,776759
776662,42.349857,-71.08669,1.301919071E9,776110,776759
776662,42.349865,-71.086555,1.301919071E9,776110,776759
776662,42.349888,-71.08642,1.301919071E9,776110,776759
776662,42.349854,-71.0863,1.301919071E9,776110,776759
776662,42.349785,-71.08621,1.301919071E9,776110,776759
776662,42.34969,-71.086136,1.301919071E9,776110,776759
776662,42.349583,-71.08608,1.301919071E9,776110,776759
776662,42.349495,-71.08602,1.301919071E9,776110,776759
776662,42.349396,-71.08597,1.301919071E9,776110,776759
776662,42.349297,-71.08594,1.301919071E9,776110,776759
776662,42.349216,-71.08586,1.301919071E9,776110,776759
776662,42.349125,-71.08578,1.301919071E9,776110,776759
776662,42.349037,-71.08571,1.301919071E9,776110,776759
776662,42.34895,-71.08565,1.301919071E9,776110,776759
776662,42.348854,-71.08562,1.301919071E9,776110,776759
776662,42.348747,-71.08559,1.301919071E9,776110,776759
776662,42.348644,-71.08555,1.301919071E9,776110,776759
776662,42.348545,-71.08554,1.301919071E9,776110,776759
776662,42.348454,-71.08555,1.301919071E9,776110,776759
776662,42.348354,-71.08549,1.301919071E9,776110,776759
776662,42.348248,-71.08542,1.301919071E9,776110,776759
776662,42.34813,-71.08535,1.301919071E9,776110,776759
776662,42.348076,-71.08525,1.301919071E9,776110,776759
776662,42.34809,-71.0851,1.301919071E9,776110,776759
776662,42.348103,-71.08495,1.301919071E9,776110,776759
776662,42.348095,-71.08483,1.301919071E9,776110,776759
776662,42.348095,-71.08469,1.301919071E9,776110,776759
776662,42.348137,-71.08457,1.301919071E9,776110,776759
776662,42.34816,-71.08442,1.301919071E9,776110,776759
776662,42.348194,-71.084274,1.301919071E9,776110,776759
776662,42.348236,-71.08416,1.301919071E9,776110,776759
776662,42.348206,-71.084015,1.301919071E9,776110,776759
776662,42.348164,-71.08391,1.301919071E9,776110,776759
776662,42.348152,-71.08378,1.301919071E9,776110,776759
776662,42.34819,-71.083664,1.301919071E9,776110,776759
776662,42.348263,-71.08357,1.301919071E9,776110,776759
776662,42.348347,-71.08347,1.301919071E9,776110,776759
776662,42.348446,-71.08336,1.301919071E9,776110,776759
776662,42.348507,-71.08326,1.301919071E9,776110,776759
776662,42.34854,-71.08314,1.301919071E9,776110,776759
776662,42.34854,-71.08314,1.301919071E9,776110,776759
776662,42.34683,-71.080025,1.301919071E9,776110,776759
776662,42.346855,-71.07992,1.301919071E9,776110,776759
776662,42.34687,-71.08005,1.301919071E9,776110,776759
776662,42.346836,-71.08026,1.301919071E9,776110,776759
776662,42.346794,-71.080414,1.301919071E9,776110,776759
776662,42.34674,-71.08058,1.301919071E9,776110,776759
776662,42.3467,-71.08073,1.301919071E9,776110,776759
776662,42.346622,-71.08086,1.301919071E9,776110,776759
776662,42.346542,-71.080925,1.301919071E9,776110,776759
776662,42.34645,-71.08097,1.301919071E9,776110,776759
776662,42.34635,-71.08105,1.301919071E9,776110,776759
776662,42.346268,-71.081154,1.301919071E9,776110,776759
776662,42.346172,-71.08124,1.301919071E9,776110,776759
776662,42.346073,-71.081276,1.301919071E9,776110,776759
776662,42.34597,-71.0813,1.301919071E9,776110,776759
776662,42.34586,-71.08134,1.301919071E9,776110,776759
776662,42.345737,-71.0814,1.301919071E9,776110,776759
776662,42.34562,-71.08146,1.301919071E9,776110,776759
776662,42.34553,-71.08152,1.301919071E9,776110,776759
776662,42.34545,-71.0816,1.301919071E9,776110,776759
776662,42.34538,-71.08167,1.301919071E9,776110,776759
776662,42.345287,-71.08177,1.301919071E9,776110,776759
776662,42.345222,-71.08187,1.301919071E9,776110,776759
776662,42.345135,-71.08197,1.301919071E9,776110,776759
776662,42.345055,-71.08208,1.301919071E9,776110,776759
776662,42.345028,-71.08221,1.301919071E9,776110,776759
776662,42.345016,-71.08233,1.301919071E9,776110,776759
776662,42.344955,-71.082436,1.301919071E9,776110,776759
776662,42.34491,-71.08257,1.301919071E9,776110,776759
776662,42.34484,-71.08268,1.301919071E9,776110,776759
776662,42.34477,-71.082794,1.301919071E9,776110,776759
776662,42.34469,-71.08292,1.301919071E9,776110,776759
776662,42.3446,-71.08302,1.301919071E9,776110,776759
776662,42.34452,-71.08311,1.301919071E9,776110,776759
776662,42.344437,-71.0832,1.301919071E9,776110,776759
776662,42.34436,-71.0833,1.301919071E9,776110,776759
776662,42.344284,-71.083405,1.301919071E9,776110,776759
776662,42.344215,-71.08349,1.301919071E9,776110,776759
776662,42.34414,-71.08358,1.301919071E9,776110,776759
776662,42.344086,-71.08368,1.301919071E9,776110,776759
776662,42.34402,-71.083786,1.301919071E9,776110,776759
776662,42.343945,-71.083885,1.301919071E9,776110,776759
776662,42.34387,-71.08398,1.301919071E9,776110,776759
776662,42.343796,-71.08408,1.301919071E9,7761