110,776759
776662,48.86318,2.335912,1.301919071E9,776110,776759
776662,48.8631,2.33602,1.301919071E9,776110,776759
776662,48.863033,2.336133,1.301919071E9,776110,776759
776662,48.863007,2.336287,1.301919071E9,776110,776759
776662,48.86298,2.336436,1.301919071E9,776110,776759
776662,48.86293,2.336573,1.301919071E9,776110,776759
776662,48.86288,2.336698,1.301919071E9,776110,776759
776662,48.862846,2.336855,1.301919071E9,776110,776759
776662,48.862816,2.337007,1.301919071E9,776110,776759
776662,48.862793,2.337151,1.301919071E9,776110,776759
776662,48.862736,2.337266,1.301919071E9,776110,776759
776662,48.86271,2.337322,1.301919071E9,776110,776759
776662,48.862785,2.337348,1.301919071E9,776110,776759
776662,48.862804,2.337362,1.301919071E9,776110,776759
776662,48.8629,2.337402,1.301919071E9,776110,776759
776662,48.862976,2.337484,1.301919071E9,776110,776759
776662,48.863026,2.337617,1.301919071E9,776110,776759
776662,48.863075,2.337757,1.301919071E9,776110,776759
776662,48.863117,2.337889,1.301919071E9,776110,776759
776662,48.863106,2.338062,1.301919071E9,776110,776759
776662,48.86311,2.338224,1.301919071E9,776110,776759
776662,48.86313,2.338386,1.301919071E9,776110,776759
776662,48.863167,2.338535,1.301919071E9,776110,776759
776662,48.863148,2.338681,1.301919071E9,776110,776759
776662,48.863113,2.338828,1.301919071E9,776110,776759
776662,48.863087,2.338981,1.301919071E9,776110,776759
776662,48.863056,2.339127,1.301919071E9,776110,776759
776662,48.863037,2.339266,1.301919071E9,776110,776759
776662,48.863037,2.339441,1.301919071E9,776110,776759
776662,48.863083,2.339585,1.301919071E9,776110,776759
776662,48.86314,2.339727,1.301919071E9,776110,776759
776662,48.86317,2.339868,1.301919071E9,776110,776759
776662,48.863213,2.340004,1.301919071E9,776110,776759
776662,48.863255,2.340127,1.301919071E9,776110,776759
776662,48.863285,2.340266,1.301919071E9,776110,776759
776662,48.86327,2.340409,1.301919071E9,776110,776759
776662,48.863247,2.340553,1.301919071E9,776110,776759
776662,48.863224,2.340717,1.301919071E9,776110,776759
776662,48.863216,2.340859,1.301919071E9,776110,776759
776662,48.863205,2.341019,1.301919071E9,776110,776759
776662,48.863186,2.341163,1.301919071E9,776110,776759
776662,48.86316,2.341349,1.301919071E9,776110,776759
776662,48.86312,2.341495,1.301919071E9,776110,776759
776662,48.86308,2.341619,1.301919071E9,776110,776759
776662,48.86306,2.341671,1.301919071E9,776110,776759
776662,48.863,2.341773,1.301919071E9,776110,776759
776662,48.862957,2.341825,1.301919071E9,776110,776759
776662,48.86292,2.341986,1.301919071E9,776110,776759
776662,48.862873,2.342142,1.301919071E9,776110,776759
776662,48.862812,2.342278,1.301919071E9,776110,776759
776662,48.8627,2.342316,1.301919071E9,776110,776759
776662,48.862602,2.342432,1.301919071E9,776110,776759
776662,48.862514,2.342554,1.301919071E9,776110,776759
776662,48.86242,2.34264,1.301919071E9,776110,776759
776662,48.862396,2.342797,1.301919071E9,776110,776759
776662,48.862354,2.342943,1.301919071E9,776110,776759
776662,48.86228,2.34305,1.301919071E9,776110,776759
776662,48.862206,2.343126,1.301919071E9,776110,776759
776662,48.8621,2.343187,1.301919071E9,776110,776759
776662,48.86203,2.343278,1.301919071E9,776110,776759
776662,48.862026,2.343445,1.301919071E9,776110,776759
776662,48.862,2.343595,1.301919071E9,776110,776759
776662,48.861977,2.343743,1.301919071E9,776110,776759
776662,48.861958,2.34389,1.301919071E9,776110,776759
776662,48.86188,2.344003,1.301919071E9,776110,776759
776662,48.861847,2.344145,1.301919071E9,776110,776759
776662,48.861893,2.344273,1.301919071E9,776110,776759
776662,48.86198,2.344359,1.301919071E9,776110,776759
776662,48.862064,2.344407,1.301919071E9,776110,776759
776662,48.86216,2.344467,1.301919071E9,776110,776759
776662,48.862244,2.344544,1.301919071E9,776110,776759
776662,48.862354,2.344571,1.301919071E9,776110,776759
776662,48.862473,2.344635,1.301919071E9,776110,776759
776662,48.862556,2.344696,1.301919071E9,776110,776759
776662,48.862602,2.344815,1.301919071E9,776110,776759
776662,48.862637,2.344946,1.301919071E9,776110,776759
776662,48.862648,2.345083,1.301919071E9,776110,776759
776662,48.862682,2.345223,1.301919071E9,776110,776759
776662,48.862724,2.34535,1.301919071E9,776110,776759
776662,48.86279,2.345472,1.301919071E9,776110,776759
776662,48.862892,2.345543,1.301919071E9,776110,776759
776662,48.862926,2.345417,1.301919071E9,776110,776759
776662,48.863018,2.345379,1.301919071E9,776110,776759
776662,48.86308,2.345498,1.301919071E9,776110,776759
776662,48.863094,2.345589,1.301919071E9,776110,776759
776662,48.86303,2.345665,1.301919071E9,776110,776759
776662,48.86303,2.345727,1.301919071E9,776110,776759
776662,48.863094,2.345671,1.301919071E9,776110,776759
776662,48.863125,2.345679,1.301919071E9,776110,776759
776662,48.86307,2.345756,1.301919071E9,776110,776759
776662,48.86306,2.345773,1.301919071E9,776110,776759
776662,48.86301,2.3459,1.301919071E9,776110,776759
776662,48.862938,2.346044,1.301919071E9,776110,776759
776662,48.862907,2.346192,1.301919071E9,776110,776759
776662,48.862904,2.346362,1.301919071E9,776110,776759
776662,48.862858,2.346496,1.301919071E9,776110,776759
776662,48.862823,2.346656,1.301919071E9,776110,776759
776662,48.862797,2.346814,1.301919071E9,776110,776759
776662,48.86278,2.346956,1.301919071E9,776110,776759
776662,48.862747,2.347093,1.301919071E9,776110,776759
776662,48.862675,2.347222,1.301919071E9,776110,776759
776662,48.862617,2.347335,1.301919071E9,776110,776759
776662,48.86256,2.347459,1.301919071E9,776110,776759
776662,48.862534,2.347611,1.301919071E9,776110,776759
776662,48.862526,2.34775,1.301919071E9,776110,776759
776662,48.862476,2.347882,1.301919071E9,776110,776759
776662,48.862396,2.348001,1.301919071E9,776110,776759
776662,48.86234,2.348111,1.301919071E9,776110,776759
776662,48.862267,2.348218,1.301919071E9,776110,776759
776662,48.862164,2.348228,1.301919071E9,776110,776759
776662,48.862072,2.348203,1.301919071E9,776110,776759
776662,48.862003,2.348115,1.301919071E9,776110,776759
776662,48.861897,2.348092,1.301919071E9,776110,776759
776662,48.861813,2.348035,1.301919071E9,776110,776759
776662,48.861717,2.348003,1.301919071E9,776110,776759
776662,48.861626,2.347959,1.301919071E9,776110,776759
776662,48.86154,2.347871,1.301919071E9,776110,776759
776662,48.861443,2.347805,1.301919071E9,776110,776759
776662,48.86135,2.347743,1.301919071E9,776110,776759
776662,48.86125,2.347704,1.301919071E9,776110,776759
776662,48.861156,2.347664,1.301919071E9,776110,776759
776662,48.861065,2.34764,1.301919071E9,776110,776759
776662,48.86097,2.347672,1.301919071E9,776110,776759
776662,48.86087,2.347667,1.301919071E9,776110,776759
776662,48.860775,2.347604,1.301919071E9,776110,776759
776662,48.860703,2.347494,1.301919071E9,776110,776759
776662,48.860603,2.347461,1.301919071E9,776110,776759
776662,48.86053,2.347344,1.301919071E9,776110,776759
776662,48.860504,2.347196,1.301919071E9,776110,776759
776662,48.86047,2.347045,1.301919071E9,776110,776759
776662,48.860474,2.346856,1.301919071E9,776110,776759
776662,48.86047,2.346715,1.301919071E9,776110,776759
776662,48.86044,2.346577,1.301919071E9,776110,776759
776662,48.860397,2.346439,1.301919071E9,776110,776759
776662,48.860367,2.34631,1.301919071E9,776110,776759
776662,48.860428,2.346193,1.301919071E9,776110,776759
776662,48.86052,2.34613,1.301919071E9,776110,776759
776662,48.860558,2.346265,1.301919071E9,776110,776759
776662,48.860653,2.346243,1.301919071E9,776110,776759
776662,48.86071,2.346136,1.301919071E9,776110,776759
776662,48.860744,2.345965,1.301919071E9,776110,776759
776662,48.86079,2.345842,1.301919071E9,776110,776759
776662,48.86083,2.345692,1.301919071E9,776110,776759
776662,48.86087,2.345553,1.301919071E9,776110,776759
776662,48.86091,2.345421,1.301919071E9,776110,776759
776662,48.86097,2.345299,1.301919071E9,776110,776759
776662,48.861015,2.345161,1.301919071E9,776110,776759
776662,48.861053,2.345004,1.301919071E9,776110,776759
776662,48.861073,2.344869,1.301919071E9,776110,776759
776662,48.86111