76662,41.229595,1.3664476,1.301919071E9,776110,776759
776662,41.22964,1.3663267,1.301919071E9,776110,776759
776662,41.229683,1.3662136,1.301919071E9,776110,776759
776662,41.22972,1.3661131,1.301919071E9,776110,776759
776662,41.229748,1.36601,1.301919071E9,776110,776759
776662,41.229774,1.3658944,1.301919071E9,776110,776759
776662,41.2298,1.3657876,1.301919071E9,776110,776759
776662,41.229847,1.3656749,1.301919071E9,776110,776759
776662,41.229893,1.3655839,1.301919071E9,776110,776759
776662,41.229935,1.3654797,1.301919071E9,776110,776759
776662,41.22997,1.365364,1.301919071E9,776110,776759
776662,41.23,1.3652631,1.301919071E9,776110,776759
776662,41.230007,1.3651369,1.301919071E9,776110,776759
776662,41.230022,1.3650167,1.301919071E9,776110,776759
776662,41.23004,1.3649082,1.301919071E9,776110,776759
776662,41.230064,1.364805,1.301919071E9,776110,776759
776662,41.230106,1.3646933,1.301919071E9,776110,776759
776662,41.23016,1.3645991,1.301919071E9,776110,776759
776662,41.23022,1.3645113,1.301919071E9,776110,776759
776662,41.230286,1.3644189,1.301919071E9,776110,776759
776662,41.230347,1.3643242,1.301919071E9,776110,776759
776662,41.230392,1.3642349,1.301919071E9,776110,776759
776662,41.230434,1.3641155,1.301919071E9,776110,776759
776662,41.23047,1.3639991,1.301919071E9,776110,776759
776662,41.230495,1.3638768,1.301919071E9,776110,776759
776662,41.23054,1.3637598,1.301919071E9,776110,776759
776662,41.230576,1.3636377,1.301919071E9,776110,776759
776662,41.2306,1.3635334,1.301919071E9,776110,776759
776662,41.230618,1.3634285,1.301919071E9,776110,776759
776662,41.23064,1.363306,1.301919071E9,776110,776759
776662,41.230663,1.363184,1.301919071E9,776110,776759
776662,41.230682,1.3630791,1.301919071E9,776110,776759
776662,41.2307,1.3629698,1.301919071E9,776110,776759
776662,41.230717,1.3628578,1.301919071E9,776110,776759
776662,41.230747,1.3627559,1.301919071E9,776110,776759
776662,41.230785,1.3626342,1.301919071E9,776110,776759
776662,41.230827,1.3625222,1.301919071E9,776110,776759
776662,41.230854,1.3623927,1.301919071E9,776110,776759
776662,41.230846,1.3622814,1.301919071E9,776110,776759
776662,41.230804,1.3621486,1.301919071E9,776110,776759
776662,41.23074,1.3620337,1.301919071E9,776110,776759
776662,41.23065,1.3619653,1.301919071E9,776110,776759
776662,41.23055,1.3619337,1.301919071E9,776110,776759
776662,41.230446,1.3619113,1.301919071E9,776110,776759
776662,41.230347,1.3618882,1.301919071E9,776110,776759
776662,41.230244,1.3618687,1.301919071E9,776110,776759
776662,41.23015,1.3618419,1.301919071E9,776110,776759
776662,41.230053,1.3618193,1.301919071E9,776110,776759
776662,41.229954,1.361801,1.301919071E9,776110,776759
776662,41.22987,1.3617868,1.301919071E9,776110,776759
776662,41.229774,1.3617704,1.301919071E9,776110,776759
776662,41.22968,1.3617685,1.301919071E9,776110,776759
776662,41.22958,1.3617731,1.301919071E9,776110,776759
776662,41.22949,1.3617924,1.301919071E9,776110,776759
776662,41.22939,1.3618482,1.301919071E9,776110,776759
776662,41.22929,1.3618964,1.301919071E9,776110,776759
776662,41.229202,1.361922,1.301919071E9,776110,776759
776662,41.229107,1.3618981,1.301919071E9,776110,776759
776662,41.229015,1.3618524,1.301919071E9,776110,776759
776662,41.228935,1.3617932,1.301919071E9,776110,776759
776662,41.228848,1.3617488,1.301919071E9,776110,776759
776662,41.228752,1.361696,1.301919071E9,776110,776759
776662,41.228672,1.3616362,1.301919071E9,776110,776759
776662,41.228592,1.3615513,1.301919071E9,776110,776759
776662,41.22853,1.3614372,1.301919071E9,776110,776759
776662,41.22848,1.3613472,1.301919071E9,776110,776759
776662,41.228462,1.3612329,1.301919071E9,776110,776759
776662,41.22844,1.3611195,1.301919071E9,776110,776759
776662,41.228455,1.360967,1.301919071E9,776110,776759
776662,41.228462,1.3608457,1.301919071E9,776110,776759
776662,41.228504,1.3606873,1.301919071E9,776110,776759
776662,41.228565,1.360577,1.301919071E9,776110,776759
776662,41.22865,1.3604639,1.301919071E9,776110,776759
776662,41.22875,1.3603568,1.301919071E9,776110,776759
776662,41.228848,1.3602513,1.301919071E9,776110,776759
776662,41.22892,1.3601414,1.301919071E9,776110,776759
776662,41.228985,1.3600512,1.301919071E9,776110,776759
776662,41.229034,1.3599585,1.301919071E9,776110,776759
776662,41.229076,1.3598617,1.301919071E9,776110,776759
776662,41.22909,1.3597149,1.301919071E9,776110,776759
776662,41.229076,1.3595862,1.301919071E9,776110,776759
776662,41.229057,1.3594666,1.301919071E9,776110,776759
776662,41.229053,1.359347,1.301919071E9,776110,776759
776662,41.229042,1.35924,1.301919071E9,776110,776759
776662,41.22904,1.3591323,1.301919071E9,776110,776759
776662,41.229103,1.3590506,1.301919071E9,776110,776759
776662,41.22919,1.3590717,1.301919071E9,776110,776759
776662,41.22928,1.3590982,1.301919071E9,776110,776759
776662,41.22938,1.3591188,1.301919071E9,776110,776759
776662,41.229477,1.359136,1.301919071E9,776110,776759
776662,41.22957,1.3591394,1.301919071E9,776110,776759
776662,41.229664,1.3591579,1.301919071E9,776110,776759
776662,41.22976,1.3591717,1.301919071E9,776110,776759
776662,41.229843,1.3591856,1.301919071E9,776110,776759
776662,41.229927,1.3591965,1.301919071E9,776110,776759
776662,41.23002,1.3592049,1.301919071E9,776110,776759
776662,41.23011,1.3592122,1.301919071E9,776110,776759
776662,41.2302,1.359217,1.301919071E9,776110,776759
776662,41.2303,1.3592241,1.301919071E9,776110,776759
776662,41.230385,1.359232,1.301919071E9,776110,776759
776662,41.230476,1.3592068,1.301919071E9,776110,776759
776662,41.230568,1.359195,1.301919071E9,776110,776759
776662,41.23065,1.3591741,1.301919071E9,776110,776759
776662,41.230743,1.3591563,1.301919071E9,776110,776759
776662,41.23083,1.359163,1.301919071E9,776110,776759
776662,41.230923,1.3591855,1.301919071E9,776110,776759
776662,41.231003,1.3592161,1.301919071E9,776110,776759
776662,41.231094,1.3592316,1.301919071E9,776110,776759
776662,41.231186,1.3592433,1.301919071E9,776110,776759
776662,41.23128,1.3592461,1.301919071E9,776110,776759
776662,41.231384,1.3592474,1.301919071E9,776110,776759
776662,41.231464,1.3592553,1.301919071E9,776110,776759
776662,41.23156,1.3592572,1.301919071E9,776110,776759
776662,41.23166,1.3592559,1.301919071E9,776110,776759
776662,41.23175,1.3592286,1.301919071E9,776110,776759
776662,41.23185,1.3591875,1.301919071E9,776110,776759
776662,41.23194,1.3591498,1.301919071E9,776110,776759
776662,41.232033,1.3591324,1.301919071E9,776110,776759
776662,41.232113,1.359115,1.301919071E9,776110,776759
776662,41.232197,1.3590906,1.301919071E9,776110,776759
776662,41.23228,1.3590682,1.301919071E9,776110,776759
776662,41.23237,1.3590444,1.301919071E9,776110,776759
776662,41.232475,1.3590325,1.301919071E9,776110,776759
776662,41.23257,1.3590524,1.301919071E9,776110,776759
776662,41.232666,1.3590868,1.301919071E9,776110,776759
776662,41.23275,1.359117,1.301919071E9,776110,776759
776662,41.232826,1.3591497,1.301919071E9,776110,776759
776662,41.232918,1.3591844,1.301919071E9,776110,776759
776662,41.233013,1.3592232,1.301919071E9,776110,776759
776662,41.2331,1.3592292,1.301919071E9,776110,776759
776662,41.233196,1.3592585,1.301919071E9,776110,776759
776662,41.2333,1.3593113,1.301919071E9,776110,776759
776662,41.23341,1.3593631,1.301919071E9,776110,776759
776662,41.23352,1.3594167,1.301919071E9,776110,776759
776662,41.23362,1.3594741,1.301919071E9,776110,776759
776662,41.23374,1.3594896,1.301919071E9,776110,776759
776662,41.233883,1.3594521,1.301919071E9,776110,776759
776662,41.234028,1.3594208,1.301919071E9,776110,776759
776662,41.23417,1.3594044,1.301919071E9,776110,776759
776662,41.23429,1.3593351,1.301919071E9,776110,776759
776662,41.234398,1.3592597,1.301919071E9,776110,776759
776662,41.23451,1.3592306,1.301919071E9,776110,776759
776662,41.234604,1.3592196,1.301919071E9,776110,776759
776662,41.234688,1.3592151,1.301919071E9,776110,776759
776662,41.234806,1.3592046,1.301919071E9,776110,776759
776662,41.23491,1.3592018,1.301919071E9,776110,776759
776662,41.234997,1.3591944,1.301919071E9,776110,776759
776662,41