776110,776759
776662,39.153873,-84.37016,1.301919071E9,776110,776759
776662,39.1538,-84.3701,1.301919071E9,776110,776759
776662,39.15374,-84.37002,1.301919071E9,776110,776759
776662,39.15368,-84.369934,1.301919071E9,776110,776759
776662,39.153633,-84.369835,1.301919071E9,776110,776759
776662,39.153606,-84.369705,1.301919071E9,776110,776759
776662,39.153587,-84.3696,1.301919071E9,776110,776759
776662,39.153587,-84.369484,1.301919071E9,776110,776759
776662,39.153587,-84.369354,1.301919071E9,776110,776759
776662,39.153618,-84.36924,1.301919071E9,776110,776759
776662,39.153645,-84.36911,1.301919071E9,776110,776759
776662,39.153645,-84.368996,1.301919071E9,776110,776759
776662,39.153645,-84.36886,1.301919071E9,776110,776759
776662,39.153652,-84.36874,1.301919071E9,776110,776759
776662,39.15365,-84.36863,1.301919071E9,776110,776759
776662,39.153625,-84.36851,1.301919071E9,776110,776759
776662,39.15359,-84.368385,1.301919071E9,776110,776759
776662,39.15353,-84.368286,1.301919071E9,776110,776759
776662,39.153477,-84.36819,1.301919071E9,776110,776759
776662,39.153435,-84.36806,1.301919071E9,776110,776759
776662,39.153378,-84.36795,1.301919071E9,776110,776759
776662,39.1533,-84.36788,1.301919071E9,776110,776759
776662,39.15322,-84.3679,1.301919071E9,776110,776759
776662,39.153133,-84.36797,1.301919071E9,776110,776759
776662,39.15307,-84.36805,1.301919071E9,776110,776759
776662,39.153,-84.36813,1.301919071E9,776110,776759
776662,39.152905,-84.36819,1.301919071E9,776110,776759
776662,39.15282,-84.368225,1.301919071E9,776110,776759
776662,39.152725,-84.36827,1.301919071E9,776110,776759
776662,39.15264,-84.368286,1.301919071E9,776110,776759
776662,39.152557,-84.36825,1.301919071E9,776110,776759
776662,39.152515,-84.36813,1.301919071E9,776110,776759
776662,39.1525,-84.368004,1.301919071E9,776110,776759
776662,39.1525,-84.36789,1.301919071E9,776110,776759
776662,39.152527,-84.36775,1.301919071E9,776110,776759
776662,39.152534,-84.367645,1.301919071E9,776110,776759
776662,39.152523,-84.367516,1.301919071E9,776110,776759
776662,39.15251,-84.3674,1.301919071E9,776110,776759
776662,39.15249,-84.36728,1.301919071E9,776110,776759
776662,39.152496,-84.36715,1.301919071E9,776110,776759
776662,39.152496,-84.367035,1.301919071E9,776110,776759
776662,39.152477,-84.366905,1.301919071E9,776110,776759
776662,39.15244,-84.36681,1.301919071E9,776110,776759
776662,39.152367,-84.36675,1.301919071E9,776110,776759
776662,39.152298,-84.36669,1.301919071E9,776110,776759
776662,39.1522,-84.36665,1.301919071E9,776110,776759
776662,39.152115,-84.366615,1.301919071E9,776110,776759
776662,39.152023,-84.36655,1.301919071E9,776110,776759
776662,39.151955,-84.36648,1.301919071E9,776110,776759
776662,39.151875,-84.3664,1.301919071E9,776110,776759
776662,39.15179,-84.36634,1.301919071E9,776110,776759
776662,39.151726,-84.36628,1.301919071E9,776110,776759
776662,39.151653,-84.36618,1.301919071E9,776110,776759
776662,39.151592,-84.3661,1.301919071E9,776110,776759
776662,39.15153,-84.36602,1.301919071E9,776110,776759
776662,39.151466,-84.36594,1.301919071E9,776110,776759
776662,39.15141,-84.36585,1.301919071E9,776110,776759
776662,39.15137,-84.36574,1.301919071E9,776110,776759
776662,39.15134,-84.365616,1.301919071E9,776110,776759
776662,39.151318,-84.36551,1.301919071E9,776110,776759
776662,39.1513,-84.3654,1.301919071E9,776110,776759
776662,39.15131,-84.36527,1.301919071E9,776110,776759
776662,39.151333,-84.36514,1.301919071E9,776110,776759
776662,39.151356,-84.365036,1.301919071E9,776110,776759
776662,39.151382,-84.36493,1.301919071E9,776110,776759
776662,39.15141,-84.36482,1.301919071E9,776110,776759
776662,39.15143,-84.364716,1.301919071E9,776110,776759
776662,39.151455,-84.36461,1.301919071E9,776110,776759
776662,39.151478,-84.36449,1.301919071E9,776110,776759
776662,39.151474,-84.36437,1.301919071E9,776110,776759
776662,39.151463,-84.36427,1.301919071E9,776110,776759
776662,39.151436,-84.364174,1.301919071E9,776110,776759
776662,39.151398,-84.364044,1.301919071E9,776110,776759
776662,39.151333,-84.36394,1.301919071E9,776110,776759
776662,39.15127,-84.36386,1.301919071E9,776110,776759
776662,39.1512,-84.36378,1.301919071E9,776110,776759
776662,39.151134,-84.36369,1.301919071E9,776110,776759
776662,39.15107,-84.36359,1.301919071E9,776110,776759
776662,39.151016,-84.363495,1.301919071E9,776110,776759
776662,39.15095,-84.363396,1.301919071E9,776110,776759
776662,39.150997,-84.36351,1.301919071E9,776110,776759
776662,39.151054,-84.363594,1.301919071E9,776110,776759
776662,39.151104,-84.36369,1.301919071E9,776110,776759
776662,39.15115,-84.363785,1.301919071E9,776110,776759
776662,39.151196,-84.3639,1.301919071E9,776110,776759
776662,39.151264,-84.364,1.301919071E9,776110,776759
776662,39.151325,-84.36408,1.301919071E9,776110,776759
776662,39.15138,-84.364174,1.301919071E9,776110,776759
776662,39.151432,-84.36429,1.301919071E9,776110,776759
776662,39.151463,-84.364395,1.301919071E9,776110,776759
776662,39.15147,-84.36454,1.301919071E9,776110,776759
776662,39.15146,-84.364655,1.301919071E9,776110,776759
776662,39.151436,-84.36478,1.301919071E9,776110,776759
776662,39.151413,-84.3649,1.301919071E9,776110,776759
776662,39.151394,-84.36501,1.301919071E9,776110,776759
776662,39.151375,-84.365135,1.301919071E9,776110,776759
776662,39.151375,-84.36524,1.301919071E9,776110,776759
776662,39.15137,-84.36535,1.301919071E9,776110,776759
776662,39.151382,-84.36547,1.301919071E9,776110,776759
776662,39.151382,-84.36559,1.301919071E9,776110,776759
776662,39.151398,-84.3657,1.301919071E9,776110,776759
776662,39.151436,-84.36581,1.301919071E9,776110,776759
776662,39.151478,-84.36593,1.301919071E9,776110,776759
776662,39.151527,-84.36604,1.301919071E9,776110,776759
776662,39.151573,-84.36614,1.301919071E9,776110,776759
776662,39.151634,-84.36622,1.301919071E9,776110,776759
776662,39.15171,-84.36632,1.301919071E9,776110,776759
776662,39.151794,-84.366394,1.301919071E9,776110,776759
776662,39.151863,-84.36646,1.301919071E9,776110,776759
776662,39.15194,-84.36653,1.301919071E9,776110,776759
776662,39.152008,-84.3666,1.301919071E9,776110,776759
776662,39.152092,-84.36668,1.301919071E9,776110,776759
776662,39.152164,-84.366745,1.301919071E9,776110,776759
776662,39.152245,-84.36682,1.301919071E9,776110,776759
776662,39.15231,-84.36689,1.301919071E9,776110,776759
776662,39.15238,-84.366974,1.301919071E9,776110,776759
776662,39.152443,-84.36707,1.301919071E9,776110,776759
776662,39.15247,-84.36719,1.301919071E9,776110,776759
776662,39.152485,-84.36731,1.301919071E9,776110,776759
776662,39.152515,-84.367424,1.301919071E9,776110,776759
776662,39.15252,-84.36754,1.301919071E9,776110,776759
776662,39.152534,-84.36766,1.301919071E9,776110,776759
776662,39.152534,-84.36778,1.301919071E9,776110,776759
776662,39.152554,-84.36791,1.301919071E9,776110,776759
776662,39.15256,-84.36802,1.301919071E9,776110,776759
776662,39.15256,-84.36813,1.301919071E9,776110,776759
776662,39.152576,-84.368256,1.301919071E9,776110,776759
776662,39.15264,-84.36834,1.301919071E9,776110,776759
776662,39.152725,-84.36832,1.301919071E9,776110,776759
776662,39.152813,-84.36827,1.301919071E9,776110,776759
776662,39.152905,-84.368225,1.301919071E9,776110,776759
776662,39.15299,-84.36818,1.301919071E9,776110,776759
776662,39.153065,-84.368126,1.301919071E9,776110,776759
776662,39.153133,-84.368065,1.301919071E9,776110,776759
776662,39.15321,-84.36801,1.301919071E9,776110,776759
776662,39.153313,-84.36802,1.301919071E9,776110,776759
776662,39.153393,-84.368034,1.301919071E9,776110,776759
776662,39.153465,-84.368095,1.301919071E9,776110,776759
776662,39.153507,-84.368195,1.301919071E9,776110,776759
776662,39.15355,-84.368286,1.301919071E9,776110,776759
776662,39.15359,-84.3684,1.301919071E9,776110,776759
776662,39.1536,-84.36853,1.301919071E9,776110,776759
776662,39.153595,-84.36864,1.301919071E9,776110,776759
776662,39.153584,-84.368744,1.301919071E9,776110,776759
776662,39.15357,-84.36888,1.301919071E9,776110,776759
776662,39.153564,-84.36898,1.301919071E9,776