1.091515,1.301919071E9,776110,776759
776662,42.350433,-71.091385,1.301919071E9,776110,776759
776662,42.350464,-71.09127,1.301919071E9,776110,776759
776662,42.35049,-71.091156,1.301919071E9,776110,776759
776662,42.350525,-71.09103,1.301919071E9,776110,776759
776662,42.350555,-71.0909,1.301919071E9,776110,776759
776662,42.3506,-71.09076,1.301919071E9,776110,776759
776662,42.350643,-71.09064,1.301919071E9,776110,776759
776662,42.350693,-71.090485,1.301919071E9,776110,776759
776662,42.350735,-71.090355,1.301919071E9,776110,776759
776662,42.350773,-71.090225,1.301919071E9,776110,776759
776662,42.350803,-71.0901,1.301919071E9,776110,776759
776662,42.350815,-71.089966,1.301919071E9,776110,776759
776662,42.350826,-71.089836,1.301919071E9,776110,776759
776662,42.350857,-71.08971,1.301919071E9,776110,776759
776662,42.35089,-71.089584,1.301919071E9,776110,776759
776662,42.35092,-71.08944,1.301919071E9,776110,776759
776662,42.350945,-71.08929,1.301919071E9,776110,776759
776662,42.350983,-71.089165,1.301919071E9,776110,776759
776662,42.35104,-71.089035,1.301919071E9,776110,776759
776662,42.35108,-71.08889,1.301919071E9,776110,776759
776662,42.351116,-71.08876,1.301919071E9,776110,776759
776662,42.351147,-71.08863,1.301919071E9,776110,776759
776662,42.351173,-71.0885,1.301919071E9,776110,776759
776662,42.35121,-71.08838,1.301919071E9,776110,776759
776662,42.351254,-71.088234,1.301919071E9,776110,776759
776662,42.351288,-71.08811,1.301919071E9,776110,776759
776662,42.351326,-71.08798,1.301919071E9,776110,776759
776662,42.351368,-71.087845,1.301919071E9,776110,776759
776662,42.351406,-71.087715,1.301919071E9,776110,776759
776662,42.351448,-71.087585,1.301919071E9,776110,776759
776662,42.351482,-71.087456,1.301919071E9,776110,776759
776662,42.351517,-71.08732,1.301919071E9,776110,776759
776662,42.351566,-71.08719,1.301919071E9,776110,776759
776662,42.351616,-71.08705,1.301919071E9,776110,776759
776662,42.35165,-71.0869,1.301919071E9,776110,776759
776662,42.35168,-71.08677,1.301919071E9,776110,776759
776662,42.351715,-71.086655,1.301919071E9,776110,776759
776662,42.35176,-71.086525,1.301919071E9,776110,776759
776662,42.3518,-71.086395,1.301919071E9,776110,776759
776662,42.351833,-71.08626,1.301919071E9,776110,776759
776662,42.351883,-71.08612,1.301919071E9,776110,776759
776662,42.351917,-71.08599,1.301919071E9,776110,776759
776662,42.351948,-71.08587,1.301919071E9,776110,776759
776662,42.35198,-71.085724,1.301919071E9,776110,776759
776662,42.35201,-71.08558,1.301919071E9,776110,776759
776662,42.35203,-71.085434,1.301919071E9,776110,776759
776662,42.35205,-71.0853,1.301919071E9,776110,776759
776662,42.352074,-71.085175,1.301919071E9,776110,776759
776662,42.351982,-71.08497,1.301919071E9,776110,776759
776662,42.352047,-71.084854,1.301919071E9,776110,776759
776662,42.352154,-71.084785,1.301919071E9,776110,776759
776662,42.352222,-71.08466,1.301919071E9,776110,776759
776662,42.35227,-71.08454,1.301919071E9,776110,776759
776662,42.352306,-71.084404,1.301919071E9,776110,776759
776662,42.35234,-71.08426,1.301919071E9,776110,776759
776662,42.35237,-71.084114,1.301919071E9,776110,776759
776662,42.3524,-71.08397,1.301919071E9,776110,776759
776662,42.352436,-71.083824,1.301919071E9,776110,776759
776662,42.35247,-71.08371,1.301919071E9,776110,776759
776662,42.35253,-71.08359,1.301919071E9,776110,776759
776662,42.35257,-71.08346,1.301919071E9,776110,776759
776662,42.352596,-71.08331,1.301919071E9,776110,776759
776662,42.35263,-71.08317,1.301919071E9,776110,776759
776662,42.352654,-71.08303,1.301919071E9,776110,776759
776662,42.35268,-71.08292,1.301919071E9,776110,776759
776662,42.352715,-71.08276,1.301919071E9,776110,776759
776662,42.352757,-71.08264,1.301919071E9,776110,776759
776662,42.35279,-71.082504,1.301919071E9,776110,776759
776662,42.352825,-71.082375,1.301919071E9,776110,776759
776662,42.352856,-71.08223,1.301919071E9,776110,776759
776662,42.352898,-71.08211,1.301919071E9,776110,776759
776662,42.352936,-71.08196,1.301919071E9,776110,776759
776662,42.352978,-71.081825,1.301919071E9,776110,776759
776662,42.35302,-71.08168,1.301919071E9,776110,776759
776662,42.353046,-71.08155,1.301919071E9,776110,776759
776662,42.35308,-71.08142,1.301919071E9,776110,776759
776662,42.353127,-71.081276,1.301919071E9,776110,776759
776662,42.353165,-71.081154,1.301919071E9,776110,776759
776662,42.353195,-71.08101,1.301919071E9,776110,776759
776662,42.353226,-71.08087,1.301919071E9,776110,776759
776662,42.353256,-71.08074,1.301919071E9,776110,776759
776662,42.3533,-71.08059,1.301919071E9,776110,776759
776662,42.35335,-71.08046,1.301919071E9,776110,776759
776662,42.353382,-71.080345,1.301919071E9,776110,776759
776662,42.353424,-71.080215,1.301919071E9,776110,776759
776662,42.35347,-71.080086,1.301919071E9,776110,776759
776662,42.353508,-71.07996,1.301919071E9,776110,776759
776662,42.35357,-71.079834,1.301919071E9,776110,776759
776662,42.353615,-71.07971,1.301919071E9,776110,776759
776662,42.35365,-71.079575,1.301919071E9,776110,776759
776662,42.35367,-71.07944,1.301919071E9,776110,776759
776662,42.35368,-71.079285,1.301919071E9,776110,776759
776662,42.353703,-71.079155,1.301919071E9,776110,776759
776662,42.353733,-71.079025,1.301919071E9,776110,776759
776662,42.35378,-71.07888,1.301919071E9,776110,776759
776662,42.353817,-71.07875,1.301919071E9,776110,776759
776662,42.353855,-71.07861,1.301919071E9,776110,776759
776662,42.35389,-71.07848,1.301919071E9,776110,776759
776662,42.353924,-71.07836,1.301919071E9,776110,776759
776662,42.353966,-71.078224,1.301919071E9,776110,776759
776662,42.353996,-71.078094,1.301919071E9,776110,776759
776662,42.35403,-71.077965,1.301919071E9,776110,776759
776662,42.354084,-71.07782,1.301919071E9,776110,776759
776662,42.354126,-71.07771,1.301919071E9,776110,776759
776662,42.354164,-71.07758,1.301919071E9,776110,776759
776662,42.354195,-71.07743,1.301919071E9,776110,776759
776662,42.354225,-71.077286,1.301919071E9,776110,776759
776662,42.354256,-71.07716,1.301919071E9,776110,776759
776662,42.354282,-71.07704,1.301919071E9,776110,776759
776662,42.35432,-71.07692,1.301919071E9,776110,776759
776662,42.35437,-71.07678,1.301919071E9,776110,776759
776662,42.35441,-71.076645,1.301919071E9,776110,776759
776662,42.35443,-71.07651,1.301919071E9,776110,776759
776662,42.354454,-71.07636,1.301919071E9,776110,776759
776662,42.354473,-71.07622,1.301919071E9,776110,776759
776662,42.354485,-71.076065,1.301919071E9,776110,776759
776662,42.354492,-71.075935,1.301919071E9,776110,776759
776662,42.354515,-71.07579,1.301919071E9,776110,776759
776662,42.354572,-71.07566,1.301919071E9,776110,776759
776662,42.35462,-71.07555,1.301919071E9,776110,776759
776662,42.354652,-71.075424,1.301919071E9,776110,776759
776662,42.354664,-71.0753,1.301919071E9,776110,776759
776662,42.354668,-71.075165,1.301919071E9,776110,776759
776662,42.35468,-71.07504,1.301919071E9,776110,776759
776662,42.35469,-71.07491,1.301919071E9,776110,776759
776662,42.35466,-71.07479,1.301919071E9,776110,776759
776662,42.35457,-71.07473,1.301919071E9,776110,776759
776662,42.354477,-71.07468,1.301919071E9,776110,776759
776662,42.354385,-71.07461,1.301919071E9,776110,776759
776662,42.35428,-71.07455,1.301919071E9,776110,776759
776662,42.35418,-71.0745,1.301919071E9,776110,776759
776662,42.35408,-71.074554,1.301919071E9,776110,776759
776662,42.354034,-71.07466,1.301919071E9,776110,776759
776662,42.353977,-71.07479,1.301919071E9,776110,776759
776662,42.353916,-71.07492,1.301919071E9,776110,776759
776662,42.35387,-71.07504,1.301919071E9,776110,776759
776662,42.35383,-71.075165,1.301919071E9,776110,776759
776662,42.353783,-71.075294,1.301919071E9,776110,776759
776662,42.353737,-71.07542,1.301919071E9,776110,776759
776662,42.353687,-71.07555,1.301919071E9,776110,776759
776662,42.353634,-71.07568,1.301919071E9,776110,776759
776662,42.353596,-71.075806,1.301919071E9,776110,776759
776662,42.353554,-71.07593,1.301919071E9,776110,776759
776662,42.35351,-71.07607,1.301919071E9,776110,776759
776662,42.353477,-71.0762,1.301919071E9,776110,776759
