,48.87449,2.293561,1.301919071E9,776110,776759
776662,48.874557,2.293606,1.301919071E9,776110,776759
776662,48.874557,2.293606,1.301919071E9,776110,776759
776662,48.874477,2.293626,1.301919071E9,776110,776759
776662,48.874424,2.293681,1.301919071E9,776110,776759
776662,48.874393,2.293798,1.301919071E9,776110,776759
776662,48.87439,2.293816,1.301919071E9,776110,776759
776662,48.874344,2.293942,1.301919071E9,776110,776759
776662,48.8743,2.294031,1.301919071E9,776110,776759
776662,48.8749,2.294704,1.301919071E9,776110,776759
776662,48.875313,2.295142,1.301919071E9,776110,776759
776662,48.875576,2.296231,1.301919071E9,776110,776759
776662,48.875767,2.296718,1.301919071E9,776110,776759
776662,48.875782,2.296567,1.301919071E9,776110,776759
776662,48.8733,2.2967,1.301919071E9,776110,776759
776662,48.873444,2.296572,1.301919071E9,776110,776759
776662,48.873333,2.296581,1.301919071E9,776110,776759
776662,48.87323,2.296562,1.301919071E9,776110,776759
776662,48.873135,2.296613,1.301919071E9,776110,776759
776662,48.873043,2.296715,1.301919071E9,776110,776759
776662,48.872993,2.296855,1.301919071E9,776110,776759
776662,48.87293,2.297022,1.301919071E9,776110,776759
776662,48.872868,2.297126,1.301919071E9,776110,776759
776662,48.872787,2.297261,1.301919071E9,776110,776759
776662,48.872726,2.297408,1.301919071E9,776110,776759
776662,48.87266,2.297568,1.301919071E9,776110,776759
776662,48.872604,2.297694,1.301919071E9,776110,776759
776662,48.872536,2.297828,1.301919071E9,776110,776759
776662,48.87254,2.298035,1.301919071E9,776110,776759
776662,48.872517,2.298191,1.301919071E9,776110,776759
776662,48.87248,2.298372,1.301919071E9,776110,776759
776662,48.872433,2.298529,1.301919071E9,776110,776759
776662,48.872395,2.298655,1.301919071E9,776110,776759
776662,48.87234,2.298801,1.301919071E9,776110,776759
776662,48.872314,2.298961,1.301919071E9,776110,776759
776662,48.872272,2.299152,1.301919071E9,776110,776759
776662,48.87223,2.299319,1.301919071E9,776110,776759
776662,48.87219,2.299495,1.301919071E9,776110,776759
776662,48.872124,2.299639,1.301919071E9,776110,776759
776662,48.87208,2.299763,1.301919071E9,776110,776759
776662,48.87203,2.299916,1.301919071E9,776110,776759
776662,48.871967,2.300067,1.301919071E9,776110,776759
776662,48.87191,2.300203,1.301919071E9,776110,776759
776662,48.87186,2.300355,1.301919071E9,776110,776759
776662,48.871784,2.300506,1.301919071E9,776110,776759
776662,48.87171,2.30064,1.301919071E9,776110,776759
776662,48.871693,2.300786,1.301919071E9,776110,776759
776662,48.871677,2.300923,1.301919071E9,776110,776759
776662,48.871635,2.301069,1.301919071E9,776110,776759
776662,48.87158,2.301211,1.301919071E9,776110,776759
776662,48.87151,2.301311,1.301919071E9,776110,776759
776662,48.871464,2.301431,1.301919071E9,776110,776759
776662,48.87141,2.301567,1.301919071E9,776110,776759
776662,48.871365,2.3017,1.301919071E9,776110,776759
776662,48.87133,2.301852,1.301919071E9,776110,776759
776662,48.871296,2.301988,1.301919071E9,776110,776759
776662,48.87128,2.302153,1.301919071E9,776110,776759
776662,48.87129,2.302308,1.301919071E9,776110,776759
776662,48.87124,2.302495,1.301919071E9,776110,776759
776662,48.87119,2.302659,1.301919071E9,776110,776759
776662,48.871136,2.302783,1.301919071E9,776110,776759
776662,48.87107,2.302893,1.301919071E9,776110,776759
776662,48.87103,2.303018,1.301919071E9,776110,776759
776662,48.871037,2.303192,1.301919071E9,776110,776759
776662,48.87097,2.303297,1.301919071E9,776110,776759
776662,48.870926,2.303483,1.301919071E9,776110,776759
776662,48.87092,2.303685,1.301919071E9,776110,776759
776662,48.870907,2.303846,1.301919071E9,776110,776759
776662,48.869255,2.307349,1.301919071E9,776110,776759
776662,48.87025,2.305349,1.301919071E9,776110,776759
776662,48.87034,2.305295,1.301919071E9,776110,776759
776662,48.870403,2.305448,1.301919071E9,776110,776759
776662,48.870518,2.305592,1.301919071E9,776110,776759
776662,48.8706,2.305752,1.301919071E9,776110,776759
776662,48.87061,2.305894,1.301919071E9,776110,776759
776662,48.87053,2.306026,1.301919071E9,776110,776759
776662,48.87038,2.306215,1.301919071E9,776110,776759
776662,48.87026,2.306341,1.301919071E9,776110,776759
776662,48.870163,2.30642,1.301919071E9,776110,776759
776662,48.870167,2.306684,1.301919071E9,776110,776759
776662,48.870083,2.306815,1.301919071E9,776110,776759
776662,48.86999,2.306953,1.301919071E9,776110,776759
776662,48.87011,2.307021,1.301919071E9,776110,776759
776662,48.870167,2.307171,1.301919071E9,776110,776759
776662,48.87019,2.307326,1.301919071E9,776110,776759
776662,48.87015,2.307464,1.301919071E9,776110,776759
776662,48.870102,2.307609,1.301919071E9,776110,776759
776662,48.870003,2.307739,1.301919071E9,776110,776759
776662,48.8699,2.307836,1.301919071E9,776110,776759
776662,48.869843,2.307943,1.301919071E9,776110,776759
776662,48.869373,2.308518,1.301919071E9,776110,776759
776662,48.869377,2.308684,1.301919071E9,776110,776759
776662,48.869316,2.308814,1.301919071E9,776110,776759
776662,48.869244,2.308947,1.301919071E9,776110,776759
776662,48.869183,2.309096,1.301919071E9,776110,776759
776662,48.869106,2.309197,1.301919071E9,776110,776759
776662,48.869022,2.309318,1.301919071E9,776110,776759
776662,48.86895,2.309419,1.301919071E9,776110,776759
776662,48.86884,2.30951,1.301919071E9,776110,776759
776662,48.868744,2.309523,1.301919071E9,776110,776759
776662,48.868614,2.309543,1.301919071E9,776110,776759
776662,48.868523,2.309644,1.301919071E9,776110,776759
776662,48.868477,2.309767,1.301919071E9,776110,776759
776662,48.86843,2.309919,1.301919071E9,776110,776759
776662,48.868393,2.310061,1.301919071E9,776110,776759
776662,48.86838,2.310215,1.301919071E9,776110,776759
776662,48.868374,2.31037,1.301919071E9,776110,776759
776662,48.86838,2.310526,1.301919071E9,776110,776759
776662,48.86838,2.310674,1.301919071E9,776110,776759
776662,48.868378,2.31085,1.301919071E9,776110,776759
776662,48.868362,2.310993,1.301919071E9,776110,776759
776662,48.868347,2.311134,1.301919071E9,776110,776759
776662,48.868313,2.311293,1.301919071E9,776110,776759
776662,48.868298,2.31145,1.301919071E9,776110,776759
776662,48.868263,2.311618,1.301919071E9,776110,776759
776662,48.868225,2.311764,1.301919071E9,776110,776759
776662,48.868183,2.311943,1.301919071E9,776110,776759
776662,48.868134,2.312111,1.301919071E9,776110,776759
776662,48.86808,2.31223,1.301919071E9,776110,776759
776662,48.868034,2.312347,1.301919071E9,776110,776759
776662,48.867992,2.312518,1.301919071E9,776110,776759
776662,48.86795,2.31264,1.301919071E9,776110,776759
776662,48.86791,2.31278,1.301919071E9,776110,776759
776662,48.867867,2.312927,1.301919071E9,776110,776759
776662,48.86781,2.313082,1.301919071E9,776110,776759
776662,48.86772,2.313204,1.301919071E9,776110,776759
776662,48.86764,2.313297,1.301919071E9,776110,776759
776662,48.867573,2.313397,1.301919071E9,776110,776759
776662,48.8675,2.313526,1.301919071E9,776110,776759
776662,48.867413,2.313631,1.301919071E9,776110,776759
776662,48.867355,2.313733,1.301919071E9,776110,776759
776662,48.86726,2.313784,1.301919071E9,776110,776759
776662,48.867172,2.313837,1.301919071E9,776110,776759
776662,48.867073,2.313848,1.301919071E9,776110,776759
776662,48.866978,2.313828,1.301919071E9,776110,776759
776662,48.866886,2.313845,1.301919071E9,776110,776759
776662,48.866783,2.313864,1.301919071E9,776110,776759
776662,48.866703,2.313865,1.301919071E9,776110,776759
776662,48.86784,2.313283,1.301919071E9,776110,776759
776662,48.867916,2.313344,1.301919071E9,776110,776759
776662,48.867996,2.313435,1.301919071E9,776110,776759
776662,48.86809,2.313458,1.301919071E9,776110,776759
776662,48.868183,2.3135,1.301919071E9,776110,776759
776662,48.8683,2.313449,1.301919071E9,776110,776759
776662,48.868378,2.313361,1.301919071E9,776110,776759
776662,48.868465,2.313288,1.301919071E9,776110,776759
776662,48.86856,2.313248,1.301919071E9,776110,776759
776662,48.868683,2.313226,1.301919071E9,776110,776759
776662,48.86876,2.313234,1.301919071E9,776110,776759
776662,48.86851,2.313544,1.301919071E9,7761