19071E9,776110,776759
776662,-37.8705,145.03157,1.301919071E9,776110,776759
776662,-37.8705,145.03145,1.301919071E9,776110,776759
776662,-37.87048,145.03133,1.301919071E9,776110,776759
776662,-37.870464,145.03119,1.301919071E9,776110,776759
776662,-37.870453,145.03108,1.301919071E9,776110,776759
776662,-37.87044,145.03094,1.301919071E9,776110,776759
776662,-37.870415,145.0308,1.301919071E9,776110,776759
776662,-37.870388,145.03067,1.301919071E9,776110,776759
776662,-37.870358,145.03053,1.301919071E9,776110,776759
776662,-37.87032,145.0304,1.301919071E9,776110,776759
776662,-37.87028,145.03027,1.301919071E9,776110,776759
776662,-37.870262,145.03015,1.301919071E9,776110,776759
776662,-37.870247,145.03004,1.301919071E9,776110,776759
776662,-37.870228,145.02992,1.301919071E9,776110,776759
776662,-37.87022,145.02979,1.301919071E9,776110,776759
776662,-37.8702,145.02965,1.301919071E9,776110,776759
776662,-37.87018,145.02951,1.301919071E9,776110,776759
776662,-37.87016,145.0294,1.301919071E9,776110,776759
776662,-37.87014,145.02928,1.301919071E9,776110,776759
776662,-37.870125,145.02914,1.301919071E9,776110,776759
776662,-37.870117,145.029,1.301919071E9,776110,776759
776662,-37.87011,145.02888,1.301919071E9,776110,776759
776662,-37.870094,145.02876,1.301919071E9,776110,776759
776662,-37.870083,145.02866,1.301919071E9,776110,776759
776662,-37.870068,145.0285,1.301919071E9,776110,776759
776662,-37.870052,145.02835,1.301919071E9,776110,776759
776662,-37.87004,145.02823,1.301919071E9,776110,776759
776662,-37.870026,145.02809,1.301919071E9,776110,776759
776662,-37.870007,145.02795,1.301919071E9,776110,776759
776662,-37.869987,145.02782,1.301919071E9,776110,776759
776662,-37.86997,145.02766,1.301919071E9,776110,776759
776662,-37.869957,145.02753,1.301919071E9,776110,776759
776662,-37.869938,145.02739,1.301919071E9,776110,776759
776662,-37.8699,145.02727,1.301919071E9,776110,776759
776662,-37.869892,145.02713,1.301919071E9,776110,776759
776662,-37.869877,145.027,1.301919071E9,776110,776759
776662,-37.86986,145.02686,1.301919071E9,776110,776759
776662,-37.869846,145.02672,1.301919071E9,776110,776759
776662,-37.869816,145.02661,1.301919071E9,776110,776759
776662,-37.86979,145.02649,1.301919071E9,776110,776759
776662,-37.869766,145.02635,1.301919071E9,776110,776759
776662,-37.86976,145.02623,1.301919071E9,776110,776759
776662,-37.86977,145.02611,1.301919071E9,776110,776759
776662,-37.869785,145.02599,1.301919071E9,776110,776759
776662,-37.8698,145.02585,1.301919071E9,776110,776759
776662,-37.869823,145.02573,1.301919071E9,776110,776759
776662,-37.869907,145.02562,1.301919071E9,776110,776759
776662,-37.86999,145.02556,1.301919071E9,776110,776759
776662,-37.87008,145.02553,1.301919071E9,776110,776759
776662,-37.87019,145.02548,1.301919071E9,776110,776759
776662,-37.87029,145.02545,1.301919071E9,776110,776759
776662,-37.8704,145.0254,1.301919071E9,776110,776759
776662,-37.870487,145.02538,1.301919071E9,776110,776759
776662,-37.870598,145.02533,1.301919071E9,776110,776759
776662,-37.87071,145.02531,1.301919071E9,776110,776759
776662,-37.870823,145.02528,1.301919071E9,776110,776759
776662,-37.870934,145.02525,1.301919071E9,776110,776759
776662,-37.871025,145.02522,1.301919071E9,776110,776759
776662,-37.871117,145.0252,1.301919071E9,776110,776759
776662,-37.87123,145.0252,1.301919071E9,776110,776759
776662,-37.87133,145.02519,1.301919071E9,776110,776759
776662,-37.87144,145.02516,1.301919071E9,776110,776759
776662,-37.87155,145.02515,1.301919071E9,776110,776759
776662,-37.871662,145.02513,1.301919071E9,776110,776759
776662,-37.87177,145.02512,1.301919071E9,776110,776759
776662,-37.871887,145.02509,1.301919071E9,776110,776759
776662,-37.871975,145.02507,1.301919071E9,776110,776759
776662,-37.87208,145.02504,1.301919071E9,776110,776759
776662,-37.872192,145.02501,1.301919071E9,776110,776759
776662,-37.872307,145.02501,1.301919071E9,776110,776759
776662,-37.87242,145.02501,1.301919071E9,776110,776759
776662,-37.872517,145.02505,1.301919071E9,776110,776759
776662,-37.87254,145.0251,1.301919071E9,776110,776759
776662,-37.87276,145.025,1.301919071E9,776110,776759
776662,-37.872658,145.02534,1.301919071E9,776110,776759
776662,-37.872673,145.02547,1.301919071E9,776110,776759
776662,-37.8727,145.0256,1.301919071E9,776110,776759
776662,-37.872726,145.02573,1.301919071E9,776110,776759
776662,-37.87275,145.02585,1.301919071E9,776110,776759
776662,-37.872784,145.02597,1.301919071E9,776110,776759
776662,-37.87282,145.02608,1.301919071E9,776110,776759
776662,-37.87284,145.0262,1.301919071E9,776110,776759
776662,-37.872852,145.02634,1.301919071E9,776110,776759
776662,-37.872875,145.02646,1.301919071E9,776110,776759
776662,-37.87288,145.0266,1.301919071E9,776110,776759
776662,-37.87289,145.02673,1.301919071E9,776110,776759
776662,-37.872913,145.02684,1.301919071E9,776110,776759
776662,-37.87293,145.02696,1.301919071E9,776110,776759
776662,-37.872948,145.02708,1.301919071E9,776110,776759
776662,-37.87295,145.0272,1.301919071E9,776110,776759
776662,-37.872967,145.02734,1.301919071E9,776110,776759
776662,-37.872982,145.02748,1.301919071E9,776110,776759
776662,-37.87299,145.0276,1.301919071E9,776110,776759
776662,-37.873005,145.02774,1.301919071E9,776110,776759
776662,-37.873024,145.02788,1.301919071E9,776110,776759
776662,-37.873047,145.028,1.301919071E9,776110,776759
776662,-37.873062,145.0281,1.301919071E9,776110,776759
776662,-37.873066,145.02823,1.301919071E9,776110,776759
776662,-37.87309,145.02835,1.301919071E9,776110,776759
776662,-37.873108,145.0285,1.301919071E9,776110,776759
776662,-37.873127,145.02863,1.301919071E9,776110,776759
776662,-37.873154,145.02892,1.301919071E9,776110,776759
776662,-37.873158,145.02904,1.301919071E9,776110,776759
776662,-37.873173,145.02917,1.301919071E9,776110,776759
776662,-37.873184,145.02931,1.301919071E9,776110,776759
776662,-37.873196,145.02943,1.301919071E9,776110,776759
776662,-37.873207,145.02956,1.301919071E9,776110,776759
776662,-37.873226,145.0297,1.301919071E9,776110,776759
776662,-37.873238,145.02983,1.301919071E9,776110,776759
776662,-37.87324,145.02995,1.301919071E9,776110,776759
776662,-37.87325,145.03009,1.301919071E9,776110,776759
776662,-37.87326,145.03021,1.301919071E9,776110,776759
776662,-37.87328,145.03035,1.301919071E9,776110,776759
776662,-37.873295,145.03049,1.301919071E9,776110,776759
776662,-37.873306,145.03061,1.301919071E9,776110,776759
776662,-37.873318,145.03075,1.301919071E9,776110,776759
776662,-37.873337,145.03087,1.301919071E9,776110,776759
776662,-37.873356,145.03099,1.301919071E9,776110,776759
776662,-37.873375,145.03111,1.301919071E9,776110,776759
776662,-37.873386,145.03123,1.301919071E9,776110,776759
776662,-37.873394,145.03136,1.301919071E9,776110,776759
776662,-37.873398,145.0315,1.301919071E9,776110,776759
776662,-37.873417,145.03162,1.301919071E9,776110,776759
776662,-37.873436,145.03175,1.301919071E9,776110,776759
776662,-37.873463,145.03189,1.301919071E9,776110,776759
776662,-37.873486,145.03201,1.301919071E9,776110,776759
776662,-37.87351,145.03215,1.301919071E9,776110,776759
776662,-37.873524,145.03227,1.301919071E9,776110,776759
776662,-37.873543,145.03242,1.301919071E9,776110,776759
776662,-37.873566,145.03256,1.301919071E9,776110,776759
776662,-37.87358,145.03268,1.301919071E9,776110,776759
776662,-37.873596,145.0328,1.301919071E9,776110,776759
776662,-37.87362,145.03294,1.301919071E9,776110,776759
776662,-37.873634,145.03307,1.301919071E9,776110,776759
776662,-37.87365,145.0332,1.301919071E9,776110,776759
776662,-37.873665,145.03331,1.301919071E9,776110,776759
776662,-37.873676,145.03343,1.301919071E9,776110,776759
776662,-37.87368,145.03355,1.301919071E9,776110,776759
776662,-37.873684,145.03366,1.301919071E9,776110,776759
776662,-37.873688,145.03378,1.301919071E9,776110,776759
776662,-37.873688,145.0339,1.301919071E9,776110,776759
776662,-37.873688,145.03404,1.301919071E9,776110,776759
776662,-37.873665,145.03418,1.301919071E9,776110,776759
776662,-37.8736,145.03427,1.301919071E9,776110,776759
77666