1E9,776110,776759
776662,37.71438,-122.46503,1.301919071E9,776110,776759
776662,37.71437,-122.464905,1.301919071E9,776110,776759
776662,37.714367,-122.46478,1.301919071E9,776110,776759
776662,37.714367,-122.46468,1.301919071E9,776110,776759
776662,37.714386,-122.46455,1.301919071E9,776110,776759
776662,37.71439,-122.46443,1.301919071E9,776110,776759
776662,37.714394,-122.46433,1.301919071E9,776110,776759
776662,37.714405,-122.464226,1.301919071E9,776110,776759
776662,37.7144,-122.46411,1.301919071E9,776110,776759
776662,37.71441,-122.46398,1.301919071E9,776110,776759
776662,37.71442,-122.46385,1.301919071E9,776110,776759
776662,37.71442,-122.46373,1.301919071E9,776110,776759
776662,37.71443,-122.4636,1.301919071E9,776110,776759
776662,37.714436,-122.46347,1.301919071E9,776110,776759
776662,37.714436,-122.46334,1.301919071E9,776110,776759
776662,37.71444,-122.46321,1.301919071E9,776110,776759
776662,37.714455,-122.46309,1.301919071E9,776110,776759
776662,37.71447,-122.46298,1.301919071E9,776110,776759
776662,37.71449,-122.46288,1.301919071E9,776110,776759
776662,37.714474,-122.462746,1.301919071E9,776110,776759
776662,37.71451,-122.46264,1.301919071E9,776110,776759
776662,37.714603,-122.46264,1.301919071E9,776110,776759
776662,37.714695,-122.462616,1.301919071E9,776110,776759
776662,37.714783,-122.46258,1.301919071E9,776110,776759
776662,37.7148,-122.46248,1.301919071E9,776110,776759
776662,37.714832,-122.462364,1.301919071E9,776110,776759
776662,37.714848,-122.462265,1.301919071E9,776110,776759
776662,37.71489,-122.46214,1.301919071E9,776110,776759
776662,37.714916,-122.462036,1.301919071E9,776110,776759
776662,37.71493,-122.46193,1.301919071E9,776110,776759
776662,37.714935,-122.461784,1.301919071E9,776110,776759
776662,37.714943,-122.46167,1.301919071E9,776110,776759
776662,37.714947,-122.46156,1.301919071E9,776110,776759
776662,37.71495,-122.46146,1.301919071E9,776110,776759
776662,37.714954,-122.46134,1.301919071E9,776110,776759
776662,37.714962,-122.46123,1.301919071E9,776110,776759
776662,37.714962,-122.46113,1.301919071E9,776110,776759
776662,37.714966,-122.46101,1.301919071E9,776110,776759
776662,37.71497,-122.460915,1.301919071E9,776110,776759
776662,37.71498,-122.46079,1.301919071E9,776110,776759
776662,37.714985,-122.460686,1.301919071E9,776110,776759
776662,37.71498,-122.46056,1.301919071E9,776110,776759
776662,37.71499,-122.46046,1.301919071E9,776110,776759
776662,37.715004,-122.46034,1.301919071E9,776110,776759
776662,37.714993,-122.46021,1.301919071E9,776110,776759
776662,37.714985,-122.46007,1.301919071E9,776110,776759
776662,37.714985,-122.45995,1.301919071E9,776110,776759
776662,37.71499,-122.45983,1.301919071E9,776110,776759
776662,37.714985,-122.459724,1.301919071E9,776110,776759
776662,37.714985,-122.45961,1.301919071E9,776110,776759
776662,37.714977,-122.45951,1.301919071E9,776110,776759
776662,37.71497,-122.4594,1.301919071E9,776110,776759
776662,37.714973,-122.45928,1.301919071E9,776110,776759
776662,37.714993,-122.459175,1.301919071E9,776110,776759
776662,37.715,-122.45906,1.301919071E9,776110,776759
776662,37.714996,-122.45893,1.301919071E9,776110,776759
776662,37.714985,-122.45881,1.301919071E9,776110,776759
776662,37.714973,-122.4587,1.301919071E9,776110,776759
776662,37.714973,-122.45859,1.301919071E9,776110,776759
776662,37.71497,-122.45847,1.301919071E9,776110,776759
776662,37.714977,-122.45834,1.301919071E9,776110,776759
776662,37.714996,-122.45822,1.301919071E9,776110,776759
776662,37.715008,-122.45809,1.301919071E9,776110,776759
776662,37.715008,-122.45797,1.301919071E9,776110,776759
776662,37.714996,-122.45784,1.301919071E9,776110,776759
776662,37.714993,-122.457695,1.301919071E9,776110,776759
776662,37.71499,-122.45755,1.301919071E9,776110,776759
776662,37.714996,-122.457436,1.301919071E9,776110,776759
776662,37.71499,-122.45731,1.301919071E9,776110,776759
776662,37.71498,-122.457184,1.301919071E9,776110,776759
776662,37.714985,-122.457054,1.301919071E9,776110,776759
776662,37.714993,-122.45692,1.301919071E9,776110,776759
776662,37.71499,-122.45681,1.301919071E9,776110,776759
776662,37.714993,-122.45669,1.301919071E9,776110,776759
776662,37.715,-122.45657,1.301919071E9,776110,776759
776662,37.714996,-122.45646,1.301919071E9,776110,776759
776662,37.714973,-122.45635,1.301919071E9,776110,776759
776662,37.714973,-122.456245,1.301919071E9,776110,776759
776662,37.715008,-122.45615,1.301919071E9,776110,776759
776662,37.71503,-122.45605,1.301919071E9,776110,776759
776662,37.71504,-122.45594,1.301919071E9,776110,776759
776662,37.71504,-122.45583,1.301919071E9,776110,776759
776662,37.71503,-122.45573,1.301919071E9,776110,776759
776662,37.715023,-122.455605,1.301919071E9,776110,776759
776662,37.71502,-122.455475,1.301919071E9,776110,776759
776662,37.715027,-122.45537,1.301919071E9,776110,776759
776662,37.715015,-122.45526,1.301919071E9,776110,776759
776662,37.714993,-122.45515,1.301919071E9,776110,776759
776662,37.714985,-122.455025,1.301919071E9,776110,776759
776662,37.714993,-122.45491,1.301919071E9,776110,776759
776662,37.71502,-122.454796,1.301919071E9,776110,776759
776662,37.715023,-122.45467,1.301919071E9,776110,776759
776662,37.71503,-122.45457,1.301919071E9,776110,776759
776662,37.71501,-122.45444,1.301919071E9,776110,776759
776662,37.714996,-122.454315,1.301919071E9,776110,776759
776662,37.71499,-122.4542,1.301919071E9,776110,776759
776662,37.714985,-122.45407,1.301919071E9,776110,776759
776662,37.714985,-122.45394,1.301919071E9,776110,776759
776662,37.714985,-122.45383,1.301919071E9,776110,776759
776662,37.714993,-122.45372,1.301919071E9,776110,776759
776662,37.71498,-122.453606,1.301919071E9,776110,776759
776662,37.714985,-122.4535,1.301919071E9,776110,776759
776662,37.714996,-122.453384,1.301919071E9,776110,776759
776662,37.715004,-122.45327,1.301919071E9,776110,776759
776662,37.71501,-122.453156,1.301919071E9,776110,776759
776662,37.715008,-122.45304,1.301919071E9,776110,776759
776662,37.715004,-122.45291,1.301919071E9,776110,776759
776662,37.715008,-122.452774,1.301919071E9,776110,776759
776662,37.715008,-122.452644,1.301919071E9,776110,776759
776662,37.715054,-122.452545,1.301919071E9,776110,776759
776662,37.71513,-122.452515,1.301919071E9,776110,776759
776662,37.7152,-122.45246,1.301919071E9,776110,776759
776662,37.715275,-122.45237,1.301919071E9,776110,776759
776662,37.715347,-122.45229,1.301919071E9,776110,776759
776662,37.715424,-122.45224,1.301919071E9,776110,776759
776662,37.715515,-122.45219,1.301919071E9,776110,776759
776662,37.715603,-122.452126,1.301919071E9,776110,776759
776662,37.71569,-122.45207,1.301919071E9,776110,776759
776662,37.71576,-122.452,1.301919071E9,776110,776759
776662,37.71583,-122.45192,1.301919071E9,776110,776759
776662,37.71591,-122.45184,1.301919071E9,776110,776759
776662,37.715996,-122.451775,1.301919071E9,776110,776759
776662,37.716087,-122.4517,1.301919071E9,776110,776759
776662,37.71618,-122.451614,1.301919071E9,776110,776759
776662,37.71625,-122.451546,1.301919071E9,776110,776759
776662,37.716324,-122.45147,1.301919071E9,776110,776759
776662,37.7164,-122.45139,1.301919071E9,776110,776759
776662,37.716488,-122.45137,1.301919071E9,776110,776759
776662,37.716557,-122.45144,1.301919071E9,776110,776759
776662,37.716602,-122.45152,1.301919071E9,776110,776759
776662,37.716686,-122.45152,1.301919071E9,776110,776759
776662,37.716778,-122.45158,1.301919071E9,776110,776759
776662,37.716846,-122.45166,1.301919071E9,776110,776759
776662,37.71691,-122.45175,1.301919071E9,776110,776759
776662,37.716957,-122.451866,1.301919071E9,776110,776759
776662,37.717,-122.45196,1.301919071E9,776110,776759
776662,37.717068,-122.45205,1.301919071E9,776110,776759
776662,37.717133,-122.45213,1.301919071E9,776110,776759
776662,37.71718,-122.45222,1.301919071E9,776110,776759
776662,37.717247,-122.452324,1.301919071E9,776110,776759
776662,37.71731,-122.45242,1.301919071E9,776110,776759
776662,37.717373,-122.45252,1.301919071E9,776110,776759
776662,37.717415,-122.452614,1.301919071E9,776110,776759
776662,37