82376,1.301919071E9,776110,776759
776662,38.70711,-90.48244,1.301919071E9,776110,776759
776662,38.707012,-90.48249,1.301919071E9,776110,776759
776662,38.706905,-90.48255,1.301919071E9,776110,776759
776662,38.70681,-90.482605,1.301919071E9,776110,776759
776662,38.70671,-90.48265,1.301919071E9,776110,776759
776662,38.706604,-90.4827,1.301919071E9,776110,776759
776662,38.70649,-90.48276,1.301919071E9,776110,776759
776662,38.706387,-90.48282,1.301919071E9,776110,776759
776662,38.70629,-90.48286,1.301919071E9,776110,776759
776662,38.7062,-90.48291,1.301919071E9,776110,776759
776662,38.706123,-90.48298,1.301919071E9,776110,776759
776662,38.706024,-90.48305,1.301919071E9,776110,776759
776662,38.70594,-90.483086,1.301919071E9,776110,776759
776662,38.705833,-90.48312,1.301919071E9,776110,776759
776662,38.70575,-90.483185,1.301919071E9,776110,776759
776662,38.705658,-90.48325,1.301919071E9,776110,776759
776662,38.705555,-90.48334,1.301919071E9,776110,776759
776662,38.705482,-90.483406,1.301919071E9,776110,776759
776662,38.7054,-90.48346,1.301919071E9,776110,776759
776662,38.70531,-90.4835,1.301919071E9,776110,776759
776662,38.705196,-90.483536,1.301919071E9,776110,776759
776662,38.705086,-90.48357,1.301919071E9,776110,776759
776662,38.704983,-90.483635,1.301919071E9,776110,776759
776662,38.704884,-90.48371,1.301919071E9,776110,776759
776662,38.70478,-90.48379,1.301919071E9,776110,776759
776662,38.704678,-90.48385,1.301919071E9,776110,776759
776662,38.704594,-90.4839,1.301919071E9,776110,776759
776662,38.70451,-90.48396,1.301919071E9,776110,776759
776662,38.70442,-90.48402,1.301919071E9,776110,776759
776662,38.70433,-90.48407,1.301919071E9,776110,776759
776662,38.704235,-90.48412,1.301919071E9,776110,776759
776662,38.704144,-90.4842,1.301919071E9,776110,776759
776662,38.70404,-90.48427,1.301919071E9,776110,776759
776662,38.703926,-90.48431,1.301919071E9,776110,776759
776662,38.703835,-90.48437,1.301919071E9,776110,776759
776662,38.70376,-90.48444,1.301919071E9,776110,776759
776662,38.70368,-90.48453,1.301919071E9,776110,776759
776662,38.703575,-90.484634,1.301919071E9,776110,776759
776662,38.70348,-90.48472,1.301919071E9,776110,776759
776662,38.703384,-90.4848,1.301919071E9,776110,776759
776662,38.70331,-90.48487,1.301919071E9,776110,776759
776662,38.703217,-90.48495,1.301919071E9,776110,776759
776662,38.703133,-90.48503,1.301919071E9,776110,776759
776662,38.703053,-90.48511,1.301919071E9,776110,776759
776662,38.70297,-90.48516,1.301919071E9,776110,776759
776662,38.70289,-90.48523,1.301919071E9,776110,776759
776662,38.702812,-90.485306,1.301919071E9,776110,776759
776662,38.702744,-90.4854,1.301919071E9,776110,776759
776662,38.70268,-90.48547,1.301919071E9,776110,776759
776662,38.70259,-90.485565,1.301919071E9,776110,776759
776662,38.702488,-90.48562,1.301919071E9,776110,776759
776662,38.70238,-90.48567,1.301919071E9,776110,776759
776662,38.70228,-90.48573,1.301919071E9,776110,776759
776662,38.702206,-90.48581,1.301919071E9,776110,776759
776662,38.702118,-90.4859,1.301919071E9,776110,776759
776662,38.702026,-90.48595,1.301919071E9,776110,776759
776662,38.701927,-90.486,1.301919071E9,776110,776759
776662,38.70184,-90.48609,1.301919071E9,776110,776759
776662,38.701748,-90.48619,1.301919071E9,776110,776759
776662,38.70165,-90.48626,1.301919071E9,776110,776759
776662,38.701553,-90.48634,1.301919071E9,776110,776759
776662,38.70146,-90.48642,1.301919071E9,776110,776759
776662,38.701366,-90.48648,1.301919071E9,776110,776759
776662,38.701267,-90.486565,1.301919071E9,776110,776759
776662,38.701183,-90.48667,1.301919071E9,776110,776759
776662,38.701096,-90.48678,1.301919071E9,776110,776759
776662,38.701,-90.48685,1.301919071E9,776110,776759
776662,38.70092,-90.48695,1.301919071E9,776110,776759
776662,38.700855,-90.48704,1.301919071E9,776110,776759
776662,38.700787,-90.48711,1.301919071E9,776110,776759
776662,38.700703,-90.48718,1.301919071E9,776110,776759
776662,38.70062,-90.487236,1.301919071E9,776110,776759
776662,38.700516,-90.487305,1.301919071E9,776110,776759
776662,38.70043,-90.48736,1.301919071E9,776110,776759
776662,38.700333,-90.487434,1.301919071E9,776110,776759
776662,38.700233,-90.48751,1.301919071E9,776110,776759
776662,38.700153,-90.4876,1.301919071E9,776110,776759
776662,38.700092,-90.48773,1.301919071E9,776110,776759
776662,38.70003,-90.48785,1.301919071E9,776110,776759
776662,38.699966,-90.48794,1.301919071E9,776110,776759
776662,38.699905,-90.48804,1.301919071E9,776110,776759
776662,38.699818,-90.488106,1.301919071E9,776110,776759
776662,38.699722,-90.48815,1.301919071E9,776110,776759
776662,38.69962,-90.4882,1.301919071E9,776110,776759
776662,38.699547,-90.48827,1.301919071E9,776110,776759
776662,38.699486,-90.48838,1.301919071E9,776110,776759
776662,38.699417,-90.48846,1.301919071E9,776110,776759
776662,38.69934,-90.48852,1.301919071E9,776110,776759
776662,38.699257,-90.48857,1.301919071E9,776110,776759
776662,38.69916,-90.48863,1.301919071E9,776110,776759
776662,38.69908,-90.488686,1.301919071E9,776110,776759
776662,38.698994,-90.488754,1.301919071E9,776110,776759
776662,38.698902,-90.48881,1.301919071E9,776110,776759
776662,38.698807,-90.48887,1.301919071E9,776110,776759
776662,38.69872,-90.48895,1.301919071E9,776110,776759
776662,38.69864,-90.489044,1.301919071E9,776110,776759
776662,38.69855,-90.48914,1.301919071E9,776110,776759
776662,38.698467,-90.48919,1.301919071E9,776110,776759
776662,38.698402,-90.48927,1.301919071E9,776110,776759
776662,38.698334,-90.48935,1.301919071E9,776110,776759
776662,38.698242,-90.48944,1.301919071E9,776110,776759
776662,38.69815,-90.489525,1.301919071E9,776110,776759
776662,38.698063,-90.48961,1.301919071E9,776110,776759
776662,38.697975,-90.48969,1.301919071E9,776110,776759
776662,38.697887,-90.48979,1.301919071E9,776110,776759
776662,38.69782,-90.489876,1.301919071E9,776110,776759
776662,38.697735,-90.48996,1.301919071E9,776110,776759
776662,38.697655,-90.49004,1.301919071E9,776110,776759
776662,38.69758,-90.490105,1.301919071E9,776110,776759
776662,38.697495,-90.49017,1.301919071E9,776110,776759
776662,38.69739,-90.49023,1.301919071E9,776110,776759
776662,38.697308,-90.490295,1.301919071E9,776110,776759
776662,38.69722,-90.490364,1.301919071E9,776110,776759
776662,38.697136,-90.490456,1.301919071E9,776110,776759
776662,38.697063,-90.49056,1.301919071E9,776110,776759
776662,38.696995,-90.49063,1.301919071E9,776110,776759
776662,38.696888,-90.490685,1.301919071E9,776110,776759
776662,38.696804,-90.49074,1.301919071E9,776110,776759
776662,38.696724,-90.49081,1.301919071E9,776110,776759
776662,38.69663,-90.490875,1.301919071E9,776110,776759
776662,38.69656,-90.49098,1.301919071E9,776110,776759
776662,38.696484,-90.49107,1.301919071E9,776110,776759
776662,38.696404,-90.49114,1.301919071E9,776110,776759
776662,38.696304,-90.4912,1.301919071E9,776110,776759
776662,38.6962,-90.491264,1.301919071E9,776110,776759
776662,38.696117,-90.49133,1.301919071E9,776110,776759
776662,38.696022,-90.4914,1.301919071E9,776110,776759
776662,38.69594,-90.49147,1.301919071E9,776110,776759
776662,38.695854,-90.491516,1.301919071E9,776110,776759
776662,38.69575,-90.49155,1.301919071E9,776110,776759
776662,38.695663,-90.49156,1.301919071E9,776110,776759
776662,38.695564,-90.4916,1.301919071E9,776110,776759
776662,38.695484,-90.49165,1.301919071E9,776110,776759
776662,38.69539,-90.49171,1.301919071E9,776110,776759
776662,38.695297,-90.49173,1.301919071E9,776110,776759
776662,38.695194,-90.49173,1.301919071E9,776110,776759
776662,38.695095,-90.49176,1.301919071E9,776110,776759
776662,38.694996,-90.4918,1.301919071E9,776110,776759
776662,38.6949,-90.49183,1.301919071E9,776110,776759
776662,38.69481,-90.491875,1.301919071E9,776110,776759
776662,38.694725,-90.491936,1.301919071E9,776110,776759
776662,38.694633,-90.49199,1.301919071E9,776110,776759
776662,38.69455,-90.49204,1.301919071E9,776110,776759
776662,38.69447,-90.49211,1.301919071E9,776110,776759
776662,38.694405,-90.4922,1.301919071E9,776110,776759
776662,38.694332,-90.49232,1.301919071E