
776662,45.55828,-122.44924,1.301919071E9,776110,776759
776662,45.55826,-122.449104,1.301919071E9,776110,776759
776662,45.558224,-122.44895,1.301919071E9,776110,776759
776662,45.55818,-122.44883,1.301919071E9,776110,776759
776662,45.558144,-122.448715,1.301919071E9,776110,776759
776662,45.558075,-122.44861,1.301919071E9,776110,776759
776662,45.557987,-122.448524,1.301919071E9,776110,776759
776662,45.55792,-122.44842,1.301919071E9,776110,776759
776662,45.5579,-122.44828,1.301919071E9,776110,776759
776662,45.557865,-122.44812,1.301919071E9,776110,776759
776662,45.557808,-122.448,1.301919071E9,776110,776759
776662,45.55773,-122.44786,1.301919071E9,776110,776759
776662,45.557667,-122.44773,1.301919071E9,776110,776759
776662,45.5576,-122.44762,1.301919071E9,776110,776759
776662,45.557537,-122.44749,1.301919071E9,776110,776759
776662,45.55748,-122.44737,1.301919071E9,776110,776759
776662,45.5574,-122.44726,1.301919071E9,776110,776759
776662,45.557327,-122.447174,1.301919071E9,776110,776759
776662,45.55724,-122.4471,1.301919071E9,776110,776759
776662,45.557137,-122.447075,1.301919071E9,776110,776759
776662,45.557064,-122.44717,1.301919071E9,776110,776759
776662,45.556995,-122.44728,1.301919071E9,776110,776759
776662,45.556946,-122.447395,1.301919071E9,776110,776759
776662,45.556858,-122.44744,1.301919071E9,776110,776759
776662,45.556767,-122.44742,1.301919071E9,776110,776759
776662,45.556664,-122.44745,1.301919071E9,776110,776759
776662,45.556553,-122.44748,1.301919071E9,776110,776759
776662,45.556465,-122.4475,1.301919071E9,776110,776759
776662,45.556377,-122.44757,1.301919071E9,776110,776759
776662,45.5563,-122.44765,1.301919071E9,776110,776759
776662,45.556202,-122.4477,1.301919071E9,776110,776759
776662,45.556087,-122.44776,1.301919071E9,776110,776759
776662,45.55599,-122.44781,1.301919071E9,776110,776759
776662,45.555885,-122.44782,1.301919071E9,776110,776759
776662,45.555786,-122.44784,1.301919071E9,776110,776759
776662,45.555683,-122.44785,1.301919071E9,776110,776759
776662,45.55557,-122.44787,1.301919071E9,776110,776759
776662,45.555458,-122.44789,1.301919071E9,776110,776759
776662,45.55537,-122.44793,1.301919071E9,776110,776759
776662,45.55527,-122.4479,1.301919071E9,776110,776759
776662,45.555195,-122.44798,1.301919071E9,776110,776759
776662,45.55516,-122.44813,1.301919071E9,776110,776759
776662,45.55512,-122.44828,1.301919071E9,776110,776759
776662,45.555035,-122.44834,1.301919071E9,776110,776759
776662,45.554688,-122.44804,1.301919071E9,776110,776759
776662,45.55462,-122.448135,1.301919071E9,776110,776759
776662,45.55464,-122.448265,1.301919071E9,776110,776759
776662,45.554665,-122.44842,1.301919071E9,776110,776759
776662,45.55466,-122.44855,1.301919071E9,776110,776759
776662,45.554615,-122.44867,1.301919071E9,776110,776759
776662,45.55461,-122.44881,1.301919071E9,776110,776759
776662,45.55466,-122.44894,1.301919071E9,776110,776759
776662,45.55471,-122.44906,1.301919071E9,776110,776759
776662,45.554752,-122.449196,1.301919071E9,776110,776759
776662,45.55477,-122.44933,1.301919071E9,776110,776759
776662,45.55479,-122.44946,1.301919071E9,776110,776759
776662,45.55481,-122.449615,1.301919071E9,776110,776759
776662,45.55484,-122.44975,1.301919071E9,776110,776759
776662,45.554874,-122.4499,1.301919071E9,776110,776759
776662,45.554893,-122.45005,1.301919071E9,776110,776759
776662,45.55491,-122.450195,1.301919071E9,776110,776759
776662,45.554928,-122.45033,1.301919071E9,776110,776759
776662,45.554947,-122.450485,1.301919071E9,776110,776759
776662,45.55496,-122.45062,1.301919071E9,776110,776759
776662,45.554977,-122.45077,1.301919071E9,776110,776759
776662,45.555008,-122.4509,1.301919071E9,776110,776759
776662,45.555042,-122.451065,1.301919071E9,776110,776759
776662,45.555077,-122.451225,1.301919071E9,776110,776759
776662,45.555103,-122.451355,1.301919071E9,776110,776759
776662,45.555138,-122.45148,1.301919071E9,776110,776759
776662,45.555187,-122.45161,1.301919071E9,776110,776759
776662,45.55522,-122.45174,1.301919071E9,776110,776759
776662,45.555305,-122.45183,1.301919071E9,776110,776759
776662,45.555393,-122.451866,1.301919071E9,776110,776759
776662,45.555477,-122.45193,1.301919071E9,776110,776759
776662,45.555553,-122.452,1.301919071E9,776110,776759
776662,45.55558,-122.45213,1.301919071E9,776110,776759
776662,45.555542,-122.45227,1.301919071E9,776110,776759
776662,45.55545,-122.45231,1.301919071E9,776110,776759
776662,45.555393,-122.452415,1.301919071E9,776110,776759
776662,45.555412,-122.45256,1.301919071E9,776110,776759
776662,45.555447,-122.45272,1.301919071E9,776110,776759
776662,45.555492,-122.45288,1.301919071E9,776110,776759
776662,45.55554,-122.453,1.301919071E9,776110,776759
776662,45.555573,-122.45313,1.301919071E9,776110,776759
776662,45.555557,-122.45333,1.301919071E9,776110,776759
776662,45.555508,-122.45366,1.301919071E9,776110,776759
776662,45.555477,-122.45379,1.301919071E9,776110,776759
776662,45.5555,-122.45392,1.301919071E9,776110,776759
776662,45.555553,-122.454056,1.301919071E9,776110,776759
776662,45.555595,-122.454185,1.301919071E9,776110,776759
776662,45.555614,-122.454315,1.301919071E9,776110,776759
776662,45.55564,-122.45446,1.301919071E9,776110,776759
776662,45.555656,-122.454605,1.301919071E9,776110,776759
776662,45.55566,-122.45474,1.301919071E9,776110,776759
776662,45.555676,-122.45489,1.301919071E9,776110,776759
776662,45.555714,-122.45503,1.301919071E9,776110,776759
776662,45.55575,-122.45516,1.301919071E9,776110,776759
776662,45.55582,-122.45526,1.301919071E9,776110,776759
776662,45.555904,-122.455315,1.301919071E9,776110,776759
776662,45.556004,-122.45537,1.301919071E9,776110,776759
776662,45.556095,-122.45541,1.301919071E9,776110,776759
776662,45.55621,-122.45545,1.301919071E9,776110,776759
776662,45.5563,-122.455505,1.301919071E9,776110,776759
776662,45.556393,-122.455574,1.301919071E9,776110,776759
776662,45.556473,-122.45565,1.301919071E9,776110,776759
776662,45.55657,-122.45572,1.301919071E9,776110,776759
776662,45.55664,-122.45581,1.301919071E9,776110,776759
776662,45.5567,-122.45594,1.301919071E9,776110,776759
776662,45.556755,-122.456085,1.301919071E9,776110,776759
776662,45.556786,-122.456215,1.301919071E9,776110,776759
776662,45.55678,-122.456345,1.301919071E9,776110,776759
776662,45.556717,-122.45647,1.301919071E9,776110,776759
776662,45.556763,-122.45659,1.301919071E9,776110,776759
776662,45.55684,-122.456665,1.301919071E9,776110,776759
776662,45.556805,-122.45682,1.301919071E9,776110,776759
776662,45.556755,-122.45694,1.301919071E9,776110,776759
776662,45.556725,-122.45708,1.301919071E9,776110,776759
776662,45.556667,-122.457214,1.301919071E9,776110,776759
776662,45.5566,-122.45731,1.301919071E9,776110,776759
776662,45.556526,-122.4574,1.301919071E9,776110,776759
776662,45.556477,-122.45728,1.301919071E9,776110,776759
776662,45.556435,-122.45717,1.301919071E9,776110,776759
776662,45.556347,-122.45708,1.301919071E9,776110,776759
776662,45.556248,-122.45701,1.301919071E9,776110,776759
776662,45.55616,-122.45695,1.301919071E9,776110,776759
776662,45.55607,-122.456924,1.301919071E9,776110,776759
776662,45.55597,-122.456924,1.301919071E9,776110,776759
776662,45.555874,-122.45692,1.301919071E9,776110,776759
776662,45.555786,-122.45687,1.301919071E9,776110,776759
776662,45.555717,-122.45697,1.301919071E9,776110,776759
776662,45.55567,-122.45711,1.301919071E9,776110,776759
776662,45.55561,-122.45722,1.301919071E9,776110,776759
776662,45.555553,-122.45733,1.301919071E9,776110,776759
776662,45.555504,-122.45744,1.301919071E9,776110,776759
776662,45.55544,-122.45754,1.301919071E9,776110,776759
776662,45.555367,-122.457634,1.301919071E9,776110,776759
776662,45.55534,-122.45778,1.301919071E9,776110,776759
776662,45.555424,-122.45783,1.301919071E9,776110,776759
776662,45.55543,-122.45771,1.301919071E9,776110,776759
776662,45.555527,-122.45776,1.301919071E9,776110,776759
776662,45.555626,-122.45777,1.301919071E9,776110,776759
776662,45.555717,-122.457825,1.301919071E9,776110,776759
776662,45.555763,-122.457954,1.30