1.301919071E9,776110,776759
776662,20.910133,-156.37709,1.301919071E9,776110,776759
776662,20.910027,-156.37704,1.301919071E9,776110,776759
776662,20.909922,-156.377,1.301919071E9,776110,776759
776662,20.909822,-156.37695,1.301919071E9,776110,776759
776662,20.909723,-156.37689,1.301919071E9,776110,776759
776662,20.90962,-156.37685,1.301919071E9,776110,776759
776662,20.909517,-156.37679,1.301919071E9,776110,776759
776662,20.909409,-156.37672,1.301919071E9,776110,776759
776662,20.909298,-156.37666,1.301919071E9,776110,776759
776662,20.909185,-156.3766,1.301919071E9,776110,776759
776662,20.90907,-156.37654,1.301919071E9,776110,776759
776662,20.90895,-156.37648,1.301919071E9,776110,776759
776662,20.908833,-156.37642,1.301919071E9,776110,776759
776662,20.908716,-156.37636,1.301919071E9,776110,776759
776662,20.9086,-156.3763,1.301919071E9,776110,776759
776662,20.908484,-156.37624,1.301919071E9,776110,776759
776662,20.908371,-156.37617,1.301919071E9,776110,776759
776662,20.908268,-156.37611,1.301919071E9,776110,776759
776662,20.908175,-156.37605,1.301919071E9,776110,776759
776662,20.908081,-156.37598,1.301919071E9,776110,776759
776662,20.90799,-156.3759,1.301919071E9,776110,776759
776662,20.9079,-156.37582,1.301919071E9,776110,776759
776662,20.907808,-156.37575,1.301919071E9,776110,776759
776662,20.907711,-156.37567,1.301919071E9,776110,776759
776662,20.907616,-156.37558,1.301919071E9,776110,776759
776662,20.907515,-156.37547,1.301919071E9,776110,776759
776662,20.907444,-156.37541,1.301919071E9,776110,776759
776662,20.907337,-156.37534,1.301919071E9,776110,776759
776662,20.907248,-156.37524,1.301919071E9,776110,776759
776662,20.907162,-156.37517,1.301919071E9,776110,776759
776662,20.90707,-156.37509,1.301919071E9,776110,776759
776662,20.90698,-156.37502,1.301919071E9,776110,776759
776662,20.90689,-156.37494,1.301919071E9,776110,776759
776662,20.906807,-156.37486,1.301919071E9,776110,776759
776662,20.906721,-156.37479,1.301919071E9,776110,776759
776662,20.906635,-156.37471,1.301919071E9,776110,776759
776662,20.906551,-156.37463,1.301919071E9,776110,776759
776662,20.906462,-156.37456,1.301919071E9,776110,776759
776662,20.90637,-156.37445,1.301919071E9,776110,776759
776662,20.906286,-156.37436,1.301919071E9,776110,776759
776662,20.906202,-156.37425,1.301919071E9,776110,776759
776662,20.906118,-156.37415,1.301919071E9,776110,776759
776662,20.906046,-156.37405,1.301919071E9,776110,776759
776662,20.905975,-156.37396,1.301919071E9,776110,776759
776662,20.905903,-156.37387,1.301919071E9,776110,776759
776662,20.905827,-156.37376,1.301919071E9,776110,776759
776662,20.905748,-156.37367,1.301919071E9,776110,776759
776662,20.90567,-156.37357,1.301919071E9,776110,776759
776662,20.905594,-156.37347,1.301919071E9,776110,776759
776662,20.905525,-156.37338,1.301919071E9,776110,776759
776662,20.905458,-156.37329,1.301919071E9,776110,776759
776662,20.905388,-156.37321,1.301919071E9,776110,776759
776662,20.905315,-156.37312,1.301919071E9,776110,776759
776662,20.905237,-156.37305,1.301919071E9,776110,776759
776662,20.905146,-156.37297,1.301919071E9,776110,776759
776662,20.905039,-156.3729,1.301919071E9,776110,776759
776662,20.904919,-156.37285,1.301919071E9,776110,776759
776662,20.904787,-156.37282,1.301919071E9,776110,776759
776662,20.904661,-156.37279,1.301919071E9,776110,776759
776662,20.90454,-156.37276,1.301919071E9,776110,776759
776662,20.904428,-156.37273,1.301919071E9,776110,776759
776662,20.904322,-156.37271,1.301919071E9,776110,776759
776662,20.904215,-156.37268,1.301919071E9,776110,776759
776662,20.904102,-156.37265,1.301919071E9,776110,776759
776662,20.90399,-156.37262,1.301919071E9,776110,776759
776662,20.90388,-156.37257,1.301919071E9,776110,776759
776662,20.90377,-156.37253,1.301919071E9,776110,776759
776662,20.903673,-156.37244,1.301919071E9,776110,776759
776662,20.90358,-156.37234,1.301919071E9,776110,776759
776662,20.903482,-156.37225,1.301919071E9,776110,776759
776662,20.903385,-156.37216,1.301919071E9,776110,776759
776662,20.903296,-156.37207,1.301919071E9,776110,776759
776662,20.903208,-156.37198,1.301919071E9,776110,776759
776662,20.903124,-156.37189,1.301919071E9,776110,776759
776662,20.903036,-156.37181,1.301919071E9,776110,776759
776662,20.902954,-156.37173,1.301919071E9,776110,776759
776662,20.902874,-156.37166,1.301919071E9,776110,776759
776662,20.90279,-156.37157,1.301919071E9,776110,776759
776662,20.902704,-156.37149,1.301919071E9,776110,776759
776662,20.902618,-156.37141,1.301919071E9,776110,776759
776662,20.902538,-156.37134,1.301919071E9,776110,776759
776662,20.902464,-156.37128,1.301919071E9,776110,776759
776662,20.902388,-156.3712,1.301919071E9,776110,776759
776662,20.902308,-156.37112,1.301919071E9,776110,776759
776662,20.90223,-156.37105,1.301919071E9,776110,776759
776662,20.902151,-156.37099,1.301919071E9,776110,776759
776662,20.90207,-156.37091,1.301919071E9,776110,776759
776662,20.901981,-156.37082,1.301919071E9,776110,776759
776662,20.901896,-156.37074,1.301919071E9,776110,776759
776662,20.901812,-156.37067,1.301919071E9,776110,776759
776662,20.90173,-156.37059,1.301919071E9,776110,776759
776662,20.901653,-156.3705,1.301919071E9,776110,776759
776662,20.90158,-156.37042,1.301919071E9,776110,776759
776662,20.90151,-156.37035,1.301919071E9,776110,776759
776662,20.901442,-156.37025,1.301919071E9,776110,776759
776662,20.901373,-156.37016,1.301919071E9,776110,776759
776662,20.901304,-156.37009,1.301919071E9,776110,776759
776662,20.901237,-156.37,1.301919071E9,776110,776759
776662,20.901165,-156.3699,1.301919071E9,776110,776759
776662,20.901096,-156.36981,1.301919071E9,776110,776759
776662,20.901041,-156.3697,1.301919071E9,776110,776759
776662,20.900995,-156.3696,1.301919071E9,776110,776759
776662,20.900974,-156.36948,1.301919071E9,776110,776759
776662,20.900936,-156.36937,1.301919071E9,776110,776759
776662,20.9009,-156.36925,1.301919071E9,776110,776759
776662,20.900871,-156.36913,1.301919071E9,776110,776759
776662,20.900846,-156.369,1.301919071E9,776110,776759
776662,20.900816,-156.36888,1.301919071E9,776110,776759
776662,20.900782,-156.36876,1.301919071E9,776110,776759
776662,20.900745,-156.36864,1.301919071E9,776110,776759
776662,20.900719,-156.36852,1.301919071E9,776110,776759
776662,20.900684,-156.36838,1.301919071E9,776110,776759
776662,20.900658,-156.36829,1.301919071E9,776110,776759
776662,20.900627,-156.3682,1.301919071E9,776110,776759
776662,20.900597,-156.36809,1.301919071E9,776110,776759
776662,20.90057,-156.36798,1.301919071E9,776110,776759
776662,20.90054,-156.36787,1.301919071E9,776110,776759
776662,20.900509,-156.36775,1.301919071E9,776110,776759
776662,20.900484,-156.36763,1.301919071E9,776110,776759
776662,20.90046,-156.36751,1.301919071E9,776110,776759
776662,20.900433,-156.36739,1.301919071E9,776110,776759
776662,20.900404,-156.36726,1.301919071E9,776110,776759
776662,20.900377,-156.36716,1.301919071E9,776110,776759
776662,20.90035,-156.36703,1.301919071E9,776110,776759
776662,20.900324,-156.36693,1.301919071E9,776110,776759
776662,20.900297,-156.36682,1.301919071E9,776110,776759
776662,20.900272,-156.36671,1.301919071E9,776110,776759
776662,20.90024,-156.3666,1.301919071E9,776110,776759
776662,20.900198,-156.36649,1.301919071E9,776110,776759
776662,20.900148,-156.36638,1.301919071E9,776110,776759
776662,20.900099,-156.36626,1.301919071E9,776110,776759
776662,20.900043,-156.36615,1.301919071E9,776110,776759
776662,20.899986,-156.36603,1.301919071E9,776110,776759
776662,20.899931,-156.36592,1.301919071E9,776110,776759
776662,20.899878,-156.36583,1.301919071E9,776110,776759
776662,20.899826,-156.36572,1.301919071E9,776110,776759
776662,20.899775,-156.36563,1.301919071E9,776110,776759
776662,20.899725,-156.36552,1.301919071E9,776110,776759
776662,20.899677,-156.36542,1.301919071E9,776110,776759
776662,20.89963,-156.36533,1.301919071E9,776110,776759
776662,20.899586,-156.36522,1.301919071E9,776110,776759
776662,20.899546,-156.36513,1.301919071E9,776110,776759
776662,20.899506,-156.36502,1.301919071E9,776110,776759
776662,20.8994