301919071E9,776110,776759
776662,48.867336,2.317655,1.301919071E9,776110,776759
776662,48.86743,2.317524,1.301919071E9,776110,776759
776662,48.86753,2.317373,1.301919071E9,776110,776759
776662,48.867596,2.317275,1.301919071E9,776110,776759
776662,48.86765,2.317162,1.301919071E9,776110,776759
776662,48.867683,2.317016,1.301919071E9,776110,776759
776662,48.867737,2.316855,1.301919071E9,776110,776759
776662,48.86775,2.316714,1.301919071E9,776110,776759
776662,48.867786,2.316585,1.301919071E9,776110,776759
776662,48.867832,2.316463,1.301919071E9,776110,776759
776662,48.86788,2.316272,1.301919071E9,776110,776759
776662,48.867912,2.31614,1.301919071E9,776110,776759
776662,48.867924,2.315954,1.301919071E9,776110,776759
776662,48.86792,2.315794,1.301919071E9,776110,776759
776662,48.8679,2.315623,1.301919071E9,776110,776759
776662,48.867863,2.315478,1.301919071E9,776110,776759
776662,48.867844,2.315327,1.301919071E9,776110,776759
776662,48.867863,2.315161,1.301919071E9,776110,776759
776662,48.867935,2.315025,1.301919071E9,776110,776759
776662,48.86798,2.314893,1.301919071E9,776110,776759
776662,48.867973,2.314751,1.301919071E9,776110,776759
776662,48.867985,2.314577,1.301919071E9,776110,776759
776662,48.868015,2.314437,1.301919071E9,776110,776759
776662,48.86805,2.314298,1.301919071E9,776110,776759
776662,48.868034,2.314162,1.301919071E9,776110,776759
776662,48.868015,2.314153,1.301919071E9,776110,776759
776662,48.86793,2.314136,1.301919071E9,776110,776759
776662,48.86794,2.314094,1.301919071E9,776110,776759
776662,48.867992,2.313979,1.301919071E9,776110,776759
776662,48.868046,2.313868,1.301919071E9,776110,776759
776662,48.8681,2.313725,1.301919071E9,776110,776759
776662,48.86813,2.31359,1.301919071E9,776110,776759
776662,48.868187,2.313429,1.301919071E9,776110,776759
776662,48.868214,2.313252,1.301919071E9,776110,776759
776662,48.86826,2.313121,1.301919071E9,776110,776759
776662,48.868317,2.312982,1.301919071E9,776110,776759
776662,48.868374,2.312839,1.301919071E9,776110,776759
776662,48.868427,2.312709,1.301919071E9,776110,776759
776662,48.868484,2.312552,1.301919071E9,776110,776759
776662,48.86853,2.312419,1.301919071E9,776110,776759
776662,48.868595,2.312285,1.301919071E9,776110,776759
776662,48.868645,2.312145,1.301919071E9,776110,776759
776662,48.868706,2.312023,1.301919071E9,776110,776759
776662,48.868732,2.311877,1.301919071E9,776110,776759
776662,48.868774,2.311751,1.301919071E9,776110,776759
776662,48.868797,2.311597,1.301919071E9,776110,776759
776662,48.86887,2.311481,1.301919071E9,776110,776759
776662,48.868942,2.311374,1.301919071E9,776110,776759
776662,48.868908,2.311285,1.301919071E9,776110,776759
776662,48.868916,2.311137,1.301919071E9,776110,776759
776662,48.868996,2.31106,1.301919071E9,776110,776759
776662,48.869087,2.311068,1.301919071E9,776110,776759
776662,48.86919,2.311043,1.301919071E9,776110,776759
776662,48.869274,2.310926,1.301919071E9,776110,776759
776662,48.86935,2.310804,1.301919071E9,776110,776759
776662,48.869404,2.310673,1.301919071E9,776110,776759
776662,48.869446,2.310537,1.301919071E9,776110,776759
776662,48.86951,2.310393,1.301919071E9,776110,776759
776662,48.869564,2.310259,1.301919071E9,776110,776759
776662,48.86964,2.310194,1.301919071E9,776110,776759
776662,48.869717,2.310105,1.301919071E9,776110,776759
776662,48.869755,2.309937,1.301919071E9,776110,776759
776662,48.86972,2.309755,1.301919071E9,776110,776759
776662,48.86968,2.309611,1.301919071E9,776110,776759
776662,48.869606,2.3095,1.301919071E9,776110,776759
776662,48.869614,2.309349,1.301919071E9,776110,776759
776662,48.869667,2.309192,1.301919071E9,776110,776759
776662,48.86971,2.309058,1.301919071E9,776110,776759
776662,48.86976,2.30891,1.301919071E9,776110,776759
776662,48.8698,2.308778,1.301919071E9,776110,776759
776662,48.86983,2.308631,1.301919071E9,776110,776759
776662,48.86987,2.308501,1.301919071E9,776110,776759
776662,48.8699,2.308365,1.301919071E9,776110,776759
776662,48.86994,2.308223,1.301919071E9,776110,776759
776662,48.869987,2.308067,1.301919071E9,776110,776759
776662,48.87005,2.307937,1.301919071E9,776110,776759
776662,48.870106,2.3078,1.301919071E9,776110,776759
776662,48.87015,2.307655,1.301919071E9,776110,776759
776662,48.870163,2.307504,1.301919071E9,776110,776759
776662,48.87019,2.307351,1.301919071E9,776110,776759
776662,48.870182,2.307214,1.301919071E9,776110,776759
776662,48.870193,2.307026,1.301919071E9,776110,776759
776662,48.870266,2.306885,1.301919071E9,776110,776759
776662,48.870342,2.306758,1.301919071E9,776110,776759
776662,48.87041,2.306662,1.301919071E9,776110,776759
776662,48.870495,2.306593,1.301919071E9,776110,776759
776662,48.870552,2.306469,1.301919071E9,776110,776759
776662,48.870586,2.306335,1.301919071E9,776110,776759
776662,48.870625,2.306168,1.301919071E9,776110,776759
776662,48.870663,2.30602,1.301919071E9,776110,776759
776662,48.87069,2.305856,1.301919071E9,776110,776759
776662,48.87076,2.305739,1.301919071E9,776110,776759
776662,48.87079,2.305741,1.301919071E9,776110,776759
776662,48.870716,2.305648,1.301919071E9,776110,776759
776662,48.870663,2.305599,1.301919071E9,776110,776759
776662,48.870567,2.305525,1.301919071E9,776110,776759
776662,48.87044,2.305443,1.301919071E9,776110,776759
776662,48.870407,2.305297,1.301919071E9,776110,776759
776662,48.87036,2.305155,1.301919071E9,776110,776759
776662,48.870403,2.305023,1.301919071E9,776110,776759
776662,48.870396,2.304883,1.301919071E9,776110,776759
776662,48.87047,2.304733,1.301919071E9,776110,776759
776662,48.8705,2.304566,1.301919071E9,776110,776759
776662,48.870525,2.304375,1.301919071E9,776110,776759
776662,48.870533,2.304238,1.301919071E9,776110,776759
776662,48.87054,2.304099,1.301919071E9,776110,776759
776662,48.870537,2.304031,1.301919071E9,776110,776759
776662,48.857563,2.32788,1.301919071E9,776110,776759
776662,48.85769,2.327911,1.301919071E9,776110,776759
776662,48.85787,2.327941,1.301919071E9,776110,776759
776662,48.857975,2.327933,1.301919071E9,776110,776759
776662,48.85809,2.327958,1.301919071E9,776110,776759
776662,48.858177,2.328009,1.301919071E9,776110,776759
776662,48.85827,2.328106,1.301919071E9,776110,776759
776662,48.85839,2.328111,1.301919071E9,776110,776759
776662,48.858475,2.32822,1.301919071E9,776110,776759
776662,48.858566,2.328317,1.301919071E9,776110,776759
776662,48.858685,2.328383,1.301919071E9,776110,776759
776662,48.85883,2.328492,1.301919071E9,776110,776759
776662,48.858955,2.328583,1.301919071E9,776110,776759
776662,48.85907,2.328661,1.301919071E9,776110,776759
776662,48.85915,2.328749,1.301919071E9,776110,776759
776662,48.859226,2.328842,1.301919071E9,776110,776759
776662,48.859318,2.328926,1.301919071E9,776110,776759
776662,48.85941,2.328982,1.301919071E9,776110,776759
776662,48.85953,2.328997,1.301919071E9,776110,776759
776662,48.859627,2.328893,1.301919071E9,776110,776759
776662,48.859734,2.328795,1.301919071E9,776110,776759
776662,48.85981,2.328712,1.301919071E9,776110,776759
776662,48.85989,2.328627,1.301919071E9,776110,776759
776662,48.85997,2.328559,1.301919071E9,776110,776759
776662,48.86004,2.328466,1.301919071E9,776110,776759
776662,48.860123,2.328381,1.301919071E9,776110,776759
776662,48.8602,2.328267,1.301919071E9,776110,776759
776662,48.86033,2.328186,1.301919071E9,776110,776759
776662,48.860413,2.328118,1.301919071E9,776110,776759
776662,48.8605,2.328036,1.301919071E9,776110,776759
776662,48.860558,2.327845,1.301919071E9,776110,776759
776662,48.86052,2.327679,1.301919071E9,776110,776759
776662,48.860497,2.327542,1.301919071E9,776110,776759
776662,48.86043,2.327393,1.301919071E9,776110,776759
776662,48.86041,2.327235,1.301919071E9,776110,776759
776662,48.860397,2.327084,1.301919071E9,776110,776759
776662,48.86042,2.326945,1.301919071E9,776110,776759
776662,48.860435,2.326781,1.301919071E9,776110,776759
776662,48.86044,2.326638,1.301919071E9,776110,776759
776662,48.86047,2.326481,1.301919071E9,776110,776759
776662,48.860493,2.326345,1.301919071E9,776110,776759
776662,48.860535,2.326204,1.301919071E9,776110,776759
776662,48.