776759
776662,20.77869,-156.52432,1.301919071E9,776110,776759
776662,20.77868,-156.52428,1.301919071E9,776110,776759
776662,20.778671,-156.52422,1.301919071E9,776110,776759
776662,20.778662,-156.52417,1.301919071E9,776110,776759
776662,20.778652,-156.52411,1.301919071E9,776110,776759
776662,20.778646,-156.52406,1.301919071E9,776110,776759
776662,20.77864,-156.524,1.301919071E9,776110,776759
776662,20.778635,-156.52396,1.301919071E9,776110,776759
776662,20.77863,-156.52391,1.301919071E9,776110,776759
776662,20.77862,-156.52379,1.301919071E9,776110,776759
776662,20.778622,-156.52368,1.301919071E9,776110,776759
776662,20.778627,-156.52357,1.301919071E9,776110,776759
776662,20.778652,-156.52347,1.301919071E9,776110,776759
776662,20.778667,-156.52342,1.301919071E9,776110,776759
776662,20.778683,-156.52336,1.301919071E9,776110,776759
776662,20.778702,-156.5233,1.301919071E9,776110,776759
776662,20.778723,-156.52324,1.301919071E9,776110,776759
776662,20.778746,-156.5232,1.301919071E9,776110,776759
776662,20.778769,-156.52315,1.301919071E9,776110,776759
776662,20.778793,-156.52309,1.301919071E9,776110,776759
776662,20.778816,-156.52304,1.301919071E9,776110,776759
776662,20.778843,-156.523,1.301919071E9,776110,776759
776662,20.778872,-156.52295,1.301919071E9,776110,776759
776662,20.778902,-156.5229,1.301919071E9,776110,776759
776662,20.77893,-156.52286,1.301919071E9,776110,776759
776662,20.778963,-156.52281,1.301919071E9,776110,776759
776662,20.778996,-156.52277,1.301919071E9,776110,776759
776662,20.779028,-156.52272,1.301919071E9,776110,776759
776662,20.779062,-156.52267,1.301919071E9,776110,776759
776662,20.779099,-156.52264,1.301919071E9,776110,776759
776662,20.779135,-156.5226,1.301919071E9,776110,776759
776662,20.779211,-156.52252,1.301919071E9,776110,776759
776662,20.779299,-156.52246,1.301919071E9,776110,776759
776662,20.779388,-156.52238,1.301919071E9,776110,776759
776662,20.779436,-156.52235,1.301919071E9,776110,776759
776662,20.779535,-156.52228,1.301919071E9,776110,776759
776662,20.779636,-156.5222,1.301919071E9,776110,776759
776662,20.779737,-156.52213,1.301919071E9,776110,776759
776662,20.779825,-156.52205,1.301919071E9,776110,776759
776662,20.77991,-156.522,1.301919071E9,776110,776759
776662,20.779947,-156.52197,1.301919071E9,776110,776759
776662,20.779987,-156.52194,1.301919071E9,776110,776759
776662,20.780067,-156.52188,1.301919071E9,776110,776759
776662,20.78015,-156.52182,1.301919071E9,776110,776759
776662,20.780231,-156.52176,1.301919071E9,776110,776759
776662,20.780312,-156.52168,1.301919071E9,776110,776759
776662,20.780352,-156.52165,1.301919071E9,776110,776759
776662,20.78043,-156.52159,1.301919071E9,776110,776759
776662,20.780504,-156.52153,1.301919071E9,776110,776759
776662,20.780575,-156.52147,1.301919071E9,776110,776759
776662,20.78064,-156.52141,1.301919071E9,776110,776759
776662,20.780733,-156.5213,1.301919071E9,776110,776759
776662,20.780823,-156.5212,1.301919071E9,776110,776759
776662,20.780901,-156.52109,1.301919071E9,776110,776759
776662,20.780981,-156.521,1.301919071E9,776110,776759
776662,20.781057,-156.52089,1.301919071E9,776110,776759
776662,20.78113,-156.52078,1.301919071E9,776110,776759
776662,20.7812,-156.52066,1.301919071E9,776110,776759
776662,20.781275,-156.52055,1.301919071E9,776110,776759
776662,20.781298,-156.52051,1.301919071E9,776110,776759
776662,20.781372,-156.5204,1.301919071E9,776110,776759
776662,20.781416,-156.52032,1.301919071E9,776110,776759
776662,20.781473,-156.5202,1.301919071E9,776110,776759
776662,20.781542,-156.52008,1.301919071E9,776110,776759
776662,20.781609,-156.51997,1.301919071E9,776110,776759
776662,20.781664,-156.51987,1.301919071E9,776110,776759
776662,20.781721,-156.51974,1.301919071E9,776110,776759
776662,20.78179,-156.51962,1.301919071E9,776110,776759
776662,20.781847,-156.51952,1.301919071E9,776110,776759
776662,20.78191,-156.5194,1.301919071E9,776110,776759
776662,20.781954,-156.51932,1.301919071E9,776110,776759
776662,20.782,-156.51926,1.301919071E9,776110,776759
776662,20.782063,-156.51915,1.301919071E9,776110,776759
776662,20.782085,-156.5191,1.301919071E9,776110,776759
776662,20.782154,-156.51901,1.301919071E9,776110,776759
776662,20.782219,-156.51892,1.301919071E9,776110,776759
776662,20.782291,-156.51883,1.301919071E9,776110,776759
776662,20.782366,-156.51874,1.301919071E9,776110,776759
776662,20.78239,-156.5187,1.301919071E9,776110,776759
776662,20.782446,-156.51865,1.301919071E9,776110,776759
776662,20.782503,-156.51859,1.301919071E9,776110,776759
776662,20.782566,-156.51854,1.301919071E9,776110,776759
776662,20.78263,-156.51848,1.301919071E9,776110,776759
776662,20.782698,-156.51842,1.301919071E9,776110,776759
776662,20.782734,-156.51839,1.301919071E9,776110,776759
776662,20.78277,-156.51836,1.301919071E9,776110,776759
776662,20.782808,-156.51833,1.301919071E9,776110,776759
776662,20.782848,-156.5183,1.301919071E9,776110,776759
776662,20.782885,-156.51826,1.301919071E9,776110,776759
776662,20.782923,-156.51823,1.301919071E9,776110,776759
776662,20.78296,-156.5182,1.301919071E9,776110,776759
776662,20.783,-156.51816,1.301919071E9,776110,776759
776662,20.78304,-156.51813,1.301919071E9,776110,776759
776662,20.783127,-156.51807,1.301919071E9,776110,776759
776662,20.783218,-156.51797,1.301919071E9,776110,776759
776662,20.783316,-156.5179,1.301919071E9,776110,776759
776662,20.783363,-156.51785,1.301919071E9,776110,776759
776662,20.783411,-156.51782,1.301919071E9,776110,776759
776662,20.783457,-156.51779,1.301919071E9,776110,776759
776662,20.7835,-156.51775,1.301919071E9,776110,776759
776662,20.783546,-156.51772,1.301919071E9,776110,776759
776662,20.783592,-156.51768,1.301919071E9,776110,776759
776662,20.783642,-156.51765,1.301919071E9,776110,776759
776662,20.783691,-156.51762,1.301919071E9,776110,776759
776662,20.783743,-156.5176,1.301919071E9,776110,776759
776662,20.783794,-156.51756,1.301919071E9,776110,776759
776662,20.783846,-156.51753,1.301919071E9,776110,776759
776662,20.7839,-156.5175,1.301919071E9,776110,776759
776662,20.78395,-156.51747,1.301919071E9,776110,776759
776662,20.784002,-156.51744,1.301919071E9,776110,776759
776662,20.784054,-156.51741,1.301919071E9,776110,776759
776662,20.784105,-156.51738,1.301919071E9,776110,776759
776662,20.784212,-156.51732,1.301919071E9,776110,776759
776662,20.78432,-156.51727,1.301919071E9,776110,776759
776662,20.784435,-156.51723,1.301919071E9,776110,776759
776662,20.784555,-156.51718,1.301919071E9,776110,776759
776662,20.784672,-156.51712,1.301919071E9,776110,776759
776662,20.784782,-156.51706,1.301919071E9,776110,776759
776662,20.784895,-156.51701,1.301919071E9,776110,776759
776662,20.785007,-156.51695,1.301919071E9,776110,776759
776662,20.785067,-156.51694,1.301919071E9,776110,776759
776662,20.785126,-156.5169,1.301919071E9,776110,776759
776662,20.785185,-156.51688,1.301919071E9,776110,776759
776662,20.785246,-156.51686,1.301919071E9,776110,776759
776662,20.785305,-156.51683,1.301919071E9,776110,776759
776662,20.785364,-156.51682,1.301919071E9,776110,776759
776662,20.785421,-156.51678,1.301919071E9,776110,776759
776662,20.785479,-156.51677,1.301919071E9,776110,776759
776662,20.785536,-156.51674,1.301919071E9,776110,776759
776662,20.785591,-156.51671,1.301919071E9,776110,776759
776662,20.785646,-156.5167,1.301919071E9,776110,776759
776662,20.785702,-156.51666,1.301919071E9,776110,776759
776662,20.785755,-156.51665,1.301919071E9,776110,776759
776662,20.785809,-156.51662,1.301919071E9,776110,776759
776662,20.785864,-156.5166,1.301919071E9,776110,776759
776662,20.785915,-156.51657,1.301919071E9,776110,776759
776662,20.785969,-156.51656,1.301919071E9,776110,776759
776662,20.78602,-156.51653,1.301919071E9,776110,776759
776662,20.786072,-156.51651,1.301919071E9,776110,776759
776662,20.786125,-156.51648,1.301919071E9,776110,776759
776662,20.786228,-156.51643,1.301919071E9,776110,776759
776662,20.786337,-156.51637,1.301919071E9,776110,776759
776662,20.78639,-156.51636,1.301919071E9,776110,776759
776662,20.786499,-156.51631,1.301919071E9,77611