76662,41.886673,-87.801834,1.301919071E9,776110,776759
776662,41.886677,-87.80159,1.301919071E9,776110,776759
776662,41.886665,-87.801285,1.301919071E9,776110,776759
776662,41.886642,-87.80107,1.301919071E9,776110,776759
776662,41.886646,-87.80089,1.301919071E9,776110,776759
776662,41.886627,-87.800766,1.301919071E9,776110,776759
776662,41.886604,-87.80055,1.301919071E9,776110,776759
776662,41.886616,-87.80039,1.301919071E9,776110,776759
776662,41.88664,-87.80027,1.301919071E9,776110,776759
776662,41.88668,-87.800156,1.301919071E9,776110,776759
776662,41.886703,-87.80003,1.301919071E9,776110,776759
776662,41.886623,-87.79995,1.301919071E9,776110,776759
776662,41.88652,-87.79993,1.301919071E9,776110,776759
776662,41.886425,-87.79991,1.301919071E9,776110,776759
776662,41.886257,-87.79988,1.301919071E9,776110,776759
776662,41.88617,-87.79988,1.301919071E9,776110,776759
776662,41.886078,-87.79989,1.301919071E9,776110,776759
776662,41.885986,-87.79991,1.301919071E9,776110,776759
776662,41.885887,-87.799934,1.301919071E9,776110,776759
776662,41.885765,-87.79997,1.301919071E9,776110,776759
776662,41.8856,-87.79994,1.301919071E9,776110,776759
776662,41.88551,-87.79992,1.301919071E9,776110,776759
776662,41.885445,-87.799644,1.301919071E9,776110,776759
776662,41.885456,-87.79948,1.301919071E9,776110,776759
776662,41.88545,-87.79932,1.301919071E9,776110,776759
776662,41.885456,-87.79918,1.301919071E9,776110,776759
776662,41.885468,-87.79903,1.301919071E9,776110,776759
776662,41.885487,-87.79879,1.301919071E9,776110,776759
776662,41.885494,-87.79866,1.301919071E9,776110,776759
776662,41.885506,-87.79849,1.301919071E9,776110,776759
776662,41.88542,-87.79841,1.301919071E9,776110,776759
776662,41.885292,-87.79841,1.301919071E9,776110,776759
776662,41.885082,-87.79842,1.301919071E9,776110,776759
776662,41.884922,-87.798454,1.301919071E9,776110,776759
776662,41.88483,-87.79847,1.301919071E9,776110,776759
776662,41.884716,-87.79848,1.301919071E9,776110,776759
776662,41.88461,-87.79847,1.301919071E9,776110,776759
776662,41.884464,-87.798485,1.301919071E9,776110,776759
776662,41.884373,-87.79848,1.301919071E9,776110,776759
776662,41.884266,-87.79846,1.301919071E9,776110,776759
776662,41.88409,-87.79842,1.301919071E9,776110,776759
776662,41.883995,-87.79841,1.301919071E9,776110,776759
776662,41.8839,-87.79839,1.301919071E9,776110,776759
776662,41.883778,-87.79839,1.301919071E9,776110,776759
776662,41.883682,-87.798386,1.301919071E9,776110,776759
776662,41.883568,-87.79838,1.301919071E9,776110,776759
776662,41.883408,-87.798096,1.301919071E9,776110,776759
776662,41.883392,-87.79795,1.301919071E9,776110,776759
776662,41.883396,-87.79783,1.301919071E9,776110,776759
776662,41.883408,-87.7977,1.301919071E9,776110,776759
776662,41.883423,-87.79758,1.301919071E9,776110,776759
776662,41.883446,-87.797386,1.301919071E9,776110,776759
776662,41.88345,-87.79715,1.301919071E9,776110,776759
776662,41.883446,-87.79703,1.301919071E9,776110,776759
776662,41.88344,-87.79684,1.301919071E9,776110,776759
776662,41.88345,-87.796715,1.301919071E9,776110,776759
776662,41.883465,-87.796585,1.301919071E9,776110,776759
776662,41.88348,-87.796455,1.301919071E9,776110,776759
776662,41.883495,-87.79632,1.301919071E9,776110,776759
776662,41.883507,-87.79619,1.301919071E9,776110,776759
776662,41.883514,-87.79605,1.301919071E9,776110,776759
776662,41.88352,-87.79591,1.301919071E9,776110,776759
776662,41.88352,-87.795784,1.301919071E9,776110,776759
776662,41.88353,-87.79565,1.301919071E9,776110,776759
776662,41.883553,-87.79551,1.301919071E9,776110,776759
776662,41.88356,-87.79533,1.301919071E9,776110,776759
776662,41.88356,-87.7952,1.301919071E9,776110,776759
776662,41.88356,-87.795074,1.301919071E9,776110,776759
776662,41.883568,-87.794914,1.301919071E9,776110,776759
776662,41.88357,-87.79477,1.301919071E9,776110,776759
776662,41.883575,-87.79459,1.301919071E9,776110,776759
776662,41.883644,-87.79447,1.301919071E9,776110,776759
776662,41.88375,-87.794464,1.301919071E9,776110,776759
776662,41.883865,-87.79447,1.301919071E9,776110,776759
776662,41.883965,-87.79447,1.301919071E9,776110,776759
776662,41.884064,-87.79454,1.301919071E9,776110,776759
776662,41.884087,-87.79456,1.301919071E9,776110,776759
776662,41.87949,-87.626076,1.301919071E9,776110,776759
776662,41.878242,-87.62617,1.301919071E9,776110,776759
776662,41.878212,-87.62973,1.301919071E9,776110,776759
776662,41.883698,-87.79435,1.301919071E9,776110,776759
776662,41.8837,-87.79436,1.301919071E9,776110,776759
776662,41.88509,-87.7944,1.301919071E9,776110,776759
776662,41.88518,-87.7944,1.301919071E9,776110,776759
776662,41.88633,-87.79444,1.301919071E9,776110,776759
776662,41.88686,-87.79446,1.301919071E9,776110,776759
776662,41.88686,-87.79446,1.301919071E9,776110,776759
776662,41.88688,-87.7937,1.301919071E9,776110,776759
776662,41.878185,-87.6297,1.301919071E9,776110,776759
776662,41.878517,-87.62976,1.301919071E9,776110,776759
776662,41.878227,-87.62941,1.301919071E9,776110,776759
776662,41.87815,-87.62932,1.301919071E9,776110,776759
776662,41.877987,-87.6292,1.301919071E9,776110,776759
776662,41.879223,-87.629906,1.301919071E9,776110,776759
776662,41.87909,-87.627975,1.301919071E9,776110,776759
776662,41.87858,-87.62768,1.301919071E9,776110,776759
776662,41.878845,-87.6276,1.301919071E9,776110,776759
776662,41.878967,-87.6265,1.301919071E9,776110,776759
776662,41.878796,-87.627174,1.301919071E9,776110,776759
776662,41.87858,-87.62634,1.301919071E9,776110,776759
776662,41.87861,-87.626205,1.301919071E9,776110,776759
776662,41.87867,-87.62609,1.301919071E9,776110,776759
776662,41.878723,-87.62598,1.301919071E9,776110,776759
776662,41.878784,-87.62587,1.301919071E9,776110,776759
776662,41.88004,-87.62476,1.301919071E9,776110,776759
776662,41.87953,-87.62389,1.301919071E9,776110,776759
776662,41.879776,-87.626816,1.301919071E9,776110,776759
776662,41.8805,-87.62714,1.301919071E9,776110,776759
776662,41.88044,-87.627365,1.301919071E9,776110,776759
776662,41.88038,-87.62759,1.301919071E9,776110,776759
776662,41.880318,-87.627815,1.301919071E9,776110,776759
776662,41.880795,-87.62691,1.301919071E9,776110,776759
776662,41.880997,-87.626175,1.301919071E9,776110,776759
776662,41.88093,-87.62514,1.301919071E9,776110,776759
776662,41.881058,-87.62512,1.301919071E9,776110,776759
776662,41.880306,-87.6254,1.301919071E9,776110,776759
776662,41.88011,-87.625374,1.301919071E9,776110,776759
776662,41.879734,-87.625916,1.301919071E9,776110,776759
776662,41.879673,-87.626015,1.301919071E9,776110,776759
776662,41.87948,-87.6264,1.301919071E9,776110,776759
776662,41.8794,-87.62651,1.301919071E9,776110,776759
776662,41.879322,-87.62662,1.301919071E9,776110,776759
776662,41.879246,-87.62672,1.301919071E9,776110,776759
776662,41.87917,-87.62682,1.301919071E9,776110,776759
776662,41.880383,-87.62538,1.301919071E9,776110,776759
776662,41.88023,-87.62611,1.301919071E9,776110,776759
776662,41.88023,-87.626114,1.301919071E9,776110,776759
776662,41.886803,-87.80364,1.301919071E9,776110,776759
776662,41.88651,-87.80318,1.301919071E9,776110,776759
776662,41.88657,-87.80282,1.301919071E9,776110,776759
776662,41.88654,-87.80246,1.301919071E9,776110,776759
776662,41.886257,-87.8025,1.301919071E9,776110,776759
776662,41.88598,-87.802505,1.301919071E9,776110,776759
776662,41.885708,-87.802475,1.301919071E9,776110,776759
776662,41.885494,-87.80245,1.301919071E9,776110,776759
776662,41.885193,-87.80249,1.301919071E9,776110,776759
776662,41.88492,-87.8025,1.301919071E9,776110,776759
776662,41.88464,-87.80248,1.301919071E9,776110,776759
776662,41.88436,-87.80246,1.301919071E9,776110,776759
776662,41.884087,-87.80247,1.301919071E9,776110,776759
776662,41.883804,-87.80247,1.301919071E9,776110,776759
776662,41.883804,-87.80247,1.301919071E9,776110,776759
776662,41.883575,-87.802414,1.301919071E9,776110,776759
776662,41.883167,-87.80197,1.301919071E9,776110,776759
776662,41.883354,-87.8017,1.301919071E9,776110,776759
776662,41.88329,-87.80134,1.301919071E9,776110,776759
776662,41.8832