59
776662,20.797056,-156.48676,1.301919071E9,776110,776759
776662,20.797106,-156.48685,1.301919071E9,776110,776759
776662,20.797163,-156.48695,1.301919071E9,776110,776759
776662,20.797213,-156.48706,1.301919071E9,776110,776759
776662,20.797268,-156.48717,1.301919071E9,776110,776759
776662,20.797316,-156.48726,1.301919071E9,776110,776759
776662,20.797361,-156.48737,1.301919071E9,776110,776759
776662,20.797403,-156.48747,1.301919071E9,776110,776759
776662,20.797445,-156.48758,1.301919071E9,776110,776759
776662,20.797485,-156.48769,1.301919071E9,776110,776759
776662,20.797525,-156.4878,1.301919071E9,776110,776759
776662,20.797556,-156.4879,1.301919071E9,776110,776759
776662,20.797586,-156.488,1.301919071E9,776110,776759
776662,20.797623,-156.48811,1.301919071E9,776110,776759
776662,20.797655,-156.48822,1.301919071E9,776110,776759
776662,20.797688,-156.48833,1.301919071E9,776110,776759
776662,20.797726,-156.48842,1.301919071E9,776110,776759
776662,20.797754,-156.48853,1.301919071E9,776110,776759
776662,20.797785,-156.48863,1.301919071E9,776110,776759
776662,20.797812,-156.48875,1.301919071E9,776110,776759
776662,20.797838,-156.48886,1.301919071E9,776110,776759
776662,20.79787,-156.48897,1.301919071E9,776110,776759
776662,20.797903,-156.48909,1.301919071E9,776110,776759
776662,20.797922,-156.48921,1.301919071E9,776110,776759
776662,20.797949,-156.48932,1.301919071E9,776110,776759
776662,20.79798,-156.48944,1.301919071E9,776110,776759
776662,20.798012,-156.48956,1.301919071E9,776110,776759
776662,20.798038,-156.48967,1.301919071E9,776110,776759
776662,20.798067,-156.48978,1.301919071E9,776110,776759
776662,20.798105,-156.48988,1.301919071E9,776110,776759
776662,20.798141,-156.48999,1.301919071E9,776110,776759
776662,20.798182,-156.49008,1.301919071E9,776110,776759
776662,20.798216,-156.49019,1.301919071E9,776110,776759
776662,20.798239,-156.4903,1.301919071E9,776110,776759
776662,20.798262,-156.49042,1.301919071E9,776110,776759
776662,20.79828,-156.49052,1.301919071E9,776110,776759
776662,20.79831,-156.49063,1.301919071E9,776110,776759
776662,20.798342,-156.49075,1.301919071E9,776110,776759
776662,20.798372,-156.49086,1.301919071E9,776110,776759
776662,20.798395,-156.49097,1.301919071E9,776110,776759
776662,20.798426,-156.49107,1.301919071E9,776110,776759
776662,20.79845,-156.49118,1.301919071E9,776110,776759
776662,20.79848,-156.49129,1.301919071E9,776110,776759
776662,20.798513,-156.4914,1.301919071E9,776110,776759
776662,20.798553,-156.4915,1.301919071E9,776110,776759
776662,20.79859,-156.4916,1.301919071E9,776110,776759
776662,20.798609,-156.4917,1.301919071E9,776110,776759
776662,20.798632,-156.4918,1.301919071E9,776110,776759
776662,20.798664,-156.49193,1.301919071E9,776110,776759
776662,20.798693,-156.49203,1.301919071E9,776110,776759
776662,20.798735,-156.49214,1.301919071E9,776110,776759
776662,20.798767,-156.49225,1.301919071E9,776110,776759
776662,20.7988,-156.49236,1.301919071E9,776110,776759
776662,20.798828,-156.49246,1.301919071E9,776110,776759
776662,20.79886,-156.49257,1.301919071E9,776110,776759
776662,20.798891,-156.49269,1.301919071E9,776110,776759
776662,20.798922,-156.4928,1.301919071E9,776110,776759
776662,20.798948,-156.4929,1.301919071E9,776110,776759
776662,20.79898,-156.49301,1.301919071E9,776110,776759
776662,20.799015,-156.49313,1.301919071E9,776110,776759
776662,20.799046,-156.49324,1.301919071E9,776110,776759
776662,20.799076,-156.49335,1.301919071E9,776110,776759
776662,20.799109,-156.49347,1.301919071E9,776110,776759
776662,20.799149,-156.49358,1.301919071E9,776110,776759
776662,20.799183,-156.49367,1.301919071E9,776110,776759
776662,20.799213,-156.49379,1.301919071E9,776110,776759
776662,20.799248,-156.4939,1.301919071E9,776110,776759
776662,20.799284,-156.49402,1.301919071E9,776110,776759
776662,20.799313,-156.49411,1.301919071E9,776110,776759
776662,20.799337,-156.49423,1.301919071E9,776110,776759
776662,20.799372,-156.49434,1.301919071E9,776110,776759
776662,20.799395,-156.49445,1.301919071E9,776110,776759
776662,20.79942,-156.49455,1.301919071E9,776110,776759
776662,20.799448,-156.49466,1.301919071E9,776110,776759
776662,20.799482,-156.49477,1.301919071E9,776110,776759
776662,20.799513,-156.49487,1.301919071E9,776110,776759
776662,20.799547,-156.495,1.301919071E9,776110,776759
776662,20.799583,-156.4951,1.301919071E9,776110,776759
776662,20.799623,-156.49522,1.301919071E9,776110,776759
776662,20.799665,-156.49533,1.301919071E9,776110,776759
776662,20.79971,-156.49544,1.301919071E9,776110,776759
776662,20.799768,-156.49553,1.301919071E9,776110,776759
776662,20.799816,-156.49562,1.301919071E9,776110,776759
776662,20.799868,-156.4957,1.301919071E9,776110,776759
776662,20.799921,-156.49579,1.301919071E9,776110,776759
776662,20.79998,-156.49588,1.301919071E9,776110,776759
776662,20.800043,-156.49597,1.301919071E9,776110,776759
776662,20.800108,-156.49608,1.301919071E9,776110,776759
776662,20.800175,-156.49617,1.301919071E9,776110,776759
776662,20.80024,-156.49625,1.301919071E9,776110,776759
776662,20.800304,-156.49634,1.301919071E9,776110,776759
776662,20.80037,-156.49643,1.301919071E9,776110,776759
776662,20.80044,-156.4965,1.301919071E9,776110,776759
776662,20.8005,-156.4966,1.301919071E9,776110,776759
776662,20.800568,-156.49667,1.301919071E9,776110,776759
776662,20.800627,-156.49675,1.301919071E9,776110,776759
776662,20.80071,-156.49683,1.301919071E9,776110,776759
776662,20.800787,-156.4969,1.301919071E9,776110,776759
776662,20.800867,-156.497,1.301919071E9,776110,776759
776662,20.800945,-156.49707,1.301919071E9,776110,776759
776662,20.80102,-156.49713,1.301919071E9,776110,776759
776662,20.801107,-156.49721,1.301919071E9,776110,776759
776662,20.801188,-156.49727,1.301919071E9,776110,776759
776662,20.801268,-156.49734,1.301919071E9,776110,776759
776662,20.80134,-156.49742,1.301919071E9,776110,776759
776662,20.801422,-156.4975,1.301919071E9,776110,776759
776662,20.801516,-156.49756,1.301919071E9,776110,776759
776662,20.8016,-156.49763,1.301919071E9,776110,776759
776662,20.801674,-156.4977,1.301919071E9,776110,776759
776662,20.801756,-156.49777,1.301919071E9,776110,776759
776662,20.80183,-156.49785,1.301919071E9,776110,776759
776662,20.801918,-156.49792,1.301919071E9,776110,776759
776662,20.802008,-156.49799,1.301919071E9,776110,776759
776662,20.802088,-156.49805,1.301919071E9,776110,776759
776662,20.802158,-156.49812,1.301919071E9,776110,776759
776662,20.80224,-156.49817,1.301919071E9,776110,776759
776662,20.802315,-156.49821,1.301919071E9,776110,776759
776662,20.802385,-156.49829,1.301919071E9,776110,776759
776662,20.802462,-156.49837,1.301919071E9,776110,776759
776662,20.802536,-156.49843,1.301919071E9,776110,776759
776662,20.802618,-156.49849,1.301919071E9,776110,776759
776662,20.802702,-156.49857,1.301919071E9,776110,776759
776662,20.802769,-156.49863,1.301919071E9,776110,776759
776662,20.802843,-156.4987,1.301919071E9,776110,776759
776662,20.802933,-156.49878,1.301919071E9,776110,776759
776662,20.80302,-156.49887,1.301919071E9,776110,776759
776662,20.8031,-156.49895,1.301919071E9,776110,776759
776662,20.803179,-156.49902,1.301919071E9,776110,776759
776662,20.803253,-156.49908,1.301919071E9,776110,776759
776662,20.803339,-156.49915,1.301919071E9,776110,776759
776662,20.803415,-156.4992,1.301919071E9,776110,776759
776662,20.803497,-156.49927,1.301919071E9,776110,776759
776662,20.803585,-156.49933,1.301919071E9,776110,776759
776662,20.803665,-156.4994,1.301919071E9,776110,776759
776662,20.803743,-156.49947,1.301919071E9,776110,776759
776662,20.803827,-156.49953,1.301919071E9,776110,776759
776662,20.803913,-156.49959,1.301919071E9,776110,776759
776662,20.803991,-156.49966,1.301919071E9,776110,776759
776662,20.804068,-156.49973,1.301919071E9,776110,776759
776662,20.804146,-156.4998,1.301919071E9,776110,776759
776662,20.804209,-156.49986,1.301919071E9,776110,776759
776662,20.804283,-156.49992,1.301919071E9,776110,776759
776662,20.804363,-156.49998,1.301919071E9,776110,776759
776662,20.80445,-156.50006,1.301919071E9,77611