5766,1.301919071E9,776110,776759
776662,42.055355,-91.675735,1.301919071E9,776110,776759
776662,42.055477,-91.675705,1.301919071E9,776110,776759
776662,42.0556,-91.675674,1.301919071E9,776110,776759
776662,42.05572,-91.675644,1.301919071E9,776110,776759
776662,42.055843,-91.67561,1.301919071E9,776110,776759
776662,42.055965,-91.67558,1.301919071E9,776110,776759
776662,42.05609,-91.67555,1.301919071E9,776110,776759
776662,42.056213,-91.67552,1.301919071E9,776110,776759
776662,42.05634,-91.6755,1.301919071E9,776110,776759
776662,42.05647,-91.67546,1.301919071E9,776110,776759
776662,42.056602,-91.67543,1.301919071E9,776110,776759
776662,42.05674,-91.67541,1.301919071E9,776110,776759
776662,42.056877,-91.67537,1.301919071E9,776110,776759
776662,42.057014,-91.67534,1.301919071E9,776110,776759
776662,42.057156,-91.67531,1.301919071E9,776110,776759
776662,42.057293,-91.67527,1.301919071E9,776110,776759
776662,42.05743,-91.67524,1.301919071E9,776110,776759
776662,42.057556,-91.67522,1.301919071E9,776110,776759
776662,42.057674,-91.6752,1.301919071E9,776110,776759
776662,42.05779,-91.67517,1.301919071E9,776110,776759
776662,42.057907,-91.67514,1.301919071E9,776110,776759
776662,42.05802,-91.67512,1.301919071E9,776110,776759
776662,42.05813,-91.67509,1.301919071E9,776110,776759
776662,42.05824,-91.675064,1.301919071E9,776110,776759
776662,42.058342,-91.67504,1.301919071E9,776110,776759
776662,42.058437,-91.67502,1.301919071E9,776110,776759
776662,42.05852,-91.674995,1.301919071E9,776110,776759
776662,42.05862,-91.67497,1.301919071E9,776110,776759
776662,42.05873,-91.67495,1.301919071E9,776110,776759
776662,42.05881,-91.67493,1.301919071E9,776110,776759
776662,42.058907,-91.674904,1.301919071E9,776110,776759
776662,42.059,-91.67489,1.301919071E9,776110,776759
776662,42.059093,-91.674866,1.301919071E9,776110,776759
776662,42.059185,-91.67484,1.301919071E9,776110,776759
776662,42.05928,-91.67482,1.301919071E9,776110,776759
776662,42.05938,-91.6748,1.301919071E9,776110,776759
776662,42.059486,-91.67477,1.301919071E9,776110,776759
776662,42.059597,-91.67475,1.301919071E9,776110,776759
776662,42.05971,-91.67472,1.301919071E9,776110,776759
776662,42.05983,-91.67469,1.301919071E9,776110,776759
776662,42.059944,-91.67467,1.301919071E9,776110,776759
776662,42.060413,-91.67456,1.301919071E9,776110,776759
776662,42.06053,-91.67453,1.301919071E9,776110,776759
776662,42.060654,-91.6745,1.301919071E9,776110,776759
776662,42.060776,-91.67447,1.301919071E9,776110,776759
776662,42.060898,-91.67444,1.301919071E9,776110,776759
776662,42.06103,-91.674416,1.301919071E9,776110,776759
776662,42.061176,-91.674385,1.301919071E9,776110,776759
776662,42.061325,-91.674355,1.301919071E9,776110,776759
776662,42.061474,-91.67432,1.301919071E9,776110,776759
776662,42.061623,-91.674286,1.301919071E9,776110,776759
776662,42.06177,-91.674255,1.301919071E9,776110,776759
776662,42.061928,-91.67422,1.301919071E9,776110,776759
776662,42.06208,-91.67419,1.301919071E9,776110,776759
776662,42.062237,-91.67415,1.301919071E9,776110,776759
776662,42.062386,-91.67411,1.301919071E9,776110,776759
776662,42.06254,-91.67408,1.301919071E9,776110,776759
776662,42.062683,-91.67405,1.301919071E9,776110,776759
776662,42.06282,-91.67402,1.301919071E9,776110,776759
776662,42.062958,-91.67398,1.301919071E9,776110,776759
776662,42.0631,-91.67395,1.301919071E9,776110,776759
776662,42.063232,-91.67392,1.301919071E9,776110,776759
776662,42.063362,-91.67389,1.301919071E9,776110,776759
776662,42.06349,-91.67386,1.301919071E9,776110,776759
776662,42.063625,-91.67383,1.301919071E9,776110,776759
776662,42.063755,-91.673805,1.301919071E9,776110,776759
776662,42.063885,-91.673775,1.301919071E9,776110,776759
776662,42.06401,-91.673744,1.301919071E9,776110,776759
776662,42.064144,-91.67371,1.301919071E9,776110,776759
776662,42.064278,-91.67368,1.301919071E9,776110,776759
776662,42.06441,-91.67365,1.301919071E9,776110,776759
776662,42.064545,-91.67363,1.301919071E9,776110,776759
776662,42.06468,-91.6736,1.301919071E9,776110,776759
776662,42.064816,-91.67357,1.301919071E9,776110,776759
776662,42.064957,-91.67354,1.301919071E9,776110,776759
776662,42.065094,-91.67351,1.301919071E9,776110,776759
776662,42.065228,-91.67348,1.301919071E9,776110,776759
776662,42.06536,-91.67345,1.301919071E9,776110,776759
776662,42.065483,-91.67341,1.301919071E9,776110,776759
776662,42.065605,-91.673386,1.301919071E9,776110,776759
776662,42.065727,-91.673355,1.301919071E9,776110,776759
776662,42.06585,-91.67333,1.301919071E9,776110,776759
776662,42.065968,-91.6733,1.301919071E9,776110,776759
776662,42.066086,-91.67328,1.301919071E9,776110,776759
776662,42.066196,-91.673256,1.301919071E9,776110,776759
776662,42.0663,-91.67323,1.301919071E9,776110,776759
776662,42.066402,-91.67322,1.301919071E9,776110,776759
776662,42.06651,-91.67325,1.301919071E9,776110,776759
776662,42.06662,-91.67329,1.301919071E9,776110,776759
776662,42.06673,-91.673325,1.301919071E9,776110,776759
776662,42.066837,-91.67336,1.301919071E9,776110,776759
776662,42.066933,-91.6734,1.301919071E9,776110,776759
776662,42.067017,-91.673416,1.301919071E9,776110,776759
776662,42.067116,-91.67338,1.301919071E9,776110,776759
776662,42.06716,-91.67328,1.301919071E9,776110,776759
776662,42.067192,-91.67314,1.301919071E9,776110,776759
776662,42.067238,-91.67304,1.301919071E9,776110,776759
776662,42.06732,-91.67299,1.301919071E9,776110,776759
776662,42.06743,-91.67296,1.301919071E9,776110,776759
776662,42.06754,-91.67293,1.301919071E9,776110,776759
776662,42.067657,-91.6729,1.301919071E9,776110,776759
776662,42.06778,-91.672874,1.301919071E9,776110,776759
776662,42.067898,-91.672844,1.301919071E9,776110,776759
776662,42.06802,-91.67281,1.301919071E9,776110,776759
776662,42.068146,-91.67278,1.301919071E9,776110,776759
776662,42.06827,-91.67275,1.301919071E9,776110,776759
776662,42.068394,-91.67272,1.301919071E9,776110,776759
776662,42.068512,-91.67269,1.301919071E9,776110,776759
776662,42.068634,-91.67267,1.301919071E9,776110,776759
776662,42.06876,-91.672646,1.301919071E9,776110,776759
776662,42.068886,-91.672615,1.301919071E9,776110,776759
776662,42.069016,-91.672585,1.301919071E9,776110,776759
776662,42.069138,-91.67256,1.301919071E9,776110,776759
776662,42.069267,-91.67253,1.301919071E9,776110,776759
776662,42.069393,-91.6725,1.301919071E9,776110,776759
776662,42.06951,-91.67247,1.301919071E9,776110,776759
776662,42.069633,-91.67244,1.301919071E9,776110,776759
776662,42.069756,-91.67242,1.301919071E9,776110,776759
776662,42.069866,-91.672386,1.301919071E9,776110,776759
776662,42.06998,-91.67236,1.301919071E9,776110,776759
776662,42.0701,-91.67233,1.301919071E9,776110,776759
776662,42.070213,-91.67231,1.301919071E9,776110,776759
776662,42.07034,-91.67228,1.301919071E9,776110,776759
776662,42.070465,-91.67225,1.301919071E9,776110,776759
776662,42.07059,-91.67222,1.301919071E9,776110,776759
776662,42.07071,-91.67219,1.301919071E9,776110,776759
776662,42.07083,-91.672165,1.301919071E9,776110,776759
776662,42.07095,-91.67214,1.301919071E9,776110,776759
776662,42.07107,-91.67211,1.301919071E9,776110,776759
776662,42.07119,-91.67208,1.301919071E9,776110,776759
776662,42.0713,-91.672066,1.301919071E9,776110,776759
776662,42.071404,-91.67204,1.301919071E9,776110,776759
776662,42.071514,-91.67202,1.301919071E9,776110,776759
776662,42.071632,-91.67199,1.301919071E9,776110,776759
776662,42.07175,-91.67195,1.301919071E9,776110,776759
776662,42.071865,-91.67193,1.301919071E9,776110,776759
776662,42.071976,-91.671906,1.301919071E9,776110,776759
776662,42.072083,-91.671875,1.301919071E9,776110,776759
776662,42.07219,-91.67185,1.301919071E9,776110,776759
776662,42.07229,-91.67183,1.301919071E9,776110,776759
776662,42.072384,-91.6718,1.301919071E9,776110,776759
776662,42.072483,-91.67178,1.301919071E9,776110,776759
776662,42.07258,-91.67176,1.301919071E9,776110,776759
776662,42.072678,-91.671745,1.301919071E9,776110,776759
776662,42.072777,-91.67172,1.301919071E9,776110,776759
776662,42.072872,-91.6717,1.301919071