9
776662,48.864388,2.318903,1.301919071E9,776110,776759
776662,48.864437,2.318776,1.301919071E9,776110,776759
776662,48.864487,2.318647,1.301919071E9,776110,776759
776662,48.86441,2.31876,1.301919071E9,776110,776759
776662,48.864346,2.318873,1.301919071E9,776110,776759
776662,48.86429,2.319002,1.301919071E9,776110,776759
776662,48.864216,2.319126,1.301919071E9,776110,776759
776662,48.86416,2.31928,1.301919071E9,776110,776759
776662,48.86412,2.319418,1.301919071E9,776110,776759
776662,48.864075,2.319542,1.301919071E9,776110,776759
776662,48.86404,2.319696,1.301919071E9,776110,776759
776662,48.863995,2.319855,1.301919071E9,776110,776759
776662,48.86395,2.320001,1.301919071E9,776110,776759
776662,48.86389,2.320127,1.301919071E9,776110,776759
776662,48.863853,2.320274,1.301919071E9,776110,776759
776662,48.86378,2.320368,1.301919071E9,776110,776759
776662,48.863754,2.320504,1.301919071E9,776110,776759
776662,48.863716,2.320674,1.301919071E9,776110,776759
776662,48.863686,2.320805,1.301919071E9,776110,776759
776662,48.863663,2.320941,1.301919071E9,776110,776759
776662,48.863632,2.321084,1.301919071E9,776110,776759
776662,48.863586,2.321203,1.301919071E9,776110,776759
776662,48.86352,2.321341,1.301919071E9,776110,776759
776662,48.863476,2.321458,1.301919071E9,776110,776759
776662,48.863415,2.32159,1.301919071E9,776110,776759
776662,48.86338,2.321718,1.301919071E9,776110,776759
776662,48.863346,2.32186,1.301919071E9,776110,776759
776662,48.86332,2.322021,1.301919071E9,776110,776759
776662,48.863285,2.322165,1.301919071E9,776110,776759
776662,48.863224,2.322295,1.301919071E9,776110,776759
776662,48.863197,2.322441,1.301919071E9,776110,776759
776662,48.863144,2.322569,1.301919071E9,776110,776759
776662,48.8631,2.322698,1.301919071E9,776110,776759
776662,48.863033,2.32284,1.301919071E9,776110,776759
776662,48.862972,2.32299,1.301919071E9,776110,776759
776662,48.862896,2.323121,1.301919071E9,776110,776759
776662,48.862846,2.32324,1.301919071E9,776110,776759
776662,48.862804,2.32338,1.301919071E9,776110,776759
776662,48.862785,2.323515,1.301919071E9,776110,776759
776662,48.86274,2.323671,1.301919071E9,776110,776759
776662,48.86271,2.323808,1.301919071E9,776110,776759
776662,48.862663,2.323958,1.301919071E9,776110,776759
776662,48.86261,2.324092,1.301919071E9,776110,776759
776662,48.862545,2.324204,1.301919071E9,776110,776759
776662,48.862507,2.324355,1.301919071E9,776110,776759
776662,48.862488,2.324497,1.301919071E9,776110,776759
776662,48.86247,2.324636,1.301919071E9,776110,776759
776662,48.86242,2.324792,1.301919071E9,776110,776759
776662,48.862366,2.324925,1.301919071E9,776110,776759
776662,48.862328,2.325068,1.301919071E9,776110,776759
776662,48.86225,2.325154,1.301919071E9,776110,776759
776662,48.86216,2.325243,1.301919071E9,776110,776759
776662,48.86209,2.32535,1.301919071E9,776110,776759
776662,48.86204,2.325474,1.301919071E9,776110,776759
776662,48.861996,2.325599,1.301919071E9,776110,776759
776662,48.861958,2.325771,1.301919071E9,776110,776759
776662,48.86193,2.325903,1.301919071E9,776110,776759
776662,48.861893,2.326068,1.301919071E9,776110,776759
776662,48.86186,2.326224,1.301919071E9,776110,776759
776662,48.86182,2.326371,1.301919071E9,776110,776759
776662,48.86178,2.326507,1.301919071E9,776110,776759
776662,48.86173,2.326659,1.301919071E9,776110,776759
776662,48.861687,2.326796,1.301919071E9,776110,776759
776662,48.86167,2.326939,1.301919071E9,776110,776759
776662,48.861633,2.327088,1.301919071E9,776110,776759
776662,48.861595,2.327241,1.301919071E9,776110,776759
776662,48.861553,2.327365,1.301919071E9,776110,776759
776662,48.861504,2.327499,1.301919071E9,776110,776759
776662,48.861465,2.327629,1.301919071E9,776110,776759
776662,48.861427,2.327771,1.301919071E9,776110,776759
776662,48.86138,2.327912,1.301919071E9,776110,776759
776662,48.861317,2.328054,1.301919071E9,776110,776759
776662,48.86125,2.328185,1.301919071E9,776110,776759
776662,48.861217,2.328328,1.301919071E9,776110,776759
776662,48.861176,2.328454,1.301919071E9,776110,776759
776662,48.861145,2.328583,1.301919071E9,776110,776759
776662,48.861115,2.328734,1.301919071E9,776110,776759
776662,48.861076,2.328891,1.301919071E9,776110,776759
776662,48.86103,2.329054,1.301919071E9,776110,776759
776662,48.861004,2.329197,1.301919071E9,776110,776759
776662,48.86097,2.329328,1.301919071E9,776110,776759
776662,48.860954,2.329472,1.301919071E9,776110,776759
776662,48.860897,2.329577,1.301919071E9,776110,776759
776662,48.860855,2.329708,1.301919071E9,776110,776759
776662,48.860844,2.329866,1.301919071E9,776110,776759
776662,48.860786,2.329991,1.301919071E9,776110,776759
776662,48.86073,2.330108,1.301919071E9,776110,776759
776662,48.860645,2.330181,1.301919071E9,776110,776759
776662,48.860554,2.330151,1.301919071E9,776110,776759
776662,48.86048,2.33006,1.301919071E9,776110,776759
776662,48.86036,2.32999,1.301919071E9,776110,776759
776662,48.860275,2.329928,1.301919071E9,776110,776759
776662,48.860188,2.329865,1.301919071E9,776110,776759
776662,48.860104,2.329812,1.301919071E9,776110,776759
776662,48.86,2.329754,1.301919071E9,776110,776759
776662,48.85992,2.329674,1.301919071E9,776110,776759
776662,48.85984,2.329596,1.301919071E9,776110,776759
776662,48.859756,2.329525,1.301919071E9,776110,776759
776662,48.859707,2.329392,1.301919071E9,776110,776759
776662,48.85968,2.329246,1.301919071E9,776110,776759
776662,48.85972,2.329102,1.301919071E9,776110,776759
776662,48.859783,2.328976,1.301919071E9,776110,776759
776662,48.859818,2.328821,1.301919071E9,776110,776759
776662,48.85985,2.328694,1.301919071E9,776110,776759
776662,48.859898,2.328554,1.301919071E9,776110,776759
776662,48.859947,2.328411,1.301919071E9,776110,776759
776662,48.85999,2.328288,1.301919071E9,776110,776759
776662,48.860012,2.32823,1.301919071E9,776110,776759
776662,48.860004,2.328075,1.301919071E9,776110,776759
776662,48.85999,2.327978,1.301919071E9,776110,776759
776662,48.85995,2.327839,1.301919071E9,776110,776759
776662,48.86003,2.32773,1.301919071E9,776110,776759
776662,48.860092,2.327599,1.301919071E9,776110,776759
776662,48.860146,2.327474,1.301919071E9,776110,776759
776662,48.86018,2.327332,1.301919071E9,776110,776759
776662,48.860214,2.327204,1.301919071E9,776110,776759
776662,48.860252,2.327063,1.301919071E9,776110,776759
776662,48.8603,2.326907,1.301919071E9,776110,776759
776662,48.860348,2.326781,1.301919071E9,776110,776759
776662,48.8604,2.32662,1.301919071E9,776110,776759
776662,48.86043,2.326481,1.301919071E9,776110,776759
776662,48.860474,2.326337,1.301919071E9,776110,776759
776662,48.860516,2.326199,1.301919071E9,776110,776759
776662,48.86055,2.326056,1.301919071E9,776110,776759
776662,48.86061,2.325936,1.301919071E9,776110,776759
776662,48.860664,2.325791,1.301919071E9,776110,776759
776662,48.86066,2.325611,1.301919071E9,776110,776759
776662,48.860634,2.325473,1.301919071E9,776110,776759
776662,48.86059,2.32531,1.301919071E9,776110,776759
776662,48.860542,2.325154,1.301919071E9,776110,776759
776662,48.860466,2.325068,1.301919071E9,776110,776759
776662,48.860394,2.324983,1.301919071E9,776110,776759
776662,48.860294,2.324934,1.301919071E9,776110,776759
776662,48.86025,2.324942,1.301919071E9,776110,776759
776662,48.86016,2.32499,1.301919071E9,776110,776759
776662,48.860172,2.324999,1.301919071E9,776110,776759
776662,48.860203,2.324892,1.301919071E9,776110,776759
776662,48.860207,2.324903,1.301919071E9,776110,776759
776662,48.86029,2.324927,1.301919071E9,776110,776759
776662,48.86038,2.325041,1.301919071E9,776110,776759
776662,48.86045,2.325125,1.301919071E9,776110,776759
776662,48.860546,2.32521,1.301919071E9,776110,776759
776662,48.860615,2.325312,1.301919071E9,776110,776759
776662,48.860615,2.325312,1.301919071E9,776110,776759
776662,48.860615,2.325459,1.301919071E9,776110,776759
776662,48.860653,2.325585,1.301919071E9,776110,776759
776662,48.860737,2.325663,1.301919071E9,776110,776759
776662,48.86081,2.325633,1.301919071E9,776110,776759
776662,48.86088,2.325466,1.301919071E9,776110,776759
776662,48.860905,2.325407,1.301919