10,776759
776662,25.86841,-80.38177,1.301919071E9,776110,776759
776662,25.868397,-80.38167,1.301919071E9,776110,776759
776662,25.868395,-80.38155,1.301919071E9,776110,776759
776662,25.868399,-80.38142,1.301919071E9,776110,776759
776662,25.8684,-80.38129,1.301919071E9,776110,776759
776662,25.868404,-80.381165,1.301919071E9,776110,776759
776662,25.868406,-80.38103,1.301919071E9,776110,776759
776662,25.86841,-80.38089,1.301919071E9,776110,776759
776662,25.86841,-80.380745,1.301919071E9,776110,776759
776662,25.86841,-80.380615,1.301919071E9,776110,776759
776662,25.868412,-80.3805,1.301919071E9,776110,776759
776662,25.868412,-80.38037,1.301919071E9,776110,776759
776662,25.868414,-80.380226,1.301919071E9,776110,776759
776662,25.868408,-80.38009,1.301919071E9,776110,776759
776662,25.8684,-80.379944,1.301919071E9,776110,776759
776662,25.868382,-80.37979,1.301919071E9,776110,776759
776662,25.868357,-80.379654,1.301919071E9,776110,776759
776662,25.86832,-80.37947,1.301919071E9,776110,776759
776662,25.868292,-80.37935,1.301919071E9,776110,776759
776662,25.868006,-80.37935,1.301919071E9,776110,776759
776662,25.867918,-80.37938,1.301919071E9,776110,776759
776662,25.86779,-80.37942,1.301919071E9,776110,776759
776662,25.867695,-80.379456,1.301919071E9,776110,776759
776662,25.867605,-80.379486,1.301919071E9,776110,776759
776662,25.867481,-80.37953,1.301919071E9,776110,776759
776662,25.86736,-80.37958,1.301919071E9,776110,776759
776662,25.867245,-80.379616,1.301919071E9,776110,776759
776662,25.867151,-80.37965,1.301919071E9,776110,776759
776662,25.86701,-80.37969,1.301919071E9,776110,776759
776662,25.86691,-80.379715,1.301919071E9,776110,776759
776662,25.866756,-80.379745,1.301919071E9,776110,776759
776662,25.86653,-80.37975,1.301919071E9,776110,776759
776662,25.866411,-80.37975,1.301919071E9,776110,776759
776662,25.86628,-80.37975,1.301919071E9,776110,776759
776662,25.86616,-80.379745,1.301919071E9,776110,776759
776662,25.866035,-80.379745,1.301919071E9,776110,776759
776662,25.865894,-80.379745,1.301919071E9,776110,776759
776662,25.865774,-80.37974,1.301919071E9,776110,776759
776662,25.865673,-80.37974,1.301919071E9,776110,776759
776662,25.865566,-80.37974,1.301919071E9,776110,776759
776662,25.86545,-80.37973,1.301919071E9,776110,776759
776662,25.865328,-80.37973,1.301919071E9,776110,776759
776662,25.865194,-80.37972,1.301919071E9,776110,776759
776662,25.865068,-80.37972,1.301919071E9,776110,776759
776662,25.864935,-80.379715,1.301919071E9,776110,776759
776662,25.864786,-80.379715,1.301919071E9,776110,776759
776662,25.864637,-80.37971,1.301919071E9,776110,776759
776662,25.864521,-80.3797,1.301919071E9,776110,776759
776662,25.8644,-80.3797,1.301919071E9,776110,776759
776662,25.864273,-80.37969,1.301919071E9,776110,776759
776662,25.864141,-80.37969,1.301919071E9,776110,776759
776662,25.864067,-80.379776,1.301919071E9,776110,776759
776662,25.863943,-80.379776,1.301919071E9,776110,776759
776662,25.863878,-80.379684,1.301919071E9,776110,776759
776662,25.86374,-80.37968,1.301919071E9,776110,776759
776662,25.863613,-80.37968,1.301919071E9,776110,776759
776662,25.863482,-80.37967,1.301919071E9,776110,776759
776662,25.863365,-80.37967,1.301919071E9,776110,776759
776662,25.863235,-80.37966,1.301919071E9,776110,776759
776662,25.863115,-80.37966,1.301919071E9,776110,776759
776662,25.862995,-80.379654,1.301919071E9,776110,776759
776662,25.862879,-80.379654,1.301919071E9,776110,776759
776662,25.862768,-80.37965,1.301919071E9,776110,776759
776662,25.862654,-80.37965,1.301919071E9,776110,776759
776662,25.862528,-80.37964,1.301919071E9,776110,776759
776662,25.862423,-80.37964,1.301919071E9,776110,776759
776662,25.862293,-80.37963,1.301919071E9,776110,776759
776662,25.86217,-80.37963,1.301919071E9,776110,776759
776662,25.862045,-80.37962,1.301919071E9,776110,776759
776662,25.86191,-80.37962,1.301919071E9,776110,776759
776662,25.861797,-80.379616,1.301919071E9,776110,776759
776662,25.86166,-80.379616,1.301919071E9,776110,776759
776662,25.861475,-80.37961,1.301919071E9,776110,776759
776662,25.861334,-80.3796,1.301919071E9,776110,776759
776662,25.86122,-80.37959,1.301919071E9,776110,776759
776662,25.861084,-80.379585,1.301919071E9,776110,776759
776662,25.860975,-80.37957,1.301919071E9,776110,776759
776662,25.860884,-80.37954,1.301919071E9,776110,776759
776662,25.860788,-80.37951,1.301919071E9,776110,776759
776662,25.860664,-80.37946,1.301919071E9,776110,776759
776662,25.860546,-80.379395,1.301919071E9,776110,776759
776662,25.860432,-80.37931,1.301919071E9,776110,776759
776662,25.86035,-80.37925,1.301919071E9,776110,776759
776662,25.860231,-80.379166,1.301919071E9,776110,776759
776662,25.860092,-80.37908,1.301919071E9,776110,776759
776662,25.859987,-80.379036,1.301919071E9,776110,776759
776662,25.85984,-80.37898,1.301919071E9,776110,776759
776662,25.859749,-80.37896,1.301919071E9,776110,776759
776662,25.859655,-80.37894,1.301919071E9,776110,776759
776662,25.859537,-80.37892,1.301919071E9,776110,776759
776662,25.859388,-80.378914,1.301919071E9,776110,776759
776662,25.859245,-80.378914,1.301919071E9,776110,776759
776662,25.859125,-80.378914,1.301919071E9,776110,776759
776662,25.859005,-80.37891,1.301919071E9,776110,776759
776662,25.85889,-80.37891,1.301919071E9,776110,776759
776662,25.858776,-80.37891,1.301919071E9,776110,776759
776662,25.85865,-80.3789,1.301919071E9,776110,776759
776662,25.858545,-80.3789,1.301919071E9,776110,776759
776662,25.85842,-80.3789,1.301919071E9,776110,776759
776662,25.85831,-80.37889,1.301919071E9,776110,776759
776662,25.858198,-80.37889,1.301919071E9,776110,776759
776662,25.858072,-80.37888,1.301919071E9,776110,776759
776662,25.857946,-80.37888,1.301919071E9,776110,776759
776662,25.85783,-80.378876,1.301919071E9,776110,776759
776662,25.857723,-80.378876,1.301919071E9,776110,776759
776662,25.8576,-80.37887,1.301919071E9,776110,776759
776662,25.857502,-80.37887,1.301919071E9,776110,776759
776662,25.857391,-80.37887,1.301919071E9,776110,776759
776662,25.857271,-80.37886,1.301919071E9,776110,776759
776662,25.857101,-80.37885,1.301919071E9,776110,776759
776662,25.856976,-80.37885,1.301919071E9,776110,776759
776662,25.85684,-80.378845,1.301919071E9,776110,776759
776662,25.856714,-80.37884,1.301919071E9,776110,776759
776662,25.856602,-80.37884,1.301919071E9,776110,776759
776662,25.856506,-80.37883,1.301919071E9,776110,776759
776662,25.856356,-80.37909,1.301919071E9,776110,776759
776662,25.856356,-80.37922,1.301919071E9,776110,776759
776662,25.856356,-80.37938,1.301919071E9,776110,776759
776662,25.856354,-80.379524,1.301919071E9,776110,776759
776662,25.856354,-80.37968,1.301919071E9,776110,776759
776662,25.856354,-80.379814,1.301919071E9,776110,776759
776662,25.856352,-80.37996,1.301919071E9,776110,776759
776662,25.856352,-80.38011,1.301919071E9,776110,776759
776662,25.856352,-80.380295,1.301919071E9,776110,776759
776662,25.85635,-80.38044,1.301919071E9,776110,776759
776662,25.85635,-80.38058,1.301919071E9,776110,776759
776662,25.85635,-80.380714,1.301919071E9,776110,776759
776662,25.85635,-80.380844,1.301919071E9,776110,776759
776662,25.856348,-80.38099,1.301919071E9,776110,776759
776662,25.856348,-80.38112,1.301919071E9,776110,776759
776662,25.856346,-80.38125,1.301919071E9,776110,776759
776662,25.856346,-80.381386,1.301919071E9,776110,776759
776662,25.856346,-80.38154,1.301919071E9,776110,776759
776662,25.856344,-80.38168,1.301919071E9,776110,776759
776662,25.856344,-80.381836,1.301919071E9,776110,776759
776662,25.856344,-80.38199,1.301919071E9,776110,776759
776662,25.856344,-80.38213,1.301919071E9,776110,776759
776662,25.856342,-80.38228,1.301919071E9,776110,776759
776662,25.856342,-80.38242,1.301919071E9,776110,776759
776662,25.856342,-80.382576,1.301919071E9,776110,776759
776662,25.85634,-80.382706,1.301919071E9,776110,776759
776662,25.856413,-80.382774,1.301919071E9,776110,776759
776662,25.856426,-80.38292,1.301919071E9,776110,776759
776662,25.85634,-80.382996,1.301919071E9,776110,776759
776662,25.85634,-80.38314,1.301919071E9,776110,776759
776662,25.856339,-8