,776110,776759
776662,38.09384,-97.90757,1.301919071E9,776110,776759
776662,38.093834,-97.90771,1.301919071E9,776110,776759
776662,38.093834,-97.907845,1.301919071E9,776110,776759
776662,38.093834,-97.90799,1.301919071E9,776110,776759
776662,38.09384,-97.90813,1.301919071E9,776110,776759
776662,38.093845,-97.90827,1.301919071E9,776110,776759
776662,38.093853,-97.90842,1.301919071E9,776110,776759
776662,38.09385,-97.908554,1.301919071E9,776110,776759
776662,38.09385,-97.9087,1.301919071E9,776110,776759
776662,38.09385,-97.90884,1.301919071E9,776110,776759
776662,38.093845,-97.90897,1.301919071E9,776110,776759
776662,38.093845,-97.909096,1.301919071E9,776110,776759
776662,38.09386,-97.90922,1.301919071E9,776110,776759
776662,38.093903,-97.90933,1.301919071E9,776110,776759
776662,38.09392,-97.90946,1.301919071E9,776110,776759
776662,38.093933,-97.90958,1.301919071E9,776110,776759
776662,38.09394,-97.90968,1.301919071E9,776110,776759
776662,38.093895,-97.90985,1.301919071E9,776110,776759
776662,38.093765,-97.909805,1.301919071E9,776110,776759
776662,38.093674,-97.909836,1.301919071E9,776110,776759
776662,38.093628,-97.90994,1.301919071E9,776110,776759
776662,38.093628,-97.90994,1.301919071E9,776110,776759
776662,38.093945,-97.90938,1.301919071E9,776110,776759
776662,38.093906,-97.90926,1.301919071E9,776110,776759
776662,38.0939,-97.90914,1.301919071E9,776110,776759
776662,38.0939,-97.90903,1.301919071E9,776110,776759
776662,38.0939,-97.9089,1.301919071E9,776110,776759
776662,38.0939,-97.908775,1.301919071E9,776110,776759
776662,38.093864,-97.90864,1.301919071E9,776110,776759
776662,38.09387,-97.90851,1.301919071E9,776110,776759
776662,38.093876,-97.9084,1.301919071E9,776110,776759
776662,38.093876,-97.908295,1.301919071E9,776110,776759
776662,38.093876,-97.908165,1.301919071E9,776110,776759
776662,38.09388,-97.90806,1.301919071E9,776110,776759
776662,38.093884,-97.90792,1.301919071E9,776110,776759
776662,38.093876,-97.90779,1.301919071E9,776110,776759
776662,38.09388,-97.90765,1.301919071E9,776110,776759
776662,38.093884,-97.907524,1.301919071E9,776110,776759
776662,38.09391,-97.90741,1.301919071E9,776110,776759
776662,38.0939,-97.90729,1.301919071E9,776110,776759
776662,38.093864,-97.90719,1.301919071E9,776110,776759
776662,38.093834,-97.90707,1.301919071E9,776110,776759
776662,38.09383,-97.90691,1.301919071E9,776110,776759
776662,38.093826,-97.906784,1.301919071E9,776110,776759
776662,38.09383,-97.90666,1.301919071E9,776110,776759
776662,38.09383,-97.90655,1.301919071E9,776110,776759
776662,38.09384,-97.90644,1.301919071E9,776110,776759
776662,38.093845,-97.9063,1.301919071E9,776110,776759
776662,38.09384,-97.90617,1.301919071E9,776110,776759
776662,38.093845,-97.906044,1.301919071E9,776110,776759
776662,38.09384,-97.905914,1.301919071E9,776110,776759
776662,38.093838,-97.905785,1.301919071E9,776110,776759
776662,38.09384,-97.90566,1.301919071E9,776110,776759
776662,38.09384,-97.90555,1.301919071E9,776110,776759
776662,38.093838,-97.90543,1.301919071E9,776110,776759
776662,38.09384,-97.90531,1.301919071E9,776110,776759
776662,38.093838,-97.90518,1.301919071E9,776110,776759
776662,38.093834,-97.90505,1.301919071E9,776110,776759
776662,38.093834,-97.90493,1.301919071E9,776110,776759
776662,38.093834,-97.90481,1.301919071E9,776110,776759
776662,38.09382,-97.90469,1.301919071E9,776110,776759
776662,38.09376,-97.90454,1.301919071E9,776110,776759
776662,38.093678,-97.90446,1.301919071E9,776110,776759
776662,38.09359,-97.90442,1.301919071E9,776110,776759
776662,38.093487,-97.90441,1.301919071E9,776110,776759
776662,38.093388,-97.90441,1.301919071E9,776110,776759
776662,38.0933,-97.90441,1.301919071E9,776110,776759
776662,38.0932,-97.90441,1.301919071E9,776110,776759
776662,38.09311,-97.90442,1.301919071E9,776110,776759
776662,38.09301,-97.90442,1.301919071E9,776110,776759
776662,38.09293,-97.90441,1.301919071E9,776110,776759
776662,38.092846,-97.90441,1.301919071E9,776110,776759
776662,38.092762,-97.90442,1.301919071E9,776110,776759
776662,38.092655,-97.90441,1.301919071E9,776110,776759
776662,38.09257,-97.9044,1.301919071E9,776110,776759
776662,38.092464,-97.9044,1.301919071E9,776110,776759
776662,38.09238,-97.9044,1.301919071E9,776110,776759
776662,38.092293,-97.9044,1.301919071E9,776110,776759
776662,38.092182,-97.9044,1.301919071E9,776110,776759
776662,38.0921,-97.90441,1.301919071E9,776110,776759
776662,38.09201,-97.90441,1.301919071E9,776110,776759
776662,38.09193,-97.90441,1.301919071E9,776110,776759
776662,38.091827,-97.90442,1.301919071E9,776110,776759
776662,38.09173,-97.90442,1.301919071E9,776110,776759
776662,38.091625,-97.90442,1.301919071E9,776110,776759
776662,38.091522,-97.90443,1.301919071E9,776110,776759
776662,38.09144,-97.90442,1.301919071E9,776110,776759
776662,38.09135,-97.90441,1.301919071E9,776110,776759
776662,38.091244,-97.90441,1.301919071E9,776110,776759
776662,38.091114,-97.90437,1.301919071E9,776110,776759
776662,38.091015,-97.904335,1.301919071E9,776110,776759
776662,38.09093,-97.904274,1.301919071E9,776110,776759
776662,38.09086,-97.904175,1.301919071E9,776110,776759
776662,38.0908,-97.90409,1.301919071E9,776110,776759
776662,38.090744,-97.90398,1.301919071E9,776110,776759
776662,38.090733,-97.90387,1.301919071E9,776110,776759
776662,38.090714,-97.90375,1.301919071E9,776110,776759
776662,38.090702,-97.903625,1.301919071E9,776110,776759
776662,38.090706,-97.90347,1.301919071E9,776110,776759
776662,38.09071,-97.90334,1.301919071E9,776110,776759
776662,38.09071,-97.90322,1.301919071E9,776110,776759
776662,38.090702,-97.90309,1.301919071E9,776110,776759
776662,38.0907,-97.902985,1.301919071E9,776110,776759
776662,38.0907,-97.90282,1.301919071E9,776110,776759
776662,38.09068,-97.90266,1.301919071E9,776110,776759
776662,38.09068,-97.902534,1.301919071E9,776110,776759
776662,38.090675,-97.90243,1.301919071E9,776110,776759
776662,38.09068,-97.9023,1.301919071E9,776110,776759
776662,38.09068,-97.90218,1.301919071E9,776110,776759
776662,38.09067,-97.90204,1.301919071E9,776110,776759
776662,38.09068,-97.90191,1.301919071E9,776110,776759
776662,38.09068,-97.90177,1.301919071E9,776110,776759
776662,38.09068,-97.90166,1.301919071E9,776110,776759
776662,38.09068,-97.90155,1.301919071E9,776110,776759
776662,38.09068,-97.901405,1.301919071E9,776110,776759
776662,38.090687,-97.90127,1.301919071E9,776110,776759
776662,38.09069,-97.90113,1.301919071E9,776110,776759
776662,38.090683,-97.901,1.301919071E9,776110,776759
776662,38.090683,-97.90088,1.301919071E9,776110,776759
776662,38.090683,-97.90077,1.301919071E9,776110,776759
776662,38.090675,-97.90064,1.301919071E9,776110,776759
776662,38.090664,-97.90053,1.301919071E9,776110,776759
776662,38.09063,-97.90044,1.301919071E9,776110,776759
776662,38.090565,-97.90034,1.301919071E9,776110,776759
776662,38.090504,-97.90027,1.301919071E9,776110,776759
776662,38.090412,-97.90016,1.301919071E9,776110,776759
776662,38.090336,-97.90008,1.301919071E9,776110,776759
776662,38.090256,-97.899994,1.301919071E9,776110,776759
776662,38.090183,-97.89991,1.301919071E9,776110,776759
776662,38.0901,-97.899826,1.301919071E9,776110,776759
776662,38.09002,-97.899734,1.301919071E9,776110,776759
776662,38.089935,-97.89966,1.301919071E9,776110,776759
776662,38.089863,-97.89958,1.301919071E9,776110,776759
776662,38.089783,-97.8995,1.301919071E9,776110,776759
776662,38.089718,-97.89944,1.301919071E9,776110,776759
776662,38.08962,-97.89935,1.301919071E9,776110,776759
776662,38.08951,-97.89927,1.301919071E9,776110,776759
776662,38.08943,-97.89921,1.301919071E9,776110,776759
776662,38.08936,-97.89912,1.301919071E9,776110,776759
776662,38.089275,-97.89906,1.301919071E9,776110,776759
776662,38.089188,-97.89903,1.301919071E9,776110,776759
776662,38.089092,-97.899025,1.301919071E9,776110,776759
776662,38.088993,-97.89903,1.301919071E9,776110,776759
776662,38.088898,-97.89903,1.301919071E9,776110,776759
776662,38.088795,-97.89904,1.301919071E9,776110,776759
776662,38.08867,-97.89904,1.301919071E9,776110,776759
776662,38.08856,-97.8990