10,776759
776662,37.730103,-122.461006,1.301919071E9,776110,776759
776662,37.730076,-122.46112,1.301919071E9,776110,776759
776662,37.730045,-122.461235,1.301919071E9,776110,776759
776662,37.730015,-122.46134,1.301919071E9,776110,776759
776662,37.729992,-122.46146,1.301919071E9,776110,776759
776662,37.729965,-122.46156,1.301919071E9,776110,776759
776662,37.729942,-122.46166,1.301919071E9,776110,776759
776662,37.72994,-122.461784,1.301919071E9,776110,776759
776662,37.72996,-122.46189,1.301919071E9,776110,776759
776662,37.72999,-122.46199,1.301919071E9,776110,776759
776662,37.730015,-122.462105,1.301919071E9,776110,776759
776662,37.730034,-122.46222,1.301919071E9,776110,776759
776662,37.730072,-122.46235,1.301919071E9,776110,776759
776662,37.730114,-122.462456,1.301919071E9,776110,776759
776662,37.730164,-122.46255,1.301919071E9,776110,776759
776662,37.730244,-122.46262,1.301919071E9,776110,776759
776662,37.730297,-122.46271,1.301919071E9,776110,776759
776662,37.730343,-122.46281,1.301919071E9,776110,776759
776662,37.730396,-122.46289,1.301919071E9,776110,776759
776662,37.73043,-122.463,1.301919071E9,776110,776759
776662,37.730488,-122.4631,1.301919071E9,776110,776759
776662,37.730553,-122.46319,1.301919071E9,776110,776759
776662,37.730602,-122.46329,1.301919071E9,776110,776759
776662,37.73066,-122.46338,1.301919071E9,776110,776759
776662,37.730724,-122.46347,1.301919071E9,776110,776759
776662,37.730793,-122.46354,1.301919071E9,776110,776759
776662,37.730885,-122.4636,1.301919071E9,776110,776759
776662,37.730965,-122.46364,1.301919071E9,776110,776759
776662,37.73104,-122.46369,1.301919071E9,776110,776759
776662,37.731113,-122.46372,1.301919071E9,776110,776759
776662,37.7312,-122.46375,1.301919071E9,776110,776759
776662,37.731297,-122.46378,1.301919071E9,776110,776759
776662,37.73138,-122.46376,1.301919071E9,776110,776759
776662,37.731472,-122.46381,1.301919071E9,776110,776759
776662,37.73155,-122.46386,1.301919071E9,776110,776759
776662,37.731636,-122.46389,1.301919071E9,776110,776759
776662,37.731728,-122.46393,1.301919071E9,776110,776759
776662,37.73182,-122.46398,1.301919071E9,776110,776759
776662,37.73189,-122.464035,1.301919071E9,776110,776759
776662,37.731964,-122.46411,1.301919071E9,776110,776759
776662,37.73202,-122.464195,1.301919071E9,776110,776759
776662,37.732094,-122.46428,1.301919071E9,776110,776759
776662,37.732162,-122.46434,1.301919071E9,776110,776759
776662,37.73221,-122.464455,1.301919071E9,776110,776759
776662,37.732265,-122.46454,1.301919071E9,776110,776759
776662,37.73232,-122.46464,1.301919071E9,776110,776759
776662,37.732372,-122.464714,1.301919071E9,776110,776759
776662,37.732464,-122.464806,1.301919071E9,776110,776759
776662,37.732533,-122.46491,1.301919071E9,776110,776759
776662,37.7326,-122.46501,1.301919071E9,776110,776759
776662,37.73267,-122.4651,1.301919071E9,776110,776759
776662,37.73273,-122.46518,1.301919071E9,776110,776759
776662,37.732796,-122.46527,1.301919071E9,776110,776759
776662,37.732864,-122.465355,1.301919071E9,776110,776759
776662,37.732925,-122.465454,1.301919071E9,776110,776759
776662,37.732998,-122.46555,1.301919071E9,776110,776759
776662,37.733074,-122.46565,1.301919071E9,776110,776759
776662,37.733135,-122.46577,1.301919071E9,776110,776759
776662,37.733215,-122.46582,1.301919071E9,776110,776759
776662,37.7333,-122.465866,1.301919071E9,776110,776759
776662,37.73339,-122.46592,1.301919071E9,776110,776759
776662,37.733482,-122.46597,1.301919071E9,776110,776759
776662,37.733566,-122.466034,1.301919071E9,776110,776759
776662,37.733643,-122.46609,1.301919071E9,776110,776759
776662,37.733746,-122.46614,1.301919071E9,776110,776759
776662,37.733795,-122.46623,1.301919071E9,776110,776759
776662,37.73387,-122.46629,1.301919071E9,776110,776759
776662,37.733967,-122.46632,1.301919071E9,776110,776759
776662,37.734066,-122.46633,1.301919071E9,776110,776759
776662,37.734154,-122.46633,1.301919071E9,776110,776759
776662,37.734253,-122.46631,1.301919071E9,776110,776759
776662,37.73436,-122.466324,1.301919071E9,776110,776759
776662,37.734463,-122.46634,1.301919071E9,776110,776759
776662,37.734543,-122.46637,1.301919071E9,776110,776759
776662,37.73463,-122.46638,1.301919071E9,776110,776759
776662,37.734726,-122.46639,1.301919071E9,776110,776759
776662,37.734825,-122.46639,1.301919071E9,776110,776759
776662,37.734905,-122.46644,1.301919071E9,776110,776759
776662,37.734867,-122.46654,1.301919071E9,776110,776759
776662,37.73487,-122.466644,1.301919071E9,776110,776759
776662,37.73487,-122.46679,1.301919071E9,776110,776759
776662,37.734867,-122.466934,1.301919071E9,776110,776759
776662,37.73486,-122.46707,1.301919071E9,776110,776759
776662,37.734837,-122.46717,1.301919071E9,776110,776759
776662,37.734833,-122.46731,1.301919071E9,776110,776759
776662,37.734833,-122.467445,1.301919071E9,776110,776759
776662,37.734825,-122.46756,1.301919071E9,776110,776759
776662,37.734825,-122.46768,1.301919071E9,776110,776759
776662,37.734764,-122.46781,1.301919071E9,776110,776759
776662,37.734722,-122.467896,1.301919071E9,776110,776759
776662,37.734707,-122.46802,1.301919071E9,776110,776759
776662,37.734722,-122.46814,1.301919071E9,776110,776759
776662,37.73477,-122.46824,1.301919071E9,776110,776759
776662,37.73476,-122.46835,1.301919071E9,776110,776759
776662,37.734764,-122.46847,1.301919071E9,776110,776759
776662,37.734783,-122.4686,1.301919071E9,776110,776759
776662,37.7348,-122.468704,1.301919071E9,776110,776759
776662,37.734787,-122.46882,1.301919071E9,776110,776759
776662,37.734776,-122.468925,1.301919071E9,776110,776759
776662,37.73476,-122.46907,1.301919071E9,776110,776759
776662,37.734745,-122.46919,1.301919071E9,776110,776759
776662,37.734753,-122.46929,1.301919071E9,776110,776759
776662,37.73474,-122.469406,1.301919071E9,776110,776759
776662,37.73474,-122.469505,1.301919071E9,776110,776759
776662,37.734722,-122.46963,1.301919071E9,776110,776759
776662,37.734726,-122.469734,1.301919071E9,776110,776759
776662,37.734734,-122.46986,1.301919071E9,776110,776759
776662,37.73472,-122.469986,1.301919071E9,776110,776759
776662,37.73469,-122.470085,1.301919071E9,776110,776759
776662,37.734707,-122.4702,1.301919071E9,776110,776759
776662,37.734707,-122.47033,1.301919071E9,776110,776759
776662,37.734695,-122.470436,1.301919071E9,776110,776759
776662,37.734684,-122.47055,1.301919071E9,776110,776759
776662,37.73467,-122.47065,1.301919071E9,776110,776759
776662,37.734665,-122.47078,1.301919071E9,776110,776759
776662,37.73466,-122.4709,1.301919071E9,776110,776759
776662,37.73464,-122.47102,1.301919071E9,776110,776759
776662,37.734585,-122.47111,1.301919071E9,776110,776759
776662,37.734524,-122.47118,1.301919071E9,776110,776759
776662,37.734432,-122.47122,1.301919071E9,776110,776759
776662,37.73435,-122.47123,1.301919071E9,776110,776759
776662,37.734253,-122.471214,1.301919071E9,776110,776759
776662,37.73416,-122.471214,1.301919071E9,776110,776759
776662,37.73408,-122.47121,1.301919071E9,776110,776759
776662,37.733986,-122.47124,1.301919071E9,776110,776759
776662,37.733902,-122.47124,1.301919071E9,776110,776759
776662,37.73381,-122.47124,1.301919071E9,776110,776759
776662,37.73371,-122.47124,1.301919071E9,776110,776759
776662,37.733624,-122.47124,1.301919071E9,776110,776759
776662,37.73354,-122.471214,1.301919071E9,776110,776759
776662,37.733456,-122.47122,1.301919071E9,776110,776759
776662,37.733356,-122.47122,1.301919071E9,776110,776759
776662,37.73327,-122.47122,1.301919071E9,776110,776759
776662,37.73319,-122.47126,1.301919071E9,776110,776759
776662,37.733105,-122.4713,1.301919071E9,776110,776759
776662,37.733017,-122.471306,1.301919071E9,776110,776759
776662,37.732925,-122.47134,1.301919071E9,776110,776759
776662,37.732834,-122.471306,1.301919071E9,776110,776759
776662,37.73273,-122.47129,1.301919071E9,776110,776759
776662,37.732643,-122.47127,1.301919071E9,776110,776759
776662,37.732563,-122.4713,1.301919071E9,776110,776759
776662,37.732464,-122.471306,1.301919071E9,776110,776759
776662,37.73238,-122.47133,1.301919071E9,776110,776759
776662,37