776759
776662,51.44104,5.3878937,1.301919071E9,776110,776759
776662,51.441128,5.3878765,1.301919071E9,776110,776759
776662,51.441273,5.387849,1.301919071E9,776110,776759
776662,51.44137,5.387839,1.301919071E9,776110,776759
776662,51.44153,5.3878202,1.301919071E9,776110,776759
776662,51.44179,5.38777,1.301919071E9,776110,776759
776662,51.44191,5.3877306,1.301919071E9,776110,776759
776662,51.44205,5.387658,1.301919071E9,776110,776759
776662,51.442177,5.387641,1.301919071E9,776110,776759
776662,51.44229,5.387603,1.301919071E9,776110,776759
776662,51.44238,5.387578,1.301919071E9,776110,776759
776662,51.442577,5.387544,1.301919071E9,776110,776759
776662,51.44271,5.3875694,1.301919071E9,776110,776759
776662,51.44279,5.3875475,1.301919071E9,776110,776759
776662,51.443012,5.3874984,1.301919071E9,776110,776759
776662,51.443123,5.3874326,1.301919071E9,776110,776759
776662,51.443214,5.387437,1.301919071E9,776110,776759
776662,51.443333,5.38746,1.301919071E9,776110,776759
776662,51.44345,5.3874855,1.301919071E9,776110,776759
776662,51.44358,5.3875113,1.301919071E9,776110,776759
776662,51.443687,5.3875523,1.301919071E9,776110,776759
776662,51.443768,5.387586,1.301919071E9,776110,776759
776662,51.44389,5.387653,1.301919071E9,776110,776759
776662,51.444016,5.387742,1.301919071E9,776110,776759
776662,51.4441,5.3877416,1.301919071E9,776110,776759
776662,51.444202,5.3878593,1.301919071E9,776110,776759
776662,51.444267,5.3879466,1.301919071E9,776110,776759
776662,51.444374,5.3880806,1.301919071E9,776110,776759
776662,51.444454,5.388245,1.301919071E9,776110,776759
776662,51.44452,5.388336,1.301919071E9,776110,776759
776662,51.444603,5.3885274,1.301919071E9,776110,776759
776662,51.444675,5.3887463,1.301919071E9,776110,776759
776662,51.444717,5.3888893,1.301919071E9,776110,776759
776662,51.444756,5.3890357,1.301919071E9,776110,776759
776662,51.44481,5.3892245,1.301919071E9,776110,776759
776662,51.444874,5.3894186,1.301919071E9,776110,776759
776662,51.44488,5.3896413,1.301919071E9,776110,776759
776662,51.444923,5.3898206,1.301919071E9,776110,776759
776662,51.44496,5.3900456,1.301919071E9,776110,776759
776662,51.44504,5.3902493,1.301919071E9,776110,776759
776662,51.445118,5.390427,1.301919071E9,776110,776759
776662,51.445145,5.390569,1.301919071E9,776110,776759
776662,51.445213,5.390787,1.301919071E9,776110,776759
776662,51.445282,5.3910084,1.301919071E9,776110,776759
776662,51.445354,5.3913083,1.301919071E9,776110,776759
776662,51.445446,5.391558,1.301919071E9,776110,776759
776662,51.4455,5.3917522,1.301919071E9,776110,776759
776662,51.44555,5.391947,1.301919071E9,776110,776759
776662,51.445595,5.3921547,1.301919071E9,776110,776759
776662,51.445652,5.392375,1.301919071E9,776110,776759
776662,51.44572,5.3925886,1.301919071E9,776110,776759
776662,51.445774,5.392828,1.301919071E9,776110,776759
776662,51.445827,5.3930283,1.301919071E9,776110,776759
776662,51.445904,5.3931785,1.301919071E9,776110,776759
776662,51.44597,5.393311,1.301919071E9,776110,776759
776662,51.446022,5.39347,1.301919071E9,776110,776759
776662,51.446095,5.39366,1.301919071E9,776110,776759
776662,51.44613,5.393866,1.301919071E9,776110,776759
776662,51.446182,5.393975,1.301919071E9,776110,776759
776662,51.446236,5.3942103,1.301919071E9,776110,776759
776662,51.44626,5.3944044,1.301919071E9,776110,776759
776662,51.446293,5.3945637,1.301919071E9,776110,776759
776662,51.44635,5.394702,1.301919071E9,776110,776759
776662,51.446404,5.394853,1.301919071E9,776110,776759
776662,51.446445,5.3950443,1.301919071E9,776110,776759
776662,51.446476,5.395231,1.301919071E9,776110,776759
776662,51.446518,5.3954062,1.301919071E9,776110,776759
776662,51.446583,5.3955755,1.301919071E9,776110,776759
776662,51.446663,5.3957014,1.301919071E9,776110,776759
776662,51.44673,5.3958945,1.301919071E9,776110,776759
776662,51.446777,5.3960776,1.301919071E9,776110,776759
776662,51.446823,5.3962946,1.301919071E9,776110,776759
776662,51.446846,5.3964953,1.301919071E9,776110,776759
776662,51.446877,5.3966746,1.301919071E9,776110,776759
776662,51.4469,5.3968453,1.301919071E9,776110,776759
776662,51.446945,5.397028,1.301919071E9,776110,776759
776662,51.44697,5.397342,1.301919071E9,776110,776759
776662,51.446957,5.397583,1.301919071E9,776110,776759
776662,51.44699,5.3977857,1.301919071E9,776110,776759
776662,51.447044,5.3980293,1.301919071E9,776110,776759
776662,51.4471,5.398233,1.301919071E9,776110,776759
776662,51.447136,5.3984194,1.301919071E9,776110,776759
776662,51.447323,5.3986197,1.301919071E9,776110,776759
776662,51.447414,5.3984547,1.301919071E9,776110,776759
776662,51.44753,5.3983574,1.301919071E9,776110,776759
776662,51.44772,5.3982387,1.301919071E9,776110,776759
776662,51.44785,5.398122,1.301919071E9,776110,776759
776662,51.447926,5.3980303,1.301919071E9,776110,776759
776662,51.448055,5.3979535,1.301919071E9,776110,776759
776662,51.44818,5.3978333,1.301919071E9,776110,776759
776662,51.448288,5.397723,1.301919071E9,776110,776759
776662,51.448406,5.3976545,1.301919071E9,776110,776759
776662,51.44855,5.3975897,1.301919071E9,776110,776759
776662,51.44866,5.3975186,1.301919071E9,776110,776759
776662,51.448784,5.3974853,1.301919071E9,776110,776759
776662,51.44889,5.3974366,1.301919071E9,776110,776759
776662,51.449005,5.397413,1.301919071E9,776110,776759
776662,51.44913,5.397367,1.301919071E9,776110,776759
776662,51.449253,5.3973427,1.301919071E9,776110,776759
776662,51.449436,5.397373,1.301919071E9,776110,776759
776662,51.449528,5.3974833,1.301919071E9,776110,776759
776662,51.44964,5.397594,1.301919071E9,776110,776759
776662,51.44973,5.397756,1.301919071E9,776110,776759
776662,51.449856,5.397882,1.301919071E9,776110,776759
776662,51.44995,5.3980155,1.301919071E9,776110,776759
776662,51.450027,5.398213,1.301919071E9,776110,776759
776662,51.450096,5.3983216,1.301919071E9,776110,776759
776662,51.45019,5.398506,1.301919071E9,776110,776759
776662,51.450275,5.398704,1.301919071E9,776110,776759
776662,51.45036,5.3989186,1.301919071E9,776110,776759
776662,51.450424,5.3991337,1.301919071E9,776110,776759
776662,51.450455,5.399257,1.301919071E9,776110,776759
776662,51.450504,5.3995047,1.301919071E9,776110,776759
776662,51.450558,5.3996267,1.301919071E9,776110,776759
776662,51.450615,5.3997226,1.301919071E9,776110,776759
776662,51.450687,5.399911,1.301919071E9,776110,776759
776662,51.450787,5.4000654,1.301919071E9,776110,776759
776662,51.45085,5.4001822,1.301919071E9,776110,776759
776662,51.450954,5.40038,1.301919071E9,776110,776759
776662,51.45103,5.400612,1.301919071E9,776110,776759
776662,51.45112,5.400749,1.301919071E9,776110,776759
776662,51.45119,5.400945,1.301919071E9,776110,776759
776662,51.451237,5.401153,1.301919071E9,776110,776759
776662,51.451252,5.4013753,1.301919071E9,776110,776759
776662,51.451157,5.4014363,1.301919071E9,776110,776759
776662,51.451057,5.401562,1.301919071E9,776110,776759
776662,51.450993,5.4016533,1.301919071E9,776110,776759
776662,51.45086,5.4018464,1.301919071E9,776110,776759
776662,51.450718,5.402018,1.301919071E9,776110,776759
776662,51.450638,5.402091,1.301919071E9,776110,776759
776662,51.45054,5.40214,1.301919071E9,776110,776759
776662,51.450428,5.4021945,1.301919071E9,776110,776759
776662,51.45032,5.4022098,1.301919071E9,776110,776759
776662,51.45019,5.402264,1.301919071E9,776110,776759
776662,51.450138,5.402436,1.301919071E9,776110,776759
776662,51.450058,5.402475,1.301919071E9,776110,776759
776662,51.449986,5.402545,1.301919071E9,776110,776759
776662,51.449913,5.402608,1.301919071E9,776110,776759
776662,51.44983,5.402692,1.301919071E9,776110,776759
776662,51.44975,5.402798,1.301919071E9,776110,776759
776662,51.449677,5.4028764,1.301919071E9,776110,776759
776662,51.44961,5.4029894,1.301919071E9,776110,776759
776662,51.449543,5.4031057,1.301919071E9,776110,776759
776662,51.44946,5.4032187,1.301919071E9,776110,776759
776662,51.449368,5.4032807,1.301919071E9,776110,776759
776662,51.44928,5.403417,1.301919071E9,776110,776759
776662,51.449165,5.4034977,1.301919071E9,776110,776759
776662,51.44908,5.403591,1.301919071E9,