,1.301919071E9,776110,776759
776662,38.405266,-122.8341,1.301919071E9,776110,776759
776662,38.40527,-122.83422,1.301919071E9,776110,776759
776662,38.40526,-122.834335,1.301919071E9,776110,776759
776662,38.40525,-122.83447,1.301919071E9,776110,776759
776662,38.40524,-122.834595,1.301919071E9,776110,776759
776662,38.40525,-122.83472,1.301919071E9,776110,776759
776662,38.405266,-122.83484,1.301919071E9,776110,776759
776662,38.405262,-122.834984,1.301919071E9,776110,776759
776662,38.40526,-122.8351,1.301919071E9,776110,776759
776662,38.405247,-122.83521,1.301919071E9,776110,776759
776662,38.40525,-122.835335,1.301919071E9,776110,776759
776662,38.405247,-122.83545,1.301919071E9,776110,776759
776662,38.40525,-122.83557,1.301919071E9,776110,776759
776662,38.405247,-122.83569,1.301919071E9,776110,776759
776662,38.405254,-122.835815,1.301919071E9,776110,776759
776662,38.40527,-122.83593,1.301919071E9,776110,776759
776662,38.405285,-122.83605,1.301919071E9,776110,776759
776662,38.405296,-122.8362,1.301919071E9,776110,776759
776662,38.405323,-122.8363,1.301919071E9,776110,776759
776662,38.405376,-122.83644,1.301919071E9,776110,776759
776662,38.405437,-122.83656,1.301919071E9,776110,776759
776662,38.405502,-122.83668,1.301919071E9,776110,776759
776662,38.405563,-122.83678,1.301919071E9,776110,776759
776662,38.40563,-122.836876,1.301919071E9,776110,776759
776662,38.405697,-122.836975,1.301919071E9,776110,776759
776662,38.40577,-122.837074,1.301919071E9,776110,776759
776662,38.405846,-122.83718,1.301919071E9,776110,776759
776662,38.40592,-122.8373,1.301919071E9,776110,776759
776662,38.406,-122.837395,1.301919071E9,776110,776759
776662,38.40607,-122.83747,1.301919071E9,776110,776759
776662,38.406162,-122.83757,1.301919071E9,776110,776759
776662,38.406246,-122.83766,1.301919071E9,776110,776759
776662,38.406326,-122.83775,1.301919071E9,776110,776759
776662,38.406406,-122.83786,1.301919071E9,776110,776759
776662,38.406487,-122.83796,1.301919071E9,776110,776759
776662,38.406574,-122.838036,1.301919071E9,776110,776759
776662,38.40666,-122.83811,1.301919071E9,776110,776759
776662,38.40675,-122.83818,1.301919071E9,776110,776759
776662,38.406845,-122.83825,1.301919071E9,776110,776759
776662,38.406937,-122.83832,1.301919071E9,776110,776759
776662,38.40703,-122.83839,1.301919071E9,776110,776759
776662,38.407124,-122.838455,1.301919071E9,776110,776759
776662,38.407223,-122.838524,1.301919071E9,776110,776759
776662,38.407314,-122.8386,1.301919071E9,776110,776759
776662,38.40741,-122.83868,1.301919071E9,776110,776759
776662,38.40756,-122.83878,1.301919071E9,776110,776759
776662,38.407635,-122.83885,1.301919071E9,776110,776759
776662,38.407715,-122.83892,1.301919071E9,776110,776759
776662,38.40779,-122.83898,1.301919071E9,776110,776759
776662,38.407887,-122.839066,1.301919071E9,776110,776759
776662,38.40798,-122.83915,1.301919071E9,776110,776759
776662,38.408077,-122.83924,1.301919071E9,776110,776759
776662,38.40815,-122.839325,1.301919071E9,776110,776759
776662,38.408226,-122.83941,1.301919071E9,776110,776759
776662,38.408306,-122.839485,1.301919071E9,776110,776759
776662,38.408382,-122.839554,1.301919071E9,776110,776759
776662,38.40847,-122.83964,1.301919071E9,776110,776759
776662,38.408554,-122.83973,1.301919071E9,776110,776759
776662,38.408634,-122.839836,1.301919071E9,776110,776759
776662,38.40871,-122.83994,1.301919071E9,776110,776759
776662,38.40879,-122.840034,1.301919071E9,776110,776759
776662,38.40888,-122.840126,1.301919071E9,776110,776759
776662,38.408978,-122.8402,1.301919071E9,776110,776759
776662,38.409073,-122.84029,1.301919071E9,776110,776759
776662,38.40917,-122.84037,1.301919071E9,776110,776759
776662,38.409264,-122.84046,1.301919071E9,776110,776759
776662,38.409336,-122.84053,1.301919071E9,776110,776759
776662,38.409424,-122.840614,1.301919071E9,776110,776759
776662,38.409527,-122.84066,1.301919071E9,776110,776759
776662,38.40963,-122.84065,1.301919071E9,776110,776759
776662,38.409737,-122.84067,1.301919071E9,776110,776759
776662,38.409832,-122.840706,1.301919071E9,776110,776759
776662,38.409916,-122.84076,1.301919071E9,776110,776759
776662,38.41,-122.84082,1.301919071E9,776110,776759
776662,38.41008,-122.84087,1.301919071E9,776110,776759
776662,38.41018,-122.84094,1.301919071E9,776110,776759
776662,38.410286,-122.841,1.301919071E9,776110,776759
776662,38.410366,-122.841064,1.301919071E9,776110,776759
776662,38.41047,-122.84113,1.301919071E9,776110,776759
776662,38.41057,-122.8412,1.301919071E9,776110,776759
776662,38.41067,-122.84127,1.301919071E9,776110,776759
776662,38.410717,-122.841286,1.301919071E9,776110,776759
776662,37.782124,-122.40591,1.301919071E9,776110,776759
776662,37.782032,-122.40582,1.301919071E9,776110,776759
776662,37.781918,-122.405685,1.301919071E9,776110,776759
776662,37.78186,-122.40558,1.301919071E9,776110,776759
776662,37.78181,-122.40546,1.301919071E9,776110,776759
776662,37.781853,-122.40535,1.301919071E9,776110,776759
776662,37.78184,-122.40523,1.301919071E9,776110,776759
776662,37.78184,-122.40511,1.301919071E9,776110,776759
776662,37.78175,-122.40505,1.301919071E9,776110,776759
776662,37.781544,-122.404816,1.301919071E9,776110,776759
776662,37.78146,-122.404724,1.301919071E9,776110,776759
776662,37.78137,-122.404625,1.301919071E9,776110,776759
776662,37.78117,-122.404366,1.301919071E9,776110,776759
776662,37.781113,-122.404274,1.301919071E9,776110,776759
776662,37.781048,-122.40419,1.301919071E9,776110,776759
776662,37.780884,-122.403984,1.301919071E9,776110,776759
776662,37.78082,-122.403885,1.301919071E9,776110,776759
776662,37.780758,-122.40378,1.301919071E9,776110,776759
776662,37.78071,-122.40365,1.301919071E9,776110,776759
776662,37.780704,-122.40353,1.301919071E9,776110,776759
776662,37.780743,-122.40341,1.301919071E9,776110,776759
776662,37.78095,-122.403175,1.301919071E9,776110,776759
776662,37.781075,-122.40304,1.301919071E9,776110,776759
776662,37.78125,-122.40276,1.301919071E9,776110,776759
776662,37.781406,-122.40247,1.301919071E9,776110,776759
776662,37.78172,-122.40202,1.301919071E9,776110,776759
776662,37.7818,-122.401955,1.301919071E9,776110,776759
776662,37.782017,-122.401695,1.301919071E9,776110,776759
776662,37.782166,-122.40138,1.301919071E9,776110,776759
776662,37.782288,-122.40107,1.301919071E9,776110,776759
776662,37.7824,-122.40091,1.301919071E9,776110,776759
776662,37.78263,-122.400665,1.301919071E9,776110,776759
776662,37.78271,-122.4006,1.301919071E9,776110,776759
776662,37.782944,-122.400406,1.301919071E9,776110,776759
776662,37.783188,-122.40021,1.301919071E9,776110,776759
776662,37.783413,-122.4,1.301919071E9,776110,776759
776662,37.78351,-122.39992,1.301919071E9,776110,776759
776662,37.7836,-122.39983,1.301919071E9,776110,776759
776662,37.783836,-122.39962,1.301919071E9,776110,776759
776662,37.783882,-122.39941,1.301919071E9,776110,776759
776662,37.783833,-122.3993,1.301919071E9,776110,776759
776662,37.783737,-122.39919,1.301919071E9,776110,776759
776662,37.78364,-122.3991,1.301919071E9,776110,776759
776662,37.78355,-122.399025,1.301919071E9,776110,776759
776662,37.783466,-122.39895,1.301919071E9,776110,776759
776662,37.783405,-122.39886,1.301919071E9,776110,776759
776662,37.783318,-122.398705,1.301919071E9,776110,776759
776662,37.783245,-122.39859,1.301919071E9,776110,776759
776662,37.783165,-122.3985,1.301919071E9,776110,776759
776662,37.783085,-122.398415,1.301919071E9,776110,776759
776662,37.783016,-122.39832,1.301919071E9,776110,776759
776662,37.782986,-122.39821,1.301919071E9,776110,776759
776662,37.782974,-122.39806,1.301919071E9,776110,776759
776662,37.782917,-122.39781,1.301919071E9,776110,776759
776662,37.782883,-122.3977,1.301919071E9,776110,776759
776662,37.78283,-122.39757,1.301919071E9,776110,776759
776662,37.78278,-122.39744,1.301919071E9,776110,776759
776662,37.7826,-122.39717,1.301919071E9,776110,776759
776662,37.78253,-122.39708,1.301919071E9,776110,776759
776662,37.782448,-122.39698,1.301919071E9,776110,776759
776662,37.78237,-122.39689,1.301919071E9,776110,776759
776662,37.78