
776662,49.314613,0.184515,1.301919071E9,776110,776759
776662,49.314495,0.184472,1.301919071E9,776110,776759
776662,49.3143,0.184364,1.301919071E9,776110,776759
776662,49.31386,0.184236,1.301919071E9,776110,776759
776662,49.313744,0.184193,1.301919071E9,776110,776759
776662,49.313572,0.184171,1.301919071E9,776110,776759
776662,49.3134,0.18415,1.301919071E9,776110,776759
776662,49.313206,0.184171,1.301919071E9,776110,776759
776662,49.313023,0.184193,1.301919071E9,776110,776759
776662,49.312607,0.184214,1.301919071E9,776110,776759
776662,49.312176,0.184193,1.301919071E9,776110,776759
776662,49.311714,0.184171,1.301919071E9,776110,776759
776662,49.311264,0.184214,1.301919071E9,776110,776759
776662,49.31108,0.184193,1.301919071E9,776110,776759
776662,49.31089,0.18415,1.301919071E9,776110,776759
776662,49.310696,0.184107,1.301919071E9,776110,776759
776662,49.3105,0.184085,1.301919071E9,776110,776759
776662,49.31033,0.184064,1.301919071E9,776110,776759
776662,49.310127,0.184107,1.301919071E9,776110,776759
776662,49.309967,0.184128,1.301919071E9,776110,776759
776662,49.309784,0.18415,1.301919071E9,776110,776759
776662,49.3096,0.184128,1.301919071E9,776110,776759
776662,49.30943,0.184107,1.301919071E9,776110,776759
776662,49.309258,0.184085,1.301919071E9,776110,776759
776662,49.309086,0.184085,1.301919071E9,776110,776759
776662,49.308895,0.184107,1.301919071E9,776110,776759
776662,49.308735,0.184128,1.301919071E9,776110,776759
776662,49.308292,0.184064,1.301919071E9,776110,776759
776662,49.307854,0.184128,1.301919071E9,776110,776759
776662,49.30735,0.184193,1.301919071E9,776110,776759
776662,49.306973,0.1843,1.301919071E9,776110,776759
776662,49.3068,0.184364,1.301919071E9,776110,776759
776662,49.306652,0.18445,1.301919071E9,776110,776759
776662,49.306255,0.184708,1.301919071E9,776110,776759
776662,49.305824,0.184665,1.301919071E9,776110,776759
776662,49.305717,0.184686,1.301919071E9,776110,776759
776662,49.305546,0.184729,1.301919071E9,776110,776759
776662,49.305386,0.184772,1.301919071E9,776110,776759
776662,49.30458,0.185051,1.301919071E9,776110,776759
776662,49.304398,0.185115,1.301919071E9,776110,776759
776662,49.304237,0.185158,1.301919071E9,776110,776759
776662,49.304043,0.185287,1.301919071E9,776110,776759
776662,49.30387,0.18533,1.301919071E9,776110,776759
776662,49.30371,0.185351,1.301919071E9,776110,776759
776662,49.30367,0.185351,1.301919071E9,776110,776759
776662,49.30351,0.185437,1.301919071E9,776110,776759
776662,49.303337,0.18548,1.301919071E9,776110,776759
776662,49.303165,0.185523,1.301919071E9,776110,776759
776662,49.303005,0.185544,1.301919071E9,776110,776759
776662,49.30277,0.185652,1.301919071E9,776110,776759
776662,49.302616,0.185738,1.301919071E9,776110,776759
776662,49.302467,0.185823,1.301919071E9,776110,776759
776662,49.302414,0.185845,1.301919071E9,776110,776759
776662,49.30226,0.185909,1.301919071E9,776110,776759
776662,49.30206,0.185995,1.301919071E9,776110,776759
776662,49.301983,0.186017,1.301919071E9,776110,776759
776662,49.30181,0.186102,1.301919071E9,776110,776759
776662,49.30164,0.186188,1.301919071E9,776110,776759
776662,49.30149,0.186253,1.301919071E9,776110,776759
776662,49.301426,0.186253,1.301919071E9,776110,776759
776662,49.301254,0.186274,1.301919071E9,776110,776759
776662,49.301105,0.186338,1.301919071E9,776110,776759
776662,49.300697,0.186553,1.301919071E9,776110,776759
776662,49.300674,0.186553,1.301919071E9,776110,776759
776662,49.300526,0.18666,1.301919071E9,776110,776759
776662,49.300385,0.186789,1.301919071E9,776110,776759
776662,49.300236,0.186918,1.301919071E9,776110,776759
776662,49.300053,0.186918,1.301919071E9,776110,776759
776662,49.30001,0.186896,1.301919071E9,776110,776759
776662,49.29985,0.186896,1.301919071E9,776110,776759
776662,49.299797,0.186918,1.301919071E9,776110,776759
776662,49.299637,0.186961,1.301919071E9,776110,776759
776662,49.299343,0.187047,1.301919071E9,776110,776759
776662,49.29912,0.187132,1.301919071E9,776110,776759
776662,49.29897,0.187197,1.301919071E9,776110,776759
776662,49.29883,0.187368,1.301919071E9,776110,776759
776662,49.298668,0.187454,1.301919071E9,776110,776759
776662,49.29852,0.187368,1.301919071E9,776110,776759
776662,49.29836,0.187411,1.301919071E9,776110,776759
776662,49.2982,0.187454,1.301919071E9,776110,776759
776662,49.298187,0.187454,1.301919071E9,776110,776759
776662,49.298023,0.187497,1.301919071E9,776110,776759
776662,49.29791,0.187519,1.301919071E9,776110,776759
776662,49.297745,0.187561,1.301919071E9,776110,776759
776662,49.2975,0.187669,1.301919071E9,776110,776759
776662,49.297318,0.187776,1.301919071E9,776110,776759
776662,49.296886,0.187883,1.301919071E9,776110,776759
776662,49.296738,0.187926,1.301919071E9,776110,776759
776662,49.29659,0.187991,1.301919071E9,776110,776759
776662,49.296417,0.188034,1.301919071E9,776110,776759
776662,49.295998,0.188184,1.301919071E9,776110,776759
776662,49.295944,0.188205,1.301919071E9,776110,776759
776662,49.295795,0.18827,1.301919071E9,776110,776759
776662,49.295773,0.188291,1.301919071E9,776110,776759
776662,49.2956,0.188334,1.301919071E9,776110,776759
776662,49.295536,0.188334,1.301919071E9,776110,776759
776662,49.295387,0.188398,1.301919071E9,776110,776759
776662,49.295223,0.188484,1.301919071E9,776110,776759
776662,49.294785,0.188656,1.301919071E9,776110,776759
776662,49.29437,0.188441,1.301919071E9,776110,776759
776662,49.29427,0.188355,1.301919071E9,776110,776759
776662,49.294132,0.188162,1.301919071E9,776110,776759
776662,49.29398,0.187969,1.301919071E9,776110,776759
776662,49.29395,0.187948,1.301919071E9,776110,776759
776662,49.293808,0.187819,1.301919071E9,776110,776759
776662,49.293648,0.187819,1.301919071E9,776110,776759
776662,49.29341,0.188098,1.301919071E9,776110,776759
776662,49.29327,0.188227,1.301919071E9,776110,776759
776662,49.293175,0.188441,1.301919071E9,776110,776759
776662,49.293133,0.188506,1.301919071E9,776110,776759
776662,49.293026,0.18872,1.301919071E9,776110,776759
776662,49.292984,0.188956,1.301919071E9,776110,776759
776662,49.292896,0.189257,1.301919071E9,776110,776759
776662,49.292908,0.189493,1.301919071E9,776110,776759
776662,49.292736,0.189514,1.301919071E9,776110,776759
776662,49.292263,0.189579,1.301919071E9,776110,776759
776662,49.292072,0.189621,1.301919071E9,776110,776759
776662,49.29192,0.189707,1.301919071E9,776110,776759
776662,49.29177,0.189772,1.301919071E9,776110,776759
776662,49.29144,0.18975,1.301919071E9,776110,776759
776662,49.291267,0.189879,1.301919071E9,776110,776759
776662,49.291138,0.190051,1.301919071E9,776110,776759
776662,49.290985,0.190222,1.301919071E9,776110,776759
776662,49.2909,0.19033,1.301919071E9,776110,776759
776662,49.29077,0.19048,1.301919071E9,776110,776759
776662,49.290623,0.190587,1.301919071E9,776110,776759
776662,49.290462,0.190673,1.301919071E9,776110,776759
776662,49.29031,0.190802,1.301919071E9,776110,776759
776662,49.290203,0.191016,1.301919071E9,776110,776759
776662,49.290096,0.191188,1.301919071E9,776110,776759
776662,49.290085,0.191209,1.301919071E9,776110,776759
776662,49.290096,0.19151,1.301919071E9,776110,776759
776662,49.290237,0.191724,1.301919071E9,776110,776759
776662,49.290237,0.191724,1.301919071E9,776110,776759
776662,48.841408,2.23913,1.301919071E9,776110,776759
776662,48.841976,2.238936,1.301919071E9,776110,776759
776662,48.842575,2.238722,1.301919071E9,776110,776759
776662,48.843155,2.238464,1.301919071E9,776110,776759
776662,48.84371,2.2381,1.301919071E9,776110,776759
776662,48.844154,2.237992,1.301919071E9,776110,776759
776662,48.84424,2.237992,1.301919071E9,776110,776759
776662,48.844807,2.237713,1.301919071E9,776110,776759
776662,48.845215,2.237499,1.301919071E9,776110,776759
776662,48.84576,2.237134,1.301919071E9,776110,776759
776662,48.846275,2.236984,1.301919071E9,776110,776759
776662,48.84676,2.236834,1.301919071E9,776110,776759
776662,48.84676,2.236834,1.301919071E9,776110,776759
776662,48.84719,2.236984,1.301919071E9,776110,776759
776662,48.847736,2.237198,1.301919071E9,776110,776759
776662,48.848263,2.237263,1.3019