9071E9,776110,776759
776662,41.764996,-91.60739,1.301919071E9,776110,776759
776662,41.765003,-91.60782,1.301919071E9,776110,776759
776662,41.76499,-91.60803,1.301919071E9,776110,776759
776662,41.765007,-91.60818,1.301919071E9,776110,776759
776662,41.765038,-91.60855,1.301919071E9,776110,776759
776662,41.76506,-91.60893,1.301919071E9,776110,776759
776662,41.765068,-91.60919,1.301919071E9,776110,776759
776662,41.765057,-91.60956,1.301919071E9,776110,776759
776662,41.76516,-91.60999,1.301919071E9,776110,776759
776662,41.765205,-91.610115,1.301919071E9,776110,776759
776662,41.76529,-91.61019,1.301919071E9,776110,776759
776662,41.76539,-91.610214,1.301919071E9,776110,776759
776662,41.765465,-91.6103,1.301919071E9,776110,776759
776662,41.765526,-91.610405,1.301919071E9,776110,776759
776662,41.7656,-91.610504,1.301919071E9,776110,776759
776662,41.765675,-91.610596,1.301919071E9,776110,776759
776662,41.76576,-91.61069,1.301919071E9,776110,776759
776662,41.765842,-91.61078,1.301919071E9,776110,776759
776662,41.76592,-91.61087,1.301919071E9,776110,776759
776662,41.765984,-91.610985,1.301919071E9,776110,776759
776662,41.76604,-91.61111,1.301919071E9,776110,776759
776662,41.766064,-91.61122,1.301919071E9,776110,776759
776662,41.766117,-91.611336,1.301919071E9,776110,776759
776662,41.766163,-91.61172,1.301919071E9,776110,776759
776662,41.766247,-91.61206,1.301919071E9,776110,776759
776662,41.76625,-91.612434,1.301919071E9,776110,776759
776662,41.766285,-91.61305,1.301919071E9,776110,776759
776662,41.76619,-91.61309,1.301919071E9,776110,776759
776662,41.766083,-91.6131,1.301919071E9,776110,776759
776662,41.76598,-91.6131,1.301919071E9,776110,776759
776662,41.765884,-91.6131,1.301919071E9,776110,776759
776662,41.765774,-91.6131,1.301919071E9,776110,776759
776662,41.76566,-91.613106,1.301919071E9,776110,776759
776662,41.765568,-91.61311,1.301919071E9,776110,776759
776662,41.765465,-91.61306,1.301919071E9,776110,776759
776662,41.765377,-91.61299,1.301919071E9,776110,776759
776662,41.765354,-91.612854,1.301919071E9,776110,776759
776662,41.765366,-91.612686,1.301919071E9,776110,776759
776662,41.765366,-91.61253,1.301919071E9,776110,776759
776662,41.765354,-91.61238,1.301919071E9,776110,776759
776662,41.7653,-91.61229,1.301919071E9,776110,776759
776662,41.76527,-91.61227,1.301919071E9,776110,776759
776662,42.032364,-91.59879,1.301919071E9,776110,776759
776662,42.032345,-91.59869,1.301919071E9,776110,776759
776662,42.032345,-91.59878,1.301919071E9,776110,776759
776662,42.032387,-91.59891,1.301919071E9,776110,776759
776662,42.03245,-91.59901,1.301919071E9,776110,776759
776662,42.03251,-91.59914,1.301919071E9,776110,776759
776662,42.032524,-91.59927,1.301919071E9,776110,776759
776662,42.032513,-91.599434,1.301919071E9,776110,776759
776662,42.03249,-91.59958,1.301919071E9,776110,776759
776662,42.03246,-91.59972,1.301919071E9,776110,776759
776662,42.032444,-91.59987,1.301919071E9,776110,776759
776662,42.032436,-91.60002,1.301919071E9,776110,776759
776662,42.03245,-91.60017,1.301919071E9,776110,776759
776662,42.03246,-91.60032,1.301919071E9,776110,776759
776662,42.032463,-91.60047,1.301919071E9,776110,776759
776662,42.032463,-91.60063,1.301919071E9,776110,776759
776662,42.032467,-91.60077,1.301919071E9,776110,776759
776662,42.032463,-91.60093,1.301919071E9,776110,776759
776662,42.032455,-91.60105,1.301919071E9,776110,776759
776662,42.032463,-91.601204,1.301919071E9,776110,776759
776662,42.03248,-91.601364,1.301919071E9,776110,776759
776662,42.032497,-91.60149,1.301919071E9,776110,776759
776662,42.032505,-91.60161,1.301919071E9,776110,776759
776662,42.032494,-91.60177,1.301919071E9,776110,776759
776662,42.032482,-91.6019,1.301919071E9,776110,776759
776662,42.03249,-91.602036,1.301919071E9,776110,776759
776662,42.032513,-91.60216,1.301919071E9,776110,776759
776662,42.032516,-91.60232,1.301919071E9,776110,776759
776662,42.032516,-91.60246,1.301919071E9,776110,776759
776662,42.032497,-91.602615,1.301919071E9,776110,776759
776662,42.03247,-91.60273,1.301919071E9,776110,776759
776662,42.032433,-91.60286,1.301919071E9,776110,776759
776662,42.03237,-91.60297,1.301919071E9,776110,776759
776662,42.03226,-91.602974,1.301919071E9,776110,776759
776662,42.03216,-91.602936,1.301919071E9,776110,776759
776662,42.032074,-91.6029,1.301919071E9,776110,776759
776662,42.031982,-91.60287,1.301919071E9,776110,776759
776662,42.031883,-91.60285,1.301919071E9,776110,776759
776662,42.03179,-91.602844,1.301919071E9,776110,776759
776662,42.031696,-91.602875,1.301919071E9,776110,776759
776662,42.0316,-91.602875,1.301919071E9,776110,776759
776662,42.031506,-91.60286,1.301919071E9,776110,776759
776662,42.031403,-91.602844,1.301919071E9,776110,776759
776662,42.031296,-91.60281,1.301919071E9,776110,776759
776662,42.0312,-91.60279,1.301919071E9,776110,776759
776662,42.031105,-91.60279,1.301919071E9,776110,776759
776662,42.030987,-91.60282,1.301919071E9,776110,776759
776662,42.03089,-91.602844,1.301919071E9,776110,776759
776662,42.030785,-91.60284,1.301919071E9,776110,776759
776662,42.03067,-91.60284,1.301919071E9,776110,776759
776662,42.030563,-91.60284,1.301919071E9,776110,776759
776662,42.03045,-91.60284,1.301919071E9,776110,776759
776662,42.030354,-91.60285,1.301919071E9,776110,776759
776662,42.03024,-91.60287,1.301919071E9,776110,776759
776662,42.030132,-91.602875,1.301919071E9,776110,776759
776662,42.03003,-91.60286,1.301919071E9,776110,776759
776662,42.029934,-91.60286,1.301919071E9,776110,776759
776662,42.029854,-91.60293,1.301919071E9,776110,776759
776662,42.029762,-91.602974,1.301919071E9,776110,776759
776662,42.029675,-91.603,1.301919071E9,776110,776759
776662,42.029568,-91.60295,1.301919071E9,776110,776759
776662,42.029484,-91.60289,1.301919071E9,776110,776759
776662,42.02939,-91.60284,1.301919071E9,776110,776759
776662,42.0293,-91.60283,1.301919071E9,776110,776759
776662,42.02915,-91.6028,1.301919071E9,776110,776759
776662,42.029053,-91.60281,1.301919071E9,776110,776759
776662,42.028942,-91.602844,1.301919071E9,776110,776759
776662,42.028824,-91.60288,1.301919071E9,776110,776759
776662,42.028732,-91.6029,1.301919071E9,776110,776759
776662,42.02863,-91.6029,1.301919071E9,776110,776759
776662,42.02853,-91.60289,1.301919071E9,776110,776759
776662,42.028427,-91.60289,1.301919071E9,776110,776759
776662,42.028328,-91.60292,1.301919071E9,776110,776759
776662,42.02823,-91.60292,1.301919071E9,776110,776759
776662,42.02813,-91.603,1.301919071E9,776110,776759
776662,42.028038,-91.60301,1.301919071E9,776110,776759
776662,42.027943,-91.60299,1.301919071E9,776110,776759
776662,42.027847,-91.602974,1.301919071E9,776110,776759
776662,42.02776,-91.60295,1.301919071E9,776110,776759
776662,42.027637,-91.602936,1.301919071E9,776110,776759
776662,42.02754,-91.60294,1.301919071E9,776110,776759
776662,42.027435,-91.60297,1.301919071E9,776110,776759
776662,42.027336,-91.60299,1.301919071E9,776110,776759
776662,42.027237,-91.603,1.301919071E9,776110,776759
776662,42.027126,-91.60296,1.301919071E9,776110,776759
776662,42.027084,-91.602844,1.301919071E9,776110,776759
776662,42.027077,-91.60271,1.301919071E9,776110,776759
776662,42.02715,-91.602615,1.301919071E9,776110,776759
776662,42.02724,-91.60263,1.301919071E9,776110,776759
776662,42.02735,-91.60264,1.301919071E9,776110,776759
776662,42.027454,-91.60264,1.301919071E9,776110,776759
776662,42.027546,-91.60259,1.301919071E9,776110,776759
776662,42.027637,-91.60259,1.301919071E9,776110,776759
776662,42.02773,-91.60262,1.301919071E9,776110,776759
776662,42.0278,-91.60252,1.301919071E9,776110,776759
776662,42.027855,-91.602425,1.301919071E9,776110,776759
776662,42.027946,-91.60233,1.301919071E9,776110,776759
776662,42.028027,-91.60222,1.301919071E9,776110,776759
776662,42.028057,-91.6021,1.301919071E9,776110,776759
776662,42.028076,-91.60197,1.301919071E9,776110,776759
776662,42.028084,-91.60184,1.301919071E9,776110,776759
776662,42.028114,-91.601715,1.301919071E9,776110,776759
776662,42.02808,-91.60158,1.301919071E9,776110,776759
776662,42.02803,-91.60146,1.301919071E9,77611