66.123055,1.301919071E9,776110,776759
776662,18.365473,-66.12305,1.301919071E9,776110,776759
776662,18.3655,-66.12304,1.301919071E9,776110,776759
776662,18.365602,-66.12303,1.301919071E9,776110,776759
776662,18.365763,-66.123,1.301919071E9,776110,776759
776662,18.36579,-66.12299,1.301919071E9,776110,776759
776662,18.365944,-66.12296,1.301919071E9,776110,776759
776662,18.36612,-66.12293,1.301919071E9,776110,776759
776662,18.366285,-66.12295,1.301919071E9,776110,776759
776662,18.366402,-66.12309,1.301919071E9,776110,776759
776662,18.366407,-66.12325,1.301919071E9,776110,776759
776662,18.366285,-66.123375,1.301919071E9,776110,776759
776662,18.366198,-66.1234,1.301919071E9,776110,776759
776662,18.36603,-66.12341,1.301919071E9,776110,776759
776662,18.36586,-66.123436,1.301919071E9,776110,776759
776662,18.365677,-66.1234,1.301919071E9,776110,776759
776662,18.365536,-66.123276,1.301919071E9,776110,776759
776662,18.365536,-66.123276,1.301919071E9,776110,776759
776662,18.365486,-66.12323,1.301919071E9,776110,776759
776662,18.366507,-66.12304,1.301919071E9,776110,776759
776662,18.366486,-66.123055,1.301919071E9,776110,776759
776662,18.366436,-66.12314,1.301919071E9,776110,776759
776662,18.366388,-66.123314,1.301919071E9,776110,776759
776662,18.366234,-66.12338,1.301919071E9,776110,776759
776662,18.36607,-66.1234,1.301919071E9,776110,776759
776662,18.365896,-66.123405,1.301919071E9,776110,776759
776662,18.365713,-66.123405,1.301919071E9,776110,776759
776662,18.36558,-66.123314,1.301919071E9,776110,776759
776662,18.36558,-66.123314,1.301919071E9,776110,776759
776662,18.365389,-66.12313,1.301919071E9,776110,776759
776662,18.365334,-66.12312,1.301919071E9,776110,776759
776662,18.365162,-66.12314,1.301919071E9,776110,776759
776662,18.365133,-66.123146,1.301919071E9,776110,776759
776662,18.365047,-66.12316,1.301919071E9,776110,776759
776662,18.364946,-66.123146,1.301919071E9,776110,776759
776662,18.364794,-66.12308,1.301919071E9,776110,776759
776662,18.364769,-66.12307,1.301919071E9,776110,776759
776662,18.364723,-66.123055,1.301919071E9,776110,776759
776662,18.364637,-66.12305,1.301919071E9,776110,776759
776662,18.364614,-66.12305,1.301919071E9,776110,776759
776662,18.364592,-66.123055,1.301919071E9,776110,776759
776662,18.364496,-66.12306,1.301919071E9,776110,776759
776662,18.364403,-66.12305,1.301919071E9,776110,776759
776662,18.364365,-66.12303,1.301919071E9,776110,776759
776662,18.364277,-66.12301,1.301919071E9,776110,776759
776662,18.36416,-66.12294,1.301919071E9,776110,776759
776662,18.364105,-66.12287,1.301919071E9,776110,776759
776662,18.364084,-66.12277,1.301919071E9,776110,776759
776662,18.364143,-66.12262,1.301919071E9,776110,776759
776662,18.364212,-66.12261,1.301919071E9,776110,776759
776662,18.364294,-66.1226,1.301919071E9,776110,776759
776662,18.364407,-66.12255,1.301919071E9,776110,776759
776662,18.364307,-66.122536,1.301919071E9,776110,776759
776662,18.364172,-66.122536,1.301919071E9,776110,776759
776662,18.36413,-66.12252,1.301919071E9,776110,776759
776662,18.364098,-66.122444,1.301919071E9,776110,776759
776662,18.36407,-66.12226,1.301919071E9,776110,776759
776662,18.364052,-66.12207,1.301919071E9,776110,776759
776662,18.364037,-66.12193,1.301919071E9,776110,776759
776662,18.364029,-66.121826,1.301919071E9,776110,776759
776662,18.364029,-66.121796,1.301919071E9,776110,776759
776662,18.364029,-66.12174,1.301919071E9,776110,776759
776662,18.364037,-66.12164,1.301919071E9,776110,776759
776662,18.364037,-66.121544,1.301919071E9,776110,776759
776662,18.364056,-66.121445,1.301919071E9,776110,776759
776662,18.364063,-66.12134,1.301919071E9,776110,776759
776662,18.364065,-66.12124,1.301919071E9,776110,776759
776662,18.364056,-66.12113,1.301919071E9,776110,776759
776662,18.36405,-66.121086,1.301919071E9,776110,776759
776662,18.364038,-66.12099,1.301919071E9,776110,776759
776662,18.364035,-66.12096,1.301919071E9,776110,776759
776662,18.36401,-66.12078,1.301919071E9,776110,776759
776662,18.364025,-66.12051,1.301919071E9,776110,776759
776662,18.364014,-66.12023,1.301919071E9,776110,776759
776662,18.363989,-66.12006,1.301919071E9,776110,776759
776662,18.36389,-66.1199,1.301919071E9,776110,776759
776662,18.363878,-66.11989,1.301919071E9,776110,776759
776662,18.363852,-66.119705,1.301919071E9,776110,776759
776662,18.363895,-66.11954,1.301919071E9,776110,776759
776662,18.363976,-66.11932,1.301919071E9,776110,776759
776662,18.363972,-66.119316,1.301919071E9,776110,776759
776662,18.363955,-66.11911,1.301919071E9,776110,776759
776662,18.363943,-66.11891,1.301919071E9,776110,776759
776662,18.363937,-66.118675,1.301919071E9,776110,776759
776662,18.363937,-66.11843,1.301919071E9,776110,776759
776662,18.363949,-66.11815,1.301919071E9,776110,776759
776662,18.363955,-66.11803,1.301919071E9,776110,776759
776662,18.363972,-66.11786,1.301919071E9,776110,776759
776662,18.364,-66.11754,1.301919071E9,776110,776759
776662,18.364008,-66.1174,1.301919071E9,776110,776759
776662,18.363997,-66.11718,1.301919071E9,776110,776759
776662,18.36401,-66.117,1.301919071E9,776110,776759
776662,18.364025,-66.11681,1.301919071E9,776110,776759
776662,18.364052,-66.11656,1.301919071E9,776110,776759
776662,18.364044,-66.11638,1.301919071E9,776110,776759
776662,18.364004,-66.11618,1.301919071E9,776110,776759
776662,18.363914,-66.11592,1.301919071E9,776110,776759
776662,18.36383,-66.11575,1.301919071E9,776110,776759
776662,18.363762,-66.115585,1.301919071E9,776110,776759
776662,18.36364,-66.11514,1.301919071E9,776110,776759
776662,18.363632,-66.11511,1.301919071E9,776110,776759
776662,18.363573,-66.114944,1.301919071E9,776110,776759
776662,18.36353,-66.11481,1.301919071E9,776110,776759
776662,18.363443,-66.11456,1.301919071E9,776110,776759
776662,18.363346,-66.11434,1.301919071E9,776110,776759
776662,18.363308,-66.11423,1.301919071E9,776110,776759
776662,18.363258,-66.11406,1.301919071E9,776110,776759
776662,18.363207,-66.11391,1.301919071E9,776110,776759
776662,18.363152,-66.11373,1.301919071E9,776110,776759
776662,18.36314,-66.11369,1.301919071E9,776110,776759
776662,18.363062,-66.11345,1.301919071E9,776110,776759
776662,18.363014,-66.11326,1.301919071E9,776110,776759
776662,18.363014,-66.11326,1.301919071E9,776110,776759
776662,18.362959,-66.11307,1.301919071E9,776110,776759
776662,18.362913,-66.112885,1.301919071E9,776110,776759
776662,18.3628,-66.11265,1.301919071E9,776110,776759
776662,18.36279,-66.11263,1.301919071E9,776110,776759
776662,18.362715,-66.11248,1.301919071E9,776110,776759
776662,18.362705,-66.11246,1.301919071E9,776110,776759
776662,18.362604,-66.11222,1.301919071E9,776110,776759
776662,18.362532,-66.112076,1.301919071E9,776110,776759
776662,18.362522,-66.112045,1.301919071E9,776110,776759
776662,18.36247,-66.11189,1.301919071E9,776110,776759
776662,18.36246,-66.11186,1.301919071E9,776110,776759
776662,18.362377,-66.11171,1.301919071E9,776110,776759
776662,18.36228,-66.11156,1.301919071E9,776110,776759
776662,18.362244,-66.1115,1.301919071E9,776110,776759
776662,18.362177,-66.11142,1.301919071E9,776110,776759
776662,18.362091,-66.11137,1.301919071E9,776110,776759
776662,18.361988,-66.11131,1.301919071E9,776110,776759
776662,18.36178,-66.111275,1.301919071E9,776110,776759
776662,18.361744,-66.111305,1.301919071E9,776110,776759
776662,18.36168,-66.11138,1.301919071E9,776110,776759
776662,18.361616,-66.1115,1.301919071E9,776110,776759
776662,18.361586,-66.1116,1.301919071E9,776110,776759
776662,18.361544,-66.11178,1.301919071E9,776110,776759
776662,18.361513,-66.11195,1.301919071E9,776110,776759
776662,18.361483,-66.11213,1.301919071E9,776110,776759
776662,18.361448,-66.1123,1.301919071E9,776110,776759
776662,18.361427,-66.11239,1.301919071E9,776110,776759
776662,18.361403,-66.11248,1.301919071E9,776110,776759
776662,18.361345,-66.11265,1.301919071E9,776110,776759
776662,18.36128,-66.112816,1.301919071E9,776110,776759
776662,18.361273,-66.11285,1.301919071E9,776110,776759
776662,18.361221,-66.11301,1.301919071E9,776110,776759
776662,18.361221,-66.11301,1.301919071E9,776110,776759
