9
776662,18.363949,-66.11891,1.301919071E9,776110,776759
776662,18.363905,-66.11912,1.301919071E9,776110,776759
776662,18.363964,-66.119286,1.301919071E9,776110,776759
776662,18.364096,-66.119415,1.301919071E9,776110,776759
776662,18.364202,-66.11956,1.301919071E9,776110,776759
776662,18.36424,-66.119774,1.301919071E9,776110,776759
776662,18.36416,-66.11992,1.301919071E9,776110,776759
776662,18.36405,-66.12003,1.301919071E9,776110,776759
776662,18.36401,-66.12019,1.301919071E9,776110,776759
776662,18.363985,-66.1204,1.301919071E9,776110,776759
776662,18.363983,-66.12056,1.301919071E9,776110,776759
776662,18.36398,-66.1206,1.301919071E9,776110,776759
776662,18.363964,-66.12069,1.301919071E9,776110,776759
776662,18.363958,-66.12073,1.301919071E9,776110,776759
776662,18.363985,-66.12091,1.301919071E9,776110,776759
776662,18.363981,-66.1211,1.301919071E9,776110,776759
776662,18.363983,-66.12128,1.301919071E9,776110,776759
776662,18.363981,-66.12138,1.301919071E9,776110,776759
776662,18.363968,-66.12148,1.301919071E9,776110,776759
776662,18.363966,-66.12153,1.301919071E9,776110,776759
776662,18.363964,-66.12162,1.301919071E9,776110,776759
776662,18.363977,-66.12172,1.301919071E9,776110,776759
776662,18.364004,-66.12192,1.301919071E9,776110,776759
776662,18.364008,-66.12209,1.301919071E9,776110,776759
776662,18.364006,-66.12229,1.301919071E9,776110,776759
776662,18.364008,-66.12235,1.301919071E9,776110,776759
776662,18.364017,-66.12245,1.301919071E9,776110,776759
776662,18.364162,-66.122536,1.301919071E9,776110,776759
776662,18.364365,-66.12259,1.301919071E9,776110,776759
776662,18.364546,-66.1226,1.301919071E9,776110,776759
776662,18.3646,-66.122604,1.301919071E9,776110,776759
776662,18.364681,-66.122635,1.301919071E9,776110,776759
776662,18.364716,-66.12272,1.301919071E9,776110,776759
776662,18.36474,-66.122894,1.301919071E9,776110,776759
776662,18.364876,-66.123024,1.301919071E9,776110,776759
776662,18.365046,-66.12303,1.301919071E9,776110,776759
776662,18.365196,-66.12299,1.301919071E9,776110,776759
776662,18.365236,-66.122986,1.301919071E9,776110,776759
776662,18.365332,-66.12298,1.301919071E9,776110,776759
776662,18.365479,-66.12297,1.301919071E9,776110,776759
776662,18.365612,-66.12297,1.301919071E9,776110,776759
776662,18.365694,-66.12296,1.301919071E9,776110,776759
776662,18.36582,-66.12293,1.301919071E9,776110,776759
776662,18.365927,-66.1229,1.301919071E9,776110,776759
776662,18.365932,-66.1229,1.301919071E9,776110,776759
776662,18.366035,-66.12289,1.301919071E9,776110,776759
776662,18.366203,-66.12288,1.301919071E9,776110,776759
776662,18.366219,-66.12289,1.301919071E9,776110,776759
776662,18.366386,-66.12297,1.301919071E9,776110,776759
776662,18.366432,-66.123146,1.301919071E9,776110,776759
776662,18.366325,-66.12329,1.301919071E9,776110,776759
776662,18.366148,-66.12334,1.301919071E9,776110,776759
776662,18.365969,-66.123375,1.301919071E9,776110,776759
776662,18.36578,-66.12342,1.301919071E9,776110,776759
776662,18.36562,-66.123375,1.301919071E9,776110,776759
776662,18.365492,-66.123245,1.301919071E9,776110,776759
776662,18.365301,-66.12313,1.301919071E9,776110,776759
776662,18.365088,-66.12314,1.301919071E9,776110,776759
776662,18.364931,-66.12314,1.301919071E9,776110,776759
776662,18.364763,-66.123085,1.301919071E9,776110,776759
776662,18.364578,-66.123055,1.301919071E9,776110,776759
776662,18.364374,-66.12304,1.301919071E9,776110,776759
776662,18.364183,-66.12301,1.301919071E9,776110,776759
776662,18.364012,-66.12282,1.301919071E9,776110,776759
776662,18.364141,-66.12264,1.301919071E9,776110,776759
776662,18.364344,-66.12263,1.301919071E9,776110,776759
776662,18.364555,-66.122635,1.301919071E9,776110,776759
776662,18.364695,-66.12275,1.301919071E9,776110,776759
776662,18.36473,-66.12292,1.301919071E9,776110,776759
776662,18.364899,-66.12298,1.301919071E9,776110,776759
776662,18.365055,-66.12299,1.301919071E9,776110,776759
776662,18.365088,-66.122986,1.301919071E9,776110,776759
776662,18.36524,-66.12297,1.301919071E9,776110,776759
776662,18.365402,-66.122955,1.301919071E9,776110,776759
776662,18.365583,-66.122955,1.301919071E9,776110,776759
776662,18.36576,-66.122925,1.301919071E9,776110,776759
776662,18.365913,-66.1229,1.301919071E9,776110,776759
776662,18.36614,-66.122856,1.301919071E9,776110,776759
776662,18.366344,-66.12289,1.301919071E9,776110,776759
776662,18.366344,-66.12289,1.301919071E9,776110,776759
776662,18.366425,-66.12308,1.301919071E9,776110,776759
776662,18.36643,-66.12325,1.301919071E9,776110,776759
776662,18.366356,-66.12331,1.301919071E9,776110,776759
776662,18.366161,-66.123344,1.301919071E9,776110,776759
776662,18.36593,-66.12339,1.301919071E9,776110,776759
776662,18.365858,-66.123405,1.301919071E9,776110,776759
776662,18.365711,-66.12345,1.301919071E9,776110,776759
776662,18.365631,-66.123436,1.301919071E9,776110,776759
776662,18.365541,-66.1234,1.301919071E9,776110,776759
776662,18.365486,-66.123344,1.301919071E9,776110,776759
776662,18.365349,-66.12317,1.301919071E9,776110,776759
776662,18.365183,-66.123184,1.301919071E9,776110,776759
776662,18.36503,-66.1232,1.301919071E9,776110,776759
776662,18.364874,-66.12318,1.301919071E9,776110,776759
776662,18.364704,-66.12308,1.301919071E9,776110,776759
776662,18.364536,-66.123085,1.301919071E9,776110,776759
776662,18.36438,-66.12307,1.301919071E9,776110,776759
776662,18.364223,-66.12304,1.301919071E9,776110,776759
776662,18.364021,-66.12293,1.301919071E9,776110,776759
776662,18.363998,-66.12276,1.301919071E9,776110,776759
776662,18.364023,-66.122696,1.301919071E9,776110,776759
776662,18.364141,-66.122574,1.301919071E9,776110,776759
776662,18.364311,-66.12257,1.301919071E9,776110,776759
776662,18.364466,-66.12258,1.301919071E9,776110,776759
776662,18.364622,-66.122604,1.301919071E9,776110,776759
776662,18.364725,-66.12273,1.301919071E9,776110,776759
776662,18.364733,-66.12289,1.301919071E9,776110,776759
776662,18.364761,-66.122986,1.301919071E9,776110,776759
776662,18.364826,-66.12304,1.301919071E9,776110,776759
776662,18.364878,-66.123055,1.301919071E9,776110,776759
776662,18.366411,-66.12316,1.301919071E9,776110,776759
776662,18.366278,-66.12336,1.301919071E9,776110,776759
776662,18.366114,-66.12338,1.301919071E9,776110,776759
776662,18.365936,-66.12342,1.301919071E9,776110,776759
776662,18.365788,-66.123474,1.301919071E9,776110,776759
776662,18.365625,-66.123474,1.301919071E9,776110,776759
776662,18.365503,-66.123375,1.301919071E9,776110,776759
776662,18.365454,-66.12331,1.301919071E9,776110,776759
776662,18.365305,-66.123245,1.301919071E9,776110,776759
776662,18.36515,-66.123245,1.301919071E9,776110,776759
776662,18.364979,-66.12323,1.301919071E9,776110,776759
776662,18.364841,-66.123146,1.301919071E9,776110,776759
776662,18.36469,-66.12311,1.301919071E9,776110,776759
776662,18.364471,-66.1231,1.301919071E9,776110,776759
776662,18.36431,-66.12306,1.301919071E9,776110,776759
776662,18.364176,-66.12301,1.301919071E9,776110,776759
776662,18.364105,-66.12295,1.301919071E9,776110,776759
776662,18.364038,-66.12279,1.301919071E9,776110,776759
776662,18.36412,-66.12265,1.301919071E9,776110,776759
776662,18.364273,-66.1226,1.301919071E9,776110,776759
776662,18.364445,-66.122574,1.301919071E9,776110,776759
776662,18.36449,-66.122574,1.301919071E9,776110,776759
776662,18.3646,-66.122574,1.301919071E9,776110,776759
776662,18.364676,-66.12272,1.301919071E9,776110,776759
776662,18.364693,-66.122826,1.301919071E9,776110,776759
776662,18.364748,-66.12294,1.301919071E9,776110,776759
776662,18.364927,-66.123024,1.301919071E9,776110,776759
776662,18.36509,-66.12303,1.301919071E9,776110,776759
776662,18.365244,-66.12303,1.301919071E9,776110,776759
776662,18.365396,-66.123,1.301919071E9,776110,776759
776662,18.365557,-66.12299,1.301919071E9,776110,776759
776662,18.365679,-66.12298,1.301919071E9,776110,776759
776662,18.365826,-66.12293,1.301919071E9,776110,776759
776662,18.365976,-66.122894,1.301919071E9,776110,776759
776662,18.366142,-66.12286,1.301919071E9,776110,776759
776662,18.366283,-6