0,776759
776662,38.02784,-97.92559,1.301919071E9,776110,776759
776662,38.027924,-97.92565,1.301919071E9,776110,776759
776662,38.028004,-97.925705,1.301919071E9,776110,776759
776662,38.028114,-97.92584,1.301919071E9,776110,776759
776662,38.028187,-97.92593,1.301919071E9,776110,776759
776662,38.028263,-97.925995,1.301919071E9,776110,776759
776662,38.02834,-97.926056,1.301919071E9,776110,776759
776662,38.02842,-97.92611,1.301919071E9,776110,776759
776662,38.0285,-97.92616,1.301919071E9,776110,776759
776662,38.028587,-97.92621,1.301919071E9,776110,776759
776662,38.028675,-97.92627,1.301919071E9,776110,776759
776662,38.02876,-97.926346,1.301919071E9,776110,776759
776662,38.028854,-97.926414,1.301919071E9,776110,776759
776662,38.02898,-97.92649,1.301919071E9,776110,776759
776662,38.029064,-97.92654,1.301919071E9,776110,776759
776662,38.029152,-97.92658,1.301919071E9,776110,776759
776662,38.029236,-97.92663,1.301919071E9,776110,776759
776662,38.029324,-97.926674,1.301919071E9,776110,776759
776662,38.02943,-97.92674,1.301919071E9,776110,776759
776662,38.02951,-97.926796,1.301919071E9,776110,776759
776662,38.029594,-97.92684,1.301919071E9,776110,776759
776662,38.029686,-97.92689,1.301919071E9,776110,776759
776662,38.02977,-97.92694,1.301919071E9,776110,776759
776662,38.029846,-97.92699,1.301919071E9,776110,776759
776662,38.02993,-97.92704,1.301919071E9,776110,776759
776662,38.030014,-97.92708,1.301919071E9,776110,776759
776662,38.0301,-97.92713,1.301919071E9,776110,776759
776662,38.03018,-97.92718,1.301919071E9,776110,776759
776662,38.03026,-97.92723,1.301919071E9,776110,776759
776662,38.030342,-97.927284,1.301919071E9,776110,776759
776662,38.030464,-97.92736,1.301919071E9,776110,776759
776662,38.030556,-97.9274,1.301919071E9,776110,776759
776662,38.030643,-97.927444,1.301919071E9,776110,776759
776662,38.030735,-97.92748,1.301919071E9,776110,776759
776662,38.030827,-97.92752,1.301919071E9,776110,776759
776662,38.03092,-97.92755,1.301919071E9,776110,776759
776662,38.031044,-97.92759,1.301919071E9,776110,776759
776662,38.031128,-97.92762,1.301919071E9,776110,776759
776662,38.03124,-97.92766,1.301919071E9,776110,776759
776662,38.031353,-97.9277,1.301919071E9,776110,776759
776662,38.03147,-97.92772,1.301919071E9,776110,776759
776662,38.031586,-97.92776,1.301919071E9,776110,776759
776662,38.03168,-97.92779,1.301919071E9,776110,776759
776662,38.031776,-97.92782,1.301919071E9,776110,776759
776662,38.031876,-97.92785,1.301919071E9,776110,776759
776662,38.031967,-97.92787,1.301919071E9,776110,776759
776662,38.032055,-97.92791,1.301919071E9,776110,776759
776662,38.032143,-97.92796,1.301919071E9,776110,776759
776662,38.032223,-97.928,1.301919071E9,776110,776759
776662,38.0323,-97.92805,1.301919071E9,776110,776759
776662,38.032383,-97.92809,1.301919071E9,776110,776759
776662,38.03249,-97.92815,1.301919071E9,776110,776759
776662,38.032578,-97.9282,1.301919071E9,776110,776759
776662,38.03266,-97.92824,1.301919071E9,776110,776759
776662,38.032745,-97.92828,1.301919071E9,776110,776759
776662,38.032867,-97.928345,1.301919071E9,776110,776759
776662,38.03295,-97.92839,1.301919071E9,776110,776759
776662,38.033035,-97.92844,1.301919071E9,776110,776759
776662,38.033115,-97.92849,1.301919071E9,776110,776759
776662,38.033195,-97.92854,1.301919071E9,776110,776759
776662,38.033268,-97.92859,1.301919071E9,776110,776759
776662,38.033344,-97.928635,1.301919071E9,776110,776759
776662,38.03342,-97.928696,1.301919071E9,776110,776759
776662,38.033497,-97.92874,1.301919071E9,776110,776759
776662,38.033577,-97.92877,1.301919071E9,776110,776759
776662,38.033653,-97.92881,1.301919071E9,776110,776759
776662,38.03374,-97.92886,1.301919071E9,776110,776759
776662,38.033817,-97.9289,1.301919071E9,776110,776759
776662,38.033897,-97.92895,1.301919071E9,776110,776759
776662,38.03398,-97.928986,1.301919071E9,776110,776759
776662,38.03406,-97.92904,1.301919071E9,776110,776759
776662,38.03416,-97.929085,1.301919071E9,776110,776759
776662,38.03426,-97.92911,1.301919071E9,776110,776759
776662,38.034363,-97.92914,1.301919071E9,776110,776759
776662,38.034462,-97.92918,1.301919071E9,776110,776759
776662,38.03457,-97.92923,1.301919071E9,776110,776759
776662,38.034653,-97.92928,1.301919071E9,776110,776759
776662,38.034733,-97.92934,1.301919071E9,776110,776759
776662,38.034824,-97.92939,1.301919071E9,776110,776759
776662,38.034924,-97.929436,1.301919071E9,776110,776759
776662,38.035023,-97.929474,1.301919071E9,776110,776759
776662,38.035114,-97.92949,1.301919071E9,776110,776759
776662,38.035202,-97.92951,1.301919071E9,776110,776759
776662,38.03529,-97.92954,1.301919071E9,776110,776759
776662,38.035378,-97.929565,1.301919071E9,776110,776759
776662,38.03552,-97.92958,1.301919071E9,776110,776759
776662,38.035618,-97.92956,1.301919071E9,776110,776759
776662,38.035706,-97.92951,1.301919071E9,776110,776759
776662,38.0358,-97.92949,1.301919071E9,776110,776759
776662,38.035896,-97.92949,1.301919071E9,776110,776759
776662,38.03599,-97.9295,1.301919071E9,776110,776759
776662,38.036076,-97.92953,1.301919071E9,776110,776759
776662,38.036156,-97.92959,1.301919071E9,776110,776759
776662,38.036224,-97.929665,1.301919071E9,776110,776759
776662,38.036293,-97.92974,1.301919071E9,776110,776759
776662,38.036366,-97.92984,1.301919071E9,776110,776759
776662,38.036427,-97.929924,1.301919071E9,776110,776759
776662,38.036503,-97.93,1.301919071E9,776110,776759
776662,38.036583,-97.93005,1.301919071E9,776110,776759
776662,38.036674,-97.9301,1.301919071E9,776110,776759
776662,38.03677,-97.93015,1.301919071E9,776110,776759
776662,38.036858,-97.93021,1.301919071E9,776110,776759
776662,38.036934,-97.93025,1.301919071E9,776110,776759
776662,38.03701,-97.930305,1.301919071E9,776110,776759
776662,38.03716,-97.930435,1.301919071E9,776110,776759
776662,38.03724,-97.93052,1.301919071E9,776110,776759
776662,38.03732,-97.93059,1.301919071E9,776110,776759
776662,38.037403,-97.93064,1.301919071E9,776110,776759
776662,38.037483,-97.93069,1.301919071E9,776110,776759
776662,38.037556,-97.93075,1.301919071E9,776110,776759
776662,38.03763,-97.93082,1.301919071E9,776110,776759
776662,38.037712,-97.93088,1.301919071E9,776110,776759
776662,38.037785,-97.93095,1.301919071E9,776110,776759
776662,38.037853,-97.93101,1.301919071E9,776110,776759
776662,38.03795,-97.93109,1.301919071E9,776110,776759
776662,38.03804,-97.9312,1.301919071E9,776110,776759
776662,38.038105,-97.931274,1.301919071E9,776110,776759
776662,38.03817,-97.931335,1.301919071E9,776110,776759
776662,38.038246,-97.931404,1.301919071E9,776110,776759
776662,38.03831,-97.93147,1.301919071E9,776110,776759
776662,38.038372,-97.93153,1.301919071E9,776110,776759
776662,38.038445,-97.931656,1.301919071E9,776110,776759
776662,38.03849,-97.93175,1.301919071E9,776110,776759
776662,38.03854,-97.93184,1.301919071E9,776110,776759
776662,38.03861,-97.93194,1.301919071E9,776110,776759
776662,38.03869,-97.932014,1.301919071E9,776110,776759
776662,38.038776,-97.9321,1.301919071E9,776110,776759
776662,38.038864,-97.93218,1.301919071E9,776110,776759
776662,38.038948,-97.93226,1.301919071E9,776110,776759
776662,38.039024,-97.93236,1.301919071E9,776110,776759
776662,38.039097,-97.93246,1.301919071E9,776110,776759
776662,38.03917,-97.93255,1.301919071E9,776110,776759
776662,38.039295,-97.93266,1.301919071E9,776110,776759
776662,38.03938,-97.93273,1.301919071E9,776110,776759
776662,38.039467,-97.93281,1.301919071E9,776110,776759
776662,38.03956,-97.932884,1.301919071E9,776110,776759
776662,38.039627,-97.93297,1.301919071E9,776110,776759
776662,38.039692,-97.93304,1.301919071E9,776110,776759
776662,38.039787,-97.933136,1.301919071E9,776110,776759
776662,38.03985,-97.933205,1.301919071E9,776110,776759
776662,38.039948,-97.93332,1.301919071E9,776110,776759
776662,38.04002,-97.93339,1.301919071E9,776110,776759
776662,38.04009,-97.93346,1.301919071E9,776110,776759
776662,38.040157,-97.93352,1.301919071E9,776110,776759
776662,38.040257,-97.93361,1.301919071E9,776110,776759
776662,38.040318,-97.933685,1.301919071E9,776110,776759
