62,48.855938,2.23745,1.301919071E9,776110,776759
776662,48.855835,2.237442,1.301919071E9,776110,776759
776662,48.85573,2.237454,1.301919071E9,776110,776759
776662,48.85562,2.23746,1.301919071E9,776110,776759
776662,48.855522,2.237475,1.301919071E9,776110,776759
776662,48.855423,2.23747,1.301919071E9,776110,776759
776662,48.855316,2.23746,1.301919071E9,776110,776759
776662,48.855206,2.237448,1.301919071E9,776110,776759
776662,48.855106,2.237444,1.301919071E9,776110,776759
776662,48.855,2.237429,1.301919071E9,776110,776759
776662,48.854885,2.237419,1.301919071E9,776110,776759
776662,48.854774,2.237432,1.301919071E9,776110,776759
776662,48.854668,2.237423,1.301919071E9,776110,776759
776662,48.854557,2.237397,1.301919071E9,776110,776759
776662,48.854454,2.237376,1.301919071E9,776110,776759
776662,48.854355,2.23735,1.301919071E9,776110,776759
776662,48.854256,2.237328,1.301919071E9,776110,776759
776662,48.85415,2.237304,1.301919071E9,776110,776759
776662,48.85405,2.237275,1.301919071E9,776110,776759
776662,48.853947,2.23724,1.301919071E9,776110,776759
776662,48.853848,2.237208,1.301919071E9,776110,776759
776662,48.853745,2.237189,1.301919071E9,776110,776759
776662,48.85365,2.237159,1.301919071E9,776110,776759
776662,48.85356,2.237121,1.301919071E9,776110,776759
776662,48.853466,2.237096,1.301919071E9,776110,776759
776662,48.85336,2.237079,1.301919071E9,776110,776759
776662,48.853252,2.237016,1.301919071E9,776110,776759
776662,48.853146,2.236953,1.301919071E9,776110,776759
776662,48.85304,2.2369,1.301919071E9,776110,776759
776662,48.85294,2.236863,1.301919071E9,776110,776759
776662,48.852833,2.236839,1.301919071E9,776110,776759
776662,48.85274,2.236817,1.301919071E9,776110,776759
776662,48.85264,2.236808,1.301919071E9,776110,776759
776662,48.85254,2.23679,1.301919071E9,776110,776759
776662,48.85244,2.236775,1.301919071E9,776110,776759
776662,48.85233,2.23676,1.301919071E9,776110,776759
776662,48.85222,2.23676,1.301919071E9,776110,776759
776662,48.85213,2.236798,1.301919071E9,776110,776759
776662,48.85203,2.236802,1.301919071E9,776110,776759
776662,48.851925,2.236815,1.301919071E9,776110,776759
776662,48.85183,2.236867,1.301919071E9,776110,776759
776662,48.85173,2.236913,1.301919071E9,776110,776759
776662,48.85164,2.236951,1.301919071E9,776110,776759
776662,48.851547,2.236982,1.301919071E9,776110,776759
776662,48.851448,2.237003,1.301919071E9,776110,776759
776662,48.851357,2.237031,1.301919071E9,776110,776759
776662,48.85128,2.237124,1.301919071E9,776110,776759
776662,48.8512,2.237197,1.301919071E9,776110,776759
776662,48.8511,2.237271,1.301919071E9,776110,776759
776662,48.851017,2.237355,1.301919071E9,776110,776759
776662,48.850952,2.237465,1.301919071E9,776110,776759
776662,48.8509,2.237582,1.301919071E9,776110,776759
776662,48.850826,2.23769,1.301919071E9,776110,776759
776662,48.850723,2.23775,1.301919071E9,776110,776759
776662,48.85063,2.237747,1.301919071E9,776110,776759
776662,48.850517,2.237719,1.301919071E9,776110,776759
776662,48.85042,2.237705,1.301919071E9,776110,776759
776662,48.85033,2.237688,1.301919071E9,776110,776759
776662,48.85022,2.23766,1.301919071E9,776110,776759
776662,48.85011,2.237629,1.301919071E9,776110,776759
776662,48.85004,2.237605,1.301919071E9,776110,776759
776662,48.85004,2.237605,1.301919071E9,776110,776759
776662,48.84998,2.237574,1.301919071E9,776110,776759
776662,48.848698,2.237345,1.301919071E9,776110,776759
776662,48.84859,2.237311,1.301919071E9,776110,776759
776662,48.848476,2.237291,1.301919071E9,776110,776759
776662,48.84838,2.23728,1.301919071E9,776110,776759
776662,48.84829,2.237251,1.301919071E9,776110,776759
776662,48.848183,2.237205,1.301919071E9,776110,776759
776662,48.848083,2.237181,1.301919071E9,776110,776759
776662,48.84798,2.23716,1.301919071E9,776110,776759
776662,48.847874,2.237175,1.301919071E9,776110,776759
776662,48.84777,2.237154,1.301919071E9,776110,776759
776662,48.847675,2.237117,1.301919071E9,776110,776759
776662,48.847572,2.237072,1.301919071E9,776110,776759
776662,48.84748,2.237035,1.301919071E9,776110,776759
776662,48.847385,2.23699,1.301919071E9,776110,776759
776662,48.847275,2.236965,1.301919071E9,776110,776759
776662,48.847183,2.236953,1.301919071E9,776110,776759
776662,48.847073,2.236943,1.301919071E9,776110,776759
776662,48.84698,2.236915,1.301919071E9,776110,776759
776662,48.846886,2.236893,1.301919071E9,776110,776759
776662,48.846767,2.236884,1.301919071E9,776110,776759
776662,48.84667,2.236893,1.301919071E9,776110,776759
776662,48.846577,2.236903,1.301919071E9,776110,776759
776662,48.846485,2.236904,1.301919071E9,776110,776759
776662,48.846386,2.236902,1.301919071E9,776110,776759
776662,48.846287,2.236919,1.301919071E9,776110,776759
776662,48.846184,2.236941,1.301919071E9,776110,776759
776662,48.84608,2.236939,1.301919071E9,776110,776759
776662,48.845978,2.236923,1.301919071E9,776110,776759
776662,48.845882,2.236969,1.301919071E9,776110,776759
776662,48.845795,2.237021,1.301919071E9,776110,776759
776662,48.845707,2.237083,1.301919071E9,776110,776759
776662,48.845615,2.237166,1.301919071E9,776110,776759
776662,48.845524,2.237193,1.301919071E9,776110,776759
776662,48.84542,2.237162,1.301919071E9,776110,776759
776662,48.845314,2.237203,1.301919071E9,776110,776759
776662,48.84522,2.237271,1.301919071E9,776110,776759
776662,48.84512,2.237324,1.301919071E9,776110,776759
776662,48.845028,2.237385,1.301919071E9,776110,776759
776662,48.844948,2.237441,1.301919071E9,776110,776759
776662,48.84484,2.23748,1.301919071E9,776110,776759
776662,48.844757,2.237523,1.301919071E9,776110,776759
776662,48.844517,2.237669,1.301919071E9,776110,776759
776662,48.844425,2.237739,1.301919071E9,776110,776759
776662,48.84433,2.237783,1.301919071E9,776110,776759
776662,48.844215,2.237823,1.301919071E9,776110,776759
776662,48.844116,2.237861,1.301919071E9,776110,776759
776662,48.844,2.237866,1.301919071E9,776110,776759
776662,48.843914,2.237906,1.301919071E9,776110,776759
776662,48.843815,2.23795,1.301919071E9,776110,776759
776662,48.843723,2.237991,1.301919071E9,776110,776759
776662,48.843643,2.238063,1.301919071E9,776110,776759
776662,48.84355,2.238113,1.301919071E9,776110,776759
776662,48.843452,2.238161,1.301919071E9,776110,776759
776662,48.843372,2.238241,1.301919071E9,776110,776759
776662,48.843292,2.238305,1.301919071E9,776110,776759
776662,48.84318,2.238367,1.301919071E9,776110,776759
776662,48.843082,2.238388,1.301919071E9,776110,776759
776662,48.84299,2.238383,1.301919071E9,776110,776759
776662,48.842903,2.238442,1.301919071E9,776110,776759
776662,48.842808,2.238502,1.301919071E9,776110,776759
776662,48.84272,2.23857,1.301919071E9,776110,776759
776662,48.842636,2.238635,1.301919071E9,776110,776759
776662,48.842552,2.238694,1.301919071E9,776110,776759
776662,48.842445,2.238742,1.301919071E9,776110,776759
776662,48.84233,2.238775,1.301919071E9,776110,776759
776662,48.842213,2.238814,1.301919071E9,776110,776759
776662,48.842102,2.238869,1.301919071E9,776110,776759
776662,48.842007,2.238933,1.301919071E9,776110,776759
776662,48.84192,2.238983,1.301919071E9,776110,776759
776662,48.841824,2.239061,1.301919071E9,776110,776759
776662,48.841732,2.239132,1.301919071E9,776110,776759
776662,48.84166,2.239232,1.301919071E9,776110,776759
776662,48.84158,2.239331,1.301919071E9,776110,776759
776662,48.841476,2.239363,1.301919071E9,776110,776759
776662,48.841347,2.23945,1.301919071E9,776110,776759
776662,48.84125,2.239491,1.301919071E9,776110,776759
776662,48.841156,2.239506,1.301919071E9,776110,776759
776662,48.84106,2.239536,1.301919071E9,776110,776759
776662,48.840965,2.239589,1.301919071E9,776110,776759
776662,48.840714,2.239709,1.301919071E9,776110,776759
776662,48.840622,2.239751,1.301919071E9,776110,776759
776662,48.84053,2.239779,1.301919071E9,776110,776759
776662,48.840424,2.239818,1.301919071E9,776110,776759
776662,48.84031,2.239866,1.301919071E9,776110,776759
776662,48.84018,2.239904,1.301919071E9,776110,776759
776662,48.840088,2.239932,1.301919071E9,776110,776759
776662,48.839996,2.239929,1.301919071E9,776110,