,1.301919071E9,776110,776759
776662,20.93901,-156.69238,1.301919071E9,776110,776759
776662,20.9389,-156.69238,1.301919071E9,776110,776759
776662,20.9388,-156.69235,1.301919071E9,776110,776759
776662,20.938704,-156.69232,1.301919071E9,776110,776759
776662,20.9386,-156.69232,1.301919071E9,776110,776759
776662,20.938496,-156.69232,1.301919071E9,776110,776759
776662,20.938381,-156.69232,1.301919071E9,776110,776759
776662,20.938267,-156.69232,1.301919071E9,776110,776759
776662,20.938152,-156.69234,1.301919071E9,776110,776759
776662,20.93806,-156.69234,1.301919071E9,776110,776759
776662,20.937952,-156.69238,1.301919071E9,776110,776759
776662,20.93785,-156.69238,1.301919071E9,776110,776759
776662,20.937752,-156.69235,1.301919071E9,776110,776759
776662,20.937654,-156.69234,1.301919071E9,776110,776759
776662,20.937534,-156.69234,1.301919071E9,776110,776759
776662,20.93744,-156.69235,1.301919071E9,776110,776759
776662,20.93735,-156.69235,1.301919071E9,776110,776759
776662,20.937239,-156.69235,1.301919071E9,776110,776759
776662,20.937132,-156.69234,1.301919071E9,776110,776759
776662,20.93703,-156.69235,1.301919071E9,776110,776759
776662,20.936932,-156.69237,1.301919071E9,776110,776759
776662,20.93683,-156.69237,1.301919071E9,776110,776759
776662,20.936726,-156.6924,1.301919071E9,776110,776759
776662,20.936634,-156.69244,1.301919071E9,776110,776759
776662,20.936543,-156.6925,1.301919071E9,776110,776759
776662,20.936432,-156.69254,1.301919071E9,776110,776759
776662,20.936323,-156.69254,1.301919071E9,776110,776759
776662,20.936218,-156.69255,1.301919071E9,776110,776759
776662,20.936121,-156.69255,1.301919071E9,776110,776759
776662,20.936028,-156.69255,1.301919071E9,776110,776759
776662,20.935913,-156.69255,1.301919071E9,776110,776759
776662,20.935818,-156.69257,1.301919071E9,776110,776759
776662,20.93572,-156.69257,1.301919071E9,776110,776759
776662,20.935629,-156.69257,1.301919071E9,776110,776759
776662,20.935513,-156.69257,1.301919071E9,776110,776759
776662,20.935402,-156.69255,1.301919071E9,776110,776759
776662,20.935312,-156.69255,1.301919071E9,776110,776759
776662,20.935217,-156.69255,1.301919071E9,776110,776759
776662,20.935123,-156.69255,1.301919071E9,776110,776759
776662,20.935015,-156.69255,1.301919071E9,776110,776759
776662,20.934914,-156.69255,1.301919071E9,776110,776759
776662,20.934805,-156.69255,1.301919071E9,776110,776759
776662,20.934702,-156.69255,1.301919071E9,776110,776759
776662,20.934622,-156.69249,1.301919071E9,776110,776759
776662,20.934608,-156.69238,1.301919071E9,776110,776759
776662,20.934662,-156.6921,1.301919071E9,776110,776759
776662,20.93459,-156.69217,1.301919071E9,776110,776759
776662,20.934557,-156.69228,1.301919071E9,776110,776759
776662,20.934526,-156.69237,1.301919071E9,776110,776759
776662,20.934496,-156.69247,1.301919071E9,776110,776759
776662,20.934587,-156.69249,1.301919071E9,776110,776759
776662,20.934689,-156.69249,1.301919071E9,776110,776759
776662,20.934792,-156.69249,1.301919071E9,776110,776759
776662,20.934908,-156.6925,1.301919071E9,776110,776759
776662,20.935017,-156.6925,1.301919071E9,776110,776759
776662,20.935114,-156.69252,1.301919071E9,776110,776759
776662,20.935228,-156.69254,1.301919071E9,776110,776759
776662,20.93532,-156.69254,1.301919071E9,776110,776759
776662,20.93541,-156.69254,1.301919071E9,776110,776759
776662,20.935528,-156.69254,1.301919071E9,776110,776759
776662,20.935642,-156.69254,1.301919071E9,776110,776759
776662,20.935732,-156.69254,1.301919071E9,776110,776759
776662,20.935843,-156.69254,1.301919071E9,776110,776759
776662,20.935944,-156.69255,1.301919071E9,776110,776759
776662,20.93604,-156.69255,1.301919071E9,776110,776759
776662,20.936132,-156.69254,1.301919071E9,776110,776759
776662,20.936243,-156.69252,1.301919071E9,776110,776759
776662,20.93636,-156.6925,1.301919071E9,776110,776759
776662,20.936455,-156.69244,1.301919071E9,776110,776759
776662,20.936552,-156.69238,1.301919071E9,776110,776759
776662,20.936663,-156.69237,1.301919071E9,776110,776759
776662,20.936762,-156.69234,1.301919071E9,776110,776759
776662,20.936863,-156.69232,1.301919071E9,776110,776759
776662,20.93698,-156.69229,1.301919071E9,776110,776759
776662,20.93708,-156.69229,1.301919071E9,776110,776759
776662,20.9372,-156.69229,1.301919071E9,776110,776759
776662,20.937292,-156.69229,1.301919071E9,776110,776759
776662,20.937403,-156.69228,1.301919071E9,776110,776759
776662,20.937494,-156.69229,1.301919071E9,776110,776759
776662,20.93759,-156.69232,1.301919071E9,776110,776759
776662,20.937675,-156.69235,1.301919071E9,776110,776759
776662,20.937784,-156.69237,1.301919071E9,776110,776759
776662,20.93789,-156.69234,1.301919071E9,776110,776759
776662,20.938005,-156.69232,1.301919071E9,776110,776759
776662,20.938108,-156.69232,1.301919071E9,776110,776759
776662,20.93821,-156.69232,1.301919071E9,776110,776759
776662,20.9383,-156.6923,1.301919071E9,776110,776759
776662,20.938393,-156.69232,1.301919071E9,776110,776759
776662,20.938494,-156.69232,1.301919071E9,776110,776759
776662,20.938606,-156.69237,1.301919071E9,776110,776759
776662,20.938707,-156.69237,1.301919071E9,776110,776759
776662,20.938812,-156.69237,1.301919071E9,776110,776759
776662,20.93891,-156.69238,1.301919071E9,776110,776759
776662,20.939,-156.6924,1.301919071E9,776110,776759
776662,20.939098,-156.6924,1.301919071E9,776110,776759
776662,20.939194,-156.6924,1.301919071E9,776110,776759
776662,20.939287,-156.69238,1.301919071E9,776110,776759
776662,20.939377,-156.69237,1.301919071E9,776110,776759
776662,20.939493,-156.69235,1.301919071E9,776110,776759
776662,20.939608,-156.69235,1.301919071E9,776110,776759
776662,20.939705,-156.69235,1.301919071E9,776110,776759
776662,20.939798,-156.69232,1.301919071E9,776110,776759
776662,20.939888,-156.69228,1.301919071E9,776110,776759
776662,20.939983,-156.69225,1.301919071E9,776110,776759
776662,20.940086,-156.69221,1.301919071E9,776110,776759
776662,20.940176,-156.6922,1.301919071E9,776110,776759
776662,20.94027,-156.6922,1.301919071E9,776110,776759
776662,20.940363,-156.69218,1.301919071E9,776110,776759
776662,20.940453,-156.69217,1.301919071E9,776110,776759
776662,20.940569,-156.69215,1.301919071E9,776110,776759
776662,20.940683,-156.69214,1.301919071E9,776110,776759
776662,20.94079,-156.69212,1.301919071E9,776110,776759
776662,20.940891,-156.6921,1.301919071E9,776110,776759
776662,20.940992,-156.69208,1.301919071E9,776110,776759
776662,20.941092,-156.69208,1.301919071E9,776110,776759
776662,20.941202,-156.69206,1.301919071E9,776110,776759
776662,20.941301,-156.69208,1.301919071E9,776110,776759
776662,20.941416,-156.6921,1.301919071E9,776110,776759
776662,20.941505,-156.69211,1.301919071E9,776110,776759
776662,20.94162,-156.6921,1.301919071E9,776110,776759
776662,20.94173,-156.69208,1.301919071E9,776110,776759
776662,20.941835,-156.69203,1.301919071E9,776110,776759
776662,20.941938,-156.692,1.301919071E9,776110,776759
776662,20.942047,-156.69197,1.301919071E9,776110,776759
776662,20.942154,-156.69196,1.301919071E9,776110,776759
776662,20.942253,-156.69194,1.301919071E9,776110,776759
776662,20.942373,-156.69196,1.301919071E9,776110,776759
776662,20.942465,-156.69197,1.301919071E9,776110,776759
776662,20.942562,-156.69194,1.301919071E9,776110,776759
776662,20.942661,-156.69191,1.301919071E9,776110,776759
776662,20.942776,-156.69188,1.301919071E9,776110,776759
776662,20.942877,-156.69185,1.301919071E9,776110,776759
776662,20.942984,-156.69185,1.301919071E9,776110,776759
776662,20.943085,-156.69183,1.301919071E9,776110,776759
776662,20.943195,-156.69182,1.301919071E9,776110,776759
776662,20.943308,-156.6918,1.301919071E9,776110,776759
776662,20.943405,-156.6918,1.301919071E9,776110,776759
776662,20.943516,-156.69182,1.301919071E9,776110,776759
776662,20.943628,-156.69183,1.301919071E9,776110,776759
776662,20.943737,-156.69183,1.301919071E9,776110,776759
776662,20.943842,-156.69186,1.301919071E9,776110,776759
776662,20.943956,-156.6919,1.301919071E9,776110,776759
776662,20.944065,-156.69191,1.301919071E9,776110,776759
776662,20.944172,-1