E9,776110,776759
776662,37.796997,-122.39601,1.301919071E9,776110,776759
776662,37.796947,-122.395966,1.301919071E9,776110,776759
776662,37.796898,-122.39593,1.301919071E9,776110,776759
776662,37.796852,-122.39589,1.301919071E9,776110,776759
776662,37.79678,-122.39583,1.301919071E9,776110,776759
776662,37.796734,-122.39578,1.301919071E9,776110,776759
776662,37.796688,-122.39575,1.301919071E9,776110,776759
776662,37.79664,-122.39572,1.301919071E9,776110,776759
776662,37.79655,-122.39565,1.301919071E9,776110,776759
776662,37.796505,-122.39561,1.301919071E9,776110,776759
776662,37.796463,-122.39556,1.301919071E9,776110,776759
776662,37.796425,-122.395515,1.301919071E9,776110,776759
776662,37.796383,-122.39548,1.301919071E9,776110,776759
776662,37.796307,-122.39541,1.301919071E9,776110,776759
776662,37.79629,-122.3954,1.301919071E9,776110,776759
776662,37.796238,-122.395355,1.301919071E9,776110,776759
776662,37.796158,-122.395294,1.301919071E9,776110,776759
776662,37.79612,-122.395256,1.301919071E9,776110,776759
776662,37.796078,-122.39521,1.301919071E9,776110,776759
776662,37.79603,-122.39517,1.301919071E9,776110,776759
776662,37.795975,-122.39513,1.301919071E9,776110,776759
776662,37.79592,-122.39509,1.301919071E9,776110,776759
776662,37.795864,-122.39505,1.301919071E9,776110,776759
776662,37.795807,-122.39501,1.301919071E9,776110,776759
776662,37.795757,-122.39499,1.301919071E9,776110,776759
776662,37.79569,-122.39496,1.301919071E9,776110,776759
776662,37.795597,-122.39491,1.301919071E9,776110,776759
776662,37.795513,-122.39486,1.301919071E9,776110,776759
776662,37.79546,-122.39482,1.301919071E9,776110,776759
776662,37.79541,-122.39478,1.301919071E9,776110,776759
776662,37.795353,-122.39475,1.301919071E9,776110,776759
776662,37.7953,-122.394714,1.301919071E9,776110,776759
776662,37.79525,-122.39467,1.301919071E9,776110,776759
776662,37.795204,-122.39463,1.301919071E9,776110,776759
776662,37.79516,-122.39459,1.301919071E9,776110,776759
776662,37.795116,-122.39455,1.301919071E9,776110,776759
776662,37.795074,-122.3945,1.301919071E9,776110,776759
776662,37.79503,-122.394455,1.301919071E9,776110,776759
776662,37.79498,-122.394424,1.301919071E9,776110,776759
776662,37.794926,-122.39442,1.301919071E9,776110,776759
776662,37.79488,-122.39444,1.301919071E9,776110,776759
776662,37.794838,-122.394485,1.301919071E9,776110,776759
776662,37.794796,-122.39454,1.301919071E9,776110,776759
776662,37.794777,-122.39457,1.301919071E9,776110,776759
776662,37.79474,-122.394615,1.301919071E9,776110,776759
776662,37.7947,-122.39465,1.301919071E9,776110,776759
776662,37.79463,-122.39472,1.301919071E9,776110,776759
776662,37.794567,-122.39483,1.301919071E9,776110,776759
776662,37.794502,-122.39492,1.301919071E9,776110,776759
776662,37.794327,-122.395004,1.301919071E9,776110,776759
776662,37.79423,-122.39505,1.301919071E9,776110,776759
776662,37.794147,-122.3951,1.301919071E9,776110,776759
776662,37.7939,-122.39524,1.301919071E9,776110,776759
776662,37.793873,-122.39526,1.301919071E9,776110,776759
776662,37.793808,-122.39534,1.301919071E9,776110,776759
776662,37.79374,-122.39543,1.301919071E9,776110,776759
776662,37.793663,-122.39552,1.301919071E9,776110,776759
776662,37.793568,-122.3956,1.301919071E9,776110,776759
776662,37.793457,-122.39565,1.301919071E9,776110,776759
776662,37.793266,-122.39593,1.301919071E9,776110,776759
776662,37.79312,-122.39625,1.301919071E9,776110,776759
776662,37.7931,-122.39627,1.301919071E9,776110,776759
776662,37.793083,-122.39642,1.301919071E9,776110,776759
776662,37.79326,-122.3966,1.301919071E9,776110,776759
776662,37.7933,-122.39677,1.301919071E9,776110,776759
776662,37.79328,-122.39684,1.301919071E9,776110,776759
776662,37.793026,-122.397026,1.301919071E9,776110,776759
776662,37.792824,-122.397255,1.301919071E9,776110,776759
776662,37.79246,-122.39719,1.301919071E9,776110,776759
776662,37.792526,-122.39731,1.301919071E9,776110,776759
776662,37.792793,-122.39756,1.301919071E9,776110,776759
776662,37.793,-122.39764,1.301919071E9,776110,776759
776662,37.793037,-122.39783,1.301919071E9,776110,776759
776662,37.79302,-122.39795,1.301919071E9,776110,776759
776662,37.793217,-122.39818,1.301919071E9,776110,776759
776662,37.79311,-122.39835,1.301919071E9,776110,776759
776662,37.793007,-122.39837,1.301919071E9,776110,776759
776662,37.79289,-122.39837,1.301919071E9,776110,776759
776662,37.792587,-122.398415,1.301919071E9,776110,776759
776662,37.792324,-122.39855,1.301919071E9,776110,776759
776662,37.792194,-122.398636,1.301919071E9,776110,776759
776662,37.79207,-122.39868,1.301919071E9,776110,776759
776662,37.791973,-122.398735,1.301919071E9,776110,776759
776662,37.791855,-122.3988,1.301919071E9,776110,776759
776662,37.7917,-122.399055,1.301919071E9,776110,776759
776662,37.791603,-122.39916,1.301919071E9,776110,776759
776662,37.791557,-122.399216,1.301919071E9,776110,776759
776662,37.791454,-122.39932,1.301919071E9,776110,776759
776662,37.791336,-122.399414,1.301919071E9,776110,776759
776662,37.791233,-122.39949,1.301919071E9,776110,776759
776662,37.791008,-122.39969,1.301919071E9,776110,776759
776662,37.790913,-122.3998,1.301919071E9,776110,776759
776662,37.79072,-122.40007,1.301919071E9,776110,776759
776662,37.790524,-122.40033,1.301919071E9,776110,776759
776662,37.790295,-122.40056,1.301919071E9,776110,776759
776662,37.79018,-122.40069,1.301919071E9,776110,776759
776662,37.79009,-122.4008,1.301919071E9,776110,776759
776662,37.78988,-122.40102,1.301919071E9,776110,776759
776662,37.789707,-122.40114,1.301919071E9,776110,776759
776662,37.78959,-122.40115,1.301919071E9,776110,776759
776662,37.78948,-122.40113,1.301919071E9,776110,776759
776662,37.78944,-122.40113,1.301919071E9,776110,776759
776662,37.789345,-122.40114,1.301919071E9,776110,776759
776662,37.789474,-122.401215,1.301919071E9,776110,776759
776662,37.78958,-122.401306,1.301919071E9,776110,776759
776662,37.789665,-122.4014,1.301919071E9,776110,776759
776662,37.78977,-122.40153,1.301919071E9,776110,776759
776662,37.78976,-122.401665,1.301919071E9,776110,776759
776662,37.789593,-122.40174,1.301919071E9,776110,776759
776662,37.789593,-122.40174,1.301919071E9,776110,776759
776662,37.78953,-122.40183,1.301919071E9,776110,776759
776662,37.789497,-122.40196,1.301919071E9,776110,776759
776662,37.78944,-122.40216,1.301919071E9,776110,776759
776662,37.7894,-122.40228,1.301919071E9,776110,776759
776662,37.789337,-122.40242,1.301919071E9,776110,776759
776662,37.789303,-122.402504,1.301919071E9,776110,776759
776662,37.78925,-122.40261,1.301919071E9,776110,776759
776662,37.78923,-122.40268,1.301919071E9,776110,776759
776662,37.789238,-122.4028,1.301919071E9,776110,776759
776662,37.78925,-122.40284,1.301919071E9,776110,776759
776662,37.789356,-122.402985,1.301919071E9,776110,776759
776662,37.789387,-122.40305,1.301919071E9,776110,776759
776662,37.789467,-122.40314,1.301919071E9,776110,776759
776662,37.789543,-122.40322,1.301919071E9,776110,776759
776662,37.78954,-122.40358,1.301919071E9,776110,776759
776662,37.789314,-122.40384,1.301919071E9,776110,776759
776662,37.789097,-122.404076,1.301919071E9,776110,776759
776662,37.789276,-122.40434,1.301919071E9,776110,776759
776662,37.789196,-122.40469,1.301919071E9,776110,776759
776662,37.789124,-122.4051,1.301919071E9,776110,776759
776662,37.78921,-122.40549,1.301919071E9,776110,776759
776662,37.789104,-122.40591,1.301919071E9,776110,776759
776662,37.78906,-122.40602,1.301919071E9,776110,776759
776662,37.789017,-122.40615,1.301919071E9,776110,776759
776662,37.78897,-122.40628,1.301919071E9,776110,776759
776662,37.78897,-122.40628,1.301919071E9,776110,776759
776662,37.788956,-122.4064,1.301919071E9,776110,776759
776662,37.78893,-122.40653,1.301919071E9,776110,776759
776662,37.788834,-122.40674,1.301919071E9,776110,776759
776662,37.78882,-122.40687,1.301919071E9,776110,776759
776662,37.788834,-122.40725,1.301919071E9,776110,776759
776662,37.7889,-122.40768,1.301919071E9,776110,776759
776662,37.78882,-122.40775,1.301919071E9,776110,776759
776662,37.7887,-122.40777,1.301