919071E9,776110,776759
776662,25.83743,-80.38283,1.301919071E9,776110,776759
776662,25.837305,-80.38287,1.301919071E9,776110,776759
776662,25.837158,-80.38292,1.301919071E9,776110,776759
776662,25.837034,-80.382965,1.301919071E9,776110,776759
776662,25.836815,-80.38304,1.301919071E9,776110,776759
776662,25.836704,-80.38307,1.301919071E9,776110,776759
776662,25.836563,-80.38312,1.301919071E9,776110,776759
776662,25.836428,-80.38316,1.301919071E9,776110,776759
776662,25.836294,-80.38321,1.301919071E9,776110,776759
776662,25.836157,-80.38325,1.301919071E9,776110,776759
776662,25.836016,-80.38329,1.301919071E9,776110,776759
776662,25.835896,-80.38333,1.301919071E9,776110,776759
776662,25.835766,-80.38337,1.301919071E9,776110,776759
776662,25.835638,-80.38341,1.301919071E9,776110,776759
776662,25.835506,-80.38344,1.301919071E9,776110,776759
776662,25.835361,-80.38347,1.301919071E9,776110,776759
776662,25.835234,-80.38349,1.301919071E9,776110,776759
776662,25.83508,-80.383514,1.301919071E9,776110,776759
776662,25.834986,-80.38354,1.301919071E9,776110,776759
776662,25.834854,-80.38355,1.301919071E9,776110,776759
776662,25.834688,-80.383575,1.301919071E9,776110,776759
776662,25.834585,-80.38358,1.301919071E9,776110,776759
776662,25.834429,-80.3836,1.301919071E9,776110,776759
776662,25.834286,-80.383606,1.301919071E9,776110,776759
776662,25.83415,-80.38361,1.301919071E9,776110,776759
776662,25.834017,-80.38361,1.301919071E9,776110,776759
776662,25.833826,-80.38361,1.301919071E9,776110,776759
776662,25.833708,-80.383606,1.301919071E9,776110,776759
776662,25.833605,-80.3836,1.301919071E9,776110,776759
776662,25.833473,-80.3836,1.301919071E9,776110,776759
776662,25.833351,-80.38358,1.301919071E9,776110,776759
776662,25.833195,-80.38356,1.301919071E9,776110,776759
776662,25.83305,-80.38354,1.301919071E9,776110,776759
776662,25.832918,-80.38352,1.301919071E9,776110,776759
776662,25.832767,-80.38349,1.301919071E9,776110,776759
776662,25.832613,-80.38346,1.301919071E9,776110,776759
776662,25.832487,-80.38344,1.301919071E9,776110,776759
776662,25.832354,-80.38341,1.301919071E9,776110,776759
776662,25.832224,-80.38338,1.301919071E9,776110,776759
776662,25.832085,-80.38334,1.301919071E9,776110,776759
776662,25.831945,-80.38331,1.301919071E9,776110,776759
776662,25.831812,-80.38327,1.301919071E9,776110,776759
776662,25.831682,-80.38324,1.301919071E9,776110,776759
776662,25.831448,-80.38316,1.301919071E9,776110,776759
776662,25.831324,-80.38312,1.301919071E9,776110,776759
776662,25.831202,-80.38307,1.301919071E9,776110,776759
776662,25.831081,-80.38303,1.301919071E9,776110,776759
776662,25.830973,-80.382996,1.301919071E9,776110,776759
776662,25.830862,-80.38296,1.301919071E9,776110,776759
776662,25.830753,-80.38292,1.301919071E9,776110,776759
776662,25.830639,-80.38287,1.301919071E9,776110,776759
776662,25.830515,-80.38283,1.301919071E9,776110,776759
776662,25.830406,-80.3828,1.301919071E9,776110,776759
776662,25.830294,-80.38275,1.301919071E9,776110,776759
776662,25.830181,-80.38271,1.301919071E9,776110,776759
776662,25.830006,-80.382645,1.301919071E9,776110,776759
776662,25.82987,-80.38259,1.301919071E9,776110,776759
776662,25.82975,-80.382545,1.301919071E9,776110,776759
776662,25.82964,-80.38251,1.301919071E9,776110,776759
776662,25.829517,-80.382454,1.301919071E9,776110,776759
776662,25.829403,-80.38241,1.301919071E9,776110,776759
776662,25.829285,-80.38236,1.301919071E9,776110,776759
776662,25.829168,-80.38233,1.301919071E9,776110,776759
776662,25.82905,-80.3823,1.301919071E9,776110,776759
776662,25.828936,-80.38227,1.301919071E9,776110,776759
776662,25.828836,-80.38224,1.301919071E9,776110,776759
776662,25.828733,-80.38221,1.301919071E9,776110,776759
776662,25.828506,-80.38217,1.301919071E9,776110,776759
776662,25.828382,-80.38215,1.301919071E9,776110,776759
776662,25.828255,-80.382126,1.301919071E9,776110,776759
776662,25.828142,-80.38211,1.301919071E9,776110,776759
776662,25.828035,-80.382095,1.301919071E9,776110,776759
776662,25.827923,-80.38209,1.301919071E9,776110,776759
776662,25.827822,-80.38207,1.301919071E9,776110,776759
776662,25.827728,-80.382065,1.301919071E9,776110,776759
776662,25.827602,-80.38205,1.301919071E9,776110,776759
776662,25.827478,-80.38204,1.301919071E9,776110,776759
776662,25.82738,-80.38204,1.301919071E9,776110,776759
776662,25.827272,-80.382034,1.301919071E9,776110,776759
776662,25.82716,-80.38203,1.301919071E9,776110,776759
776662,25.827068,-80.38203,1.301919071E9,776110,776759
776662,25.826939,-80.38202,1.301919071E9,776110,776759
776662,25.826815,-80.38201,1.301919071E9,776110,776759
776662,25.826702,-80.38201,1.301919071E9,776110,776759
776662,25.826609,-80.38201,1.301919071E9,776110,776759
776662,25.826515,-80.38201,1.301919071E9,776110,776759
776662,25.826464,-80.382,1.301919071E9,776110,776759
776662,25.82636,-80.382,1.301919071E9,776110,776759
776662,25.826292,-80.382,1.301919071E9,776110,776759
776662,25.82619,-80.38201,1.301919071E9,776110,776759
776662,25.826181,-80.38201,1.301919071E9,776110,776759
776662,25.82618,-80.38193,1.301919071E9,776110,776759
776662,25.82618,-80.38183,1.301919071E9,776110,776759
776662,25.82618,-80.38172,1.301919071E9,776110,776759
776662,25.82618,-80.381615,1.301919071E9,776110,776759
776662,25.82618,-80.381516,1.301919071E9,776110,776759
776662,25.82618,-80.3814,1.301919071E9,776110,776759
776662,25.82618,-80.381294,1.301919071E9,776110,776759
776662,25.82618,-80.38118,1.301919071E9,776110,776759
776662,25.82618,-80.38106,1.301919071E9,776110,776759
776662,25.82618,-80.38095,1.301919071E9,776110,776759
776662,25.82618,-80.38083,1.301919071E9,776110,776759
776662,25.82618,-80.38071,1.301919071E9,776110,776759
776662,25.82618,-80.38058,1.301919071E9,776110,776759
776662,25.82618,-80.38045,1.301919071E9,776110,776759
776662,25.82618,-80.38033,1.301919071E9,776110,776759
776662,25.82618,-80.380196,1.301919071E9,776110,776759
776662,25.82618,-80.38004,1.301919071E9,776110,776759
776662,25.82618,-80.37991,1.301919071E9,776110,776759
776662,25.82618,-80.37976,1.301919071E9,776110,776759
776662,25.82618,-80.37962,1.301919071E9,776110,776759
776662,25.82618,-80.379486,1.301919071E9,776110,776759
776662,25.82618,-80.37937,1.301919071E9,776110,776759
776662,25.82618,-80.37924,1.301919071E9,776110,776759
776662,25.82618,-80.37911,1.301919071E9,776110,776759
776662,25.82618,-80.379,1.301919071E9,776110,776759
776662,25.82618,-80.37887,1.301919071E9,776110,776759
776662,25.82618,-80.37876,1.301919071E9,776110,776759
776662,25.82618,-80.378654,1.301919071E9,776110,776759
776662,25.82618,-80.378525,1.301919071E9,776110,776759
776662,25.826181,-80.378395,1.301919071E9,776110,776759
776662,25.826181,-80.37829,1.301919071E9,776110,776759
776662,25.826181,-80.37815,1.301919071E9,776110,776759
776662,25.826181,-80.37811,1.301919071E9,776110,776759
776662,25.826181,-80.37802,1.301919071E9,776110,776759
776662,25.82618,-80.3779,1.301919071E9,776110,776759
776662,25.82618,-80.37776,1.301919071E9,776110,776759
776662,25.82618,-80.37764,1.301919071E9,776110,776759
776662,25.82618,-80.377525,1.301919071E9,776110,776759
776662,25.82618,-80.377426,1.301919071E9,776110,776759
776662,25.82618,-80.3773,1.301919071E9,776110,776759
776662,25.82618,-80.377144,1.301919071E9,776110,776759
776662,25.82618,-80.37703,1.301919071E9,776110,776759
776662,25.82618,-80.376915,1.301919071E9,776110,776759
776662,25.82618,-80.37679,1.301919071E9,776110,776759
776662,25.826178,-80.37668,1.301919071E9,776110,776759
776662,25.826178,-80.37654,1.301919071E9,776110,776759
776662,25.826178,-80.37641,1.301919071E9,776110,776759
776662,25.826178,-80.37628,1.301919071E9,776110,776759
776662,25.826178,-80.37615,1.301919071E9,776110,776759
776662,25.826178,-80.37604,1.301919071E9,776110,776759
776662,25.826178,-80.37591,1.301919071E9,776110,776759
776662,25.826176,-80.37578,1.301919071E9,776110,776759
776662,25.826176,-80.37564,1.301919071E9,776110,776759
776662,25.826176,-80.37553,1.301919071E9,776110,776759
776662,25.826176,-80.375404,1.301919071E9,77