0,776759
776662,41.885635,-87.79436,1.301919071E9,776110,776759
776662,41.88594,-87.794365,1.301919071E9,776110,776759
776662,41.886234,-87.794395,1.301919071E9,776110,776759
776662,41.8865,-87.79447,1.301919071E9,776110,776759
776662,41.886772,-87.79449,1.301919071E9,776110,776759
776662,41.88698,-87.794426,1.301919071E9,776110,776759
776662,41.88395,-87.79451,1.301919071E9,776110,776759
776662,41.887016,-87.7938,1.301919071E9,776110,776759
776662,41.886887,-87.79385,1.301919071E9,776110,776759
776662,41.886887,-87.79385,1.301919071E9,776110,776759
776662,41.879482,-87.62616,1.301919071E9,776110,776759
776662,41.87896,-87.625565,1.301919071E9,776110,776759
776662,41.878468,-87.6255,1.301919071E9,776110,776759
776662,41.87799,-87.62554,1.301919071E9,776110,776759
776662,41.87788,-87.626274,1.301919071E9,776110,776759
776662,41.877903,-87.626884,1.301919071E9,776110,776759
776662,41.87801,-87.62765,1.301919071E9,776110,776759
776662,41.8783,-87.627686,1.301919071E9,776110,776759
776662,41.8785,-87.62798,1.301919071E9,776110,776759
776662,41.87876,-87.62857,1.301919071E9,776110,776759
776662,41.878193,-87.62885,1.301919071E9,776110,776759
776662,41.878002,-87.62887,1.301919071E9,776110,776759
776662,41.87786,-87.628876,1.301919071E9,776110,776759
776662,41.87773,-87.62886,1.301919071E9,776110,776759
776662,41.877617,-87.62886,1.301919071E9,776110,776759
776662,41.8775,-87.628876,1.301919071E9,776110,776759
776662,41.87737,-87.62889,1.301919071E9,776110,776759
776662,41.877254,-87.62888,1.301919071E9,776110,776759
776662,41.87715,-87.628876,1.301919071E9,776110,776759
776662,41.877342,-87.6293,1.301919071E9,776110,776759
776662,41.877342,-87.6293,1.301919071E9,776110,776759
776662,41.881893,-87.62932,1.301919071E9,776110,776759
776662,41.88104,-87.6296,1.301919071E9,776110,776759
776662,41.88147,-87.62927,1.301919071E9,776110,776759
776662,41.88191,-87.63026,1.301919071E9,776110,776759
776662,41.88237,-87.630356,1.301919071E9,776110,776759
776662,41.88255,-87.629845,1.301919071E9,776110,776759
776662,41.882595,-87.62955,1.301919071E9,776110,776759
776662,41.882618,-87.62939,1.301919071E9,776110,776759
776662,41.882343,-87.62949,1.301919071E9,776110,776759
776662,41.882076,-87.62916,1.301919071E9,776110,776759
776662,41.881752,-87.62888,1.301919071E9,776110,776759
776662,41.881725,-87.628494,1.301919071E9,776110,776759
776662,41.882015,-87.62839,1.301919071E9,776110,776759
776662,41.881752,-87.62856,1.301919071E9,776110,776759
776662,41.881386,-87.62859,1.301919071E9,776110,776759
776662,41.881058,-87.628654,1.301919071E9,776110,776759
776662,41.880764,-87.62884,1.301919071E9,776110,776759
776662,41.880478,-87.62884,1.301919071E9,776110,776759
776662,41.8802,-87.628845,1.301919071E9,776110,776759
776662,41.8799,-87.628876,1.301919071E9,776110,776759
776662,41.879467,-87.629005,1.301919071E9,776110,776759
776662,41.87919,-87.62889,1.301919071E9,776110,776759
776662,41.878872,-87.62881,1.301919071E9,776110,776759
776662,41.8786,-87.62889,1.301919071E9,776110,776759
776662,41.878468,-87.62922,1.301919071E9,776110,776759
776662,41.878174,-87.62929,1.301919071E9,776110,776759
776662,41.878174,-87.62929,1.301919071E9,776110,776759
776662,41.878105,-87.62935,1.301919071E9,776110,776759
776662,41.87831,-87.629456,1.301919071E9,776110,776759
776662,41.878242,-87.629654,1.301919071E9,776110,776759
776662,41.878117,-87.629074,1.301919071E9,776110,776759
776662,41.878063,-87.630356,1.301919071E9,776110,776759
776662,41.879414,-87.63152,1.301919071E9,776110,776759
776662,41.879555,-87.63156,1.301919071E9,776110,776759
776662,41.879692,-87.63161,1.301919071E9,776110,776759
776662,41.879833,-87.631645,1.301919071E9,776110,776759
776662,41.879807,-87.63196,1.301919071E9,776110,776759
776662,41.87992,-87.632,1.301919071E9,776110,776759
776662,41.88004,-87.63205,1.301919071E9,776110,776759
776662,41.880154,-87.632095,1.301919071E9,776110,776759
776662,41.878513,-87.62873,1.301919071E9,776110,776759
776662,41.878395,-87.62873,1.301919071E9,776110,776759
776662,41.87828,-87.628685,1.301919071E9,776110,776759
776662,41.878464,-87.62881,1.301919071E9,776110,776759
776662,41.87855,-87.62874,1.301919071E9,776110,776759
776662,41.878567,-87.628555,1.301919071E9,776110,776759
776662,41.878834,-87.629196,1.301919071E9,776110,776759
776662,41.878998,-87.6292,1.301919071E9,776110,776759
776662,41.879036,-87.629326,1.301919071E9,776110,776759
776662,41.87878,-87.62904,1.301919071E9,776110,776759
776662,41.87901,-87.629654,1.301919071E9,776110,776759
776662,41.879093,-87.62977,1.301919071E9,776110,776759
776662,41.87917,-87.62987,1.301919071E9,776110,776759
776662,41.87925,-87.629555,1.301919071E9,776110,776759
776662,41.879353,-87.62949,1.301919071E9,776110,776759
776662,41.879562,-87.62917,1.301919071E9,776110,776759
776662,41.879852,-87.62934,1.301919071E9,776110,776759
776662,41.880035,-87.62878,1.301919071E9,776110,776759
776662,41.88051,-87.62891,1.301919071E9,776110,776759
776662,41.8808,-87.62909,1.301919071E9,776110,776759
776662,41.881084,-87.62909,1.301919071E9,776110,776759
776662,41.881363,-87.629005,1.301919071E9,776110,776759
776662,41.881096,-87.6289,1.301919071E9,776110,776759
776662,41.881474,-87.62929,1.301919071E9,776110,776759
776662,41.881474,-87.62929,1.301919071E9,776110,776759
776662,41.882145,-87.62944,1.301919071E9,776110,776759
776662,41.882,-87.629745,1.301919071E9,776110,776759
776662,41.881718,-87.629036,1.301919071E9,776110,776759
776662,41.881428,-87.62894,1.301919071E9,776110,776759
776662,41.88114,-87.62911,1.301919071E9,776110,776759
776662,41.88087,-87.62937,1.301919071E9,776110,776759
776662,41.88076,-87.62971,1.301919071E9,776110,776759
776662,41.880714,-87.62947,1.301919071E9,776110,776759
776662,41.880634,-87.629395,1.301919071E9,776110,776759
776662,41.88052,-87.62937,1.301919071E9,776110,776759
776662,41.880398,-87.62937,1.301919071E9,776110,776759
776662,41.8802,-87.62937,1.301919071E9,776110,776759
776662,41.880093,-87.62937,1.301919071E9,776110,776759
776662,41.87981,-87.62929,1.301919071E9,776110,776759
776662,41.879524,-87.62927,1.301919071E9,776110,776759
776662,41.87926,-87.62938,1.301919071E9,776110,776759
776662,41.878975,-87.62952,1.301919071E9,776110,776759
776662,41.878777,-87.62978,1.301919071E9,776110,776759
776662,41.878494,-87.62979,1.301919071E9,776110,776759
776662,41.878235,-87.62965,1.301919071E9,776110,776759
776662,41.87805,-87.62938,1.301919071E9,776110,776759
776662,41.87805,-87.62938,1.301919071E9,776110,776759
776662,41.878128,-87.629555,1.301919071E9,776110,776759
776662,41.87834,-87.6295,1.301919071E9,776110,776759
776662,41.878212,-87.62953,1.301919071E9,776110,776759
776662,41.878456,-87.62959,1.301919071E9,776110,776759
776662,41.878155,-87.62959,1.301919071E9,776110,776759
776662,41.879005,-87.62911,1.301919071E9,776110,776759
776662,41.879246,-87.628746,1.301919071E9,776110,776759
776662,41.879375,-87.6291,1.301919071E9,776110,776759
776662,41.879566,-87.62935,1.301919071E9,776110,776759
776662,41.879875,-87.62942,1.301919071E9,776110,776759
776662,41.879967,-87.62946,1.301919071E9,776110,776759
776662,41.8805,-87.62936,1.301919071E9,776110,776759
776662,41.88077,-87.62941,1.301919071E9,776110,776759
776662,41.88099,-87.62964,1.301919071E9,776110,776759
776662,41.880993,-87.63003,1.301919071E9,776110,776759
776662,41.88129,-87.63015,1.301919071E9,776110,776759
776662,41.881474,-87.629555,1.301919071E9,776110,776759
776662,41.881603,-87.62915,1.301919071E9,776110,776759
776662,41.88185,-87.6294,1.301919071E9,776110,776759
776662,41.882,-87.629745,1.301919071E9,776110,776759
776662,41.882,-87.629745,1.301919071E9,776110,776759
776662,41.881634,-87.62949,1.301919071E9,776110,776759
776662,41.881786,-87.62928,1.301919071E9,776110,776759
776662,41.881878,-87.62893,1.301919071E9,776110,776759
776662,41.88146,-87.62917,1.301919071E9,776110,776759
776662,41.88119,-87.62794,1.301919071E9,776110,776759
776662,41.881145,-87.6278,1.301919071E9,776110,776759
776662,41.881355,-87.628044,1.301919071E9,776110,776759
776662,