76662,20.788055,-156.5157,1.301919071E9,776110,776759
776662,20.788116,-156.51567,1.301919071E9,776110,776759
776662,20.788174,-156.51566,1.301919071E9,776110,776759
776662,20.788233,-156.51562,1.301919071E9,776110,776759
776662,20.788288,-156.51561,1.301919071E9,776110,776759
776662,20.788343,-156.51558,1.301919071E9,776110,776759
776662,20.788397,-156.51556,1.301919071E9,776110,776759
776662,20.788446,-156.51553,1.301919071E9,776110,776759
776662,20.7885,-156.51552,1.301919071E9,776110,776759
776662,20.78855,-156.51549,1.301919071E9,776110,776759
776662,20.7886,-156.51546,1.301919071E9,776110,776759
776662,20.78865,-156.51544,1.301919071E9,776110,776759
776662,20.788704,-156.51541,1.301919071E9,776110,776759
776662,20.788755,-156.5154,1.301919071E9,776110,776759
776662,20.788809,-156.51537,1.301919071E9,776110,776759
776662,20.78886,-156.51535,1.301919071E9,776110,776759
776662,20.788912,-156.51532,1.301919071E9,776110,776759
776662,20.788961,-156.51529,1.301919071E9,776110,776759
776662,20.789013,-156.51527,1.301919071E9,776110,776759
776662,20.789064,-156.51524,1.301919071E9,776110,776759
776662,20.789118,-156.51523,1.301919071E9,776110,776759
776662,20.78917,-156.5152,1.301919071E9,776110,776759
776662,20.78922,-156.51518,1.301919071E9,776110,776759
776662,20.78927,-156.51515,1.301919071E9,776110,776759
776662,20.789322,-156.51512,1.301919071E9,776110,776759
776662,20.789371,-156.5151,1.301919071E9,776110,776759
776662,20.789423,-156.51508,1.301919071E9,776110,776759
776662,20.789476,-156.51506,1.301919071E9,776110,776759
776662,20.78953,-156.51503,1.301919071E9,776110,776759
776662,20.789587,-156.515,1.301919071E9,776110,776759
776662,20.789644,-156.51498,1.301919071E9,776110,776759
776662,20.789701,-156.51495,1.301919071E9,776110,776759
776662,20.78976,-156.51492,1.301919071E9,776110,776759
776662,20.78982,-156.51488,1.301919071E9,776110,776759
776662,20.789879,-156.51485,1.301919071E9,776110,776759
776662,20.789936,-156.51482,1.301919071E9,776110,776759
776662,20.789995,-156.51479,1.301919071E9,776110,776759
776662,20.790054,-156.51476,1.301919071E9,776110,776759
776662,20.790112,-156.51472,1.301919071E9,776110,776759
776662,20.790167,-156.5147,1.301919071E9,776110,776759
776662,20.790218,-156.51466,1.301919071E9,776110,776759
776662,20.790365,-156.51459,1.301919071E9,776110,776759
776662,20.790415,-156.51456,1.301919071E9,776110,776759
776662,20.790464,-156.51453,1.301919071E9,776110,776759
776662,20.790516,-156.5145,1.301919071E9,776110,776759
776662,20.790564,-156.51448,1.301919071E9,776110,776759
776662,20.790613,-156.51445,1.301919071E9,776110,776759
776662,20.790663,-156.51443,1.301919071E9,776110,776759
776662,20.79076,-156.51439,1.301919071E9,776110,776759
776662,20.79081,-156.51436,1.301919071E9,776110,776759
776662,20.790857,-156.51434,1.301919071E9,776110,776759
776662,20.790903,-156.51431,1.301919071E9,776110,776759
776662,20.790949,-156.5143,1.301919071E9,776110,776759
776662,20.79099,-156.51428,1.301919071E9,776110,776759
776662,20.791033,-156.51425,1.301919071E9,776110,776759
776662,20.791115,-156.51422,1.301919071E9,776110,776759
776662,20.791187,-156.51418,1.301919071E9,776110,776759
776662,20.791258,-156.51413,1.301919071E9,776110,776759
776662,20.791325,-156.51408,1.301919071E9,776110,776759
776662,20.791391,-156.51402,1.301919071E9,776110,776759
776662,20.79146,-156.51399,1.301919071E9,776110,776759
776662,20.791529,-156.51395,1.301919071E9,776110,776759
776662,20.7916,-156.5139,1.301919071E9,776110,776759
776662,20.791666,-156.51385,1.301919071E9,776110,776759
776662,20.791735,-156.51382,1.301919071E9,776110,776759
776662,20.791801,-156.51378,1.301919071E9,776110,776759
776662,20.79187,-156.51373,1.301919071E9,776110,776759
776662,20.791937,-156.5137,1.301919071E9,776110,776759
776662,20.792,-156.51366,1.301919071E9,776110,776759
776662,20.792065,-156.51363,1.301919071E9,776110,776759
776662,20.792124,-156.5136,1.301919071E9,776110,776759
776662,20.792187,-156.51355,1.301919071E9,776110,776759
776662,20.79225,-156.51352,1.301919071E9,776110,776759
776662,20.792315,-156.51347,1.301919071E9,776110,776759
776662,20.79238,-156.51344,1.301919071E9,776110,776759
776662,20.79244,-156.5134,1.301919071E9,776110,776759
776662,20.792498,-156.51337,1.301919071E9,776110,776759
776662,20.792557,-156.51332,1.301919071E9,776110,776759
776662,20.79262,-156.51329,1.301919071E9,776110,776759
776662,20.792683,-156.51324,1.301919071E9,776110,776759
776662,20.792747,-156.5132,1.301919071E9,776110,776759
776662,20.79281,-156.51315,1.301919071E9,776110,776759
776662,20.792875,-156.5131,1.301919071E9,776110,776759
776662,20.792938,-156.51306,1.301919071E9,776110,776759
776662,20.793001,-156.51303,1.301919071E9,776110,776759
776662,20.793062,-156.51299,1.301919071E9,776110,776759
776662,20.793121,-156.51295,1.301919071E9,776110,776759
776662,20.79318,-156.51291,1.301919071E9,776110,776759
776662,20.793242,-156.51288,1.301919071E9,776110,776759
776662,20.793303,-156.51283,1.301919071E9,776110,776759
776662,20.793364,-156.5128,1.301919071E9,776110,776759
776662,20.793427,-156.51276,1.301919071E9,776110,776759
776662,20.793488,-156.51271,1.301919071E9,776110,776759
776662,20.793543,-156.51268,1.301919071E9,776110,776759
776662,20.79358,-156.5126,1.301919071E9,776110,776759
776662,20.793594,-156.51251,1.301919071E9,776110,776759
776662,20.793589,-156.51242,1.301919071E9,776110,776759
776662,20.79357,-156.51233,1.301919071E9,776110,776759
776662,20.793552,-156.51225,1.301919071E9,776110,776759
776662,20.793531,-156.51216,1.301919071E9,776110,776759
776662,20.79351,-156.51207,1.301919071E9,776110,776759
776662,20.793491,-156.512,1.301919071E9,776110,776759
776662,20.793482,-156.51195,1.301919071E9,776110,776759
776662,20.793472,-156.5119,1.301919071E9,776110,776759
776662,20.793453,-156.51181,1.301919071E9,776110,776759
776662,20.793427,-156.51175,1.301919071E9,776110,776759
776662,20.793375,-156.51172,1.301919071E9,776110,776759
776662,20.79331,-156.51175,1.301919071E9,776110,776759
776662,20.793264,-156.51181,1.301919071E9,776110,776759
776662,20.79324,-156.51186,1.301919071E9,776110,776759
776662,20.79318,-156.51184,1.301919071E9,776110,776759
776662,20.793165,-156.51183,1.301919071E9,776110,776759
776662,20.793163,-156.51176,1.301919071E9,776110,776759
776662,20.793184,-156.51181,1.301919071E9,776110,776759
776662,20.79321,-156.5118,1.301919071E9,776110,776759
776662,20.79326,-156.51176,1.301919071E9,776110,776759
776662,20.793318,-156.51173,1.301919071E9,776110,776759
776662,20.793365,-156.51167,1.301919071E9,776110,776759
776662,20.793398,-156.51158,1.301919071E9,776110,776759
776662,20.793398,-156.51154,1.301919071E9,776110,776759
776662,20.793394,-156.51149,1.301919071E9,776110,776759
776662,20.793385,-156.51143,1.301919071E9,776110,776759
776662,20.793365,-156.51137,1.301919071E9,776110,776759
776662,20.793308,-156.51126,1.301919071E9,776110,776759
776662,20.793224,-156.51118,1.301919071E9,776110,776759
776662,20.793175,-156.51118,1.301919071E9,776110,776759
776662,20.793125,-156.51117,1.301919071E9,776110,776759
776662,20.793009,-156.51117,1.301919071E9,776110,776759
776662,20.79295,-156.51118,1.301919071E9,776110,776759
776662,20.79289,-156.51118,1.301919071E9,776110,776759
776662,20.792772,-156.51122,1.301919071E9,776110,776759
776662,20.792715,-156.51122,1.301919071E9,776110,776759
776662,20.792658,-156.51123,1.301919071E9,776110,776759
776662,20.792603,-156.51125,1.301919071E9,776110,776759
776662,20.792545,-156.51125,1.301919071E9,776110,776759
776662,20.792484,-156.51126,1.301919071E9,776110,776759
776662,20.792421,-156.51128,1.301919071E9,776110,776759
776662,20.792364,-156.5113,1.301919071E9,776110,776759
776662,20.792318,-156.51134,1.301919071E9,776110,776759
776662,20.79223,-156.51143,1.301919071E9,776110,776759
776662,20.792175,-156.51157,1.301919071E9,776110,776759
776662,20.792124,-156.5117,1.301919071E9,776110,776759
776662,20.792067,-156.51184,1.301919071E9,776110,776759
776662,20.79204,-156.5119,1.301919071E9,776110,776759
77