01919071E9,776110,776759
776662,20.947542,-156.68886,1.301919071E9,776110,776759
776662,20.947542,-156.68875,1.301919071E9,776110,776759
776662,20.947546,-156.68864,1.301919071E9,776110,776759
776662,20.94761,-156.68858,1.301919071E9,776110,776759
776662,20.947708,-156.68855,1.301919071E9,776110,776759
776662,20.947807,-156.6885,1.301919071E9,776110,776759
776662,20.94791,-156.68846,1.301919071E9,776110,776759
776662,20.947996,-156.68843,1.301919071E9,776110,776759
776662,20.948086,-156.6884,1.301919071E9,776110,776759
776662,20.948175,-156.68835,1.301919071E9,776110,776759
776662,20.948263,-156.68832,1.301919071E9,776110,776759
776662,20.94836,-156.6883,1.301919071E9,776110,776759
776662,20.948454,-156.68825,1.301919071E9,776110,776759
776662,20.948534,-156.6882,1.301919071E9,776110,776759
776662,20.94863,-156.68816,1.301919071E9,776110,776759
776662,20.948719,-156.68813,1.301919071E9,776110,776759
776662,20.948812,-156.6881,1.301919071E9,776110,776759
776662,20.948912,-156.68808,1.301919071E9,776110,776759
776662,20.949001,-156.68806,1.301919071E9,776110,776759
776662,20.949095,-156.68803,1.301919071E9,776110,776759
776662,20.949196,-156.688,1.301919071E9,776110,776759
776662,20.949286,-156.68796,1.301919071E9,776110,776759
776662,20.94938,-156.68791,1.301919071E9,776110,776759
776662,20.949476,-156.68787,1.301919071E9,776110,776759
776662,20.949562,-156.68782,1.301919071E9,776110,776759
776662,20.949644,-156.68779,1.301919071E9,776110,776759
776662,20.949743,-156.68773,1.301919071E9,776110,776759
776662,20.949839,-156.68768,1.301919071E9,776110,776759
776662,20.94993,-156.68764,1.301919071E9,776110,776759
776662,20.95003,-156.68759,1.301919071E9,776110,776759
776662,20.950117,-156.68756,1.301919071E9,776110,776759
776662,20.950214,-156.68753,1.301919071E9,776110,776759
776662,20.950317,-156.6875,1.301919071E9,776110,776759
776662,20.950426,-156.68748,1.301919071E9,776110,776759
776662,20.950523,-156.68745,1.301919071E9,776110,776759
776662,20.950617,-156.68744,1.301919071E9,776110,776759
776662,20.950726,-156.68741,1.301919071E9,776110,776759
776662,20.950815,-156.68738,1.301919071E9,776110,776759
776662,20.950909,-156.68735,1.301919071E9,776110,776759
776662,20.951015,-156.68729,1.301919071E9,776110,776759
776662,20.951113,-156.68726,1.301919071E9,776110,776759
776662,20.951218,-156.68723,1.301919071E9,776110,776759
776662,20.951317,-156.68718,1.301919071E9,776110,776759
776662,20.951414,-156.68713,1.301919071E9,776110,776759
776662,20.95152,-156.6871,1.301919071E9,776110,776759
776662,20.95161,-156.68707,1.301919071E9,776110,776759
776662,20.951717,-156.68704,1.301919071E9,776110,776759
776662,20.951815,-156.687,1.301919071E9,776110,776759
776662,20.951914,-156.68697,1.301919071E9,776110,776759
776662,20.952015,-156.68694,1.301919071E9,776110,776759
776662,20.952112,-156.6869,1.301919071E9,776110,776759
776662,20.9522,-156.68687,1.301919071E9,776110,776759
776662,20.952293,-156.68684,1.301919071E9,776110,776759
776662,20.952396,-156.68681,1.301919071E9,776110,776759
776662,20.952484,-156.68678,1.301919071E9,776110,776759
776662,20.952572,-156.68675,1.301919071E9,776110,776759
776662,20.952667,-156.6867,1.301919071E9,776110,776759
776662,20.952765,-156.68666,1.301919071E9,776110,776759
776662,20.952852,-156.68665,1.301919071E9,776110,776759
776662,20.95295,-156.6866,1.301919071E9,776110,776759
776662,20.95305,-156.68657,1.301919071E9,776110,776759
776662,20.953138,-156.68654,1.301919071E9,776110,776759
776662,20.953236,-156.68651,1.301919071E9,776110,776759
776662,20.953325,-156.68648,1.301919071E9,776110,776759
776662,20.953432,-156.68645,1.301919071E9,776110,776759
776662,20.953531,-156.6864,1.301919071E9,776110,776759
776662,20.953627,-156.68636,1.301919071E9,776110,776759
776662,20.953732,-156.68631,1.301919071E9,776110,776759
776662,20.953821,-156.68628,1.301919071E9,776110,776759
776662,20.953909,-156.68623,1.301919071E9,776110,776759
776662,20.954012,-156.68619,1.301919071E9,776110,776759
776662,20.954102,-156.68616,1.301919071E9,776110,776759
776662,20.954197,-156.68611,1.301919071E9,776110,776759
776662,20.954294,-156.68607,1.301919071E9,776110,776759
776662,20.954384,-156.68602,1.301919071E9,776110,776759
776662,20.95448,-156.68597,1.301919071E9,776110,776759
776662,20.95457,-156.68593,1.301919071E9,776110,776759
776662,20.954659,-156.6859,1.301919071E9,776110,776759
776662,20.954758,-156.68585,1.301919071E9,776110,776759
776662,20.954857,-156.68582,1.301919071E9,776110,776759
776662,20.954954,-156.68579,1.301919071E9,776110,776759
776662,20.955057,-156.68578,1.301919071E9,776110,776759
776662,20.955162,-156.68573,1.301919071E9,776110,776759
776662,20.955256,-156.6857,1.301919071E9,776110,776759
776662,20.955341,-156.68565,1.301919071E9,776110,776759
776662,20.955427,-156.68562,1.301919071E9,776110,776759
776662,20.955515,-156.6856,1.301919071E9,776110,776759
776662,20.955618,-156.68555,1.301919071E9,776110,776759
776662,20.955706,-156.68552,1.301919071E9,776110,776759
776662,20.955814,-156.68549,1.301919071E9,776110,776759
776662,20.955923,-156.68544,1.301919071E9,776110,776759
776662,20.956034,-156.68542,1.301919071E9,776110,776759
776662,20.956135,-156.6854,1.301919071E9,776110,776759
776662,20.956247,-156.68538,1.301919071E9,776110,776759
776662,20.956352,-156.68535,1.301919071E9,776110,776759
776662,20.956438,-156.68532,1.301919071E9,776110,776759
776662,20.956535,-156.68527,1.301919071E9,776110,776759
776662,20.956636,-156.68523,1.301919071E9,776110,776759
776662,20.95673,-156.68518,1.301919071E9,776110,776759
776662,20.956823,-156.68512,1.301919071E9,776110,776759
776662,20.95691,-156.68507,1.301919071E9,776110,776759
776662,20.957003,-156.68503,1.301919071E9,776110,776759
776662,20.9571,-156.68498,1.301919071E9,776110,776759
776662,20.957193,-156.68492,1.301919071E9,776110,776759
776662,20.957289,-156.68486,1.301919071E9,776110,776759
776662,20.957373,-156.68481,1.301919071E9,776110,776759
776662,20.957466,-156.68475,1.301919071E9,776110,776759
776662,20.957561,-156.6847,1.301919071E9,776110,776759
776662,20.957659,-156.68465,1.301919071E9,776110,776759
776662,20.957745,-156.6846,1.301919071E9,776110,776759
776662,20.957848,-156.68456,1.301919071E9,776110,776759
776662,20.957947,-156.68451,1.301919071E9,776110,776759
776662,20.958035,-156.68445,1.301919071E9,776110,776759
776662,20.958132,-156.6844,1.301919071E9,776110,776759
776662,20.95823,-156.68434,1.301919071E9,776110,776759
776662,20.958324,-156.68428,1.301919071E9,776110,776759
776662,20.958418,-156.68423,1.301919071E9,776110,776759
776662,20.958511,-156.68419,1.301919071E9,776110,776759
776662,20.95861,-156.68414,1.301919071E9,776110,776759
776662,20.958714,-156.6841,1.301919071E9,776110,776759
776662,20.958794,-156.68405,1.301919071E9,776110,776759
776662,20.95889,-156.684,1.301919071E9,776110,776759
776662,20.958973,-156.68396,1.301919071E9,776110,776759
776662,20.95907,-156.68391,1.301919071E9,776110,776759
776662,20.959164,-156.68387,1.301919071E9,776110,776759
776662,20.959257,-156.6838,1.301919071E9,776110,776759
776662,20.959335,-156.68376,1.301919071E9,776110,776759
776662,20.959415,-156.68372,1.301919071E9,776110,776759
776662,20.959509,-156.68367,1.301919071E9,776110,776759
776662,20.959616,-156.68364,1.301919071E9,776110,776759
776662,20.959723,-156.68362,1.301919071E9,776110,776759
776662,20.959822,-156.68361,1.301919071E9,776110,776759
776662,20.95993,-156.68361,1.301919071E9,776110,776759
776662,20.960028,-156.6836,1.301919071E9,776110,776759
776662,20.96012,-156.68361,1.301919071E9,776110,776759
776662,20.960217,-156.6836,1.301919071E9,776110,776759
776662,20.960327,-156.6836,1.301919071E9,776110,776759
776662,20.960423,-156.6836,1.301919071E9,776110,776759
776662,20.960512,-156.68361,1.301919071E9,776110,776759
776662,20.960604,-156.68361,1.301919071E9,776110,776759
776662,20.960709,-156.68361,1.301919071E9,776110,776759
776662,20.960815,-156.68358,1.301919071E9,776110,776759
776662,20.96092,-156.68355,1.301919071E9,776110,776759
776662,20.961021,-156.6