071E9,776110,776759
776662,29.509768,-98.59699,1.301919071E9,776110,776759
776662,29.509855,-98.59691,1.301919071E9,776110,776759
776662,29.509935,-98.596825,1.301919071E9,776110,776759
776662,29.510015,-98.59675,1.301919071E9,776110,776759
776662,29.510094,-98.59668,1.301919071E9,776110,776759
776662,29.51016,-98.59659,1.301919071E9,776110,776759
776662,29.510248,-98.59652,1.301919071E9,776110,776759
776662,29.510347,-98.59644,1.301919071E9,776110,776759
776662,29.510427,-98.59636,1.301919071E9,776110,776759
776662,29.510506,-98.59629,1.301919071E9,776110,776759
776662,29.510576,-98.59621,1.301919071E9,776110,776759
776662,29.510649,-98.59612,1.301919071E9,776110,776759
776662,29.510721,-98.59605,1.301919071E9,776110,776759
776662,29.510803,-98.59597,1.301919071E9,776110,776759
776662,29.510883,-98.5959,1.301919071E9,776110,776759
776662,29.510956,-98.595825,1.301919071E9,776110,776759
776662,29.511024,-98.59575,1.301919071E9,776110,776759
776662,29.511097,-98.59567,1.301919071E9,776110,776759
776662,29.511177,-98.5956,1.301919071E9,776110,776759
776662,29.511255,-98.59553,1.301919071E9,776110,776759
776662,29.511332,-98.59545,1.301919071E9,776110,776759
776662,29.51141,-98.59537,1.301919071E9,776110,776759
776662,29.511486,-98.5953,1.301919071E9,776110,776759
776662,29.511572,-98.59523,1.301919071E9,776110,776759
776662,29.51166,-98.59515,1.301919071E9,776110,776759
776662,29.511742,-98.59508,1.301919071E9,776110,776759
776662,29.51182,-98.59499,1.301919071E9,776110,776759
776662,29.511896,-98.59491,1.301919071E9,776110,776759
776662,29.511974,-98.594826,1.301919071E9,776110,776759
776662,29.51205,-98.59475,1.301919071E9,776110,776759
776662,29.512125,-98.59467,1.301919071E9,776110,776759
776662,29.512203,-98.5946,1.301919071E9,776110,776759
776662,29.51229,-98.59452,1.301919071E9,776110,776759
776662,29.512392,-98.5945,1.301919071E9,776110,776759
776662,29.512497,-98.59453,1.301919071E9,776110,776759
776662,29.512587,-98.594574,1.301919071E9,776110,776759
776662,29.512672,-98.59452,1.301919071E9,776110,776759
776662,29.512741,-98.59444,1.301919071E9,776110,776759
776662,29.512823,-98.59437,1.301919071E9,776110,776759
776662,29.512903,-98.59429,1.301919071E9,776110,776759
776662,29.512968,-98.5942,1.301919071E9,776110,776759
776662,29.513025,-98.5941,1.301919071E9,776110,776759
776662,29.513079,-98.593994,1.301919071E9,776110,776759
776662,29.513124,-98.59389,1.301919071E9,776110,776759
776662,29.513163,-98.59378,1.301919071E9,776110,776759
776662,29.51319,-98.593666,1.301919071E9,776110,776759
776662,29.513216,-98.59355,1.301919071E9,776110,776759
776662,29.513243,-98.593445,1.301919071E9,776110,776759
776662,29.513279,-98.593346,1.301919071E9,776110,776759
776662,29.513327,-98.59325,1.301919071E9,776110,776759
776662,29.513369,-98.59315,1.301919071E9,776110,776759
776662,29.513426,-98.59306,1.301919071E9,776110,776759
776662,29.513498,-98.59298,1.301919071E9,776110,776759
776662,29.51357,-98.5929,1.301919071E9,776110,776759
776662,29.513645,-98.592834,1.301919071E9,776110,776759
776662,29.51376,-98.59272,1.301919071E9,776110,776759
776662,29.513857,-98.592636,1.301919071E9,776110,776759
776662,29.513927,-98.59257,1.301919071E9,776110,776759
776662,29.514006,-98.59248,1.301919071E9,776110,776759
776662,29.5141,-98.592384,1.301919071E9,776110,776759
776662,29.514164,-98.592285,1.301919071E9,776110,776759
776662,29.514254,-98.59226,1.301919071E9,776110,776759
776662,29.514372,-98.592255,1.301919071E9,776110,776759
776662,29.514475,-98.5922,1.301919071E9,776110,776759
776662,29.514496,-98.5921,1.301919071E9,776110,776759
776662,29.51449,-98.59199,1.301919071E9,776110,776759
776662,29.514631,-98.591896,1.301919071E9,776110,776759
776662,29.51474,-98.59184,1.301919071E9,776110,776759
776662,29.514835,-98.591736,1.301919071E9,776110,776759
776662,29.51492,-98.59161,1.301919071E9,776110,776759
776662,29.514986,-98.591515,1.301919071E9,776110,776759
776662,29.515059,-98.5914,1.301919071E9,776110,776759
776662,29.515102,-98.5913,1.301919071E9,776110,776759
776662,29.51515,-98.59116,1.301919071E9,776110,776759
776662,29.515184,-98.59104,1.301919071E9,776110,776759
776662,29.515203,-98.59092,1.301919071E9,776110,776759
776662,29.515217,-98.59081,1.301919071E9,776110,776759
776662,29.515217,-98.5907,1.301919071E9,776110,776759
776662,29.5152,-98.59058,1.301919071E9,776110,776759
776662,29.515144,-98.590485,1.301919071E9,776110,776759
776662,29.515074,-98.590416,1.301919071E9,776110,776759
776662,29.514997,-98.59034,1.301919071E9,776110,776759
776662,29.514927,-98.590256,1.301919071E9,776110,776759
776662,29.51489,-98.59015,1.301919071E9,776110,776759
776662,29.514921,-98.59003,1.301919071E9,776110,776759
776662,29.514957,-98.58991,1.301919071E9,776110,776759
776662,29.514996,-98.589806,1.301919071E9,776110,776759
776662,29.515068,-98.5897,1.301919071E9,776110,776759
776662,29.515135,-98.589615,1.301919071E9,776110,776759
776662,29.515207,-98.58954,1.301919071E9,776110,776759
776662,29.515303,-98.58954,1.301919071E9,776110,776759
776662,29.5154,-98.58949,1.301919071E9,776110,776759
776662,29.515476,-98.58938,1.301919071E9,776110,776759
776662,29.515535,-98.589294,1.301919071E9,776110,776759
776662,29.515625,-98.58922,1.301919071E9,776110,776759
776662,29.51571,-98.58917,1.301919071E9,776110,776759
776662,29.515806,-98.589096,1.301919071E9,776110,776759
776662,29.515923,-98.58904,1.301919071E9,776110,776759
776662,29.516026,-98.58898,1.301919071E9,776110,776759
776662,29.516129,-98.58893,1.301919071E9,776110,776759
776662,29.516226,-98.58889,1.301919071E9,776110,776759
776662,29.516314,-98.588844,1.301919071E9,776110,776759
776662,29.516394,-98.58879,1.301919071E9,776110,776759
776662,29.516466,-98.58872,1.301919071E9,776110,776759
776662,29.51656,-98.58866,1.301919071E9,776110,776759
776662,29.51666,-98.58858,1.301919071E9,776110,776759
776662,29.516752,-98.58852,1.301919071E9,776110,776759
776662,29.516836,-98.588455,1.301919071E9,776110,776759
776662,29.51692,-98.58838,1.301919071E9,776110,776759
776662,29.516996,-98.5883,1.301919071E9,776110,776759
776662,29.517065,-98.58823,1.301919071E9,776110,776759
776662,29.51714,-98.58815,1.301919071E9,776110,776759
776662,29.517225,-98.58811,1.301919071E9,776110,776759
776662,29.517328,-98.588066,1.301919071E9,776110,776759
776662,29.51744,-98.58802,1.301919071E9,776110,776759
776662,29.517538,-98.587975,1.301919071E9,776110,776759
776662,29.517609,-98.58788,1.301919071E9,776110,776759
776662,29.517681,-98.587776,1.301919071E9,776110,776759
776662,29.517746,-98.58768,1.301919071E9,776110,776759
776662,29.517807,-98.587585,1.301919071E9,776110,776759
776662,29.51787,-98.587494,1.301919071E9,776110,776759
776662,29.517927,-98.5874,1.301919071E9,776110,776759
776662,29.51799,-98.5873,1.301919071E9,776110,776759
776662,29.518051,-98.58721,1.301919071E9,776110,776759
776662,29.518112,-98.58713,1.301919071E9,776110,776759
776662,29.51815,-98.58703,1.301919071E9,776110,776759
776662,29.518166,-98.58691,1.301919071E9,776110,776759
776662,29.518131,-98.586784,1.301919071E9,776110,776759
776662,29.51811,-98.586685,1.301919071E9,776110,776759
776662,29.518175,-98.5866,1.301919071E9,776110,776759
776662,29.518272,-98.58658,1.301919071E9,776110,776759
776662,29.518381,-98.58661,1.301919071E9,776110,776759
776662,29.518461,-98.58667,1.301919071E9,776110,776759
776662,29.518557,-98.586754,1.301919071E9,776110,776759
776662,29.518646,-98.586845,1.301919071E9,776110,776759
776662,29.51877,-98.58699,1.301919071E9,776110,776759
776662,29.518835,-98.58707,1.301919071E9,776110,776759
776662,29.518953,-98.58722,1.301919071E9,776110,776759
776662,29.519037,-98.5873,1.301919071E9,776110,776759
776662,29.519114,-98.58737,1.301919071E9,776110,776759
776662,29.519209,-98.587456,1.301919071E9,776110,776759
776662,29.519278,-98.58753,1.301919071E9,776110,776759
776662,29.519342,-98.5876,1.301919071E9,776110,776759
776662,29.519405,-98.58768,1.301919071E9,776110,776759
776662,29.519472,-98.58775,1.301919071E9,776110,776759
776662,29.519539,-98.