10,776759
776662,20.912329,-156.69249,1.301919071E9,776110,776759
776662,20.912369,-156.69258,1.301919071E9,776110,776759
776662,20.912432,-156.69269,1.301919071E9,776110,776759
776662,20.912495,-156.69276,1.301919071E9,776110,776759
776662,20.912548,-156.69286,1.301919071E9,776110,776759
776662,20.912613,-156.69295,1.301919071E9,776110,776759
776662,20.91269,-156.69301,1.301919071E9,776110,776759
776662,20.912754,-156.6931,1.301919071E9,776110,776759
776662,20.912804,-156.69319,1.301919071E9,776110,776759
776662,20.912876,-156.69325,1.301919071E9,776110,776759
776662,20.912954,-156.69333,1.301919071E9,776110,776759
776662,20.913021,-156.6934,1.301919071E9,776110,776759
776662,20.913101,-156.6935,1.301919071E9,776110,776759
776662,20.913157,-156.69359,1.301919071E9,776110,776759
776662,20.913187,-156.69368,1.301919071E9,776110,776759
776662,20.913227,-156.69377,1.301919071E9,776110,776759
776662,20.913288,-156.69385,1.301919071E9,776110,776759
776662,20.91336,-156.69394,1.301919071E9,776110,776759
776662,20.913433,-156.694,1.301919071E9,776110,776759
776662,20.913528,-156.69402,1.301919071E9,776110,776759
776662,20.913607,-156.69397,1.301919071E9,776110,776759
776662,20.913668,-156.6939,1.301919071E9,776110,776759
776662,20.913704,-156.69379,1.301919071E9,776110,776759
776662,20.913727,-156.6937,1.301919071E9,776110,776759
776662,20.913761,-156.6936,1.301919071E9,776110,776759
776662,20.913795,-156.6935,1.301919071E9,776110,776759
776662,20.913832,-156.69342,1.301919071E9,776110,776759
776662,20.913868,-156.69331,1.301919071E9,776110,776759
776662,20.91392,-156.69322,1.301919071E9,776110,776759
776662,20.914013,-156.69319,1.301919071E9,776110,776759
776662,20.914108,-156.69324,1.301919071E9,776110,776759
776662,20.914185,-156.69333,1.301919071E9,776110,776759
776662,20.914242,-156.6934,1.301919071E9,776110,776759
776662,20.914295,-156.69348,1.301919071E9,776110,776759
776662,20.91435,-156.69357,1.301919071E9,776110,776759
776662,20.91441,-156.69366,1.301919071E9,776110,776759
776662,20.914452,-156.69377,1.301919071E9,776110,776759
776662,20.91452,-156.69383,1.301919071E9,776110,776759
776662,20.914623,-156.69385,1.301919071E9,776110,776759
776662,20.914686,-156.69394,1.301919071E9,776110,776759
776662,20.914755,-156.69402,1.301919071E9,776110,776759
776662,20.914843,-156.69409,1.301919071E9,776110,776759
776662,20.914913,-156.69415,1.301919071E9,776110,776759
776662,20.914995,-156.69421,1.301919071E9,776110,776759
776662,20.915073,-156.69426,1.301919071E9,776110,776759
776662,20.915165,-156.69432,1.301919071E9,776110,776759
776662,20.915258,-156.69437,1.301919071E9,776110,776759
776662,20.915352,-156.6944,1.301919071E9,776110,776759
776662,20.915447,-156.69441,1.301919071E9,776110,776759
776662,20.915539,-156.69441,1.301919071E9,776110,776759
776662,20.915638,-156.69444,1.301919071E9,776110,776759
776662,20.915731,-156.69449,1.301919071E9,776110,776759
776662,20.915817,-156.69453,1.301919071E9,776110,776759
776662,20.915915,-156.69456,1.301919071E9,776110,776759
776662,20.916014,-156.69461,1.301919071E9,776110,776759
776662,20.916096,-156.69464,1.301919071E9,776110,776759
776662,20.916183,-156.69467,1.301919071E9,776110,776759
776662,20.916288,-156.69469,1.301919071E9,776110,776759
776662,20.916384,-156.69472,1.301919071E9,776110,776759
776662,20.916483,-156.69473,1.301919071E9,776110,776759
776662,20.916574,-156.69476,1.301919071E9,776110,776759
776662,20.916681,-156.69481,1.301919071E9,776110,776759
776662,20.916784,-156.69482,1.301919071E9,776110,776759
776662,20.91688,-156.69485,1.301919071E9,776110,776759
776662,20.916967,-156.6949,1.301919071E9,776110,776759
776662,20.917055,-156.69493,1.301919071E9,776110,776759
776662,20.917164,-156.69495,1.301919071E9,776110,776759
776662,20.917265,-156.69495,1.301919071E9,776110,776759
776662,20.917356,-156.69493,1.301919071E9,776110,776759
776662,20.917461,-156.69493,1.301919071E9,776110,776759
776662,20.917559,-156.69492,1.301919071E9,776110,776759
776662,20.917654,-156.6949,1.301919071E9,776110,776759
776662,20.91776,-156.69487,1.301919071E9,776110,776759
776662,20.917852,-156.69484,1.301919071E9,776110,776759
776662,20.917938,-156.6948,1.301919071E9,776110,776759
776662,20.91804,-156.69475,1.301919071E9,776110,776759
776662,20.918121,-156.69469,1.301919071E9,776110,776759
776662,20.918203,-156.69463,1.301919071E9,776110,776759
776662,20.918274,-156.69455,1.301919071E9,776110,776759
776662,20.918346,-156.69447,1.301919071E9,776110,776759
776662,20.918419,-156.69441,1.301919071E9,776110,776759
776662,20.918468,-156.69432,1.301919071E9,776110,776759
776662,20.918524,-156.69424,1.301919071E9,776110,776759
776662,20.918585,-156.69415,1.301919071E9,776110,776759
776662,20.918648,-156.69405,1.301919071E9,776110,776759
776662,20.918707,-156.69395,1.301919071E9,776110,776759
776662,20.918772,-156.69386,1.301919071E9,776110,776759
776662,20.918877,-156.69386,1.301919071E9,776110,776759
776662,20.91897,-156.6939,1.301919071E9,776110,776759
776662,20.919077,-156.6939,1.301919071E9,776110,776759
776662,20.919172,-156.69392,1.301919071E9,776110,776759
776662,20.919268,-156.69395,1.301919071E9,776110,776759
776662,20.919373,-156.69397,1.301919071E9,776110,776759
776662,20.919481,-156.69398,1.301919071E9,776110,776759
776662,20.919582,-156.694,1.301919071E9,776110,776759
776662,20.919682,-156.69402,1.301919071E9,776110,776759
776662,20.919786,-156.69402,1.301919071E9,776110,776759
776662,20.919891,-156.69403,1.301919071E9,776110,776759
776662,20.919998,-156.69403,1.301919071E9,776110,776759
776662,20.920092,-156.69402,1.301919071E9,776110,776759
776662,20.920189,-156.69402,1.301919071E9,776110,776759
776662,20.920284,-156.69402,1.301919071E9,776110,776759
776662,20.920383,-156.69403,1.301919071E9,776110,776759
776662,20.920492,-156.69402,1.301919071E9,776110,776759
776662,20.920593,-156.69402,1.301919071E9,776110,776759
776662,20.92069,-156.69398,1.301919071E9,776110,776759
776662,20.92078,-156.69395,1.301919071E9,776110,776759
776662,20.920876,-156.69395,1.301919071E9,776110,776759
776662,20.920963,-156.69398,1.301919071E9,776110,776759
776662,20.921074,-156.69398,1.301919071E9,776110,776759
776662,20.92117,-156.69395,1.301919071E9,776110,776759
776662,20.921267,-156.69394,1.301919071E9,776110,776759
776662,20.921356,-156.69392,1.301919071E9,776110,776759
776662,20.921429,-156.69383,1.301919071E9,776110,776759
776662,20.921518,-156.69379,1.301919071E9,776110,776759
776662,20.921581,-156.69371,1.301919071E9,776110,776759
776662,20.921663,-156.69363,1.301919071E9,776110,776759
776662,20.921762,-156.69359,1.301919071E9,776110,776759
776662,20.921844,-156.69353,1.301919071E9,776110,776759
776662,20.921928,-156.69348,1.301919071E9,776110,776759
776662,20.922012,-156.69344,1.301919071E9,776110,776759
776662,20.922129,-156.69339,1.301919071E9,776110,776759
776662,20.92222,-156.69337,1.301919071E9,776110,776759
776662,20.922312,-156.69336,1.301919071E9,776110,776759
776662,20.922419,-156.69334,1.301919071E9,776110,776759
776662,20.922516,-156.69333,1.301919071E9,776110,776759
776662,20.922617,-156.6933,1.301919071E9,776110,776759
776662,20.922722,-156.69327,1.301919071E9,776110,776759
776662,20.922813,-156.69324,1.301919071E9,776110,776759
776662,20.922916,-156.69319,1.301919071E9,776110,776759
776662,20.923016,-156.69315,1.301919071E9,776110,776759
776662,20.923101,-156.69312,1.301919071E9,776110,776759
776662,20.92319,-156.69308,1.301919071E9,776110,776759
776662,20.923283,-156.69307,1.301919071E9,776110,776759
776662,20.923391,-156.69305,1.301919071E9,776110,776759
776662,20.923496,-156.69304,1.301919071E9,776110,776759
776662,20.9236,-156.69302,1.301919071E9,776110,776759
776662,20.923706,-156.69301,1.301919071E9,776110,776759
776662,20.923798,-156.693,1.301919071E9,776110,776759
776662,20.923897,-156.69298,1.301919071E9,776110,776759
776662,20.92399,-156.69298,1.301919071E9,776110,776759
776662,20.9241,-156.69298,1.301919071E9,776110,776759
776662,20.92419,-156.693,1.301919071E9,776110,776759
776662,20.92428,-156.69301