759
776662,38.53543,-0.117299,1.301919071E9,776110,776759
776662,38.535427,-0.117154,1.301919071E9,776110,776759
776662,38.535446,-0.117032,1.301919071E9,776110,776759
776662,38.535465,-0.116915,1.301919071E9,776110,776759
776662,38.535465,-0.116792,1.301919071E9,776110,776759
776662,38.535446,-0.116668,1.301919071E9,776110,776759
776662,38.53542,-0.11654,1.301919071E9,776110,776759
776662,38.53539,-0.116403,1.301919071E9,776110,776759
776662,38.53538,-0.116289,1.301919071E9,776110,776759
776662,38.535385,-0.116156,1.301919071E9,776110,776759
776662,38.535416,-0.116015,1.301919071E9,776110,776759
776662,38.535446,-0.115891,1.301919071E9,776110,776759
776662,38.535454,-0.115766,1.301919071E9,776110,776759
776662,38.53544,-0.115644,1.301919071E9,776110,776759
776662,38.53542,-0.115528,1.301919071E9,776110,776759
776662,38.535404,-0.115408,1.301919071E9,776110,776759
776662,38.535393,-0.115283,1.301919071E9,776110,776759
776662,38.53539,-0.115147,1.301919071E9,776110,776759
776662,38.53538,-0.115021,1.301919071E9,776110,776759
776662,38.535362,-0.11491,1.301919071E9,776110,776759
776662,38.535336,-0.114775,1.301919071E9,776110,776759
776662,38.535316,-0.114658,1.301919071E9,776110,776759
776662,38.535294,-0.114528,1.301919071E9,776110,776759
776662,38.53528,-0.114411,1.301919071E9,776110,776759
776662,38.535267,-0.114274,1.301919071E9,776110,776759
776662,38.53525,-0.114153,1.301919071E9,776110,776759
776662,38.53523,-0.114035,1.301919071E9,776110,776759
776662,38.535202,-0.113914,1.301919071E9,776110,776759
776662,38.535114,-0.113806,1.301919071E9,776110,776759
776662,38.535065,-0.113685,1.301919071E9,776110,776759
776662,38.53502,-0.113562,1.301919071E9,776110,776759
776662,38.534985,-0.113431,1.301919071E9,776110,776759
776662,38.53493,-0.113332,1.301919071E9,776110,776759
776662,38.534863,-0.113245,1.301919071E9,776110,776759
776662,38.534805,-0.113142,1.301919071E9,776110,776759
776662,38.53476,-0.113017,1.301919071E9,776110,776759
776662,38.53473,-0.112896,1.301919071E9,776110,776759
776662,38.534706,-0.112782,1.301919071E9,776110,776759
776662,38.534683,-0.112661,1.301919071E9,776110,776759
776662,38.534657,-0.112544,1.301919071E9,776110,776759
776662,38.53463,-0.112411,1.301919071E9,776110,776759
776662,38.53459,-0.112298,1.301919071E9,776110,776759
776662,38.534542,-0.112188,1.301919071E9,776110,776759
776662,38.534508,-0.112065,1.301919071E9,776110,776759
776662,38.53449,-0.111941,1.301919071E9,776110,776759
776662,38.534477,-0.111816,1.301919071E9,776110,776759
776662,38.53445,-0.111674,1.301919071E9,776110,776759
776662,38.534428,-0.111543,1.301919071E9,776110,776759
776662,38.534447,-0.111423,1.301919071E9,776110,776759
776662,38.5345,-0.111315,1.301919071E9,776110,776759
776662,38.53453,-0.111198,1.301919071E9,776110,776759
776662,38.534542,-0.111059,1.301919071E9,776110,776759
776662,38.53455,-0.110917,1.301919071E9,776110,776759
776662,38.534542,-0.110797,1.301919071E9,776110,776759
776662,38.53456,-0.11066,1.301919071E9,776110,776759
776662,38.534576,-0.110521,1.301919071E9,776110,776759
776662,38.534576,-0.110404,1.301919071E9,776110,776759
776662,38.534668,-0.110404,1.301919071E9,776110,776759
776662,38.534767,-0.110397,1.301919071E9,776110,776759
776662,38.534866,-0.110386,1.301919071E9,776110,776759
776662,38.53496,-0.110406,1.301919071E9,776110,776759
776662,38.535057,-0.110418,1.301919071E9,776110,776759
776662,38.535156,-0.110423,1.301919071E9,776110,776759
776662,38.535248,-0.110409,1.301919071E9,776110,776759
776662,38.53533,-0.110332,1.301919071E9,776110,776759
776662,38.53543,-0.110275,1.301919071E9,776110,776759
776662,38.53552,-0.110251,1.301919071E9,776110,776759
776662,38.53562,-0.110226,1.301919071E9,776110,776759
776662,38.535713,-0.110179,1.301919071E9,776110,776759
776662,38.53581,-0.110232,1.301919071E9,776110,776759
776662,38.53583,-0.110378,1.301919071E9,776110,776759
776662,38.535816,-0.110513,1.301919071E9,776110,776759
776662,38.535816,-0.110694,1.301919071E9,776110,776759
776662,38.535805,-0.110822,1.301919071E9,776110,776759
776662,38.535793,-0.110964,1.301919071E9,776110,776759
776662,38.53578,-0.111086,1.301919071E9,776110,776759
776662,38.53578,-0.111225,1.301919071E9,776110,776759
776662,38.53578,-0.111361,1.301919071E9,776110,776759
776662,38.53577,-0.111489,1.301919071E9,776110,776759
776662,38.535778,-0.111637,1.301919071E9,776110,776759
776662,38.53578,-0.111758,1.301919071E9,776110,776759
776662,38.535755,-0.111887,1.301919071E9,776110,776759
776662,38.535736,-0.11201,1.301919071E9,776110,776759
776662,38.53581,-0.1121,1.301919071E9,776110,776759
776662,38.535862,-0.112208,1.301919071E9,776110,776759
776662,38.53589,-0.112345,1.301919071E9,776110,776759
776662,38.53591,-0.112481,1.301919071E9,776110,776759
776662,38.53594,-0.112607,1.301919071E9,776110,776759
776662,38.535965,-0.112715,1.301919071E9,776110,776759
776662,38.535973,-0.112851,1.301919071E9,776110,776759
776662,38.53598,-0.112972,1.301919071E9,776110,776759
776662,38.53599,-0.113097,1.301919071E9,776110,776759
776662,38.536007,-0.113247,1.301919071E9,776110,776759
776662,38.536003,-0.113378,1.301919071E9,776110,776759
776662,38.536,-0.113517,1.301919071E9,776110,776759
776662,38.53599,-0.113657,1.301919071E9,776110,776759
776662,38.536015,-0.113791,1.301919071E9,776110,776759
776662,38.536064,-0.113898,1.301919071E9,776110,776759
776662,38.53611,-0.114016,1.301919071E9,776110,776759
776662,38.53612,-0.114143,1.301919071E9,776110,776759
776662,38.53612,-0.114274,1.301919071E9,776110,776759
776662,38.536118,-0.114404,1.301919071E9,776110,776759
776662,38.53614,-0.114565,1.301919071E9,776110,776759
776662,38.536182,-0.114708,1.301919071E9,776110,776759
776662,38.536205,-0.114837,1.301919071E9,776110,776759
776662,38.536224,-0.114989,1.301919071E9,776110,776759
776662,38.53624,-0.115117,1.301919071E9,776110,776759
776662,38.536243,-0.115263,1.301919071E9,776110,776759
776662,38.536243,-0.115383,1.301919071E9,776110,776759
776662,38.536247,-0.115498,1.301919071E9,776110,776759
776662,38.536232,-0.115634,1.301919071E9,776110,776759
776662,38.536232,-0.115751,1.301919071E9,776110,776759
776662,38.536247,-0.115882,1.301919071E9,776110,776759
776662,38.536274,-0.115996,1.301919071E9,776110,776759
776662,38.536316,-0.116117,1.301919071E9,776110,776759
776662,38.536354,-0.116225,1.301919071E9,776110,776759
776662,38.536396,-0.116344,1.301919071E9,776110,776759
776662,38.53641,-0.116463,1.301919071E9,776110,776759
776662,38.536415,-0.116611,1.301919071E9,776110,776759
776662,38.536415,-0.11675,1.301919071E9,776110,776759
776662,38.536415,-0.116874,1.301919071E9,776110,776759
776662,38.53641,-0.116999,1.301919071E9,776110,776759
776662,38.536415,-0.117125,1.301919071E9,776110,776759
776662,38.536404,-0.117257,1.301919071E9,776110,776759
776662,38.536377,-0.117371,1.301919071E9,776110,776759
776662,38.536346,-0.11748,1.301919071E9,776110,776759
776662,38.53632,-0.117592,1.301919071E9,776110,776759
776662,38.536346,-0.117725,1.301919071E9,776110,776759
776662,38.536385,-0.11786,1.301919071E9,776110,776759
776662,38.53641,-0.117986,1.301919071E9,776110,776759
776662,38.53646,-0.118089,1.301919071E9,776110,776759
776662,38.53648,-0.118224,1.301919071E9,776110,776759
776662,38.536503,-0.118353,1.301919071E9,776110,776759
776662,38.536514,-0.118494,1.301919071E9,776110,776759
776662,38.536514,-0.118637,1.301919071E9,776110,776759
776662,38.53651,-0.11876,1.301919071E9,776110,776759
776662,38.536503,-0.118901,1.301919071E9,776110,776759
776662,38.536495,-0.119027,1.301919071E9,776110,776759
776662,38.536484,-0.119152,1.301919071E9,776110,776759
776662,38.536503,-0.119281,1.301919071E9,776110,776759
776662,38.536526,-0.119419,1.301919071E9,776110,776759
776662,38.536575,-0.119533,1.301919071E9,776110,776759
776662,38.53662,-0.119655,1.301919071E9,776110,776759
776662,38.53666,-0.11978,1.301919071E9,776110,776759
776662,38.536686,-0.119915,1.301919071E9,776110,776759
776662,38.53671,-0.120055,1.301919071E9,776110,776759
776662,38.536716,-0.12019,1.301919071E