,776759
776662,37.728615,-122.44419,1.301919071E9,776110,776759
776662,37.728878,-122.44423,1.301919071E9,776110,776759
776662,37.72913,-122.444275,1.301919071E9,776110,776759
776662,37.729424,-122.44432,1.301919071E9,776110,776759
776662,37.72969,-122.44433,1.301919071E9,776110,776759
776662,37.72998,-122.4443,1.301919071E9,776110,776759
776662,37.73025,-122.44433,1.301919071E9,776110,776759
776662,37.73053,-122.44432,1.301919071E9,776110,776759
776662,37.730644,-122.444336,1.301919071E9,776110,776759
776662,37.730717,-122.4447,1.301919071E9,776110,776759
776662,37.73073,-122.44494,1.301919071E9,776110,776759
776662,37.730743,-122.44526,1.301919071E9,776110,776759
776662,37.730743,-122.44559,1.301919071E9,776110,776759
776662,37.730747,-122.4459,1.301919071E9,776110,776759
776662,37.730755,-122.44604,1.301919071E9,776110,776759
776662,37.730747,-122.44629,1.301919071E9,776110,776759
776662,37.730762,-122.44656,1.301919071E9,776110,776759
776662,37.73075,-122.44697,1.301919071E9,776110,776759
776662,37.730743,-122.44729,1.301919071E9,776110,776759
776662,37.730743,-122.44765,1.301919071E9,776110,776759
776662,37.73072,-122.447945,1.301919071E9,776110,776759
776662,37.730724,-122.44834,1.301919071E9,776110,776759
776662,37.73072,-122.44854,1.301919071E9,776110,776759
776662,37.73071,-122.44873,1.301919071E9,776110,776759
776662,37.73082,-122.44891,1.301919071E9,776110,776759
776662,37.73107,-122.4489,1.301919071E9,776110,776759
776662,37.73119,-122.44885,1.301919071E9,776110,776759
776662,37.731342,-122.448875,1.301919071E9,776110,776759
776662,37.731342,-122.448875,1.301919071E9,776110,776759
776662,37.731342,-122.448875,1.301919071E9,776110,776759
776662,37.731422,-122.449234,1.301919071E9,776110,776759
776662,37.73143,-122.44923,1.301919071E9,776110,776759
776662,37.731487,-122.44931,1.301919071E9,776110,776759
776662,37.731503,-122.44941,1.301919071E9,776110,776759
776662,37.731506,-122.449524,1.301919071E9,776110,776759
776662,37.73151,-122.44967,1.301919071E9,776110,776759
776662,37.731495,-122.449814,1.301919071E9,776110,776759
776662,37.731476,-122.44996,1.301919071E9,776110,776759
776662,37.73147,-122.45008,1.301919071E9,776110,776759
776662,37.73148,-122.45021,1.301919071E9,776110,776759
776662,37.73149,-122.45031,1.301919071E9,776110,776759
776662,37.731487,-122.45042,1.301919071E9,776110,776759
776662,37.731476,-122.450554,1.301919071E9,776110,776759
776662,37.731464,-122.45067,1.301919071E9,776110,776759
776662,37.731476,-122.4508,1.301919071E9,776110,776759
776662,37.731464,-122.450905,1.301919071E9,776110,776759
776662,37.731476,-122.45103,1.301919071E9,776110,776759
776662,37.73146,-122.45113,1.301919071E9,776110,776759
776662,37.73144,-122.45126,1.301919071E9,776110,776759
776662,37.731438,-122.451385,1.301919071E9,776110,776759
776662,37.73142,-122.45149,1.301919071E9,776110,776759
776662,37.7314,-122.4516,1.301919071E9,776110,776759
776662,37.731365,-122.45171,1.301919071E9,776110,776759
776662,37.731346,-122.451836,1.301919071E9,776110,776759
776662,37.73133,-122.451965,1.301919071E9,776110,776759
776662,37.7313,-122.45208,1.301919071E9,776110,776759
776662,37.731274,-122.45218,1.301919071E9,776110,776759
776662,37.731224,-122.4523,1.301919071E9,776110,776759
776662,37.73118,-122.45239,1.301919071E9,776110,776759
776662,37.73113,-122.452484,1.301919071E9,776110,776759
776662,37.73108,-122.45258,1.301919071E9,776110,776759
776662,37.731052,-122.4527,1.301919071E9,776110,776759
776662,37.731075,-122.452835,1.301919071E9,776110,776759
776662,37.73111,-122.45297,1.301919071E9,776110,776759
776662,37.73114,-122.4531,1.301919071E9,776110,776759
776662,37.731358,-122.45322,1.301919071E9,776110,776759
776662,37.73139,-122.453316,1.301919071E9,776110,776759
776662,37.73143,-122.45341,1.301919071E9,776110,776759
776662,37.731457,-122.45353,1.301919071E9,776110,776759
776662,37.73148,-122.45365,1.301919071E9,776110,776759
776662,37.731495,-122.45379,1.301919071E9,776110,776759
776662,37.731503,-122.4539,1.301919071E9,776110,776759
776662,37.731506,-122.45401,1.301919071E9,776110,776759
776662,37.731506,-122.454124,1.301919071E9,776110,776759
776662,37.73151,-122.45425,1.301919071E9,776110,776759
776662,37.731503,-122.45438,1.301919071E9,776110,776759
776662,37.731495,-122.45448,1.301919071E9,776110,776759
776662,37.73147,-122.45461,1.301919071E9,776110,776759
776662,37.731438,-122.45472,1.301919071E9,776110,776759
776662,37.731422,-122.45486,1.301919071E9,776110,776759
776662,37.731396,-122.45499,1.301919071E9,776110,776759
776662,37.73138,-122.45511,1.301919071E9,776110,776759
776662,37.731365,-122.455215,1.301919071E9,776110,776759
776662,37.731346,-122.455315,1.301919071E9,776110,776759
776662,37.73133,-122.455444,1.301919071E9,776110,776759
776662,37.731297,-122.455574,1.301919071E9,776110,776759
776662,37.731274,-122.45568,1.301919071E9,776110,776759
776662,37.73127,-122.455795,1.301919071E9,776110,776759
776662,37.731262,-122.4559,1.301919071E9,776110,776759
776662,37.731236,-122.45603,1.301919071E9,776110,776759
776662,37.731228,-122.45615,1.301919071E9,776110,776759
776662,37.731205,-122.45629,1.301919071E9,776110,776759
776662,37.73117,-122.45641,1.301919071E9,776110,776759
776662,37.731148,-122.45651,1.301919071E9,776110,776759
776662,37.731133,-122.45662,1.301919071E9,776110,776759
776662,37.731113,-122.45674,1.301919071E9,776110,776759
776662,37.731087,-122.45686,1.301919071E9,776110,776759
776662,37.731064,-122.45697,1.301919071E9,776110,776759
776662,37.73103,-122.4571,1.301919071E9,776110,776759
776662,37.730988,-122.45722,1.301919071E9,776110,776759
776662,37.73095,-122.45732,1.301919071E9,776110,776759
776662,37.730907,-122.45745,1.301919071E9,776110,776759
776662,37.730885,-122.45755,1.301919071E9,776110,776759
776662,37.73086,-122.457695,1.301919071E9,776110,776759
776662,37.730824,-122.45782,1.301919071E9,776110,776759
776662,37.73078,-122.45793,1.301919071E9,776110,776759
776662,37.73076,-122.45806,1.301919071E9,776110,776759
776662,37.730747,-122.45818,1.301919071E9,776110,776759
776662,37.730747,-122.4583,1.301919071E9,776110,776759
776662,37.730755,-122.458405,1.301919071E9,776110,776759
776662,37.73077,-122.45853,1.301919071E9,776110,776759
776662,37.730762,-122.45863,1.301919071E9,776110,776759
776662,37.730747,-122.45876,1.301919071E9,776110,776759
776662,37.73074,-122.45888,1.301919071E9,776110,776759
776662,37.730736,-122.45898,1.301919071E9,776110,776759
776662,37.73074,-122.45911,1.301919071E9,776110,776759
776662,37.73076,-122.459206,1.301919071E9,776110,776759
776662,37.73077,-122.45931,1.301919071E9,776110,776759
776662,37.730766,-122.45942,1.301919071E9,776110,776759
776662,37.73075,-122.45955,1.301919071E9,776110,776759
776662,37.730732,-122.459656,1.301919071E9,776110,776759
776662,37.730705,-122.45976,1.301919071E9,776110,776759
776662,37.730675,-122.45989,1.301919071E9,776110,776759
776662,37.730633,-122.460014,1.301919071E9,776110,776759
776662,37.730583,-122.4601,1.301919071E9,776110,776759
776662,37.730534,-122.460175,1.301919071E9,776110,776759
776662,37.730488,-122.46027,1.301919071E9,776110,776759
776662,37.73043,-122.46036,1.301919071E9,776110,776759
776662,37.73036,-122.46046,1.301919071E9,776110,776759
776662,37.730286,-122.46055,1.301919071E9,776110,776759
776662,37.730213,-122.46063,1.301919071E9,776110,776759
776662,37.73014,-122.460724,1.301919071E9,776110,776759
776662,37.730083,-122.4608,1.301919071E9,776110,776759
776662,37.730034,-122.46092,1.301919071E9,776110,776759
776662,37.730007,-122.46102,1.301919071E9,776110,776759
776662,37.729996,-122.46113,1.301919071E9,776110,776759
776662,37.72998,-122.46125,1.301919071E9,776110,776759
776662,37.729958,-122.46137,1.301919071E9,776110,776759
776662,37.729942,-122.46149,1.301919071E9,776110,776759
776662,37.729954,-122.461624,1.301919071E9,776110,776759
776662,37.72997,-122.46172,1.301919071E9,776110,776759
776662,37.72999,-122.46183,1.301919071E9,776110,776759
776662,37.730003,-122.46198,1.301919071E9,776110,776759
776662,37.73002,-122.4621