9,776110,776759
776662,38.69993,-90.496994,1.301919071E9,776110,776759
776662,38.69984,-90.497086,1.301919071E9,776110,776759
776662,38.699783,-90.4972,1.301919071E9,776110,776759
776662,38.699703,-90.4973,1.301919071E9,776110,776759
776662,38.6996,-90.49738,1.301919071E9,776110,776759
776662,38.699516,-90.497444,1.301919071E9,776110,776759
776662,38.699406,-90.49749,1.301919071E9,776110,776759
776662,38.699306,-90.49753,1.301919071E9,776110,776759
776662,38.699207,-90.49757,1.301919071E9,776110,776759
776662,38.699104,-90.4976,1.301919071E9,776110,776759
776662,38.698997,-90.49761,1.301919071E9,776110,776759
776662,38.698895,-90.49761,1.301919071E9,776110,776759
776662,38.698795,-90.49759,1.301919071E9,776110,776759
776662,38.69868,-90.497574,1.301919071E9,776110,776759
776662,38.698578,-90.49755,1.301919071E9,776110,776759
776662,38.698456,-90.49752,1.301919071E9,776110,776759
776662,38.698357,-90.49748,1.301919071E9,776110,776759
776662,38.69826,-90.49741,1.301919071E9,776110,776759
776662,38.698166,-90.49736,1.301919071E9,776110,776759
776662,38.698063,-90.49728,1.301919071E9,776110,776759
776662,38.697968,-90.49719,1.301919071E9,776110,776759
776662,38.697876,-90.497116,1.301919071E9,776110,776759
776662,38.697784,-90.497055,1.301919071E9,776110,776759
776662,38.69768,-90.49699,1.301919071E9,776110,776759
776662,38.697594,-90.49689,1.301919071E9,776110,776759
776662,38.697533,-90.49678,1.301919071E9,776110,776759
776662,38.697445,-90.49669,1.301919071E9,776110,776759
776662,38.697353,-90.4966,1.301919071E9,776110,776759
776662,38.697266,-90.496506,1.301919071E9,776110,776759
776662,38.697178,-90.496445,1.301919071E9,776110,776759
776662,38.697083,-90.49639,1.301919071E9,776110,776759
776662,38.696983,-90.49632,1.301919071E9,776110,776759
776662,38.696903,-90.49624,1.301919071E9,776110,776759
776662,38.69683,-90.49616,1.301919071E9,776110,776759
776662,38.69674,-90.496086,1.301919071E9,776110,776759
776662,38.696663,-90.49602,1.301919071E9,776110,776759
776662,38.696583,-90.49596,1.301919071E9,776110,776759
776662,38.69652,-90.495865,1.301919071E9,776110,776759
776662,38.69645,-90.49576,1.301919071E9,776110,776759
776662,38.69638,-90.49566,1.301919071E9,776110,776759
776662,38.696335,-90.495544,1.301919071E9,776110,776759
776662,38.696278,-90.49545,1.301919071E9,776110,776759
776662,38.69619,-90.49535,1.301919071E9,776110,776759
776662,38.69611,-90.49528,1.301919071E9,776110,776759
776662,38.696007,-90.4952,1.301919071E9,776110,776759
776662,38.69591,-90.49514,1.301919071E9,776110,776759
776662,38.695805,-90.49511,1.301919071E9,776110,776759
776662,38.695694,-90.49505,1.301919071E9,776110,776759
776662,38.695583,-90.49501,1.301919071E9,776110,776759
776662,38.695484,-90.49496,1.301919071E9,776110,776759
776662,38.695393,-90.494896,1.301919071E9,776110,776759
776662,38.695305,-90.494835,1.301919071E9,776110,776759
776662,38.695225,-90.49476,1.301919071E9,776110,776759
776662,38.695133,-90.49469,1.301919071E9,776110,776759
776662,38.695045,-90.49462,1.301919071E9,776110,776759
776662,38.694958,-90.49455,1.301919071E9,776110,776759
776662,38.69486,-90.494484,1.301919071E9,776110,776759
776662,38.694782,-90.494415,1.301919071E9,776110,776759
776662,38.694695,-90.49435,1.301919071E9,776110,776759
776662,38.69462,-90.49427,1.301919071E9,776110,776759
776662,38.69453,-90.494194,1.301919071E9,776110,776759
776662,38.69443,-90.494125,1.301919071E9,776110,776759
776662,38.694366,-90.49401,1.301919071E9,776110,776759
776662,38.694294,-90.49394,1.301919071E9,776110,776759
776662,38.694214,-90.49387,1.301919071E9,776110,776759
776662,38.694126,-90.49379,1.301919071E9,776110,776759
776662,38.694027,-90.4937,1.301919071E9,776110,776759
776662,38.693935,-90.49361,1.301919071E9,776110,776759
776662,38.693848,-90.49351,1.301919071E9,776110,776759
776662,38.693787,-90.49342,1.301919071E9,776110,776759
776662,38.69378,-90.49329,1.301919071E9,776110,776759
776662,38.69382,-90.49317,1.301919071E9,776110,776759
776662,38.693897,-90.493065,1.301919071E9,776110,776759
776662,38.693974,-90.49298,1.301919071E9,776110,776759
776662,38.694077,-90.49288,1.301919071E9,776110,776759
776662,38.694176,-90.49282,1.301919071E9,776110,776759
776662,38.69426,-90.49276,1.301919071E9,776110,776759
776662,38.694324,-90.492676,1.301919071E9,776110,776759
776662,38.694397,-90.492584,1.301919071E9,776110,776759
776662,38.694473,-90.4925,1.301919071E9,776110,776759
776662,38.694553,-90.49243,1.301919071E9,776110,776759
776662,38.694653,-90.492355,1.301919071E9,776110,776759
776662,38.694744,-90.492294,1.301919071E9,776110,776759
776662,38.69482,-90.49223,1.301919071E9,776110,776759
776662,38.694935,-90.49221,1.301919071E9,776110,776759
776662,38.695053,-90.49221,1.301919071E9,776110,776759
776662,38.69514,-90.49216,1.301919071E9,776110,776759
776662,38.695225,-90.492096,1.301919071E9,776110,776759
776662,38.695305,-90.49203,1.301919071E9,776110,776759
776662,38.69539,-90.491974,1.301919071E9,776110,776759
776662,38.695473,-90.491875,1.301919071E9,776110,776759
776662,38.695564,-90.49183,1.301919071E9,776110,776759
776662,38.695652,-90.49175,1.301919071E9,776110,776759
776662,38.695736,-90.49169,1.301919071E9,776110,776759
776662,38.695847,-90.49164,1.301919071E9,776110,776759
776662,38.695942,-90.49161,1.301919071E9,776110,776759
776662,38.69603,-90.49158,1.301919071E9,776110,776759
776662,38.696133,-90.4915,1.301919071E9,776110,776759
776662,38.696217,-90.49144,1.301919071E9,776110,776759
776662,38.69631,-90.49136,1.301919071E9,776110,776759
776662,38.696392,-90.491264,1.301919071E9,776110,776759
776662,38.69648,-90.4912,1.301919071E9,776110,776759
776662,38.696564,-90.49116,1.301919071E9,776110,776759
776662,38.696648,-90.4911,1.301919071E9,776110,776759
776662,38.69673,-90.49102,1.301919071E9,776110,776759
776662,38.696796,-90.49094,1.301919071E9,776110,776759
776662,38.69687,-90.49085,1.301919071E9,776110,776759
776662,38.696945,-90.49079,1.301919071E9,776110,776759
776662,38.69702,-90.490715,1.301919071E9,776110,776759
776662,38.697105,-90.49065,1.301919071E9,776110,776759
776662,38.697205,-90.49059,1.301919071E9,776110,776759
776662,38.69731,-90.49054,1.301919071E9,776110,776759
776662,38.697407,-90.49047,1.301919071E9,776110,776759
776662,38.69748,-90.490395,1.301919071E9,776110,776759
776662,38.69758,-90.490326,1.301919071E9,776110,776759
776662,38.697647,-90.490234,1.301919071E9,776110,776759
776662,38.697723,-90.49014,1.301919071E9,776110,776759
776662,38.697796,-90.490074,1.301919071E9,776110,776759
776662,38.69787,-90.49,1.301919071E9,776110,776759
776662,38.697975,-90.48995,1.301919071E9,776110,776759
776662,38.698082,-90.48988,1.301919071E9,776110,776759
776662,38.698166,-90.48982,1.301919071E9,776110,776759
776662,38.69824,-90.48975,1.301919071E9,776110,776759
776662,38.69831,-90.48965,1.301919071E9,776110,776759
776662,38.69838,-90.48956,1.301919071E9,776110,776759
776662,38.698437,-90.48947,1.301919071E9,776110,776759
776662,38.698505,-90.48936,1.301919071E9,776110,776759
776662,38.698597,-90.48927,1.301919071E9,776110,776759
776662,38.69868,-90.48919,1.301919071E9,776110,776759
776662,38.698753,-90.48913,1.301919071E9,776110,776759
776662,38.69887,-90.48909,1.301919071E9,776110,776759
776662,38.69896,-90.48905,1.301919071E9,776110,776759
776662,38.699055,-90.489,1.301919071E9,776110,776759
776662,38.69915,-90.48895,1.301919071E9,776110,776759
776662,38.699245,-90.488914,1.301919071E9,776110,776759
776662,38.69934,-90.48885,1.301919071E9,776110,776759
776662,38.699417,-90.48879,1.301919071E9,776110,776759
776662,38.699497,-90.48872,1.301919071E9,776110,776759
776662,38.699585,-90.48863,1.301919071E9,776110,776759
776662,38.69966,-90.48857,1.301919071E9,776110,776759
776662,38.69975,-90.48851,1.301919071E9,776110,776759
776662,38.699844,-90.488464,1.301919071E9,776110,776759
776662,38.69992,-90.48835,1.301919071E9,776110,776759
776662,38.699986,-90.48827,1.301919071E9,776110,776759
776662,38.700054,-90.48819,1.301919071E9,776110,776759
776662,38.70015,-90.48814,1.301919071