8.86254,2.336658,1.301919071E9,776110,776759
776662,48.86244,2.336607,1.301919071E9,776110,776759
776662,48.86237,2.336588,1.301919071E9,776110,776759
776662,48.8623,2.336522,1.301919071E9,776110,776759
776662,48.862232,2.336519,1.301919071E9,776110,776759
776662,48.862144,2.336612,1.301919071E9,776110,776759
776662,48.862053,2.336652,1.301919071E9,776110,776759
776662,48.86191,2.336527,1.301919071E9,776110,776759
776662,48.861404,2.335909,1.301919071E9,776110,776759
776662,48.86138,2.335722,1.301919071E9,776110,776759
776662,48.861378,2.335563,1.301919071E9,776110,776759
776662,48.86139,2.335398,1.301919071E9,776110,776759
776662,48.861336,2.33528,1.301919071E9,776110,776759
776662,48.861256,2.335215,1.301919071E9,776110,776759
776662,48.861176,2.335144,1.301919071E9,776110,776759
776662,48.861088,2.335098,1.301919071E9,776110,776759
776662,48.86099,2.335043,1.301919071E9,776110,776759
776662,48.860878,2.335012,1.301919071E9,776110,776759
776662,48.860775,2.335072,1.301919071E9,776110,776759
776662,48.860718,2.3352,1.301919071E9,776110,776759
776662,48.86066,2.335358,1.301919071E9,776110,776759
776662,48.86062,2.335491,1.301919071E9,776110,776759
776662,48.86056,2.33564,1.301919071E9,776110,776759
776662,48.86052,2.335811,1.301919071E9,776110,776759
776662,48.86049,2.335939,1.301919071E9,776110,776759
776662,48.86045,2.336077,1.301919071E9,776110,776759
776662,48.860428,2.336229,1.301919071E9,776110,776759
776662,48.860416,2.336404,1.301919071E9,776110,776759
776662,48.860435,2.336556,1.301919071E9,776110,776759
776662,48.860462,2.336688,1.301919071E9,776110,776759
776662,48.860497,2.33684,1.301919071E9,776110,776759
776662,48.86055,2.336964,1.301919071E9,776110,776759
776662,48.860615,2.337081,1.301919071E9,776110,776759
776662,48.860622,2.337116,1.301919071E9,776110,776759
776662,48.860615,2.337242,1.301919071E9,776110,776759
776662,48.860622,2.337366,1.301919071E9,776110,776759
776662,48.860622,2.337366,1.301919071E9,776110,776759
776662,48.8606,2.337503,1.301919071E9,776110,776759
776662,48.860558,2.337678,1.301919071E9,776110,776759
776662,48.860504,2.337821,1.301919071E9,776110,776759
776662,48.860466,2.337946,1.301919071E9,776110,776759
776662,48.860374,2.338087,1.301919071E9,776110,776759
776662,48.8603,2.338169,1.301919071E9,776110,776759
776662,48.86021,2.338268,1.301919071E9,776110,776759
776662,48.86012,2.338308,1.301919071E9,776110,776759
776662,48.860023,2.338353,1.301919071E9,776110,776759
776662,48.85991,2.33839,1.301919071E9,776110,776759
776662,48.85981,2.338411,1.301919071E9,776110,776759
776662,48.859703,2.338352,1.301919071E9,776110,776759
776662,48.859608,2.338261,1.301919071E9,776110,776759
776662,48.859524,2.338164,1.301919071E9,776110,776759
776662,48.859432,2.338096,1.301919071E9,776110,776759
776662,48.859398,2.338064,1.301919071E9,776110,776759
776662,48.85933,2.338002,1.301919071E9,776110,776759
776662,48.859264,2.337948,1.301919071E9,776110,776759
776662,48.859215,2.33781,1.301919071E9,776110,776759
776662,48.859165,2.337671,1.301919071E9,776110,776759
776662,48.859177,2.337516,1.301919071E9,776110,776759
776662,48.85918,2.337378,1.301919071E9,776110,776759
776662,48.8592,2.337222,1.301919071E9,776110,776759
776662,48.859222,2.337077,1.301919071E9,776110,776759
776662,48.85924,2.336915,1.301919071E9,776110,776759
776662,48.85925,2.33677,1.301919071E9,776110,776759
776662,48.859257,2.33663,1.301919071E9,776110,776759
776662,48.859264,2.336483,1.301919071E9,776110,776759
776662,48.85929,2.336333,1.301919071E9,776110,776759
776662,48.859333,2.336192,1.301919071E9,776110,776759
776662,48.85937,2.336063,1.301919071E9,776110,776759
776662,48.859406,2.335938,1.301919071E9,776110,776759
776662,48.859444,2.335766,1.301919071E9,776110,776759
776662,48.859474,2.335634,1.301919071E9,776110,776759
776662,48.859505,2.335502,1.301919071E9,776110,776759
776662,48.859528,2.33546,1.301919071E9,776110,776759
776662,48.859478,2.335558,1.301919071E9,776110,776759
776662,48.859463,2.335623,1.301919071E9,776110,776759
776662,48.85943,2.335754,1.301919071E9,776110,776759
776662,48.8594,2.335901,1.301919071E9,776110,776759
776662,48.859367,2.336041,1.301919071E9,776110,776759
776662,48.859333,2.336174,1.301919071E9,776110,776759
776662,48.859303,2.33631,1.301919071E9,776110,776759
776662,48.859283,2.336448,1.301919071E9,776110,776759
776662,48.85927,2.336591,1.301919071E9,776110,776759
776662,48.859238,2.336734,1.301919071E9,776110,776759
776662,48.859215,2.336881,1.301919071E9,776110,776759
776662,48.859203,2.337024,1.301919071E9,776110,776759
776662,48.859188,2.337169,1.301919071E9,776110,776759
776662,48.859184,2.337317,1.301919071E9,776110,776759
776662,48.859188,2.337467,1.301919071E9,776110,776759
776662,48.8592,2.337623,1.301919071E9,776110,776759
776662,48.85919,2.33777,1.301919071E9,776110,776759
776662,48.859184,2.33791,1.301919071E9,776110,776759
776662,48.859158,2.338042,1.301919071E9,776110,776759
776662,48.85913,2.338172,1.301919071E9,776110,776759
776662,48.859097,2.338306,1.301919071E9,776110,776759
776662,48.859062,2.338466,1.301919071E9,776110,776759
776662,48.85903,2.3386,1.301919071E9,776110,776759
776662,48.859,2.338753,1.301919071E9,776110,776759
776662,48.858963,2.338909,1.301919071E9,776110,776759
776662,48.858944,2.339054,1.301919071E9,776110,776759
776662,48.85892,2.339209,1.301919071E9,776110,776759
776662,48.858887,2.339359,1.301919071E9,776110,776759
776662,48.85887,2.339496,1.301919071E9,776110,776759
776662,48.858864,2.339651,1.301919071E9,776110,776759
776662,48.858856,2.339811,1.301919071E9,776110,776759
776662,48.85885,2.339949,1.301919071E9,776110,776759
776662,48.858833,2.34012,1.301919071E9,776110,776759
776662,48.85881,2.340268,1.301919071E9,776110,776759
776662,48.85876,2.340432,1.301919071E9,776110,776759
776662,48.858704,2.340579,1.301919071E9,776110,776759
776662,48.858665,2.340709,1.301919071E9,776110,776759
776662,48.858627,2.34085,1.301919071E9,776110,776759
776662,48.85859,2.34099,1.301919071E9,776110,776759
776662,48.85857,2.341126,1.301919071E9,776110,776759
776662,48.858547,2.341293,1.301919071E9,776110,776759
776662,48.85852,2.341457,1.301919071E9,776110,776759
776662,48.858517,2.34162,1.301919071E9,776110,776759
776662,48.858517,2.341762,1.301919071E9,776110,776759
776662,48.85846,2.341892,1.301919071E9,776110,776759
776662,48.858437,2.34206,1.301919071E9,776110,776759
776662,48.858433,2.342211,1.301919071E9,776110,776759
776662,48.858418,2.342368,1.301919071E9,776110,776759
776662,48.858356,2.342523,1.301919071E9,776110,776759
776662,48.858322,2.342668,1.301919071E9,776110,776759
776662,48.858276,2.34282,1.301919071E9,776110,776759
776662,48.85823,2.34295,1.301919071E9,776110,776759
776662,48.858196,2.343083,1.301919071E9,776110,776759
776662,48.858147,2.343225,1.301919071E9,776110,776759
776662,48.8581,2.343369,1.301919071E9,776110,776759
776662,48.858063,2.343513,1.301919071E9,776110,776759
776662,48.85802,2.343661,1.301919071E9,776110,776759
776662,48.85798,2.343828,1.301919071E9,776110,776759
776662,48.857937,2.343984,1.301919071E9,776110,776759
776662,48.8579,2.344124,1.301919071E9,776110,776759
776662,48.857857,2.344262,1.301919071E9,776110,776759
776662,48.857807,2.344418,1.301919071E9,776110,776759
776662,48.857754,2.344543,1.301919071E9,776110,776759
776662,48.8577,2.344669,1.301919071E9,776110,776759
776662,48.85767,2.344801,1.301919071E9,776110,776759
776662,48.857635,2.344939,1.301919071E9,776110,776759
776662,48.857597,2.34507,1.301919071E9,776110,776759
776662,48.85754,2.345199,1.301919071E9,776110,776759
776662,48.857502,2.345337,1.301919071E9,776110,776759
776662,48.857468,2.345472,1.301919071E9,776110,776759
776662,48.857445,2.345611,1.301919071E9,776110,776759
776662,48.85743,2.345643,1.301919071E9,776110,776759
776662,48.857388,2.34575,1.301919071E9,776110,776759
776662,48.857388,2.34575,1.301919071E9,776110,776759
776662,48.85738,2.345773,1.301919071E9,776110,776759
776662,48.85738,2.345773,1.301919071E9,776110,776759
776662,48.85746,2.345508,1.301919071E9,776110,776759
7