90.48154,1.301919071E9,776110,776759
776662,38.72279,-90.481445,1.301919071E9,776110,776759
776662,38.72273,-90.48135,1.301919071E9,776110,776759
776662,38.722668,-90.481255,1.301919071E9,776110,776759
776662,38.722595,-90.481155,1.301919071E9,776110,776759
776662,38.722523,-90.48108,1.301919071E9,776110,776759
776662,38.722446,-90.48099,1.301919071E9,776110,776759
776662,38.722366,-90.48089,1.301919071E9,776110,776759
776662,38.722298,-90.4808,1.301919071E9,776110,776759
776662,38.722233,-90.4807,1.301919071E9,776110,776759
776662,38.722164,-90.480606,1.301919071E9,776110,776759
776662,38.722088,-90.48053,1.301919071E9,776110,776759
776662,38.72202,-90.480446,1.301919071E9,776110,776759
776662,38.721954,-90.480354,1.301919071E9,776110,776759
776662,38.72189,-90.48026,1.301919071E9,776110,776759
776662,38.72182,-90.48019,1.301919071E9,776110,776759
776662,38.721752,-90.480095,1.301919071E9,776110,776759
776662,38.721672,-90.48,1.301919071E9,776110,776759
776662,38.721592,-90.47992,1.301919071E9,776110,776759
776662,38.721504,-90.47985,1.301919071E9,776110,776759
776662,38.72142,-90.47978,1.301919071E9,776110,776759
776662,38.72134,-90.47973,1.301919071E9,776110,776759
776662,38.721264,-90.47967,1.301919071E9,776110,776759
776662,38.721165,-90.47959,1.301919071E9,776110,776759
776662,38.72106,-90.47953,1.301919071E9,776110,776759
776662,38.720963,-90.47948,1.301919071E9,776110,776759
776662,38.720863,-90.47943,1.301919071E9,776110,776759
776662,38.720764,-90.479385,1.301919071E9,776110,776759
776662,38.72068,-90.47934,1.301919071E9,776110,776759
776662,38.720577,-90.47929,1.301919071E9,776110,776759
776662,38.72048,-90.47924,1.301919071E9,776110,776759
776662,38.720394,-90.47921,1.301919071E9,776110,776759
776662,38.720306,-90.47913,1.301919071E9,776110,776759
776662,38.720222,-90.47908,1.301919071E9,776110,776759
776662,38.72014,-90.47902,1.301919071E9,776110,776759
776662,38.720043,-90.47897,1.301919071E9,776110,776759
776662,38.719948,-90.47891,1.301919071E9,776110,776759
776662,38.719856,-90.47886,1.301919071E9,776110,776759
776662,38.71976,-90.47879,1.301919071E9,776110,776759
776662,38.719666,-90.47873,1.301919071E9,776110,776759
776662,38.719578,-90.47867,1.301919071E9,776110,776759
776662,38.719486,-90.47861,1.301919071E9,776110,776759
776662,38.71938,-90.47856,1.301919071E9,776110,776759
776662,38.719296,-90.478516,1.301919071E9,776110,776759
776662,38.71921,-90.47846,1.301919071E9,776110,776759
776662,38.719112,-90.478424,1.301919071E9,776110,776759
776662,38.719017,-90.478386,1.301919071E9,776110,776759
776662,38.718918,-90.47835,1.301919071E9,776110,776759
776662,38.718822,-90.47832,1.301919071E9,776110,776759
776662,38.718716,-90.47828,1.301919071E9,776110,776759
776662,38.718628,-90.47826,1.301919071E9,776110,776759
776662,38.718536,-90.47824,1.301919071E9,776110,776759
776662,38.718433,-90.47821,1.301919071E9,776110,776759
776662,38.718338,-90.47818,1.301919071E9,776110,776759
776662,38.718246,-90.47815,1.301919071E9,776110,776759
776662,38.71815,-90.47813,1.301919071E9,776110,776759
776662,38.71806,-90.4781,1.301919071E9,776110,776759
776662,38.71797,-90.47808,1.301919071E9,776110,776759
776662,38.717873,-90.47805,1.301919071E9,776110,776759
776662,38.717785,-90.47802,1.301919071E9,776110,776759
776662,38.71768,-90.478,1.301919071E9,776110,776759
776662,38.71758,-90.477974,1.301919071E9,776110,776759
776662,38.71747,-90.47795,1.301919071E9,776110,776759
776662,38.717377,-90.477936,1.301919071E9,776110,776759
776662,38.71727,-90.47791,1.301919071E9,776110,776759
776662,38.71718,-90.47788,1.301919071E9,776110,776759
776662,38.717087,-90.47788,1.301919071E9,776110,776759
776662,38.71698,-90.47789,1.301919071E9,776110,776759
776662,38.716873,-90.47791,1.301919071E9,776110,776759
776662,38.71677,-90.47797,1.301919071E9,776110,776759
776662,38.71668,-90.47802,1.301919071E9,776110,776759
776662,38.71658,-90.47804,1.301919071E9,776110,776759
776662,38.716488,-90.47808,1.301919071E9,776110,776759
776662,38.716396,-90.47814,1.301919071E9,776110,776759
776662,38.716316,-90.478226,1.301919071E9,776110,776759
776662,38.716236,-90.47832,1.301919071E9,776110,776759
776662,38.716145,-90.47838,1.301919071E9,776110,776759
776662,38.716045,-90.47844,1.301919071E9,776110,776759
776662,38.715942,-90.478455,1.301919071E9,776110,776759
776662,38.71584,-90.47847,1.301919071E9,776110,776759
776662,38.715736,-90.47848,1.301919071E9,776110,776759
776662,38.715633,-90.47848,1.301919071E9,776110,776759
776662,38.715534,-90.47849,1.301919071E9,776110,776759
776662,38.715427,-90.47848,1.301919071E9,776110,776759
776662,38.71532,-90.47849,1.301919071E9,776110,776759
776662,38.71522,-90.478485,1.301919071E9,776110,776759
776662,38.715103,-90.47848,1.301919071E9,776110,776759
776662,38.715,-90.47848,1.301919071E9,776110,776759
776662,38.714912,-90.47846,1.301919071E9,776110,776759
776662,38.714806,-90.478455,1.301919071E9,776110,776759
776662,38.71471,-90.47847,1.301919071E9,776110,776759
776662,38.714607,-90.47853,1.301919071E9,776110,776759
776662,38.71451,-90.47861,1.301919071E9,776110,776759
776662,38.71441,-90.47868,1.301919071E9,776110,776759
776662,38.71432,-90.47872,1.301919071E9,776110,776759
776662,38.714222,-90.47876,1.301919071E9,776110,776759
776662,38.714127,-90.4788,1.301919071E9,776110,776759
776662,38.714024,-90.47882,1.301919071E9,776110,776759
776662,38.713932,-90.478836,1.301919071E9,776110,776759
776662,38.71383,-90.478874,1.301919071E9,776110,776759
776662,38.713737,-90.47892,1.301919071E9,776110,776759
776662,38.71363,-90.47897,1.301919071E9,776110,776759
776662,38.71355,-90.479034,1.301919071E9,776110,776759
776662,38.713444,-90.47908,1.301919071E9,776110,776759
776662,38.713337,-90.47911,1.301919071E9,776110,776759
776662,38.713245,-90.47916,1.301919071E9,776110,776759
776662,38.713142,-90.47923,1.301919071E9,776110,776759
776662,38.71305,-90.47929,1.301919071E9,776110,776759
776662,38.71295,-90.47934,1.301919071E9,776110,776759
776662,38.712852,-90.47941,1.301919071E9,776110,776759
776662,38.712757,-90.47945,1.301919071E9,776110,776759
776662,38.712654,-90.47947,1.301919071E9,776110,776759
776662,38.712563,-90.479515,1.301919071E9,776110,776759
776662,38.71249,-90.479614,1.301919071E9,776110,776759
776662,38.71243,-90.47973,1.301919071E9,776110,776759
776662,38.712357,-90.479836,1.301919071E9,776110,776759
776662,38.71228,-90.47991,1.301919071E9,776110,776759
776662,38.71218,-90.47997,1.301919071E9,776110,776759
776662,38.71208,-90.48003,1.301919071E9,776110,776759
776662,38.71198,-90.48007,1.301919071E9,776110,776759
776662,38.711876,-90.48008,1.301919071E9,776110,776759
776662,38.711784,-90.4801,1.301919071E9,776110,776759
776662,38.71168,-90.4801,1.301919071E9,776110,776759
776662,38.71159,-90.48009,1.301919071E9,776110,776759
776662,38.711494,-90.480064,1.301919071E9,776110,776759
776662,38.71139,-90.48006,1.301919071E9,776110,776759
776662,38.71128,-90.48004,1.301919071E9,776110,776759
776662,38.71117,-90.48008,1.301919071E9,776110,776759
776662,38.711082,-90.48012,1.301919071E9,776110,776759
776662,38.710983,-90.48016,1.301919071E9,776110,776759
776662,38.71086,-90.4802,1.301919071E9,776110,776759
776662,38.710766,-90.48025,1.301919071E9,776110,776759
776662,38.71066,-90.48029,1.301919071E9,776110,776759
776662,38.71056,-90.48035,1.301919071E9,776110,776759
776662,38.71046,-90.48042,1.301919071E9,776110,776759
776662,38.71038,-90.48049,1.301919071E9,776110,776759
776662,38.710297,-90.480545,1.301919071E9,776110,776759
776662,38.710205,-90.48061,1.301919071E9,776110,776759
776662,38.710125,-90.480675,1.301919071E9,776110,776759
776662,38.71004,-90.48074,1.301919071E9,776110,776759
776662,38.70996,-90.480804,1.301919071E9,776110,776759
776662,38.709866,-90.48087,1.301919071E9,776110,776759
776662,38.70976,-90.48091,1.301919071E9,776110,776759
776662,38.709656,-90.48099,1.301919071E9,776110,776759
776662,38.709557,-90.48103,1.301919071E9,776110,776759
776662,38.70945,-90.481094,1.301919071E9,776110,776759
776662,38.70937,-90.48118,1.30191