19071E9,776110,776759
776662,-33.440605,-70.66113,1.301919071E9,776110,776759
776662,-33.440556,-70.66103,1.301919071E9,776110,776759
776662,-33.44049,-70.66092,1.301919071E9,776110,776759
776662,-33.440746,-70.66081,1.301919071E9,776110,776759
776662,-33.44074,-70.66068,1.301919071E9,776110,776759
776662,-33.440723,-70.66056,1.301919071E9,776110,776759
776662,-33.44069,-70.66044,1.301919071E9,776110,776759
776662,-33.440605,-70.66033,1.301919071E9,776110,776759
776662,-33.440514,-70.66029,1.301919071E9,776110,776759
776662,-33.440384,-70.66028,1.301919071E9,776110,776759
776662,-33.440247,-70.660286,1.301919071E9,776110,776759
776662,-33.440136,-70.66032,1.301919071E9,776110,776759
776662,-33.440025,-70.66031,1.301919071E9,776110,776759
776662,-33.439915,-70.66027,1.301919071E9,776110,776759
776662,-33.43982,-70.66024,1.301919071E9,776110,776759
776662,-33.439693,-70.66021,1.301919071E9,776110,776759
776662,-33.439575,-70.6602,1.301919071E9,776110,776759
776662,-33.439484,-70.66014,1.301919071E9,776110,776759
776662,-33.439487,-70.66,1.301919071E9,776110,776759
776662,-33.43949,-70.65986,1.301919071E9,776110,776759
776662,-33.4395,-70.65972,1.301919071E9,776110,776759
776662,-33.43951,-70.65961,1.301919071E9,776110,776759
776662,-33.439518,-70.6595,1.301919071E9,776110,776759
776662,-33.439457,-70.65942,1.301919071E9,776110,776759
776662,-33.43936,-70.65942,1.301919071E9,776110,776759
776662,-33.43933,-70.6593,1.301919071E9,776110,776759
776662,-33.439262,-70.65919,1.301919071E9,776110,776759
776662,-33.439133,-70.65901,1.301919071E9,776110,776759
776662,-33.439095,-70.65887,1.301919071E9,776110,776759
776662,-33.439053,-70.658714,1.301919071E9,776110,776759
776662,-33.439026,-70.65859,1.301919071E9,776110,776759
776662,-33.439037,-70.658394,1.301919071E9,776110,776759
776662,-33.439075,-70.658264,1.301919071E9,776110,776759
776662,-33.4391,-70.658104,1.301919071E9,776110,776759
776662,-33.439083,-70.65795,1.301919071E9,776110,776759
776662,-33.439053,-70.657814,1.301919071E9,776110,776759
776662,-33.43902,-70.65764,1.301919071E9,776110,776759
776662,-33.439194,-70.65743,1.301919071E9,776110,776759
776662,-33.439182,-70.65731,1.301919071E9,776110,776759
776662,-33.439167,-70.65713,1.301919071E9,776110,776759
776662,-33.43915,-70.65696,1.301919071E9,776110,776759
776662,-33.43914,-70.65684,1.301919071E9,776110,776759
776662,-33.43913,-70.656715,1.301919071E9,776110,776759
776662,-33.4391,-70.656456,1.301919071E9,776110,776759
776662,-33.439083,-70.65632,1.301919071E9,776110,776759
776662,-33.439064,-70.656166,1.301919071E9,776110,776759
776662,-33.43905,-70.656006,1.301919071E9,776110,776759
776662,-33.43903,-70.655846,1.301919071E9,776110,776759
776662,-33.439014,-70.65571,1.301919071E9,776110,776759
776662,-33.439003,-70.65558,1.301919071E9,776110,776759
776662,-33.43899,-70.65543,1.301919071E9,776110,776759
776662,-33.438984,-70.65531,1.301919071E9,776110,776759
776662,-33.43896,-70.6551,1.301919071E9,776110,776759
776662,-33.43894,-70.654915,1.301919071E9,776110,776759
776662,-33.438923,-70.65478,1.301919071E9,776110,776759
776662,-33.438904,-70.65462,1.301919071E9,776110,776759
776662,-33.438873,-70.654366,1.301919071E9,776110,776759
776662,-33.438858,-70.6542,1.301919071E9,776110,776759
776662,-33.43884,-70.654045,1.301919071E9,776110,776759
776662,-33.438828,-70.65392,1.301919071E9,776110,776759
776662,-33.438812,-70.653786,1.301919071E9,776110,776759
776662,-33.438805,-70.65358,1.301919071E9,776110,776759
776662,-33.438797,-70.653465,1.301919071E9,776110,776759
776662,-33.43879,-70.653336,1.301919071E9,776110,776759
776662,-33.438778,-70.65321,1.301919071E9,776110,776759
776662,-33.438766,-70.6531,1.301919071E9,776110,776759
776662,-33.43876,-70.65298,1.301919071E9,776110,776759
776662,-33.438744,-70.6528,1.301919071E9,776110,776759
776662,-33.438732,-70.652695,1.301919071E9,776110,776759
776662,-33.438725,-70.65257,1.301919071E9,776110,776759
776662,-33.438713,-70.65246,1.301919071E9,776110,776759
776662,-33.43869,-70.65231,1.301919071E9,776110,776759
776662,-33.438675,-70.65219,1.301919071E9,776110,776759
776662,-33.43866,-70.65204,1.301919071E9,776110,776759
776662,-33.438644,-70.6519,1.301919071E9,776110,776759
776662,-33.438633,-70.651794,1.301919071E9,776110,776759
776662,-33.43862,-70.65168,1.301919071E9,776110,776759
776662,-33.438606,-70.65154,1.301919071E9,776110,776759
776662,-33.4386,-70.651436,1.301919071E9,776110,776759
776662,-33.43858,-70.651276,1.301919071E9,776110,776759
776662,-33.438545,-70.65102,1.301919071E9,776110,776759
776662,-33.43852,-70.65082,1.301919071E9,776110,776759
776662,-33.438503,-70.6507,1.301919071E9,776110,776759
776662,-33.438488,-70.65056,1.301919071E9,776110,776759
776662,-33.43847,-70.65042,1.301919071E9,776110,776759
776662,-33.438454,-70.65028,1.301919071E9,776110,776759
776662,-33.43844,-70.650154,1.301919071E9,776110,776759
776662,-33.43842,-70.65,1.301919071E9,776110,776759
776662,-33.4384,-70.649864,1.301919071E9,776110,776759
776662,-33.43839,-70.64974,1.301919071E9,776110,776759
776662,-33.438374,-70.649635,1.301919071E9,776110,776759
776662,-33.438366,-70.649475,1.301919071E9,776110,776759
776662,-33.438362,-70.649315,1.301919071E9,776110,776759
776662,-33.438354,-70.64918,1.301919071E9,776110,776759
776662,-33.43834,-70.64896,1.301919071E9,776110,776759
776662,-33.438328,-70.64883,1.301919071E9,776110,776759
776662,-33.438316,-70.6487,1.301919071E9,776110,776759
776662,-33.4383,-70.6485,1.301919071E9,776110,776759
776662,-33.438286,-70.64831,1.301919071E9,776110,776759
776662,-33.438255,-70.648026,1.301919071E9,776110,776759
776662,-33.43824,-70.64791,1.301919071E9,776110,776759
776662,-33.43823,-70.6478,1.301919071E9,776110,776759
776662,-33.438213,-70.64767,1.301919071E9,776110,776759
776662,-33.438198,-70.64749,1.301919071E9,776110,776759
776662,-33.438183,-70.64736,1.301919071E9,776110,776759
776662,-33.43817,-70.647255,1.301919071E9,776110,776759
776662,-33.438156,-70.64713,1.301919071E9,776110,776759
776662,-33.43815,-70.647026,1.301919071E9,776110,776759
776662,-33.438118,-70.646835,1.301919071E9,776110,776759
776662,-33.438107,-70.64671,1.301919071E9,776110,776759
776662,-33.438095,-70.6466,1.301919071E9,776110,776759
776662,-33.438087,-70.64647,1.301919071E9,776110,776759
776662,-33.43806,-70.646164,1.301919071E9,776110,776759
776662,-33.438046,-70.646034,1.301919071E9,776110,776759
776662,-33.438034,-70.64591,1.301919071E9,776110,776759
776662,-33.438023,-70.64578,1.301919071E9,776110,776759
776662,-33.43801,-70.64565,1.301919071E9,776110,776759
776662,-33.438,-70.645546,1.301919071E9,776110,776759
776662,-33.437984,-70.645386,1.301919071E9,776110,776759
776662,-33.437973,-70.64526,1.301919071E9,776110,776759
776662,-33.437958,-70.6451,1.301919071E9,776110,776759
776662,-33.437943,-70.64498,1.301919071E9,776110,776759
776662,-33.437927,-70.644844,1.301919071E9,776110,776759
776662,-33.43792,-70.64473,1.301919071E9,776110,776759
776662,-33.4379,-70.644585,1.301919071E9,776110,776759
776662,-33.437885,-70.64444,1.301919071E9,776110,776759
776662,-33.43787,-70.64427,1.301919071E9,776110,776759
776662,-33.437855,-70.644135,1.301919071E9,776110,776759
776662,-33.43784,-70.644,1.301919071E9,776110,776759
776662,-33.43782,-70.64383,1.301919071E9,776110,776759
776662,-33.437805,-70.6437,1.301919071E9,776110,776759
776662,-33.437782,-70.64349,1.301919071E9,776110,776759
776662,-33.43776,-70.64332,1.301919071E9,776110,776759
776662,-33.437717,-70.64311,1.301919071E9,776110,776759
776662,-33.43766,-70.64288,1.301919071E9,776110,776759
776662,-33.437622,-70.642715,1.301919071E9,776110,776759
776662,-33.437576,-70.64252,1.301919071E9,776110,776759
776662,-33.437542,-70.64238,1.301919071E9,776110,776759
776662,-33.437504,-70.64222,1.301919071E9,776110,776759
776662,-33.437477,-70.6421,1.301919071E9,776110,776759
776662,-33.437443,-70.64197,1.301919071E9,776110,776759
776662,-33.43727,-70.64186,1.301919071E9,776110,776759
776662,-33.43738,-70.6417,1.301919071E9,776110,776759
776662,-33.437355,