01919071E9,776110,776759
776662,48.864117,2.301594,1.301919071E9,776110,776759
776662,48.86412,2.301737,1.301919071E9,776110,776759
776662,48.86413,2.301901,1.301919071E9,776110,776759
776662,48.864143,2.302075,1.301919071E9,776110,776759
776662,48.864143,2.302243,1.301919071E9,776110,776759
776662,48.86416,2.302404,1.301919071E9,776110,776759
776662,48.86416,2.302553,1.301919071E9,776110,776759
776662,48.86415,2.302721,1.301919071E9,776110,776759
776662,48.864155,2.302893,1.301919071E9,776110,776759
776662,48.86416,2.303067,1.301919071E9,776110,776759
776662,48.864162,2.303219,1.301919071E9,776110,776759
776662,48.86417,2.303377,1.301919071E9,776110,776759
776662,48.86418,2.303532,1.301919071E9,776110,776759
776662,48.864197,2.303694,1.301919071E9,776110,776759
776662,48.864162,2.303828,1.301919071E9,776110,776759
776662,48.864166,2.303974,1.301919071E9,776110,776759
776662,48.864162,2.304115,1.301919071E9,776110,776759
776662,48.864166,2.304296,1.301919071E9,776110,776759
776662,48.864162,2.304446,1.301919071E9,776110,776759
776662,48.864174,2.304644,1.301919071E9,776110,776759
776662,48.86419,2.304782,1.301919071E9,776110,776759
776662,48.864204,2.304921,1.301919071E9,776110,776759
776662,48.864193,2.305062,1.301919071E9,776110,776759
776662,48.864197,2.305211,1.301919071E9,776110,776759
776662,48.864197,2.305375,1.301919071E9,776110,776759
776662,48.8642,2.305532,1.301919071E9,776110,776759
776662,48.86422,2.30567,1.301919071E9,776110,776759
776662,48.864212,2.305809,1.301919071E9,776110,776759
776662,48.864216,2.305946,1.301919071E9,776110,776759
776662,48.864185,2.306103,1.301919071E9,776110,776759
776662,48.86421,2.306244,1.301919071E9,776110,776759
776662,48.864204,2.306389,1.301919071E9,776110,776759
776662,48.864227,2.306535,1.301919071E9,776110,776759
776662,48.864243,2.306683,1.301919071E9,776110,776759
776662,48.864265,2.306856,1.301919071E9,776110,776759
776662,48.864285,2.307005,1.301919071E9,776110,776759
776662,48.864315,2.307164,1.301919071E9,776110,776759
776662,48.86433,2.307312,1.301919071E9,776110,776759
776662,48.86433,2.307496,1.301919071E9,776110,776759
776662,48.864326,2.307633,1.301919071E9,776110,776759
776662,48.864326,2.307787,1.301919071E9,776110,776759
776662,48.86433,2.307943,1.301919071E9,776110,776759
776662,48.864323,2.308103,1.301919071E9,776110,776759
776662,48.86432,2.308268,1.301919071E9,776110,776759
776662,48.86431,2.308431,1.301919071E9,776110,776759
776662,48.864304,2.308591,1.301919071E9,776110,776759
776662,48.864292,2.308737,1.301919071E9,776110,776759
776662,48.864285,2.308893,1.301919071E9,776110,776759
776662,48.864292,2.309048,1.301919071E9,776110,776759
776662,48.8643,2.30921,1.301919071E9,776110,776759
776662,48.8643,2.30938,1.301919071E9,776110,776759
776662,48.86429,2.309526,1.301919071E9,776110,776759
776662,48.864292,2.309679,1.301919071E9,776110,776759
776662,48.8643,2.309853,1.301919071E9,776110,776759
776662,48.8643,2.309997,1.301919071E9,776110,776759
776662,48.864296,2.310165,1.301919071E9,776110,776759
776662,48.864304,2.310316,1.301919071E9,776110,776759
776662,48.864307,2.310461,1.301919071E9,776110,776759
776662,48.864315,2.310616,1.301919071E9,776110,776759
776662,48.864304,2.310757,1.301919071E9,776110,776759
776662,48.8643,2.310926,1.301919071E9,776110,776759
776662,48.864292,2.311115,1.301919071E9,776110,776759
776662,48.864277,2.31129,1.301919071E9,776110,776759
776662,48.864243,2.311451,1.301919071E9,776110,776759
776662,48.864223,2.311597,1.301919071E9,776110,776759
776662,48.864223,2.311736,1.301919071E9,776110,776759
776662,48.864227,2.311877,1.301919071E9,776110,776759
776662,48.864235,2.312045,1.301919071E9,776110,776759
776662,48.86426,2.312178,1.301919071E9,776110,776759
776662,48.86428,2.312326,1.301919071E9,776110,776759
776662,48.86428,2.312477,1.301919071E9,776110,776759
776662,48.864296,2.312641,1.301919071E9,776110,776759
776662,48.864307,2.312791,1.301919071E9,776110,776759
776662,48.8643,2.312933,1.301919071E9,776110,776759
776662,48.86432,2.313082,1.301919071E9,776110,776759
776662,48.864346,2.313274,1.301919071E9,776110,776759
776662,48.86436,2.313452,1.301919071E9,776110,776759
776662,48.864365,2.313611,1.301919071E9,776110,776759
776662,48.86437,2.313773,1.301919071E9,776110,776759
776662,48.86438,2.313977,1.301919071E9,776110,776759
776662,48.86439,2.314114,1.301919071E9,776110,776759
776662,48.864403,2.314306,1.301919071E9,776110,776759
776662,48.8644,2.314491,1.301919071E9,776110,776759
776662,48.86439,2.314697,1.301919071E9,776110,776759
776662,48.864388,2.314839,1.301919071E9,776110,776759
776662,48.864384,2.314985,1.301919071E9,776110,776759
776662,48.86438,2.315174,1.301919071E9,776110,776759
776662,48.86439,2.315346,1.301919071E9,776110,776759
776662,48.864384,2.315505,1.301919071E9,776110,776759
776662,48.864365,2.315666,1.301919071E9,776110,776759
776662,48.864357,2.315815,1.301919071E9,776110,776759
776662,48.864365,2.315951,1.301919071E9,776110,776759
776662,48.864372,2.316124,1.301919071E9,776110,776759
776662,48.86438,2.316273,1.301919071E9,776110,776759
776662,48.8644,2.316419,1.301919071E9,776110,776759
776662,48.864433,2.316559,1.301919071E9,776110,776759
776662,48.864426,2.316706,1.301919071E9,776110,776759
776662,48.86441,2.316847,1.301919071E9,776110,776759
776662,48.86442,2.317015,1.301919071E9,776110,776759
776662,48.864437,2.317179,1.301919071E9,776110,776759
776662,48.864456,2.317331,1.301919071E9,776110,776759
776662,48.864452,2.317506,1.301919071E9,776110,776759
776662,48.864437,2.317644,1.301919071E9,776110,776759
776662,48.864418,2.317823,1.301919071E9,776110,776759
776662,48.86442,2.31798,1.301919071E9,776110,776759
776662,48.864437,2.318132,1.301919071E9,776110,776759
776662,48.864445,2.318303,1.301919071E9,776110,776759
776662,48.864418,2.318458,1.301919071E9,776110,776759
776662,48.86437,2.31861,1.301919071E9,776110,776759
776662,48.864334,2.318735,1.301919071E9,776110,776759
776662,48.86431,2.318898,1.301919071E9,776110,776759
776662,48.864323,2.319051,1.301919071E9,776110,776759
776662,48.864285,2.3192,1.301919071E9,776110,776759
776662,48.864265,2.319346,1.301919071E9,776110,776759
776662,48.864258,2.319505,1.301919071E9,776110,776759
776662,48.86427,2.319688,1.301919071E9,776110,776759
776662,48.864246,2.319843,1.301919071E9,776110,776759
776662,48.864197,2.319995,1.301919071E9,776110,776759
776662,48.864124,2.320099,1.301919071E9,776110,776759
776662,48.86404,2.320207,1.301919071E9,776110,776759
776662,48.863956,2.320341,1.301919071E9,776110,776759
776662,48.86389,2.320482,1.301919071E9,776110,776759
776662,48.86382,2.320627,1.301919071E9,776110,776759
776662,48.863785,2.320775,1.301919071E9,776110,776759
776662,48.863743,2.320928,1.301919071E9,776110,776759
776662,48.8637,2.321083,1.301919071E9,776110,776759
776662,48.863644,2.321208,1.301919071E9,776110,776759
776662,48.863583,2.321321,1.301919071E9,776110,776759
776662,48.863525,2.321463,1.301919071E9,776110,776759
776662,48.863483,2.321597,1.301919071E9,776110,776759
776662,48.863453,2.321764,1.301919071E9,776110,776759
776662,48.863388,2.321886,1.301919071E9,776110,776759
776662,48.86332,2.32198,1.301919071E9,776110,776759
776662,48.863316,2.32212,1.301919071E9,776110,776759
776662,48.863304,2.322263,1.301919071E9,776110,776759
776662,48.863228,2.322409,1.301919071E9,776110,776759
776662,48.86318,2.322571,1.301919071E9,776110,776759
776662,48.86313,2.322735,1.301919071E9,776110,776759
776662,48.863083,2.322863,1.301919071E9,776110,776759
776662,48.863026,2.323005,1.301919071E9,776110,776759
776662,48.862984,2.323167,1.301919071E9,776110,776759
776662,48.86296,2.323301,1.301919071E9,776110,776759
776662,48.86291,2.323428,1.301919071E9,776110,776759
776662,48.862858,2.323543,1.301919071E9,776110,776759
776662,48.8628,2.323652,1.301919071E9,776110,776759
776662,48.86273,2.323766,1.301919071E9,776110,776759
776662,48.862644,2.323912,1.301919071E9,776110,776759
776662,48.86259,2.324043,1.301919071E9,776110,776759
776662,48.862545,2.32417,1.301919071E9,776110,776759
776662,