.301919071E9,776110,776759
776662,38.089863,-97.899666,1.301919071E9,776110,776759
776662,38.0898,-97.8996,1.301919071E9,776110,776759
776662,38.08973,-97.89952,1.301919071E9,776110,776759
776662,38.089657,-97.89944,1.301919071E9,776110,776759
776662,38.089592,-97.89936,1.301919071E9,776110,776759
776662,38.089523,-97.8993,1.301919071E9,776110,776759
776662,38.08942,-97.8992,1.301919071E9,776110,776759
776662,38.08934,-97.899124,1.301919071E9,776110,776759
776662,38.08925,-97.899086,1.301919071E9,776110,776759
776662,38.089157,-97.89906,1.301919071E9,776110,776759
776662,38.08907,-97.89905,1.301919071E9,776110,776759
776662,38.088936,-97.899055,1.301919071E9,776110,776759
776662,38.088814,-97.899055,1.301919071E9,776110,776759
776662,38.08873,-97.89907,1.301919071E9,776110,776759
776662,38.08863,-97.89908,1.301919071E9,776110,776759
776662,38.08855,-97.8991,1.301919071E9,776110,776759
776662,38.088444,-97.899124,1.301919071E9,776110,776759
776662,38.088364,-97.89911,1.301919071E9,776110,776759
776662,38.088272,-97.8991,1.301919071E9,776110,776759
776662,38.088158,-97.89912,1.301919071E9,776110,776759
776662,38.088074,-97.89911,1.301919071E9,776110,776759
776662,38.087982,-97.89912,1.301919071E9,776110,776759
776662,38.08789,-97.8991,1.301919071E9,776110,776759
776662,38.087803,-97.89907,1.301919071E9,776110,776759
776662,38.087723,-97.89905,1.301919071E9,776110,776759
776662,38.08762,-97.89906,1.301919071E9,776110,776759
776662,38.08754,-97.89905,1.301919071E9,776110,776759
776662,38.087456,-97.89904,1.301919071E9,776110,776759
776662,38.087368,-97.89907,1.301919071E9,776110,776759
776662,38.087288,-97.89912,1.301919071E9,776110,776759
776662,38.08721,-97.89921,1.301919071E9,776110,776759
776662,38.087173,-97.8993,1.301919071E9,776110,776759
776662,38.08713,-97.89942,1.301919071E9,776110,776759
776662,38.08707,-97.89957,1.301919071E9,776110,776759
776662,38.086998,-97.89967,1.301919071E9,776110,776759
776662,38.086937,-97.89975,1.301919071E9,776110,776759
776662,38.086857,-97.89984,1.301919071E9,776110,776759
776662,38.08678,-97.89988,1.301919071E9,776110,776759
776662,38.086845,-97.89979,1.301919071E9,776110,776759
776662,38.08695,-97.8997,1.301919071E9,776110,776759
776662,38.087032,-97.89963,1.301919071E9,776110,776759
776662,38.087082,-97.89953,1.301919071E9,776110,776759
776662,38.08713,-97.89943,1.301919071E9,776110,776759
776662,38.087173,-97.89932,1.301919071E9,776110,776759
776662,38.08721,-97.89922,1.301919071E9,776110,776759
776662,38.087265,-97.89912,1.301919071E9,776110,776759
776662,38.087337,-97.89905,1.301919071E9,776110,776759
776662,38.08741,-97.898994,1.301919071E9,776110,776759
776662,38.087494,-97.89898,1.301919071E9,776110,776759
776662,38.087574,-97.89897,1.301919071E9,776110,776759
776662,38.087666,-97.89898,1.301919071E9,776110,776759
776662,38.08776,-97.898994,1.301919071E9,776110,776759
776662,38.087845,-97.89901,1.301919071E9,776110,776759
776662,38.08793,-97.89901,1.301919071E9,776110,776759
776662,38.088013,-97.89901,1.301919071E9,776110,776759
776662,38.088142,-97.89901,1.301919071E9,776110,776759
776662,38.088234,-97.89901,1.301919071E9,776110,776759
776662,38.08832,-97.89902,1.301919071E9,776110,776759
776662,38.0884,-97.89902,1.301919071E9,776110,776759
776662,38.0885,-97.89901,1.301919071E9,776110,776759
776662,38.088596,-97.89902,1.301919071E9,776110,776759
776662,38.088722,-97.89901,1.301919071E9,776110,776759
776662,38.08882,-97.899,1.301919071E9,776110,776759
776662,38.08891,-97.89901,1.301919071E9,776110,776759
776662,38.08901,-97.89901,1.301919071E9,776110,776759
776662,38.089104,-97.89901,1.301919071E9,776110,776759
776662,38.0892,-97.899025,1.301919071E9,776110,776759
776662,38.089306,-97.899055,1.301919071E9,776110,776759
776662,38.08939,-97.89912,1.301919071E9,776110,776759
776662,38.08947,-97.89918,1.301919071E9,776110,776759
776662,38.08954,-97.89925,1.301919071E9,776110,776759
776662,38.089607,-97.89932,1.301919071E9,776110,776759
776662,38.08967,-97.89939,1.301919071E9,776110,776759
776662,38.08973,-97.89947,1.301919071E9,776110,776759
776662,38.0898,-97.89954,1.301919071E9,776110,776759
776662,38.08987,-97.89962,1.301919071E9,776110,776759
776662,38.089943,-97.8997,1.301919071E9,776110,776759
776662,38.090015,-97.899765,1.301919071E9,776110,776759
776662,38.09008,-97.89985,1.301919071E9,776110,776759
776662,38.09015,-97.89992,1.301919071E9,776110,776759
776662,38.090218,-97.89997,1.301919071E9,776110,776759
776662,38.090294,-97.900055,1.301919071E9,776110,776759
776662,38.09038,-97.90014,1.301919071E9,776110,776759
776662,38.09046,-97.9002,1.301919071E9,776110,776759
776662,38.090534,-97.900276,1.301919071E9,776110,776759
776662,38.090622,-97.90041,1.301919071E9,776110,776759
776662,38.090656,-97.90052,1.301919071E9,776110,776759
776662,38.090668,-97.90064,1.301919071E9,776110,776759
776662,38.090683,-97.90076,1.301919071E9,776110,776759
776662,38.09069,-97.900856,1.301919071E9,776110,776759
776662,38.090702,-97.90096,1.301919071E9,776110,776759
776662,38.090687,-97.901115,1.301919071E9,776110,776759
776662,38.09068,-97.90124,1.301919071E9,776110,776759
776662,38.090694,-97.90137,1.301919071E9,776110,776759
776662,38.090687,-97.9015,1.301919071E9,776110,776759
776662,38.090687,-97.90161,1.301919071E9,776110,776759
776662,38.09068,-97.90179,1.301919071E9,776110,776759
776662,38.090675,-97.90194,1.301919071E9,776110,776759
776662,38.09067,-97.90206,1.301919071E9,776110,776759
776662,38.090668,-97.90219,1.301919071E9,776110,776759
776662,38.090652,-97.9023,1.301919071E9,776110,776759
776662,38.090668,-97.902435,1.301919071E9,776110,776759
776662,38.090683,-97.90255,1.301919071E9,776110,776759
776662,38.090717,-97.90266,1.301919071E9,776110,776759
776662,38.090725,-97.90278,1.301919071E9,776110,776759
776662,38.09074,-97.902885,1.301919071E9,776110,776759
776662,38.09074,-97.90299,1.301919071E9,776110,776759
776662,38.090733,-97.903114,1.301919071E9,776110,776759
776662,38.09073,-97.90322,1.301919071E9,776110,776759
776662,38.090717,-97.90336,1.301919071E9,776110,776759
776662,38.090717,-97.90347,1.301919071E9,776110,776759
776662,38.09072,-97.90359,1.301919071E9,776110,776759
776662,38.090717,-97.90373,1.301919071E9,776110,776759
776662,38.09074,-97.90386,1.301919071E9,776110,776759
776662,38.090786,-97.90397,1.301919071E9,776110,776759
776662,38.09084,-97.90407,1.301919071E9,776110,776759
776662,38.090916,-97.904144,1.301919071E9,776110,776759
776662,38.090992,-97.90421,1.301919071E9,776110,776759
776662,38.091084,-97.90427,1.301919071E9,776110,776759
776662,38.091213,-97.9043,1.301919071E9,776110,776759
776662,38.091305,-97.904305,1.301919071E9,776110,776759
776662,38.0914,-97.90431,1.301919071E9,776110,776759
776662,38.091484,-97.904335,1.301919071E9,776110,776759
776662,38.091576,-97.904335,1.301919071E9,776110,776759
776662,38.09169,-97.904335,1.301919071E9,776110,776759
776662,38.091816,-97.90433,1.301919071E9,776110,776759
776662,38.09192,-97.90433,1.301919071E9,776110,776759
776662,38.092014,-97.90434,1.301919071E9,776110,776759
776662,38.09212,-97.90435,1.301919071E9,776110,776759
776662,38.092224,-97.90436,1.301919071E9,776110,776759
776662,38.092308,-97.90436,1.301919071E9,776110,776759
776662,38.092396,-97.90437,1.301919071E9,776110,776759
776662,38.09248,-97.90438,1.301919071E9,776110,776759
776662,38.092567,-97.90438,1.301919071E9,776110,776759
776662,38.09266,-97.90438,1.301919071E9,776110,776759
776662,38.09275,-97.90438,1.301919071E9,776110,776759
776662,38.092846,-97.90438,1.301919071E9,776110,776759
776662,38.092937,-97.90437,1.301919071E9,776110,776759
776662,38.093018,-97.90438,1.301919071E9,776110,776759
776662,38.093113,-97.90439,1.301919071E9,776110,776759
776662,38.093204,-97.90439,1.301919071E9,776110,776759
776662,38.0933,-97.90439,1.301919071E9,776110,776759
776662,38.093384,-97.90437,1.301919071E9,776110,776759
776662,38.093475,-97.904366,1.301919071E9,776110,776759
776662,38.093582,-97.90437,1.301919071E9,776110,776759
776662,38.093674,-97.90441,1.301919071E9,776110,776759