,776110,776759
776662,48.863514,2.323039,1.301919071E9,776110,776759
776662,48.863438,2.323203,1.301919071E9,776110,776759
776662,48.86338,2.323346,1.301919071E9,776110,776759
776662,48.863335,2.323502,1.301919071E9,776110,776759
776662,48.86328,2.32367,1.301919071E9,776110,776759
776662,48.86324,2.323802,1.301919071E9,776110,776759
776662,48.863182,2.32394,1.301919071E9,776110,776759
776662,48.863132,2.324102,1.301919071E9,776110,776759
776662,48.8631,2.324261,1.301919071E9,776110,776759
776662,48.863068,2.324413,1.301919071E9,776110,776759
776662,48.86302,2.324553,1.301919071E9,776110,776759
776662,48.862984,2.324695,1.301919071E9,776110,776759
776662,48.86295,2.324833,1.301919071E9,776110,776759
776662,48.86291,2.324959,1.301919071E9,776110,776759
776662,48.862865,2.32509,1.301919071E9,776110,776759
776662,48.86279,2.325191,1.301919071E9,776110,776759
776662,48.86274,2.32534,1.301919071E9,776110,776759
776662,48.862694,2.325477,1.301919071E9,776110,776759
776662,48.862644,2.32562,1.301919071E9,776110,776759
776662,48.862583,2.325749,1.301919071E9,776110,776759
776662,48.862537,2.325885,1.301919071E9,776110,776759
776662,48.862488,2.326017,1.301919071E9,776110,776759
776662,48.862427,2.326191,1.301919071E9,776110,776759
776662,48.86238,2.326333,1.301919071E9,776110,776759
776662,48.862335,2.326512,1.301919071E9,776110,776759
776662,48.86229,2.326673,1.301919071E9,776110,776759
776662,48.862247,2.326822,1.301919071E9,776110,776759
776662,48.86221,2.32698,1.301919071E9,776110,776759
776662,48.862167,2.327141,1.301919071E9,776110,776759
776662,48.862118,2.327266,1.301919071E9,776110,776759
776662,48.86209,2.3274,1.301919071E9,776110,776759
776662,48.862083,2.327561,1.301919071E9,776110,776759
776662,48.862034,2.327716,1.301919071E9,776110,776759
776662,48.86199,2.327849,1.301919071E9,776110,776759
776662,48.861977,2.327989,1.301919071E9,776110,776759
776662,48.86195,2.328077,1.301919071E9,776110,776759
776662,48.862114,2.32957,1.301919071E9,776110,776759
776662,48.862022,2.329605,1.301919071E9,776110,776759
776662,48.86192,2.329648,1.301919071E9,776110,776759
776662,48.86182,2.32965,1.301919071E9,776110,776759
776662,48.86172,2.329587,1.301919071E9,776110,776759
776662,48.861618,2.329515,1.301919071E9,776110,776759
776662,48.861595,2.329491,1.301919071E9,776110,776759
776662,48.859524,2.329411,1.301919071E9,776110,776759
776662,48.8595,2.329412,1.301919071E9,776110,776759
776662,48.859406,2.329346,1.301919071E9,776110,776759
776662,48.859325,2.329257,1.301919071E9,776110,776759
776662,48.859234,2.329198,1.301919071E9,776110,776759
776662,48.8592,2.329062,1.301919071E9,776110,776759
776662,48.85911,2.328972,1.301919071E9,776110,776759
776662,48.859047,2.328874,1.301919071E9,776110,776759
776662,48.858955,2.328801,1.301919071E9,776110,776759
776662,48.858875,2.328734,1.301919071E9,776110,776759
776662,48.8588,2.328635,1.301919071E9,776110,776759
776662,48.858692,2.328588,1.301919071E9,776110,776759
776662,48.858593,2.328567,1.301919071E9,776110,776759
776662,48.85849,2.328507,1.301919071E9,776110,776759
776662,48.85839,2.328465,1.301919071E9,776110,776759
776662,48.858295,2.328398,1.301919071E9,776110,776759
776662,48.858196,2.32832,1.301919071E9,776110,776759
776662,48.85812,2.328238,1.301919071E9,776110,776759
776662,48.85803,2.328164,1.301919071E9,776110,776759
776662,48.85792,2.328113,1.301919071E9,776110,776759
776662,48.857826,2.328084,1.301919071E9,776110,776759
776662,48.857723,2.328025,1.301919071E9,776110,776759
776662,48.85762,2.327997,1.301919071E9,776110,776759
776662,48.857517,2.327942,1.301919071E9,776110,776759
776662,48.857414,2.327869,1.301919071E9,776110,776759
776662,48.857315,2.327799,1.301919071E9,776110,776759
776662,48.8572,2.327726,1.301919071E9,776110,776759
776662,48.857132,2.327613,1.301919071E9,776110,776759
776662,48.857067,2.327501,1.301919071E9,776110,776759
776662,48.857002,2.327346,1.301919071E9,776110,776759
776662,48.85695,2.327233,1.301919071E9,776110,776759
776662,48.85695,2.327233,1.301919071E9,776110,776759
776662,48.87076,2.304518,1.301919071E9,776110,776759
776662,48.870754,2.304551,1.301919071E9,776110,776759
776662,48.870724,2.304682,1.301919071E9,776110,776759
776662,48.87069,2.304813,1.301919071E9,776110,776759
776662,48.870644,2.304933,1.301919071E9,776110,776759
776662,48.870617,2.304921,1.301919071E9,776110,776759
776662,48.870533,2.304914,1.301919071E9,776110,776759
776662,48.870483,2.304996,1.301919071E9,776110,776759
776662,48.870426,2.305125,1.301919071E9,776110,776759
776662,48.870407,2.305259,1.301919071E9,776110,776759
776662,48.87038,2.305391,1.301919071E9,776110,776759
776662,48.870384,2.305392,1.301919071E9,776110,776759
776662,48.87045,2.305497,1.301919071E9,776110,776759
776662,48.870537,2.305554,1.301919071E9,776110,776759
776662,48.87062,2.305645,1.301919071E9,776110,776759
776662,48.8707,2.305739,1.301919071E9,776110,776759
776662,48.87072,2.305851,1.301919071E9,776110,776759
776662,48.87075,2.305995,1.301919071E9,776110,776759
776662,48.87076,2.306021,1.301919071E9,776110,776759
776662,48.87081,2.30617,1.301919071E9,776110,776759
776662,48.87084,2.306307,1.301919071E9,776110,776759
776662,48.870895,2.306424,1.301919071E9,776110,776759
776662,48.870983,2.306482,1.301919071E9,776110,776759
776662,48.870995,2.306618,1.301919071E9,776110,776759
776662,48.871048,2.306767,1.301919071E9,776110,776759
776662,48.87111,2.306882,1.301919071E9,776110,776759
776662,48.871147,2.30701,1.301919071E9,776110,776759
776662,48.8712,2.307137,1.301919071E9,776110,776759
776662,48.87125,2.307258,1.301919071E9,776110,776759
776662,48.871315,2.307354,1.301919071E9,776110,776759
776662,48.871387,2.307468,1.301919071E9,776110,776759
776662,48.87145,2.307601,1.301919071E9,776110,776759
776662,48.871525,2.307694,1.301919071E9,776110,776759
776662,48.87157,2.307835,1.301919071E9,776110,776759
776662,48.871628,2.307979,1.301919071E9,776110,776759
776662,48.871674,2.308097,1.301919071E9,776110,776759
776662,48.871723,2.308247,1.301919071E9,776110,776759
776662,48.87175,2.308388,1.301919071E9,776110,776759
776662,48.8718,2.308537,1.301919071E9,776110,776759
776662,48.871857,2.308657,1.301919071E9,776110,776759
776662,48.871902,2.308792,1.301919071E9,776110,776759
776662,48.87196,2.308932,1.301919071E9,776110,776759
776662,48.87201,2.309072,1.301919071E9,776110,776759
776662,48.87208,2.309206,1.301919071E9,776110,776759
776662,48.872154,2.309327,1.301919071E9,776110,776759
776662,48.87222,2.309448,1.301919071E9,776110,776759
776662,48.872246,2.309597,1.301919071E9,776110,776759
776662,48.87228,2.309736,1.301919071E9,776110,776759
776662,48.87231,2.309872,1.301919071E9,776110,776759
776662,48.872246,2.309967,1.301919071E9,776110,776759
776662,48.872147,2.310018,1.301919071E9,776110,776759
776662,48.872055,2.310055,1.301919071E9,776110,776759
776662,48.871952,2.310118,1.301919071E9,776110,776759
776662,48.87185,2.310181,1.301919071E9,776110,776759
776662,48.871742,2.310191,1.301919071E9,776110,776759
776662,48.87165,2.310212,1.301919071E9,776110,776759
776662,48.87155,2.310245,1.301919071E9,776110,776759
776662,48.87143,2.310211,1.301919071E9,776110,776759
776662,48.87135,2.310109,1.301919071E9,776110,776759
776662,48.871258,2.310074,1.301919071E9,776110,776759
776662,48.871155,2.310108,1.301919071E9,776110,776759
776662,48.87104,2.31011,1.301919071E9,776110,776759
776662,48.870934,2.310152,1.301919071E9,776110,776759
776662,48.870827,2.310166,1.301919071E9,776110,776759
776662,48.870785,2.310144,1.301919071E9,776110,776759
776662,48.87069,2.310189,1.301919071E9,776110,776759
776662,48.870625,2.310209,1.301919071E9,776110,776759
776662,48.870533,2.310258,1.301919071E9,776110,776759
776662,48.870472,2.310277,1.301919071E9,776110,776759
776662,48.870457,2.310407,1.301919071E9,776110,776759
776662,48.870396,2.310482,1.301919071E9,776110,776759
776662,48.870346,2.310605,1.301919071E9,776110,776759
776662,48.870293,2.31072,1.301919071E9,776110,776759
776662,48.870216,2.310836,1.301919071E9,776110,776759
776662,48.870167,2.31095