662,48.86055,2.312697,1.301919071E9,776110,776759
776662,48.860516,2.312672,1.301919071E9,776110,776759
776662,48.860565,2.31261,1.301919071E9,776110,776759
776662,48.860546,2.312546,1.301919071E9,776110,776759
776662,48.860516,2.312618,1.301919071E9,776110,776759
776662,48.860577,2.312695,1.301919071E9,776110,776759
776662,48.860607,2.312813,1.301919071E9,776110,776759
776662,48.86068,2.312914,1.301919071E9,776110,776759
776662,48.86077,2.312944,1.301919071E9,776110,776759
776662,48.86079,2.312967,1.301919071E9,776110,776759
776662,48.86072,2.312868,1.301919071E9,776110,776759
776662,48.86069,2.3128,1.301919071E9,776110,776759
776662,48.860634,2.31266,1.301919071E9,776110,776759
776662,48.860558,2.312503,1.301919071E9,776110,776759
776662,48.86054,2.312357,1.301919071E9,776110,776759
776662,48.860477,2.312245,1.301919071E9,776110,776759
776662,48.860367,2.312246,1.301919071E9,776110,776759
776662,48.86026,2.312242,1.301919071E9,776110,776759
776662,48.860157,2.312259,1.301919071E9,776110,776759
776662,48.860104,2.312402,1.301919071E9,776110,776759
776662,48.860107,2.312542,1.301919071E9,776110,776759
776662,48.86011,2.312694,1.301919071E9,776110,776759
776662,48.860195,2.312757,1.301919071E9,776110,776759
776662,48.8603,2.312766,1.301919071E9,776110,776759
776662,48.860397,2.312775,1.301919071E9,776110,776759
776662,48.86051,2.312783,1.301919071E9,776110,776759
776662,48.860603,2.312815,1.301919071E9,776110,776759
776662,48.86068,2.312901,1.301919071E9,776110,776759
776662,48.86077,2.312942,1.301919071E9,776110,776759
776662,48.86075,2.312799,1.301919071E9,776110,776759
776662,48.86067,2.312668,1.301919071E9,776110,776759
776662,48.860588,2.312534,1.301919071E9,776110,776759
776662,48.860523,2.3124,1.301919071E9,776110,776759
776662,48.86044,2.312303,1.301919071E9,776110,776759
776662,48.86034,2.312285,1.301919071E9,776110,776759
776662,48.86023,2.312286,1.301919071E9,776110,776759
776662,48.860134,2.312289,1.301919071E9,776110,776759
776662,48.860104,2.312434,1.301919071E9,776110,776759
776662,48.8601,2.312628,1.301919071E9,776110,776759
776662,48.860115,2.312766,1.301919071E9,776110,776759
776662,48.86019,2.312862,1.301919071E9,776110,776759
776662,48.860275,2.31291,1.301919071E9,776110,776759
776662,48.86039,2.312902,1.301919071E9,776110,776759
776662,48.860477,2.312917,1.301919071E9,776110,776759
776662,48.86059,2.312931,1.301919071E9,776110,776759
776662,48.860687,2.312957,1.301919071E9,776110,776759
776662,48.86078,2.31296,1.301919071E9,776110,776759
776662,48.86075,2.312821,1.301919071E9,776110,776759
776662,48.86067,2.312685,1.301919071E9,776110,776759
776662,48.860603,2.312557,1.301919071E9,776110,776759
776662,48.860546,2.312438,1.301919071E9,776110,776759
776662,48.86049,2.312336,1.301919071E9,776110,776759
776662,48.860386,2.312293,1.301919071E9,776110,776759
776662,48.860287,2.31227,1.301919071E9,776110,776759
776662,48.860188,2.312276,1.301919071E9,776110,776759
776662,48.86008,2.312362,1.301919071E9,776110,776759
776662,48.86008,2.312547,1.301919071E9,776110,776759
776662,48.860085,2.312731,1.301919071E9,776110,776759
776662,48.860172,2.312776,1.301919071E9,776110,776759
776662,48.860283,2.312793,1.301919071E9,776110,776759
776662,48.860386,2.312792,1.301919071E9,776110,776759
776662,48.86049,2.312803,1.301919071E9,776110,776759
776662,48.860584,2.312807,1.301919071E9,776110,776759
776662,48.86067,2.312881,1.301919071E9,776110,776759
776662,48.860756,2.312943,1.301919071E9,776110,776759
776662,48.860714,2.312756,1.301919071E9,776110,776759
776662,48.86065,2.312645,1.301919071E9,776110,776759
776662,48.86058,2.312513,1.301919071E9,776110,776759
776662,48.860516,2.312402,1.301919071E9,776110,776759
776662,48.86048,2.312276,1.301919071E9,776110,776759
776662,48.860382,2.312248,1.301919071E9,776110,776759
776662,48.860268,2.312269,1.301919071E9,776110,776759
776662,48.86017,2.312247,1.301919071E9,776110,776759
776662,48.860104,2.31235,1.301919071E9,776110,776759
776662,48.86009,2.312489,1.301919071E9,776110,776759
776662,48.860077,2.312676,1.301919071E9,776110,776759
776662,48.860157,2.312781,1.301919071E9,776110,776759
776662,48.86026,2.312772,1.301919071E9,776110,776759
776662,48.86036,2.312794,1.301919071E9,776110,776759
776662,48.860462,2.312793,1.301919071E9,776110,776759
776662,48.86056,2.312825,1.301919071E9,776110,776759
776662,48.86065,2.312928,1.301919071E9,776110,776759
776662,48.86075,2.312969,1.301919071E9,776110,776759
776662,48.860725,2.312783,1.301919071E9,776110,776759
776662,48.860645,2.312646,1.301919071E9,776110,776759
776662,48.86057,2.312519,1.301919071E9,776110,776759
776662,48.860516,2.312408,1.301919071E9,776110,776759
776662,48.860447,2.312301,1.301919071E9,776110,776759
776662,48.86035,2.312275,1.301919071E9,776110,776759
776662,48.860256,2.312269,1.301919071E9,776110,776759
776662,48.860165,2.312256,1.301919071E9,776110,776759
776662,48.860107,2.312373,1.301919071E9,776110,776759
776662,48.8601,2.312552,1.301919071E9,776110,776759
776662,48.8601,2.312705,1.301919071E9,776110,776759
776662,48.860188,2.312793,1.301919071E9,776110,776759
776662,48.860306,2.312798,1.301919071E9,776110,776759
776662,48.86041,2.312803,1.301919071E9,776110,776759
776662,48.86051,2.312789,1.301919071E9,776110,776759
776662,48.860596,2.312852,1.301919071E9,776110,776759
776662,48.8607,2.312916,1.301919071E9,776110,776759
776662,48.86068,2.312742,1.301919071E9,776110,776759
776662,48.860634,2.312608,1.301919071E9,776110,776759
776662,48.86056,2.312476,1.301919071E9,776110,776759
776662,48.8605,2.312365,1.301919071E9,776110,776759
776662,48.8604,2.312335,1.301919071E9,776110,776759
776662,48.8603,2.312311,1.301919071E9,776110,776759
776662,48.860184,2.312285,1.301919071E9,776110,776759
776662,48.8601,2.312342,1.301919071E9,776110,776759
776662,48.86008,2.312513,1.301919071E9,776110,776759
776662,48.860085,2.312652,1.301919071E9,776110,776759
776662,48.86014,2.312769,1.301919071E9,776110,776759
776662,48.860233,2.312696,1.301919071E9,776110,776759
776662,48.86033,2.312643,1.301919071E9,776110,776759
776662,48.86041,2.312574,1.301919071E9,776110,776759
776662,48.86046,2.312549,1.301919071E9,776110,776759
776662,48.860535,2.312498,1.301919071E9,776110,776759
776662,48.86058,2.312487,1.301919071E9,776110,776759
776662,48.860664,2.312554,1.301919071E9,776110,776759
776662,48.860752,2.312567,1.301919071E9,776110,776759
776662,48.860847,2.312561,1.301919071E9,776110,776759
776662,48.860855,2.312581,1.301919071E9,776110,776759
776662,48.860912,2.312675,1.301919071E9,776110,776759
776662,48.860912,2.312675,1.301919071E9,776110,776759
776662,48.860825,2.312577,1.301919071E9,776110,776759
776662,48.86081,2.312586,1.301919071E9,776110,776759
776662,48.86073,2.312537,1.301919071E9,776110,776759
776662,48.860638,2.312527,1.301919071E9,776110,776759
776662,48.860558,2.312448,1.301919071E9,776110,776759
776662,48.860474,2.312391,1.301919071E9,776110,776759
776662,48.86041,2.312298,1.301919071E9,776110,776759
776662,48.860317,2.312298,1.301919071E9,776110,776759
776662,48.860226,2.31226,1.301919071E9,776110,776759
776662,48.86022,2.312249,1.301919071E9,776110,776759
776662,48.860146,2.312246,1.301919071E9,776110,776759
776662,48.86016,2.312274,1.301919071E9,776110,776759
776662,48.860188,2.312412,1.301919071E9,776110,776759
776662,48.860184,2.312619,1.301919071E9,776110,776759
776662,48.860226,2.312487,1.301919071E9,776110,776759
776662,48.860214,2.31231,1.301919071E9,776110,776759
776662,48.86015,2.312214,1.301919071E9,776110,776759
776662,48.860165,2.312186,1.301919071E9,776110,776759
776662,48.86023,2.312326,1.301919071E9,776110,776759
776662,48.86027,2.312433,1.301919071E9,776110,776759
776662,48.860287,2.312439,1.301919071E9,776110,776759
776662,48.860374,2.312445,1.301919071E9,776110,776759
776662,48.860363,2.312485,1.301919071E9,776110,776759
776662,48.860424,2.312583,1.301919071E9,776110,776759
776662,48.8605,2.312611,1.301919071E9,776110,776759
776662,48.860596,2.31262,1.301919071E9,776110,776759
776662,48.86067,2.312702,1.301919071E9,776110,77