,776759
776662,37.70501,-122.46879,1.301919071E9,776110,776759
776662,37.705013,-122.46841,1.301919071E9,776110,776759
776662,37.705048,-122.46809,1.301919071E9,776110,776759
776662,37.705048,-122.46809,1.301919071E9,776110,776759
776662,37.705635,-122.467766,1.301919071E9,776110,776759
776662,37.705917,-122.46775,1.301919071E9,776110,776759
776662,37.706085,-122.46774,1.301919071E9,776110,776759
776662,37.70636,-122.467735,1.301919071E9,776110,776759
776662,37.70659,-122.4677,1.301919071E9,776110,776759
776662,37.706806,-122.467636,1.301919071E9,776110,776759
776662,37.707153,-122.467575,1.301919071E9,776110,776759
776662,37.70746,-122.4675,1.301919071E9,776110,776759
776662,37.70779,-122.467316,1.301919071E9,776110,776759
776662,37.708027,-122.46712,1.301919071E9,776110,776759
776662,37.708267,-122.46693,1.301919071E9,776110,776759
776662,37.708508,-122.46671,1.301919071E9,776110,776759
776662,37.708805,-122.46644,1.301919071E9,776110,776759
776662,37.708973,-122.46621,1.301919071E9,776110,776759
776662,37.7092,-122.46591,1.301919071E9,776110,776759
776662,37.709373,-122.46559,1.301919071E9,776110,776759
776662,37.709557,-122.46522,1.301919071E9,776110,776759
776662,37.70958,-122.46486,1.301919071E9,776110,776759
776662,37.709602,-122.464554,1.301919071E9,776110,776759
776662,37.7096,-122.46411,1.301919071E9,776110,776759
776662,37.709602,-122.4638,1.301919071E9,776110,776759
776662,37.709583,-122.46358,1.301919071E9,776110,776759
776662,37.709583,-122.463234,1.301919071E9,776110,776759
776662,37.709606,-122.46289,1.301919071E9,776110,776759
776662,37.7096,-122.46254,1.301919071E9,776110,776759
776662,37.70961,-122.46218,1.301919071E9,776110,776759
776662,37.709606,-122.46179,1.301919071E9,776110,776759
776662,37.709644,-122.4613,1.301919071E9,776110,776759
776662,37.709656,-122.46088,1.301919071E9,776110,776759
776662,37.709633,-122.46028,1.301919071E9,776110,776759
776662,37.709637,-122.45979,1.301919071E9,776110,776759
776662,37.70964,-122.45939,1.301919071E9,776110,776759
776662,37.709644,-122.45891,1.301919071E9,776110,776759
776662,37.70965,-122.45857,1.301919071E9,776110,776759
776662,37.709644,-122.45817,1.301919071E9,776110,776759
776662,37.7096,-122.45789,1.301919071E9,776110,776759
776662,37.709576,-122.45759,1.301919071E9,776110,776759
776662,37.709774,-122.45729,1.301919071E9,776110,776759
776662,37.70991,-122.45712,1.301919071E9,776110,776759
776662,37.710064,-122.45663,1.301919071E9,776110,776759
776662,37.710114,-122.45615,1.301919071E9,776110,776759
776662,37.710163,-122.455864,1.301919071E9,776110,776759
776662,37.71025,-122.45544,1.301919071E9,776110,776759
776662,37.71025,-122.45544,1.301919071E9,776110,776759
776662,37.710567,-122.45431,1.301919071E9,776110,776759
776662,37.71088,-122.45363,1.301919071E9,776110,776759
776662,37.71113,-122.45317,1.301919071E9,776110,776759
776662,37.711403,-122.452705,1.301919071E9,776110,776759
776662,37.711685,-122.45233,1.301919071E9,776110,776759
776662,37.71185,-122.45212,1.301919071E9,776110,776759
776662,37.71185,-122.45212,1.301919071E9,776110,776759
776662,37.712345,-122.45149,1.301919071E9,776110,776759
776662,37.71261,-122.45115,1.301919071E9,776110,776759
776662,37.71295,-122.45068,1.301919071E9,776110,776759
776662,37.713207,-122.45024,1.301919071E9,776110,776759
776662,37.71353,-122.44957,1.301919071E9,776110,776759
776662,37.713764,-122.449066,1.301919071E9,776110,776759
776662,37.714,-122.44856,1.301919071E9,776110,776759
776662,37.714138,-122.448265,1.301919071E9,776110,776759
776662,37.714314,-122.447876,1.301919071E9,776110,776759
776662,37.71444,-122.447586,1.301919071E9,776110,776759
776662,37.714806,-122.44678,1.301919071E9,776110,776759
776662,37.71507,-122.446175,1.301919071E9,776110,776759
776662,37.71507,-122.446175,1.301919071E9,776110,776759
776662,37.7154,-122.44543,1.301919071E9,776110,776759
776662,37.715656,-122.44501,1.301919071E9,776110,776759
776662,37.71583,-122.44477,1.301919071E9,776110,776759
776662,37.716026,-122.44452,1.301919071E9,776110,776759
776662,37.716312,-122.44415,1.301919071E9,776110,776759
776662,37.71654,-122.443855,1.301919071E9,776110,776759
776662,37.716892,-122.44343,1.301919071E9,776110,776759
776662,37.717155,-122.44309,1.301919071E9,776110,776759
776662,37.717403,-122.44275,1.301919071E9,776110,776759
776662,37.717552,-122.44255,1.301919071E9,776110,776759
776662,37.7177,-122.44235,1.301919071E9,776110,776759
776662,37.71786,-122.44216,1.301919071E9,776110,776759
776662,37.718113,-122.44187,1.301919071E9,776110,776759
776662,37.718376,-122.441536,1.301919071E9,776110,776759
776662,37.718544,-122.44133,1.301919071E9,776110,776759
776662,37.71877,-122.44103,1.301919071E9,776110,776759
776662,37.719162,-122.44054,1.301919071E9,776110,776759
776662,37.71936,-122.44028,1.301919071E9,776110,776759
776662,37.719624,-122.43996,1.301919071E9,776110,776759
776662,37.71999,-122.43969,1.301919071E9,776110,776759
776662,37.720547,-122.43933,1.301919071E9,776110,776759
776662,37.720932,-122.439095,1.301919071E9,776110,776759
776662,37.7212,-122.43892,1.301919071E9,776110,776759
776662,37.7215,-122.43872,1.301919071E9,776110,776759
776662,37.721848,-122.43851,1.301919071E9,776110,776759
776662,37.72212,-122.43834,1.301919071E9,776110,776759
776662,37.722492,-122.438095,1.301919071E9,776110,776759
776662,37.722847,-122.437874,1.301919071E9,776110,776759
776662,37.723225,-122.43766,1.301919071E9,776110,776759
776662,37.72351,-122.43753,1.301919071E9,776110,776759
776662,37.72351,-122.43753,1.301919071E9,776110,776759
776662,37.723705,-122.43817,1.301919071E9,776110,776759
776662,37.723686,-122.43864,1.301919071E9,776110,776759
776662,37.72365,-122.43892,1.301919071E9,776110,776759
776662,37.72363,-122.43917,1.301919071E9,776110,776759
776662,37.723595,-122.43949,1.301919071E9,776110,776759
776662,37.723564,-122.439766,1.301919071E9,776110,776759
776662,37.72354,-122.44002,1.301919071E9,776110,776759
776662,37.723515,-122.44034,1.301919071E9,776110,776759
776662,37.723495,-122.440636,1.301919071E9,776110,776759
776662,37.72346,-122.44098,1.301919071E9,776110,776759
776662,37.723446,-122.4411,1.301919071E9,776110,776759
776662,37.723415,-122.44124,1.301919071E9,776110,776759
776662,37.723366,-122.441635,1.301919071E9,776110,776759
776662,37.723316,-122.44197,1.301919071E9,776110,776759
776662,37.723293,-122.4423,1.301919071E9,776110,776759
776662,37.72327,-122.44258,1.301919071E9,776110,776759
776662,37.723236,-122.44285,1.301919071E9,776110,776759
776662,37.723186,-122.44316,1.301919071E9,776110,776759
776662,37.72313,-122.443535,1.301919071E9,776110,776759
776662,37.723103,-122.44381,1.301919071E9,776110,776759
776662,37.723087,-122.443954,1.301919071E9,776110,776759
776662,37.723072,-122.4441,1.301919071E9,776110,776759
776662,37.72306,-122.444244,1.301919071E9,776110,776759
776662,37.723045,-122.444405,1.301919071E9,776110,776759
776662,37.723045,-122.444405,1.301919071E9,776110,776759
776662,37.72304,-122.44509,1.301919071E9,776110,776759
776662,37.723026,-122.44537,1.301919071E9,776110,776759
776662,37.72303,-122.445595,1.301919071E9,776110,776759
776662,37.723034,-122.44575,1.301919071E9,776110,776759
776662,37.723038,-122.446106,1.301919071E9,776110,776759
776662,37.723038,-122.44648,1.301919071E9,776110,776759
776662,37.723034,-122.446655,1.301919071E9,776110,776759
776662,37.72305,-122.44683,1.301919071E9,776110,776759
776662,37.72306,-122.44697,1.301919071E9,776110,776759
776662,37.72306,-122.44697,1.301919071E9,776110,776759
776662,37.723064,-122.44747,1.301919071E9,776110,776759
776662,37.723076,-122.44783,1.301919071E9,776110,776759
776662,37.72308,-122.448204,1.301919071E9,776110,776759
776662,37.72306,-122.44851,1.301919071E9,776110,776759
776662,37.723022,-122.4488,1.301919071E9,776110,776759
776662,37.723045,-122.44913,1.301919071E9,776110,776759
776662,37.72306,-122.4493,1.301919071E9,776110,776759
776662,37.723057,-122.44966,1.301919071E9,776110,776759
776662,37.723064,-122.450005,1.301919071E9,776110,776759
776662,37.723087,-122.450