110,776759
776662,38.892124,-77.037834,1.301919071E9,776110,776759
776662,38.892136,-77.03798,1.301919071E9,776110,776759
776662,38.892124,-77.03813,1.301919071E9,776110,776759
776662,38.892105,-77.038246,1.301919071E9,776110,776759
776662,38.892082,-77.03837,1.301919071E9,776110,776759
776662,38.892075,-77.03849,1.301919071E9,776110,776759
776662,38.892082,-77.03861,1.301919071E9,776110,776759
776662,38.892097,-77.03876,1.301919071E9,776110,776759
776662,38.892094,-77.03888,1.301919071E9,776110,776759
776662,38.892094,-77.039,1.301919071E9,776110,776759
776662,38.892094,-77.039154,1.301919071E9,776110,776759
776662,38.892086,-77.03931,1.301919071E9,776110,776759
776662,38.892086,-77.03945,1.301919071E9,776110,776759
776662,38.892097,-77.0396,1.301919071E9,776110,776759
776662,38.892097,-77.03976,1.301919071E9,776110,776759
776662,38.892082,-77.039894,1.301919071E9,776110,776759
776662,38.892075,-77.04004,1.301919071E9,776110,776759
776662,38.892067,-77.04015,1.301919071E9,776110,776759
776662,38.892063,-77.04028,1.301919071E9,776110,776759
776662,38.892067,-77.040405,1.301919071E9,776110,776759
776662,38.892067,-77.04055,1.301919071E9,776110,776759
776662,38.892063,-77.04069,1.301919071E9,776110,776759
776662,38.89207,-77.04081,1.301919071E9,776110,776759
776662,38.89209,-77.04096,1.301919071E9,776110,776759
776662,38.892097,-77.041084,1.301919071E9,776110,776759
776662,38.892105,-77.04121,1.301919071E9,776110,776759
776662,38.892113,-77.041336,1.301919071E9,776110,776759
776662,38.892117,-77.04145,1.301919071E9,776110,776759
776662,38.89211,-77.04157,1.301919071E9,776110,776759
776662,38.892105,-77.041695,1.301919071E9,776110,776759
776662,38.8921,-77.04182,1.301919071E9,776110,776759
776662,38.89209,-77.04194,1.301919071E9,776110,776759
776662,38.89207,-77.04205,1.301919071E9,776110,776759
776662,38.892063,-77.04218,1.301919071E9,776110,776759
776662,38.892067,-77.042305,1.301919071E9,776110,776759
776662,38.892075,-77.04244,1.301919071E9,776110,776759
776662,38.892082,-77.042564,1.301919071E9,776110,776759
776662,38.892097,-77.042694,1.301919071E9,776110,776759
776662,38.89211,-77.04284,1.301919071E9,776110,776759
776662,38.892105,-77.042984,1.301919071E9,776110,776759
776662,38.892094,-77.04313,1.301919071E9,776110,776759
776662,38.892075,-77.04326,1.301919071E9,776110,776759
776662,38.89207,-77.04338,1.301919071E9,776110,776759
776662,38.892075,-77.043495,1.301919071E9,776110,776759
776662,38.892075,-77.043655,1.301919071E9,776110,776759
776662,38.89207,-77.04377,1.301919071E9,776110,776759
776662,38.892067,-77.04392,1.301919071E9,776110,776759
776662,38.892063,-77.04406,1.301919071E9,776110,776759
776662,38.89206,-77.0442,1.301919071E9,776110,776759
776662,38.89215,-77.04421,1.301919071E9,776110,776759
776662,38.89219,-77.044106,1.301919071E9,776110,776759
776662,38.892212,-77.043976,1.301919071E9,776110,776759
776662,38.89222,-77.04382,1.301919071E9,776110,776759
776662,38.892204,-77.04369,1.301919071E9,776110,776759
776662,38.89218,-77.04356,1.301919071E9,776110,776759
776662,38.892204,-77.0434,1.301919071E9,776110,776759
776662,38.892204,-77.04326,1.301919071E9,776110,776759
776662,38.892185,-77.04312,1.301919071E9,776110,776759
776662,38.89218,-77.043,1.301919071E9,776110,776759
776662,38.892185,-77.04287,1.301919071E9,776110,776759
776662,38.892204,-77.042755,1.301919071E9,776110,776759
776662,38.8922,-77.04262,1.301919071E9,776110,776759
776662,38.892197,-77.04247,1.301919071E9,776110,776759
776662,38.89219,-77.04235,1.301919071E9,776110,776759
776662,38.892185,-77.042206,1.301919071E9,776110,776759
776662,38.89217,-77.042076,1.301919071E9,776110,776759
776662,38.89216,-77.041954,1.301919071E9,776110,776759
776662,38.892174,-77.04181,1.301919071E9,776110,776759
776662,38.892235,-77.04172,1.301919071E9,776110,776759
776662,38.89233,-77.0417,1.301919071E9,776110,776759
776662,38.89244,-77.04169,1.301919071E9,776110,776759
776662,38.892555,-77.04168,1.301919071E9,776110,776759
776662,38.892666,-77.0417,1.301919071E9,776110,776759
776662,38.89276,-77.0417,1.301919071E9,776110,776759
776662,38.892853,-77.04168,1.301919071E9,776110,776759
776662,38.89295,-77.041664,1.301919071E9,776110,776759
776662,38.893047,-77.04166,1.301919071E9,776110,776759
776662,38.89315,-77.04168,1.301919071E9,776110,776759
776662,38.893246,-77.0417,1.301919071E9,776110,776759
776662,38.893345,-77.041725,1.301919071E9,776110,776759
776662,38.893456,-77.04174,1.301919071E9,776110,776759
776662,38.893562,-77.04174,1.301919071E9,776110,776759
776662,38.893658,-77.041756,1.301919071E9,776110,776759
776662,38.89376,-77.04179,1.301919071E9,776110,776759
776662,38.893856,-77.0418,1.301919071E9,776110,776759
776662,38.893944,-77.04183,1.301919071E9,776110,776759
776662,38.894062,-77.04185,1.301919071E9,776110,776759
776662,38.894157,-77.041855,1.301919071E9,776110,776759
776662,38.89426,-77.041855,1.301919071E9,776110,776759
776662,38.894367,-77.04183,1.301919071E9,776110,776759
776662,38.89447,-77.04184,1.301919071E9,776110,776759
776662,38.89458,-77.04186,1.301919071E9,776110,776759
776662,38.894695,-77.04186,1.301919071E9,776110,776759
776662,38.89481,-77.04187,1.301919071E9,776110,776759
776662,38.894924,-77.04186,1.301919071E9,776110,776759
776662,38.895035,-77.04188,1.301919071E9,776110,776759
776662,38.89513,-77.041885,1.301919071E9,776110,776759
776662,38.895237,-77.04183,1.301919071E9,776110,776759
776662,38.895348,-77.04178,1.301919071E9,776110,776759
776662,38.89544,-77.04174,1.301919071E9,776110,776759
776662,38.895554,-77.0417,1.301919071E9,776110,776759
776662,38.89566,-77.041695,1.301919071E9,776110,776759
776662,38.89578,-77.041695,1.301919071E9,776110,776759
776662,38.895878,-77.0417,1.301919071E9,776110,776759
776662,38.895992,-77.041695,1.301919071E9,776110,776759
776662,38.896084,-77.04169,1.301919071E9,776110,776759
776662,38.896187,-77.04172,1.301919071E9,776110,776759
776662,38.89628,-77.04174,1.301919071E9,776110,776759
776662,38.89639,-77.041756,1.301919071E9,776110,776759
776662,38.896492,-77.04176,1.301919071E9,776110,776759
776662,38.896576,-77.04183,1.301919071E9,776110,776759
776662,38.89668,-77.04183,1.301919071E9,776110,776759
776662,38.896797,-77.04181,1.301919071E9,776110,776759
776662,38.896915,-77.041794,1.301919071E9,776110,776759
776662,38.897022,-77.0418,1.301919071E9,776110,776759
776662,38.897133,-77.041824,1.301919071E9,776110,776759
776662,38.89723,-77.04183,1.301919071E9,776110,776759
776662,38.897346,-77.04184,1.301919071E9,776110,776759
776662,38.89746,-77.04185,1.301919071E9,776110,776759
776662,38.897564,-77.04183,1.301919071E9,776110,776759
776662,38.897663,-77.0418,1.301919071E9,776110,776759
776662,38.897766,-77.041794,1.301919071E9,776110,776759
776662,38.89787,-77.04181,1.301919071E9,776110,776759
776662,38.898003,-77.0418,1.301919071E9,776110,776759
776662,38.898113,-77.041794,1.301919071E9,776110,776759
776662,38.89821,-77.04179,1.301919071E9,776110,776759
776662,38.898296,-77.0418,1.301919071E9,776110,776759
776662,38.8984,-77.04182,1.301919071E9,776110,776759
776662,38.898495,-77.04182,1.301919071E9,776110,776759
776662,38.898586,-77.04185,1.301919071E9,776110,776759
776662,38.898685,-77.04187,1.301919071E9,776110,776759
776662,38.898785,-77.04191,1.301919071E9,776110,776759
776662,38.898884,-77.04195,1.301919071E9,776110,776759
776662,38.898968,-77.04199,1.301919071E9,776110,776759
776662,38.89907,-77.04205,1.301919071E9,776110,776759
776662,38.89935,-77.041885,1.301919071E9,776110,776759
776662,38.899445,-77.04185,1.301919071E9,776110,776759
776662,38.899544,-77.0418,1.301919071E9,776110,776759
776662,38.899647,-77.04174,1.301919071E9,776110,776759
776662,38.899754,-77.0417,1.301919071E9,776110,776759
776662,38.89989,-77.041695,1.301919071E9,776110,776759
776662,38.90001,-77.041725,1.301919071E9,776110,776759
776662,38.900116,-77.04175,1.301919071E9,776110,776759
776662,38.900223,-77.04179,1.301919071E9,776110,776759
776662,38.90032,-77.041824,1.301919071E9,776110,776759
776662,38.900433,-77.04183,1.301919071E9,7761