0,776759
776662,42.05247,-91.67644,1.301919071E9,776110,776759
776662,42.052574,-91.67641,1.301919071E9,776110,776759
776662,42.052677,-91.67639,1.301919071E9,776110,776759
776662,42.05278,-91.67638,1.301919071E9,776110,776759
776662,42.052883,-91.67635,1.301919071E9,776110,776759
776662,42.05298,-91.67634,1.301919071E9,776110,776759
776662,42.053078,-91.67632,1.301919071E9,776110,776759
776662,42.053173,-91.67631,1.301919071E9,776110,776759
776662,42.05326,-91.67631,1.301919071E9,776110,776759
776662,42.053345,-91.67629,1.301919071E9,776110,776759
776662,42.05343,-91.676285,1.301919071E9,776110,776759
776662,42.053516,-91.67627,1.301919071E9,776110,776759
776662,42.0536,-91.67627,1.301919071E9,776110,776759
776662,42.05369,-91.67625,1.301919071E9,776110,776759
776662,42.053783,-91.67624,1.301919071E9,776110,776759
776662,42.053886,-91.676186,1.301919071E9,776110,776759
776662,42.053986,-91.67616,1.301919071E9,776110,776759
776662,42.05409,-91.67611,1.301919071E9,776110,776759
776662,42.054188,-91.67609,1.301919071E9,776110,776759
776662,42.054287,-91.676056,1.301919071E9,776110,776759
776662,42.05439,-91.67603,1.301919071E9,776110,776759
776662,42.054485,-91.676,1.301919071E9,776110,776759
776662,42.05458,-91.675995,1.301919071E9,776110,776759
776662,42.05467,-91.67599,1.301919071E9,776110,776759
776662,42.054764,-91.67598,1.301919071E9,776110,776759
776662,42.054863,-91.67596,1.301919071E9,776110,776759
776662,42.054962,-91.675934,1.301919071E9,776110,776759
776662,42.05506,-91.6759,1.301919071E9,776110,776759
776662,42.05516,-91.675865,1.301919071E9,776110,776759
776662,42.055264,-91.675835,1.301919071E9,776110,776759
776662,42.055363,-91.675804,1.301919071E9,776110,776759
776662,42.05546,-91.67577,1.301919071E9,776110,776759
776662,42.055565,-91.67575,1.301919071E9,776110,776759
776662,42.055668,-91.67572,1.301919071E9,776110,776759
776662,42.055775,-91.67569,1.301919071E9,776110,776759
776662,42.055874,-91.67566,1.301919071E9,776110,776759
776662,42.055973,-91.67564,1.301919071E9,776110,776759
776662,42.056076,-91.67561,1.301919071E9,776110,776759
776662,42.056175,-91.67558,1.301919071E9,776110,776759
776662,42.056274,-91.67556,1.301919071E9,776110,776759
776662,42.05638,-91.67554,1.301919071E9,776110,776759
776662,42.056488,-91.67551,1.301919071E9,776110,776759
776662,42.056587,-91.675476,1.301919071E9,776110,776759
776662,42.056694,-91.67545,1.301919071E9,776110,776759
776662,42.056793,-91.67543,1.301919071E9,776110,776759
776662,42.056896,-91.67541,1.301919071E9,776110,776759
776662,42.056995,-91.675385,1.301919071E9,776110,776759
776662,42.0571,-91.67536,1.301919071E9,776110,776759
776662,42.057205,-91.67534,1.301919071E9,776110,776759
776662,42.05731,-91.67531,1.301919071E9,776110,776759
776662,42.05742,-91.67528,1.301919071E9,776110,776759
776662,42.057518,-91.67525,1.301919071E9,776110,776759
776662,42.05762,-91.675224,1.301919071E9,776110,776759
776662,42.05772,-91.67522,1.301919071E9,776110,776759
776662,42.057816,-91.67521,1.301919071E9,776110,776759
776662,42.057915,-91.6752,1.301919071E9,776110,776759
776662,42.058018,-91.67517,1.301919071E9,776110,776759
776662,42.058117,-91.67515,1.301919071E9,776110,776759
776662,42.058212,-91.675125,1.301919071E9,776110,776759
776662,42.058308,-91.6751,1.301919071E9,776110,776759
776662,42.058395,-91.67508,1.301919071E9,776110,776759
776662,42.05848,-91.67506,1.301919071E9,776110,776759
776662,42.058586,-91.67503,1.301919071E9,776110,776759
776662,42.058666,-91.674995,1.301919071E9,776110,776759
776662,42.05875,-91.67498,1.301919071E9,776110,776759
776662,42.058834,-91.674965,1.301919071E9,776110,776759
776662,42.05892,-91.67494,1.301919071E9,776110,776759
776662,42.059017,-91.67492,1.301919071E9,776110,776759
776662,42.05911,-91.6749,1.301919071E9,776110,776759
776662,42.05919,-91.67488,1.301919071E9,776110,776759
776662,42.059273,-91.67486,1.301919071E9,776110,776759
776662,42.059357,-91.67484,1.301919071E9,776110,776759
776662,42.05945,-91.67482,1.301919071E9,776110,776759
776662,42.05954,-91.674805,1.301919071E9,776110,776759
776662,42.05963,-91.674774,1.301919071E9,776110,776759
776662,42.059727,-91.67476,1.301919071E9,776110,776759
776662,42.059826,-91.674736,1.301919071E9,776110,776759
776662,42.05992,-91.67471,1.301919071E9,776110,776759
776662,42.060017,-91.67469,1.301919071E9,776110,776759
776662,42.06011,-91.674675,1.301919071E9,776110,776759
776662,42.0602,-91.67466,1.301919071E9,776110,776759
776662,42.060284,-91.67463,1.301919071E9,776110,776759
776662,42.060368,-91.674614,1.301919071E9,776110,776759
776662,42.06045,-91.6746,1.301919071E9,776110,776759
776662,42.060535,-91.67458,1.301919071E9,776110,776759
776662,42.06062,-91.67456,1.301919071E9,776110,776759
776662,42.060703,-91.67454,1.301919071E9,776110,776759
776662,42.060787,-91.67452,1.301919071E9,776110,776759
776662,42.06088,-91.6745,1.301919071E9,776110,776759
776662,42.060966,-91.674484,1.301919071E9,776110,776759
776662,42.061058,-91.67446,1.301919071E9,776110,776759
776662,42.06115,-91.67444,1.301919071E9,776110,776759
776662,42.06124,-91.674416,1.301919071E9,776110,776759
776662,42.061337,-91.67439,1.301919071E9,776110,776759
776662,42.061424,-91.67437,1.301919071E9,776110,776759
776662,42.061516,-91.67434,1.301919071E9,776110,776759
776662,42.061607,-91.67433,1.301919071E9,776110,776759
776662,42.061703,-91.67431,1.301919071E9,776110,776759
776662,42.061794,-91.674286,1.301919071E9,776110,776759
776662,42.061886,-91.67426,1.301919071E9,776110,776759
776662,42.061977,-91.67425,1.301919071E9,776110,776759
776662,42.06207,-91.67423,1.301919071E9,776110,776759
776662,42.062164,-91.67421,1.301919071E9,776110,776759
776662,42.062256,-91.67418,1.301919071E9,776110,776759
776662,42.062347,-91.674164,1.301919071E9,776110,776759
776662,42.062435,-91.67414,1.301919071E9,776110,776759
776662,42.06252,-91.67412,1.301919071E9,776110,776759
776662,42.062603,-91.6741,1.301919071E9,776110,776759
776662,42.06269,-91.67408,1.301919071E9,776110,776759
776662,42.062775,-91.67406,1.301919071E9,776110,776759
776662,42.062855,-91.67404,1.301919071E9,776110,776759
776662,42.06294,-91.67402,1.301919071E9,776110,776759
776662,42.063023,-91.674,1.301919071E9,776110,776759
776662,42.063107,-91.67398,1.301919071E9,776110,776759
776662,42.06319,-91.67396,1.301919071E9,776110,776759
776662,42.06327,-91.67394,1.301919071E9,776110,776759
776662,42.063385,-91.67393,1.301919071E9,776110,776759
776662,42.063503,-91.6739,1.301919071E9,776110,776759
776662,42.063587,-91.67388,1.301919071E9,776110,776759
776662,42.063667,-91.673874,1.301919071E9,776110,776759
776662,42.063755,-91.67385,1.301919071E9,776110,776759
776662,42.063843,-91.673836,1.301919071E9,776110,776759
776662,42.06393,-91.67381,1.301919071E9,776110,776759
776662,42.06402,-91.67379,1.301919071E9,776110,776759
776662,42.06411,-91.67377,1.301919071E9,776110,776759
776662,42.0642,-91.673744,1.301919071E9,776110,776759
776662,42.064293,-91.67372,1.301919071E9,776110,776759
776662,42.064384,-91.6737,1.301919071E9,776110,776759
776662,42.064476,-91.673676,1.301919071E9,776110,776759
776662,42.06456,-91.67366,1.301919071E9,776110,776759
776662,42.064648,-91.67364,1.301919071E9,776110,776759
776662,42.06473,-91.67362,1.301919071E9,776110,776759
776662,42.06482,-91.6736,1.301919071E9,776110,776759
776662,42.064907,-91.673584,1.301919071E9,776110,776759
776662,42.064995,-91.67357,1.301919071E9,776110,776759
776662,42.065083,-91.67355,1.301919071E9,776110,776759
776662,42.065174,-91.67353,1.301919071E9,776110,776759
776662,42.06526,-91.673515,1.301919071E9,776110,776759
776662,42.06535,-91.67349,1.301919071E9,776110,776759
776662,42.06544,-91.67347,1.301919071E9,776110,776759
776662,42.06553,-91.67344,1.301919071E9,776110,776759
776662,42.065617,-91.673416,1.301919071E9,776110,776759
776662,42.065704,-91.67339,1.301919071E9,776110,776759
776662,42.06579,-91.67337,1.301919071E9,776110,776759
776662,42.065872,-91.67335,1.301919071E9,776110,776759
776662,42.06596,-91.67333,1.301919071E9,776110,776759
7766