6759
776662,29.500084,-98.595215,1.301919071E9,776110,776759
776662,29.500175,-98.595436,1.301919071E9,776110,776759
776662,29.500315,-98.59556,1.301919071E9,776110,776759
776662,29.50047,-98.595535,1.301919071E9,776110,776759
776662,29.500624,-98.59548,1.301919071E9,776110,776759
776662,29.500751,-98.59547,1.301919071E9,776110,776759
776662,29.500908,-98.595474,1.301919071E9,776110,776759
776662,29.501055,-98.59552,1.301919071E9,776110,776759
776662,29.501204,-98.595634,1.301919071E9,776110,776759
776662,29.501284,-98.595695,1.301919071E9,776110,776759
776662,29.501444,-98.595764,1.301919071E9,776110,776759
776662,29.501614,-98.59581,1.301919071E9,776110,776759
776662,29.501781,-98.595856,1.301919071E9,776110,776759
776662,29.501947,-98.59586,1.301919071E9,776110,776759
776662,29.502117,-98.59586,1.301919071E9,776110,776759
776662,29.50228,-98.59582,1.301919071E9,776110,776759
776662,29.502441,-98.59576,1.301919071E9,776110,776759
776662,29.502554,-98.59572,1.301919071E9,776110,776759
776662,29.502714,-98.59569,1.301919071E9,776110,776759
776662,29.502876,-98.59568,1.301919071E9,776110,776759
776662,29.502985,-98.59568,1.301919071E9,776110,776759
776662,29.50316,-98.595695,1.301919071E9,776110,776759
776662,29.503315,-98.59575,1.301919071E9,776110,776759
776662,29.503452,-98.595856,1.301919071E9,776110,776759
776662,29.503551,-98.59603,1.301919071E9,776110,776759
776662,29.503723,-98.596176,1.301919071E9,776110,776759
776662,29.504063,-98.596306,1.301919071E9,776110,776759
776662,29.504232,-98.59633,1.301919071E9,776110,776759
776662,29.504374,-98.596344,1.301919071E9,776110,776759
776662,29.504547,-98.596344,1.301919071E9,776110,776759
776662,29.504896,-98.596664,1.301919071E9,776110,776759
776662,29.50495,-98.59676,1.301919071E9,776110,776759
776662,29.505041,-98.59692,1.301919071E9,776110,776759
776662,29.50522,-98.59715,1.301919071E9,776110,776759
776662,29.5054,-98.5974,1.301919071E9,776110,776759
776662,29.505503,-98.59754,1.301919071E9,776110,776759
776662,29.50576,-98.598,1.301919071E9,776110,776759
776662,29.506031,-98.59833,1.301919071E9,776110,776759
776662,29.506197,-98.598495,1.301919071E9,776110,776759
776662,29.50642,-98.598946,1.301919071E9,776110,776759
776662,29.506472,-98.59927,1.301919071E9,776110,776759
776662,29.506569,-98.59943,1.301919071E9,776110,776759
776662,29.506714,-98.5995,1.301919071E9,776110,776759
776662,29.506872,-98.59952,1.301919071E9,776110,776759
776662,29.507046,-98.59948,1.301919071E9,776110,776759
776662,29.507195,-98.59941,1.301919071E9,776110,776759
776662,29.507273,-98.59936,1.301919071E9,776110,776759
776662,29.507399,-98.59925,1.301919071E9,776110,776759
776662,29.507502,-98.599174,1.301919071E9,776110,776759
776662,29.507622,-98.59903,1.301919071E9,776110,776759
776662,29.507778,-98.59888,1.301919071E9,776110,776759
776662,29.5079,-98.59877,1.301919071E9,776110,776759
776662,29.50824,-98.59845,1.301919071E9,776110,776759
776662,29.508324,-98.59837,1.301919071E9,776110,776759
776662,29.508448,-98.59826,1.301919071E9,776110,776759
776662,29.508617,-98.5981,1.301919071E9,776110,776759
776662,29.508743,-98.59797,1.301919071E9,776110,776759
776662,29.50908,-98.59763,1.301919071E9,776110,776759
776662,29.509401,-98.597305,1.301919071E9,776110,776759
776662,29.509632,-98.597115,1.301919071E9,776110,776759
776662,29.509766,-98.59699,1.301919071E9,776110,776759
776662,29.510048,-98.59674,1.301919071E9,776110,776759
776662,29.510178,-98.59662,1.301919071E9,776110,776759
776662,29.51053,-98.59634,1.301919071E9,776110,776759
776662,29.510681,-98.59616,1.301919071E9,776110,776759
776662,29.510805,-98.59603,1.301919071E9,776110,776759
776662,29.510893,-98.59595,1.301919071E9,776110,776759
776662,29.511019,-98.595825,1.301919071E9,776110,776759
776662,29.511211,-98.595604,1.301919071E9,776110,776759
776662,29.51136,-98.59544,1.301919071E9,776110,776759
776662,29.511444,-98.59536,1.301919071E9,776110,776759
776662,29.51156,-98.595245,1.301919071E9,776110,776759
776662,29.511646,-98.59515,1.301919071E9,776110,776759
776662,29.511765,-98.595024,1.301919071E9,776110,776759
776662,29.511889,-98.59488,1.301919071E9,776110,776759
776662,29.512009,-98.59475,1.301919071E9,776110,776759
776662,29.512152,-98.59463,1.301919071E9,776110,776759
776662,29.512592,-98.59453,1.301919071E9,776110,776759
776662,29.512772,-98.59441,1.301919071E9,776110,776759
776662,29.512888,-98.594284,1.301919071E9,776110,776759
776662,29.512966,-98.59418,1.301919071E9,776110,776759
776662,29.513046,-98.59402,1.301919071E9,776110,776759
776662,29.513226,-98.593575,1.301919071E9,776110,776759
776662,29.513454,-98.59314,1.301919071E9,776110,776759
776662,29.513744,-98.59285,1.301919071E9,776110,776759
776662,29.51386,-98.59272,1.301919071E9,776110,776759
776662,29.514105,-98.59232,1.301919071E9,776110,776759
776662,29.51424,-98.59221,1.301919071E9,776110,776759
776662,29.514408,-98.59226,1.301919071E9,776110,776759
776662,29.51456,-98.59236,1.301919071E9,776110,776759
776662,29.514708,-98.59246,1.301919071E9,776110,776759
776662,29.51488,-98.592575,1.301919071E9,776110,776759
776662,29.515009,-98.59268,1.301919071E9,776110,776759
776662,29.515148,-98.59279,1.301919071E9,776110,776759
776662,29.515423,-98.59307,1.301919071E9,776110,776759
776662,29.515373,-98.593254,1.301919071E9,776110,776759
776662,29.51526,-98.59339,1.301919071E9,776110,776759
776662,29.515188,-98.593475,1.301919071E9,776110,776759
776662,29.515085,-98.59362,1.301919071E9,776110,776759
776662,29.514969,-98.59376,1.301919071E9,776110,776759
776662,29.514853,-98.5939,1.301919071E9,776110,776759
776662,29.514744,-98.594055,1.301919071E9,776110,776759
776662,29.514626,-98.59419,1.301919071E9,776110,776759
776662,29.514511,-98.59431,1.301919071E9,776110,776759
776662,29.51439,-98.59443,1.301919071E9,776110,776759
776662,29.51428,-98.59456,1.301919071E9,776110,776759
776662,29.51416,-98.59473,1.301919071E9,776110,776759
776662,29.514048,-98.594864,1.301919071E9,776110,776759
776662,29.513947,-98.59502,1.301919071E9,776110,776759
776662,29.513851,-98.59517,1.301919071E9,776110,776759
776662,29.513775,-98.595245,1.301919071E9,776110,776759
776662,29.51365,-98.59536,1.301919071E9,776110,776759
776662,29.513212,-98.59535,1.301919071E9,776110,776759
776662,29.513117,-98.595276,1.301919071E9,776110,776759
776662,29.512966,-98.595184,1.301919071E9,776110,776759
776662,29.512642,-98.59485,1.301919071E9,776110,776759
776662,29.51256,-98.59476,1.301919071E9,776110,776759
776662,29.512457,-98.5946,1.301919071E9,776110,776759
776662,29.5124,-98.594505,1.301919071E9,776110,776759
776662,29.512293,-98.594505,1.301919071E9,776110,776759
776662,29.512165,-98.59461,1.301919071E9,776110,776759
776662,29.512058,-98.594765,1.301919071E9,776110,776759
776662,29.511942,-98.594894,1.301919071E9,776110,776759
776662,29.511864,-98.59497,1.301919071E9,776110,776759
776662,29.511786,-98.59505,1.301919071E9,776110,776759
776662,29.511665,-98.595184,1.301919071E9,776110,776759
776662,29.511538,-98.595314,1.301919071E9,776110,776759
776662,29.511465,-98.59538,1.301919071E9,776110,776759
776662,29.511396,-98.59546,1.301919071E9,776110,776759
776662,29.51128,-98.595604,1.301919071E9,776110,776759
776662,29.5112,-98.595695,1.301919071E9,776110,776759
776662,29.511122,-98.59579,1.301919071E9,776110,776759
776662,29.510983,-98.59592,1.301919071E9,776110,776759
776662,29.510902,-98.595985,1.301919071E9,776110,776759
776662,29.510778,-98.596115,1.301919071E9,776110,776759
776662,29.510632,-98.59623,1.301919071E9,776110,776759
776662,29.510494,-98.59635,1.301919071E9,776110,776759
776662,29.510363,-98.59646,1.301919071E9,776110,776759
776662,29.510223,-98.59658,1.301919071E9,776110,776759
776662,29.51008,-98.59669,1.301919071E9,776110,776759
776662,29.50997,-98.59676,1.301919071E9,776110,776759
776662,29.509823,-98.59688,1.301919071E9,776110,776759
776662,29.509518,-98.597244,1.301919071E9,776110,776759
776662,29.5094,-98.59738,1.301919071E9,776110,776759
776662,29.50928,-98.597496,1.301919071E9,776110,776759
776662,29.509205,