71E9,776110,776759
776662,45.56297,-122.50949,1.301919071E9,776110,776759
776662,45.56294,-122.50928,1.301919071E9,776110,776759
776662,45.562904,-122.509094,1.301919071E9,776110,776759
776662,45.56287,-122.50888,1.301919071E9,776110,776759
776662,45.562824,-122.5087,1.301919071E9,776110,776759
776662,45.562782,-122.50852,1.301919071E9,776110,776759
776662,45.562744,-122.50832,1.301919071E9,776110,776759
776662,45.562733,-122.50807,1.301919071E9,776110,776759
776662,45.562683,-122.50786,1.301919071E9,776110,776759
776662,45.562653,-122.50768,1.301919071E9,776110,776759
776662,45.562626,-122.50748,1.301919071E9,776110,776759
776662,45.562588,-122.507324,1.301919071E9,776110,776759
776662,45.562523,-122.507164,1.301919071E9,776110,776759
776662,45.562504,-122.50698,1.301919071E9,776110,776759
776662,45.56246,-122.50682,1.301919071E9,776110,776759
776662,45.56243,-122.50667,1.301919071E9,776110,776759
776662,45.56237,-122.50649,1.301919071E9,776110,776759
776662,45.56232,-122.506325,1.301919071E9,776110,776759
776662,45.562332,-122.506195,1.301919071E9,776110,776759
776662,45.562298,-122.506004,1.301919071E9,776110,776759
776662,45.56226,-122.50583,1.301919071E9,776110,776759
776662,45.562237,-122.50563,1.301919071E9,776110,776759
776662,45.5622,-122.50544,1.301919071E9,776110,776759
776662,45.562164,-122.50526,1.301919071E9,776110,776759
776662,45.562134,-122.50506,1.301919071E9,776110,776759
776662,45.562103,-122.50486,1.301919071E9,776110,776759
776662,45.562073,-122.50464,1.301919071E9,776110,776759
776662,45.562035,-122.50444,1.301919071E9,776110,776759
776662,45.562016,-122.504295,1.301919071E9,776110,776759
776662,45.561962,-122.50412,1.301919071E9,776110,776759
776662,45.561954,-122.50394,1.301919071E9,776110,776759
776662,45.561913,-122.5038,1.301919071E9,776110,776759
776662,45.56188,-122.50364,1.301919071E9,776110,776759
776662,45.561855,-122.50345,1.301919071E9,776110,776759
776662,45.56183,-122.503265,1.301919071E9,776110,776759
776662,45.56177,-122.50311,1.301919071E9,776110,776759
776662,45.56175,-122.50293,1.301919071E9,776110,776759
776662,45.561733,-122.50274,1.301919071E9,776110,776759
776662,45.561703,-122.50255,1.301919071E9,776110,776759
776662,45.561665,-122.50238,1.301919071E9,776110,776759
776662,45.561646,-122.50217,1.301919071E9,776110,776759
776662,45.56162,-122.50196,1.301919071E9,776110,776759
776662,45.561592,-122.50176,1.301919071E9,776110,776759
776662,45.561573,-122.501564,1.301919071E9,776110,776759
776662,45.56156,-122.50138,1.301919071E9,776110,776759
776662,45.561535,-122.50118,1.301919071E9,776110,776759
776662,45.56151,-122.501,1.301919071E9,776110,776759
776662,45.56149,-122.5008,1.301919071E9,776110,776759
776662,45.561436,-122.5006,1.301919071E9,776110,776759
776662,45.561436,-122.5004,1.301919071E9,776110,776759
776662,45.561436,-122.50019,1.301919071E9,776110,776759
776662,45.561413,-122.5,1.301919071E9,776110,776759
776662,45.561386,-122.49984,1.301919071E9,776110,776759
776662,45.561363,-122.49965,1.301919071E9,776110,776759
776662,45.56136,-122.49944,1.301919071E9,776110,776759
776662,45.561314,-122.49926,1.301919071E9,776110,776759
776662,45.561287,-122.49907,1.301919071E9,776110,776759
776662,45.56128,-122.49885,1.301919071E9,776110,776759
776662,45.561253,-122.49868,1.301919071E9,776110,776759
776662,45.56123,-122.49849,1.301919071E9,776110,776759
776662,45.5612,-122.498314,1.301919071E9,776110,776759
776662,45.561188,-122.49812,1.301919071E9,776110,776759
776662,45.561153,-122.49795,1.301919071E9,776110,776759
776662,45.561134,-122.497765,1.301919071E9,776110,776759
776662,45.561115,-122.49757,1.301919071E9,776110,776759
776662,45.56109,-122.49736,1.301919071E9,776110,776759
776662,45.561066,-122.49717,1.301919071E9,776110,776759
776662,45.56105,-122.49698,1.301919071E9,776110,776759
776662,45.561035,-122.496796,1.301919071E9,776110,776759
776662,45.561005,-122.49661,1.301919071E9,776110,776759
776662,45.560986,-122.49641,1.301919071E9,776110,776759
776662,45.560966,-122.49621,1.301919071E9,776110,776759
776662,45.560944,-122.496,1.301919071E9,776110,776759
776662,45.560917,-122.49581,1.301919071E9,776110,776759
776662,45.560905,-122.495636,1.301919071E9,776110,776759
776662,45.56089,-122.49544,1.301919071E9,776110,776759
776662,45.560875,-122.49525,1.301919071E9,776110,776759
776662,45.560875,-122.49502,1.301919071E9,776110,776759
776662,45.56083,-122.494835,1.301919071E9,776110,776759
776662,45.56084,-122.49464,1.301919071E9,776110,776759
776662,45.560844,-122.494446,1.301919071E9,776110,776759
776662,45.5608,-122.4943,1.301919071E9,776110,776759
776662,45.56076,-122.49409,1.301919071E9,776110,776759
776662,45.56074,-122.49386,1.301919071E9,776110,776759
776662,45.56071,-122.49366,1.301919071E9,776110,776759
776662,45.560707,-122.49348,1.301919071E9,776110,776759
776662,45.560673,-122.493286,1.301919071E9,776110,776759
776662,45.560658,-122.49308,1.301919071E9,776110,776759
776662,45.560642,-122.49289,1.301919071E9,776110,776759
776662,45.56062,-122.49268,1.301919071E9,776110,776759
776662,45.5606,-122.49248,1.301919071E9,776110,776759
776662,45.56059,-122.49227,1.301919071E9,776110,776759
776662,45.560566,-122.49206,1.301919071E9,776110,776759
776662,45.560543,-122.49186,1.301919071E9,776110,776759
776662,45.560513,-122.49165,1.301919071E9,776110,776759
776662,45.56049,-122.49144,1.301919071E9,776110,776759
776662,45.560474,-122.49123,1.301919071E9,776110,776759
776662,45.56045,-122.49101,1.301919071E9,776110,776759
776662,45.56046,-122.49077,1.301919071E9,776110,776759
776662,45.560463,-122.49061,1.301919071E9,776110,776759
776662,45.56037,-122.49041,1.301919071E9,776110,776759
776662,45.56035,-122.490234,1.301919071E9,776110,776759
776662,45.560364,-122.49003,1.301919071E9,776110,776759
776662,45.560333,-122.48984,1.301919071E9,776110,776759
776662,45.5603,-122.489655,1.301919071E9,776110,776759
776662,45.560265,-122.48945,1.301919071E9,776110,776759
776662,45.560265,-122.48923,1.301919071E9,776110,776759
776662,45.560226,-122.48902,1.301919071E9,776110,776759
776662,45.560215,-122.48883,1.301919071E9,776110,776759
776662,45.56018,-122.488655,1.301919071E9,776110,776759
776662,45.56015,-122.488464,1.301919071E9,776110,776759
776662,45.56012,-122.48828,1.301919071E9,776110,776759
776662,45.560085,-122.48813,1.301919071E9,776110,776759
776662,45.560066,-122.48793,1.301919071E9,776110,776759
776662,45.56004,-122.48774,1.301919071E9,776110,776759
776662,45.56004,-122.48753,1.301919071E9,776110,776759
776662,45.560013,-122.48734,1.301919071E9,776110,776759
776662,45.559994,-122.487144,1.301919071E9,776110,776759
776662,45.559975,-122.48693,1.301919071E9,776110,776759
776662,45.559914,-122.48677,1.301919071E9,776110,776759
776662,45.55989,-122.486595,1.301919071E9,776110,776759
776662,45.55988,-122.4864,1.301919071E9,776110,776759
776662,45.55986,-122.486206,1.301919071E9,776110,776759
776662,45.559845,-122.48602,1.301919071E9,776110,776759
776662,45.559814,-122.48583,1.301919071E9,776110,776759
776662,45.559765,-122.48565,1.301919071E9,776110,776759
776662,45.55975,-122.48545,1.301919071E9,776110,776759
776662,45.559753,-122.485245,1.301919071E9,776110,776759
776662,45.559746,-122.485054,1.301919071E9,776110,776759
776662,45.559727,-122.484856,1.301919071E9,776110,776759
776662,45.559708,-122.48465,1.301919071E9,776110,776759
776662,45.559685,-122.484474,1.301919071E9,776110,776759
776662,45.559647,-122.484276,1.301919071E9,776110,776759
776662,45.55963,-122.484085,1.301919071E9,776110,776759
776662,45.559624,-122.48388,1.301919071E9,776110,776759
776662,45.5596,-122.48368,1.301919071E9,776110,776759
776662,45.559532,-122.4835,1.301919071E9,776110,776759
776662,45.559494,-122.48332,1.301919071E9,776110,776759
776662,45.559475,-122.48311,1.301919071E9,776110,776759
776662,45.559444,-122.48295,1.301919071E9,776110,776759
776662,45.559437,-122.48275,1.301919071E9,776110,776759
776662,45.559357,-122.482574,1.301919071E9,776110,776759
776662,45.55934,-122.482376,1.301919071E9,776110,776759
776662,45.55931