759
776662,48.84773,2.337999,1.301919071E9,776110,776759
776662,48.847797,2.338129,1.301919071E9,776110,776759
776662,48.84788,2.33825,1.301919071E9,776110,776759
776662,48.84796,2.33832,1.301919071E9,776110,776759
776662,48.84807,2.338378,1.301919071E9,776110,776759
776662,48.84817,2.338406,1.301919071E9,776110,776759
776662,48.84827,2.338416,1.301919071E9,776110,776759
776662,48.848373,2.338418,1.301919071E9,776110,776759
776662,48.84848,2.338423,1.301919071E9,776110,776759
776662,48.84859,2.338434,1.301919071E9,776110,776759
776662,48.84869,2.338435,1.301919071E9,776110,776759
776662,48.84878,2.338437,1.301919071E9,776110,776759
776662,48.848873,2.338452,1.301919071E9,776110,776759
776662,48.84899,2.338416,1.301919071E9,776110,776759
776662,48.84905,2.338308,1.301919071E9,776110,776759
776662,48.84911,2.338186,1.301919071E9,776110,776759
776662,48.84917,2.338039,1.301919071E9,776110,776759
776662,48.849213,2.337915,1.301919071E9,776110,776759
776662,48.84927,2.337792,1.301919071E9,776110,776759
776662,48.849358,2.337723,1.301919071E9,776110,776759
776662,48.849396,2.337592,1.301919071E9,776110,776759
776662,48.84945,2.337435,1.301919071E9,776110,776759
776662,48.849472,2.337298,1.301919071E9,776110,776759
776662,48.849457,2.33715,1.301919071E9,776110,776759
776662,48.849445,2.337012,1.301919071E9,776110,776759
776662,48.84945,2.336884,1.301919071E9,776110,776759
776662,48.849422,2.336452,1.301919071E9,776110,776759
776662,48.849277,2.335494,1.301919071E9,776110,776759
776662,48.849277,2.335494,1.301919071E9,776110,776759
776662,48.84912,2.334981,1.301919071E9,776110,776759
776662,48.84916,2.334842,1.301919071E9,776110,776759
776662,48.849133,2.334685,1.301919071E9,776110,776759
776662,48.849056,2.334581,1.301919071E9,776110,776759
776662,48.848995,2.334478,1.301919071E9,776110,776759
776662,48.84893,2.334317,1.301919071E9,776110,776759
776662,48.84887,2.334191,1.301919071E9,776110,776759
776662,48.848812,2.334078,1.301919071E9,776110,776759
776662,48.848824,2.333895,1.301919071E9,776110,776759
776662,48.848812,2.333729,1.301919071E9,776110,776759
776662,48.848755,2.333588,1.301919071E9,776110,776759
776662,48.848717,2.333433,1.301919071E9,776110,776759
776662,48.848717,2.333241,1.301919071E9,776110,776759
776662,48.848736,2.333105,1.301919071E9,776110,776759
776662,48.84875,2.332928,1.301919071E9,776110,776759
776662,48.848778,2.332797,1.301919071E9,776110,776759
776662,48.848877,2.33277,1.301919071E9,776110,776759
776662,48.848984,2.332795,1.301919071E9,776110,776759
776662,48.849075,2.332849,1.301919071E9,776110,776759
776662,48.849182,2.332877,1.301919071E9,776110,776759
776662,48.849266,2.332955,1.301919071E9,776110,776759
776662,48.849308,2.332824,1.301919071E9,776110,776759
776662,48.849327,2.332645,1.301919071E9,776110,776759
776662,48.84932,2.332499,1.301919071E9,776110,776759
776662,48.84933,2.332328,1.301919071E9,776110,776759
776662,48.849342,2.332171,1.301919071E9,776110,776759
776662,48.849365,2.332008,1.301919071E9,776110,776759
776662,48.849396,2.331869,1.301919071E9,776110,776759
776662,48.849415,2.331725,1.301919071E9,776110,776759
776662,48.849415,2.331581,1.301919071E9,776110,776759
776662,48.84938,2.331425,1.301919071E9,776110,776759
776662,48.849354,2.331273,1.301919071E9,776110,776759
776662,48.849373,2.331132,1.301919071E9,776110,776759
776662,48.84946,2.331048,1.301919071E9,776110,776759
776662,48.849564,2.331062,1.301919071E9,776110,776759
776662,48.849667,2.331041,1.301919071E9,776110,776759
776662,48.849773,2.33103,1.301919071E9,776110,776759
776662,48.849873,2.330974,1.301919071E9,776110,776759
776662,48.84997,2.330925,1.301919071E9,776110,776759
776662,48.850086,2.330906,1.301919071E9,776110,776759
776662,48.850124,2.330753,1.301919071E9,776110,776759
776662,48.85016,2.330611,1.301919071E9,776110,776759
776662,48.85012,2.330462,1.301919071E9,776110,776759
776662,48.85008,2.330332,1.301919071E9,776110,776759
776662,48.85002,2.330216,1.301919071E9,776110,776759
776662,48.849964,2.330108,1.301919071E9,776110,776759
776662,48.850075,2.330062,1.301919071E9,776110,776759
776662,48.850178,2.330049,1.301919071E9,776110,776759
776662,48.850307,2.330019,1.301919071E9,776110,776759
776662,48.850426,2.329995,1.301919071E9,776110,776759
776662,48.85051,2.330086,1.301919071E9,776110,776759
776662,48.850563,2.330196,1.301919071E9,776110,776759
776662,48.85063,2.330306,1.301919071E9,776110,776759
776662,48.85069,2.330438,1.301919071E9,776110,776759
776662,48.850758,2.330538,1.301919071E9,776110,776759
776662,48.850834,2.330624,1.301919071E9,776110,776759
776662,48.85091,2.330704,1.301919071E9,776110,776759
776662,48.85101,2.330775,1.301919071E9,776110,776759
776662,48.8511,2.330855,1.301919071E9,776110,776759
776662,48.851196,2.330959,1.301919071E9,776110,776759
776662,48.851284,2.331036,1.301919071E9,776110,776759
776662,48.851364,2.331113,1.301919071E9,776110,776759
776662,48.85142,2.330993,1.301919071E9,776110,776759
776662,48.85143,2.33081,1.301919071E9,776110,776759
776662,48.85144,2.330633,1.301919071E9,776110,776759
776662,48.851498,2.330511,1.301919071E9,776110,776759
776662,48.851566,2.330419,1.301919071E9,776110,776759
776662,48.85163,2.330302,1.301919071E9,776110,776759
776662,48.85167,2.330151,1.301919071E9,776110,776759
776662,48.851753,2.33005,1.301919071E9,776110,776759
776662,48.851852,2.330007,1.301919071E9,776110,776759
776662,48.85195,2.329992,1.301919071E9,776110,776759
776662,48.85205,2.329998,1.301919071E9,776110,776759
776662,48.852142,2.329999,1.301919071E9,776110,776759
776662,48.85225,2.330029,1.301919071E9,776110,776759
776662,48.852337,2.32999,1.301919071E9,776110,776759
776662,48.85242,2.329902,1.301919071E9,776110,776759
776662,48.852486,2.329801,1.301919071E9,776110,776759
776662,48.852554,2.329686,1.301919071E9,776110,776759
776662,48.852634,2.329566,1.301919071E9,776110,776759
776662,48.852703,2.329463,1.301919071E9,776110,776759
776662,48.85281,2.329454,1.301919071E9,776110,776759
776662,48.852898,2.329411,1.301919071E9,776110,776759
776662,48.852985,2.329297,1.301919071E9,776110,776759
776662,48.85306,2.329187,1.301919071E9,776110,776759
776662,48.85315,2.329067,1.301919071E9,776110,776759
776662,48.85323,2.328958,1.301919071E9,776110,776759
776662,48.853275,2.328836,1.301919071E9,776110,776759
776662,48.85338,2.32879,1.301919071E9,776110,776759
776662,48.853455,2.328675,1.301919071E9,776110,776759
776662,48.85348,2.328519,1.301919071E9,776110,776759
776662,48.853542,2.328399,1.301919071E9,776110,776759
776662,48.853622,2.328295,1.301919071E9,776110,776759
776662,48.85373,2.32823,1.301919071E9,776110,776759
776662,48.853806,2.328147,1.301919071E9,776110,776759
776662,48.853905,2.328077,1.301919071E9,776110,776759
776662,48.853996,2.328006,1.301919071E9,776110,776759
776662,48.854088,2.328012,1.301919071E9,776110,776759
776662,48.8541,2.328169,1.301919071E9,776110,776759
776662,48.854164,2.328271,1.301919071E9,776110,776759
776662,48.854244,2.328375,1.301919071E9,776110,776759
776662,48.854317,2.328487,1.301919071E9,776110,776759
776662,48.854374,2.328598,1.301919071E9,776110,776759
776662,48.854443,2.328705,1.301919071E9,776110,776759
776662,48.85452,2.328806,1.301919071E9,776110,776759
776662,48.854588,2.32892,1.301919071E9,776110,776759
776662,48.854664,2.329012,1.301919071E9,776110,776759
776662,48.85474,2.329086,1.301919071E9,776110,776759
776662,48.854828,2.329143,1.301919071E9,776110,776759
776662,48.854916,2.32901,1.301919071E9,776110,776759
776662,48.854996,2.328875,1.301919071E9,776110,776759
776662,48.85509,2.328767,1.301919071E9,776110,776759
776662,48.855167,2.328675,1.301919071E9,776110,776759
776662,48.85522,2.328543,1.301919071E9,776110,776759
776662,48.85526,2.328418,1.301919071E9,776110,776759
776662,48.855312,2.328266,1.301919071E9,776110,776759
776662,48.855404,2.328156,1.301919071E9,776110,776759
776662,48.855446,2.328032,1.301919071E9,776110,776759
776662,48.855526,2.327912,1.301919071E9,776110,776759
776662,48.855602,2.327809,1.301919071E9,776110,776759
776662,48.855637,2.3276