-66.10279,1.301919071E9,776110,776759
776662,18.405512,-66.10275,1.301919071E9,776110,776759
776662,18.405424,-66.10272,1.301919071E9,776110,776759
776662,18.40535,-66.10267,1.301919071E9,776110,776759
776662,18.405275,-66.10262,1.301919071E9,776110,776759
776662,18.4052,-66.102585,1.301919071E9,776110,776759
776662,18.405119,-66.102554,1.301919071E9,776110,776759
776662,18.405024,-66.1025,1.301919071E9,776110,776759
776662,18.404974,-66.10242,1.301919071E9,776110,776759
776662,18.405,-66.10232,1.301919071E9,776110,776759
776662,18.405024,-66.102234,1.301919071E9,776110,776759
776662,18.40506,-66.10214,1.301919071E9,776110,776759
776662,18.405092,-66.10205,1.301919071E9,776110,776759
776662,18.405142,-66.10198,1.301919071E9,776110,776759
776662,18.405222,-66.10194,1.301919071E9,776110,776759
776662,18.405258,-66.10185,1.301919071E9,776110,776759
776662,18.405296,-66.10175,1.301919071E9,776110,776759
776662,18.405355,-66.10168,1.301919071E9,776110,776759
776662,18.405367,-66.10159,1.301919071E9,776110,776759
776662,18.40548,-66.10163,1.301919071E9,776110,776759
776662,18.40556,-66.10165,1.301919071E9,776110,776759
776662,18.40564,-66.101685,1.301919071E9,776110,776759
776662,18.40572,-66.101746,1.301919071E9,776110,776759
776662,18.405802,-66.10179,1.301919071E9,776110,776759
776662,18.405865,-66.10185,1.301919071E9,776110,776759
776662,18.405924,-66.10192,1.301919071E9,776110,776759
776662,18.406004,-66.10198,1.301919071E9,776110,776759
776662,18.406075,-66.102036,1.301919071E9,776110,776759
776662,18.40616,-66.102066,1.301919071E9,776110,776759
776662,18.40624,-66.10212,1.301919071E9,776110,776759
776662,18.406317,-66.10218,1.301919071E9,776110,776759
776662,18.406391,-66.102234,1.301919071E9,776110,776759
776662,18.406466,-66.10229,1.301919071E9,776110,776759
776662,18.406557,-66.10234,1.301919071E9,776110,776759
776662,18.406643,-66.102394,1.301919071E9,776110,776759
776662,18.406717,-66.10245,1.301919071E9,776110,776759
776662,18.406797,-66.102486,1.301919071E9,776110,776759
776662,18.406868,-66.10254,1.301919071E9,776110,776759
776662,18.406939,-66.10261,1.301919071E9,776110,776759
776662,18.407013,-66.10267,1.301919071E9,776110,776759
776662,18.407087,-66.10273,1.301919071E9,776110,776759
776662,18.407164,-66.10278,1.301919071E9,776110,776759
776662,18.40726,-66.10284,1.301919071E9,776110,776759
776662,18.40734,-66.10287,1.301919071E9,776110,776759
776662,18.407415,-66.10292,1.301919071E9,776110,776759
776662,18.407484,-66.102974,1.301919071E9,776110,776759
776662,18.407564,-66.10301,1.301919071E9,776110,776759
776662,18.40764,-66.10306,1.301919071E9,776110,776759
776662,18.407732,-66.10308,1.301919071E9,776110,776759
776662,18.407818,-66.103134,1.301919071E9,776110,776759
776662,18.407883,-66.1032,1.301919071E9,776110,776759
776662,18.407936,-66.10327,1.301919071E9,776110,776759
776662,18.408058,-66.10329,1.301919071E9,776110,776759
776662,18.408182,-66.10324,1.301919071E9,776110,776759
776662,18.4083,-66.10325,1.301919071E9,776110,776759
776662,18.408413,-66.10329,1.301919071E9,776110,776759
776662,18.40852,-66.10333,1.301919071E9,776110,776759
776662,18.408579,-66.10343,1.301919071E9,776110,776759
776662,18.408632,-66.103516,1.301919071E9,776110,776759
776662,18.408676,-66.10361,1.301919071E9,776110,776759
776662,18.408768,-66.10364,1.301919071E9,776110,776759
776662,18.408836,-66.10371,1.301919071E9,776110,776759
776662,18.408928,-66.10374,1.301919071E9,776110,776759
776662,18.408895,-66.10384,1.301919071E9,776110,776759
776662,18.408875,-66.10393,1.301919071E9,776110,776759
776662,18.408842,-66.10401,1.301919071E9,776110,776759
776662,18.408794,-66.10409,1.301919071E9,776110,776759
776662,18.408762,-66.10418,1.301919071E9,776110,776759
776662,18.408718,-66.104256,1.301919071E9,776110,776759
776662,18.408682,-66.10435,1.301919071E9,776110,776759
776662,18.408644,-66.10444,1.301919071E9,776110,776759
776662,18.40859,-66.104515,1.301919071E9,776110,776759
776662,18.408564,-66.10461,1.301919071E9,776110,776759
776662,18.408552,-66.10469,1.301919071E9,776110,776759
776662,18.408504,-66.10476,1.301919071E9,776110,776759
776662,18.408457,-66.10485,1.301919071E9,776110,776759
776662,18.408424,-66.10494,1.301919071E9,776110,776759
776662,18.408375,-66.10501,1.301919071E9,776110,776759
776662,18.408339,-66.105125,1.301919071E9,776110,776759
776662,18.408241,-66.10517,1.301919071E9,776110,776759
776662,18.408161,-66.10521,1.301919071E9,776110,776759
776662,18.40809,-66.10527,1.301919071E9,776110,776759
776662,18.407995,-66.1053,1.301919071E9,776110,776759
776662,18.407898,-66.10533,1.301919071E9,776110,776759
776662,18.407818,-66.10534,1.301919071E9,776110,776759
776662,18.407726,-66.10541,1.301919071E9,776110,776759
776662,18.407652,-66.10546,1.301919071E9,776110,776759
776662,18.40756,-66.105484,1.301919071E9,776110,776759
776662,18.40748,-66.10552,1.301919071E9,776110,776759
776662,18.407377,-66.10551,1.301919071E9,776110,776759
776662,18.407288,-66.10548,1.301919071E9,776110,776759
776662,18.407206,-66.10545,1.301919071E9,776110,776759
776662,18.40712,-66.105446,1.301919071E9,776110,776759
776662,18.407034,-66.10543,1.301919071E9,776110,776759
776662,18.406933,-66.10542,1.301919071E9,776110,776759
776662,18.406853,-66.10543,1.301919071E9,776110,776759
776662,18.406729,-66.1054,1.301919071E9,776110,776759
776662,18.406605,-66.10538,1.301919071E9,776110,776759
776662,18.406492,-66.10533,1.301919071E9,776110,776759
776662,18.406376,-66.10529,1.301919071E9,776110,776759
776662,18.406282,-66.10526,1.301919071E9,776110,776759
776662,18.406202,-66.10525,1.301919071E9,776110,776759
776662,18.406116,-66.105225,1.301919071E9,776110,776759
776662,18.40603,-66.1052,1.301919071E9,776110,776759
776662,18.40595,-66.10516,1.301919071E9,776110,776759
776662,18.40585,-66.105194,1.301919071E9,776110,776759
776662,18.405764,-66.10521,1.301919071E9,776110,776759
776662,18.405693,-66.10526,1.301919071E9,776110,776759
776662,18.405613,-66.10531,1.301919071E9,776110,776759
776662,18.405489,-66.10532,1.301919071E9,776110,776759
776662,18.405397,-66.10536,1.301919071E9,776110,776759
776662,18.405323,-66.105415,1.301919071E9,776110,776759
776662,18.405243,-66.10544,1.301919071E9,776110,776759
776662,18.405157,-66.10547,1.301919071E9,776110,776759
776662,18.405075,-66.1055,1.301919071E9,776110,776759
776662,18.405,-66.105545,1.301919071E9,776110,776759
776662,18.404974,-66.10564,1.301919071E9,776110,776759
776662,18.40492,-66.10572,1.301919071E9,776110,776759
776662,18.404734,-66.10588,1.301919071E9,776110,776759
776662,18.404823,-66.10592,1.301919071E9,776110,776759
776662,18.4049,-66.10596,1.301919071E9,776110,776759
776662,18.404974,-66.106,1.301919071E9,776110,776759
776662,18.40505,-66.10606,1.301919071E9,776110,776759
776662,18.40513,-66.10612,1.301919071E9,776110,776759
776662,18.4052,-66.10617,1.301919071E9,776110,776759
776662,18.405275,-66.10621,1.301919071E9,776110,776759
776662,18.405376,-66.10621,1.301919071E9,776110,776759
776662,18.405468,-66.106224,1.301919071E9,776110,776759
776662,18.405548,-66.10625,1.301919071E9,776110,776759
776662,18.405628,-66.10628,1.301919071E9,776110,776759
776662,18.405716,-66.10628,1.301919071E9,776110,776759
776662,18.405817,-66.106285,1.301919071E9,776110,776759
776662,18.405903,-66.106316,1.301919071E9,776110,776759
776662,18.405989,-66.10633,1.301919071E9,776110,776759
776662,18.406075,-66.10637,1.301919071E9,776110,776759
776662,18.406193,-66.10644,1.301919071E9,776110,776759
776662,18.406288,-66.1065,1.301919071E9,776110,776759
776662,18.406397,-66.10655,1.301919071E9,776110,776759
776662,18.406487,-66.10659,1.301919071E9,776110,776759
776662,18.406569,-66.10662,1.301919071E9,776110,776759
776662,18.406643,-66.106674,1.301919071E9,776110,776759
776662,18.406713,-66.106735,1.301919071E9,776110,776759
776662,18.406803,-66.10679,1.301919071E9,776110,776759
776662,18.406906,-66.10679,1.301919071E9,776110,776759
776662,18.406998,-66.1068,1.301919071E9,776110,776759
776662,18.407084,-66.106804,1.301919071E9,776110,776759
776662