9071E9,776110,776759
776662,36.264053,29.65858,1.301919071E9,776110,776759
776662,36.264156,29.658545,1.301919071E9,776110,776759
776662,36.26424,29.65849,1.301919071E9,776110,776759
776662,36.2643,29.65841,1.301919071E9,776110,776759
776662,36.264374,29.658363,1.301919071E9,776110,776759
776662,36.264484,29.658218,1.301919071E9,776110,776759
776662,36.264553,29.658134,1.301919071E9,776110,776759
776662,36.264626,29.658047,1.301919071E9,776110,776759
776662,36.26467,29.657938,1.301919071E9,776110,776759
776662,36.264744,29.657822,1.301919071E9,776110,776759
776662,36.264862,29.657705,1.301919071E9,776110,776759
776662,36.26495,29.657642,1.301919071E9,776110,776759
776662,36.265007,29.65752,1.301919071E9,776110,776759
776662,36.265064,29.65744,1.301919071E9,776110,776759
776662,36.265167,29.657267,1.301919071E9,776110,776759
776662,36.265217,29.657173,1.301919071E9,776110,776759
776662,36.265263,29.657082,1.301919071E9,776110,776759
776662,36.265312,29.65697,1.301919071E9,776110,776759
776662,36.2654,29.656805,1.301919071E9,776110,776759
776662,36.26549,29.656767,1.301919071E9,776110,776759
776662,36.265583,29.656761,1.301919071E9,776110,776759
776662,36.265667,29.656729,1.301919071E9,776110,776759
776662,36.265804,29.656675,1.301919071E9,776110,776759
776662,36.265934,29.65656,1.301919071E9,776110,776759
776662,36.265987,29.65648,1.301919071E9,776110,776759
776662,36.266083,29.656332,1.301919071E9,776110,776759
776662,36.266132,29.656254,1.301919071E9,776110,776759
776662,36.266262,29.656193,1.301919071E9,776110,776759
776662,36.266342,29.656218,1.301919071E9,776110,776759
776662,36.26649,29.656286,1.301919071E9,776110,776759
776662,36.266556,29.656351,1.301919071E9,776110,776759
776662,36.266693,29.656477,1.301919071E9,776110,776759
776662,36.26678,29.656544,1.301919071E9,776110,776759
776662,36.26686,29.656603,1.301919071E9,776110,776759
776662,36.266953,29.65666,1.301919071E9,776110,776759
776662,36.267048,29.656693,1.301919071E9,776110,776759
776662,36.267178,29.6567,1.301919071E9,776110,776759
776662,36.26733,29.656559,1.301919071E9,776110,776759
776662,36.267433,29.656532,1.301919071E9,776110,776759
776662,36.26757,29.656477,1.301919071E9,776110,776759
776662,36.26766,29.656456,1.301919071E9,776110,776759
776662,36.2678,29.656464,1.301919071E9,776110,776759
776662,36.267998,29.656586,1.301919071E9,776110,776759
776662,36.268055,29.656668,1.301919071E9,776110,776759
776662,36.2681,29.656786,1.301919071E9,776110,776759
776662,36.268158,29.656874,1.301919071E9,776110,776759
776662,36.268223,29.656961,1.301919071E9,776110,776759
776662,36.268295,29.657026,1.301919071E9,776110,776759
776662,36.26836,29.657091,1.301919071E9,776110,776759
776662,36.26844,29.657152,1.301919071E9,776110,776759
776662,36.26857,29.65728,1.301919071E9,776110,776759
776662,36.268646,29.657349,1.301919071E9,776110,776759
776662,36.268715,29.657436,1.301919071E9,776110,776759
776662,36.2688,29.657495,1.301919071E9,776110,776759
776662,36.26887,29.657537,1.301919071E9,776110,776759
776662,36.26901,29.657665,1.301919071E9,776110,776759
776662,36.269085,29.657837,1.301919071E9,776110,776759
776662,36.269115,29.657963,1.301919071E9,776110,776759
776662,36.26915,29.658092,1.301919071E9,776110,776759
776662,36.269173,29.658213,1.301919071E9,776110,776759
776662,36.269196,29.65832,1.301919071E9,776110,776759
776662,36.269245,29.658522,1.301919071E9,776110,776759
776662,36.26931,29.658693,1.301919071E9,776110,776759
776662,36.269367,29.658836,1.301919071E9,776110,776759
776662,36.269413,29.658924,1.301919071E9,776110,776759
776662,36.269367,29.65882,1.301919071E9,776110,776759
776662,36.269356,29.65869,1.301919071E9,776110,776759
776662,36.269363,29.658579,1.301919071E9,776110,776759
776662,36.269337,29.658466,1.301919071E9,776110,776759
776662,36.269276,29.658388,1.301919071E9,776110,776759
776662,36.269295,29.658491,1.301919071E9,776110,776759
776662,36.269333,29.658596,1.301919071E9,776110,776759
776662,36.269356,29.658722,1.301919071E9,776110,776759
776662,36.2694,29.65883,1.301919071E9,776110,776759
776662,36.26945,29.65893,1.301919071E9,776110,776759
776662,36.269432,29.659056,1.301919071E9,776110,776759
776662,36.269405,29.659166,1.301919071E9,776110,776759
776662,36.269367,29.659304,1.301919071E9,776110,776759
776662,36.26934,29.65942,1.301919071E9,776110,776759
776662,36.269318,29.659517,1.301919071E9,776110,776759
776662,36.26928,29.659632,1.301919071E9,776110,776759
776662,36.269245,29.65976,1.301919071E9,776110,776759
776662,36.26921,29.659887,1.301919071E9,776110,776759
776662,36.26917,29.660015,1.301919071E9,776110,776759
776662,36.269142,29.660145,1.301919071E9,776110,776759
776662,36.269108,29.660307,1.301919071E9,776110,776759
776662,36.269085,29.660416,1.301919071E9,776110,776759
776662,36.269062,29.660524,1.301919071E9,776110,776759
776662,36.26905,29.660631,1.301919071E9,776110,776759
776662,36.269016,29.66076,1.301919071E9,776110,776759
776662,36.26898,29.660852,1.301919071E9,776110,776759
776662,36.268948,29.66095,1.301919071E9,776110,776759
776662,36.2689,29.661066,1.301919071E9,776110,776759
776662,36.26885,29.661171,1.301919071E9,776110,776759
776662,36.26878,29.66122,1.301919071E9,776110,776759
776662,36.268707,29.661278,1.301919071E9,776110,776759
776662,36.26863,29.661343,1.301919071E9,776110,776759
776662,36.26855,29.66138,1.301919071E9,776110,776759
776662,36.268463,29.661427,1.301919071E9,776110,776759
776662,36.268394,29.661507,1.301919071E9,776110,776759
776662,36.26835,29.66161,1.301919071E9,776110,776759
776662,36.26833,29.66172,1.301919071E9,776110,776759
776662,36.268375,29.66185,1.301919071E9,776110,776759
776662,36.26843,29.66196,1.301919071E9,776110,776759
776662,36.268505,29.662064,1.301919071E9,776110,776759
776662,36.268566,29.662172,1.301919071E9,776110,776759
776662,36.268635,29.662285,1.301919071E9,776110,776759
776662,36.268684,29.662376,1.301919071E9,776110,776759
776662,36.26872,29.662468,1.301919071E9,776110,776759
776662,36.268764,29.662586,1.301919071E9,776110,776759
776662,36.268795,29.662699,1.301919071E9,776110,776759
776662,36.268814,29.662819,1.301919071E9,776110,776759
776662,36.268845,29.662922,1.301919071E9,776110,776759
776662,36.268906,29.663055,1.301919071E9,776110,776759
776662,36.26897,29.663155,1.301919071E9,776110,776759
776662,36.26902,29.663288,1.301919071E9,776110,776759
776662,36.26904,29.663427,1.301919071E9,776110,776759
776662,36.26903,29.663546,1.301919071E9,776110,776759
776662,36.269016,29.663683,1.301919071E9,776110,776759
776662,36.26899,29.663797,1.301919071E9,776110,776759
776662,36.268974,29.663916,1.301919071E9,776110,776759
776662,36.26898,29.664036,1.301919071E9,776110,776759
776662,36.268997,29.664175,1.301919071E9,776110,776759
776662,36.26904,29.664265,1.301919071E9,776110,776759
776662,36.26909,29.664383,1.301919071E9,776110,776759
776662,36.26914,29.664495,1.301919071E9,776110,776759
776662,36.26916,29.664627,1.301919071E9,776110,776759
776662,36.26921,29.664757,1.301919071E9,776110,776759
776662,36.269268,29.664879,1.301919071E9,776110,776759
776662,36.26933,29.664986,1.301919071E9,776110,776759
776662,36.269413,29.66507,1.301919071E9,776110,776759
776662,36.26949,29.665161,1.301919071E9,776110,776759
776662,36.269573,29.665228,1.301919071E9,776110,776759
776662,36.26967,29.665276,1.301919071E9,776110,776759
776662,36.269756,29.665365,1.301919071E9,776110,776759
776662,36.26981,29.665443,1.301919071E9,776110,776759
776662,36.26986,29.66553,1.301919071E9,776110,776759
776662,36.269897,29.665617,1.301919071E9,776110,776759
776662,36.269947,29.665747,1.301919071E9,776110,776759
776662,36.269966,29.665894,1.301919071E9,776110,776759
776662,36.269974,29.66604,1.301919071E9,776110,776759
776662,36.269955,29.666142,1.301919071E9,776110,776759
776662,36.269947,29.66624,1.301919071E9,776110,776759
776662,36.269928,29.666359,1.301919071E9,776110,776759
776662,36.269905,29.66648,1.301919071E9,776110,776759
776662,36.269886,29.666594,1.301919071E9,776110,776759
776662,36.26982,29.666681,1.301919071E9,776