,1.301919071E9,776110,776759
776662,38.0217,-97.91795,1.301919071E9,776110,776759
776662,38.021664,-97.9178,1.301919071E9,776110,776759
776662,38.02162,-97.91764,1.301919071E9,776110,776759
776662,38.02158,-97.91747,1.301919071E9,776110,776759
776662,38.021534,-97.917305,1.301919071E9,776110,776759
776662,38.0215,-97.91713,1.301919071E9,776110,776759
776662,38.021458,-97.916954,1.301919071E9,776110,776759
776662,38.021416,-97.91678,1.301919071E9,776110,776759
776662,38.02138,-97.91662,1.301919071E9,776110,776759
776662,38.021328,-97.91636,1.301919071E9,776110,776759
776662,38.021275,-97.91618,1.301919071E9,776110,776759
776662,38.021202,-97.916016,1.301919071E9,776110,776759
776662,38.02112,-97.91586,1.301919071E9,776110,776759
776662,38.02106,-97.91579,1.301919071E9,776110,776759
776662,38.02097,-97.915665,1.301919071E9,776110,776759
776662,38.020844,-97.91557,1.301919071E9,776110,776759
776662,38.020718,-97.91549,1.301919071E9,776110,776759
776662,38.020584,-97.91542,1.301919071E9,776110,776759
776662,38.02046,-97.91536,1.301919071E9,776110,776759
776662,38.020336,-97.91527,1.301919071E9,776110,776759
776662,38.02022,-97.91516,1.301919071E9,776110,776759
776662,38.020073,-97.91494,1.301919071E9,776110,776759
776662,38.019974,-97.91482,1.301919071E9,776110,776759
776662,38.01988,-97.91469,1.301919071E9,776110,776759
776662,38.019787,-97.914566,1.301919071E9,776110,776759
776662,38.01969,-97.914444,1.301919071E9,776110,776759
776662,38.019604,-97.914314,1.301919071E9,776110,776759
776662,38.019527,-97.91417,1.301919071E9,776110,776759
776662,38.019474,-97.914024,1.301919071E9,776110,776759
776662,38.019444,-97.91385,1.301919071E9,776110,776759
776662,38.01946,-97.91367,1.301919071E9,776110,776759
776662,38.01951,-97.9135,1.301919071E9,776110,776759
776662,38.019585,-97.913345,1.301919071E9,776110,776759
776662,38.019695,-97.91322,1.301919071E9,776110,776759
776662,38.01981,-97.913155,1.301919071E9,776110,776759
776662,38.019943,-97.91309,1.301919071E9,776110,776759
776662,38.020073,-97.91306,1.301919071E9,776110,776759
776662,38.02021,-97.91305,1.301919071E9,776110,776759
776662,38.020363,-97.91307,1.301919071E9,776110,776759
776662,38.020496,-97.91311,1.301919071E9,776110,776759
776662,38.020622,-97.91315,1.301919071E9,776110,776759
776662,38.020756,-97.9132,1.301919071E9,776110,776759
776662,38.020893,-97.91324,1.301919071E9,776110,776759
776662,38.02104,-97.91327,1.301919071E9,776110,776759
776662,38.021175,-97.9133,1.301919071E9,776110,776759
776662,38.02129,-97.913315,1.301919071E9,776110,776759
776662,38.021423,-97.91331,1.301919071E9,776110,776759
776662,38.021557,-97.91328,1.301919071E9,776110,776759
776662,38.02169,-97.913246,1.301919071E9,776110,776759
776662,38.021812,-97.91319,1.301919071E9,776110,776759
776662,38.021957,-97.91314,1.301919071E9,776110,776759
776662,38.022106,-97.9131,1.301919071E9,776110,776759
776662,38.022243,-97.91308,1.301919071E9,776110,776759
776662,38.022327,-97.91306,1.301919071E9,776110,776759
776662,38.022472,-97.913055,1.301919071E9,776110,776759
776662,38.022697,-97.91305,1.301919071E9,776110,776759
776662,38.022842,-97.91304,1.301919071E9,776110,776759
776662,38.023,-97.91304,1.301919071E9,776110,776759
776662,38.023155,-97.91304,1.301919071E9,776110,776759
776662,38.023304,-97.91305,1.301919071E9,776110,776759
776662,38.023468,-97.913055,1.301919071E9,776110,776759
776662,38.023605,-97.91306,1.301919071E9,776110,776759
776662,38.023823,-97.91306,1.301919071E9,776110,776759
776662,38.023964,-97.91305,1.301919071E9,776110,776759
776662,38.024094,-97.91303,1.301919071E9,776110,776759
776662,38.024242,-97.91303,1.301919071E9,776110,776759
776662,38.024387,-97.91304,1.301919071E9,776110,776759
776662,38.024536,-97.91303,1.301919071E9,776110,776759
776662,38.02469,-97.91304,1.301919071E9,776110,776759
776662,38.02484,-97.91303,1.301919071E9,776110,776759
776662,38.024982,-97.91303,1.301919071E9,776110,776759
776662,38.025135,-97.913025,1.301919071E9,776110,776759
776662,38.02529,-97.913025,1.301919071E9,776110,776759
776662,38.025444,-97.913025,1.301919071E9,776110,776759
776662,38.025608,-97.913025,1.301919071E9,776110,776759
776662,38.025772,-97.91303,1.301919071E9,776110,776759
776662,38.025925,-97.91304,1.301919071E9,776110,776759
776662,38.02601,-97.91303,1.301919071E9,776110,776759
776662,38.02616,-97.913055,1.301919071E9,776110,776759
776662,38.0263,-97.913124,1.301919071E9,776110,776759
776662,38.026417,-97.913216,1.301919071E9,776110,776759
776662,38.02652,-97.91332,1.301919071E9,776110,776759
776662,38.026623,-97.91347,1.301919071E9,776110,776759
776662,38.026703,-97.91362,1.301919071E9,776110,776759
776662,38.026752,-97.91371,1.301919071E9,776110,776759
776662,38.026806,-97.91389,1.301919071E9,776110,776759
776662,38.02689,-97.914154,1.301919071E9,776110,776759
776662,38.026924,-97.914314,1.301919071E9,776110,776759
776662,38.02696,-97.91449,1.301919071E9,776110,776759
776662,38.026978,-97.91465,1.301919071E9,776110,776759
776662,38.027008,-97.9148,1.301919071E9,776110,776759
776662,38.027046,-97.91494,1.301919071E9,776110,776759
776662,38.027092,-97.91514,1.301919071E9,776110,776759
776662,38.02712,-97.91531,1.301919071E9,776110,776759
776662,38.027145,-97.91548,1.301919071E9,776110,776759
776662,38.02719,-97.91565,1.301919071E9,776110,776759
776662,38.02725,-97.915794,1.301919071E9,776110,776759
776662,38.02729,-97.915924,1.301919071E9,776110,776759
776662,38.027378,-97.91606,1.301919071E9,776110,776759
776662,38.02749,-97.91619,1.301919071E9,776110,776759
776662,38.027573,-97.91627,1.301919071E9,776110,776759
776662,38.027695,-97.916374,1.301919071E9,776110,776759
776662,38.02783,-97.91647,1.301919071E9,776110,776759
776662,38.027954,-97.91652,1.301919071E9,776110,776759
776662,38.028084,-97.91655,1.301919071E9,776110,776759
776662,38.028206,-97.91657,1.301919071E9,776110,776759
776662,38.02833,-97.91662,1.301919071E9,776110,776759
776662,38.028465,-97.9168,1.301919071E9,776110,776759
776662,38.0285,-97.91699,1.301919071E9,776110,776759
776662,38.02853,-97.91715,1.301919071E9,776110,776759
776662,38.028587,-97.91732,1.301919071E9,776110,776759
776662,38.02865,-97.91747,1.301919071E9,776110,776759
776662,38.02872,-97.9176,1.301919071E9,776110,776759
776662,38.028805,-97.91771,1.301919071E9,776110,776759
776662,38.02889,-97.91782,1.301919071E9,776110,776759
776662,38.028965,-97.91794,1.301919071E9,776110,776759
776662,38.029045,-97.91802,1.301919071E9,776110,776759
776662,38.02915,-97.91814,1.301919071E9,776110,776759
776662,38.02925,-97.918274,1.301919071E9,776110,776759
776662,38.029346,-97.9184,1.301919071E9,776110,776759
776662,38.02943,-97.91853,1.301919071E9,776110,776759
776662,38.029507,-97.91866,1.301919071E9,776110,776759
776662,38.029602,-97.9188,1.301919071E9,776110,776759
776662,38.029694,-97.91893,1.301919071E9,776110,776759
776662,38.02979,-97.91908,1.301919071E9,776110,776759
776662,38.029873,-97.91923,1.301919071E9,776110,776759
776662,38.02995,-97.919365,1.301919071E9,776110,776759
776662,38.030025,-97.91951,1.301919071E9,776110,776759
776662,38.03009,-97.919655,1.301919071E9,776110,776759
776662,38.03012,-97.919754,1.301919071E9,776110,776759
776662,38.030205,-97.92005,1.301919071E9,776110,776759
776662,38.030254,-97.92029,1.301919071E9,776110,776759
776662,38.03029,-97.920555,1.301919071E9,776110,776759
776662,38.030277,-97.92075,1.301919071E9,776110,776759
776662,38.03026,-97.920944,1.301919071E9,776110,776759
776662,38.03023,-97.92113,1.301919071E9,776110,776759
776662,38.030212,-97.92131,1.301919071E9,776110,776759
776662,38.03018,-97.921486,1.301919071E9,776110,776759
776662,38.03014,-97.92166,1.301919071E9,776110,776759
776662,38.030094,-97.921814,1.301919071E9,776110,776759
776662,38.030052,-97.92198,1.301919071E9,776110,776759
776662,38.029995,-97.92214,1.301919071E9,776110,776759
776662,38.029945,-97.92231,1.301919071E9,776110,776759
776662,38.02988,-97.92247,1.301919071E9,776110,776759
776662,38.02984,-97.92264,1.301919071E9,776110,776759
776662,38.02981,-97.92283,1.30191