662,18.382797,-66.13814,1.301919071E9,776110,776759
776662,18.382767,-66.1384,1.301919071E9,776110,776759
776662,18.382738,-66.13864,1.301919071E9,776110,776759
776662,18.382727,-66.13884,1.301919071E9,776110,776759
776662,18.382732,-66.13902,1.301919071E9,776110,776759
776662,18.38274,-66.1392,1.301919071E9,776110,776759
776662,18.382612,-66.13931,1.301919071E9,776110,776759
776662,18.382454,-66.13933,1.301919071E9,776110,776759
776662,18.38227,-66.13935,1.301919071E9,776110,776759
776662,18.382078,-66.139366,1.301919071E9,776110,776759
776662,18.381832,-66.13936,1.301919071E9,776110,776759
776662,18.381659,-66.13933,1.301919071E9,776110,776759
776662,18.38148,-66.13931,1.301919071E9,776110,776759
776662,18.381319,-66.13929,1.301919071E9,776110,776759
776662,18.381489,-66.13932,1.301919071E9,776110,776759
776662,18.381687,-66.13933,1.301919071E9,776110,776759
776662,18.381842,-66.13933,1.301919071E9,776110,776759
776662,18.38202,-66.13932,1.301919071E9,776110,776759
776662,18.382198,-66.13931,1.301919071E9,776110,776759
776662,18.38238,-66.139305,1.301919071E9,776110,776759
776662,18.382553,-66.13929,1.301919071E9,776110,776759
776662,18.382725,-66.13925,1.301919071E9,776110,776759
776662,18.382757,-66.139084,1.301919071E9,776110,776759
776662,18.382744,-66.138916,1.301919071E9,776110,776759
776662,18.382742,-66.13871,1.301919071E9,776110,776759
776662,18.382761,-66.138504,1.301919071E9,776110,776759
776662,18.382792,-66.13832,1.301919071E9,776110,776759
776662,18.38283,-66.138115,1.301919071E9,776110,776759
776662,18.382933,-66.13772,1.301919071E9,776110,776759
776662,18.382982,-66.13755,1.301919071E9,776110,776759
776662,18.383053,-66.13733,1.301919071E9,776110,776759
776662,18.38316,-66.137,1.301919071E9,776110,776759
776662,18.383211,-66.13682,1.301919071E9,776110,776759
776662,18.383268,-66.13666,1.301919071E9,776110,776759
776662,18.383423,-66.13656,1.301919071E9,776110,776759
776662,18.383883,-66.13672,1.301919071E9,776110,776759
776662,18.384336,-66.13685,1.301919071E9,776110,776759
776662,18.384764,-66.13698,1.301919071E9,776110,776759
776662,18.38518,-66.1371,1.301919071E9,776110,776759
776662,18.38563,-66.13719,1.301919071E9,776110,776759
776662,18.385773,-66.13723,1.301919071E9,776110,776759
776662,18.385956,-66.13727,1.301919071E9,776110,776759
776662,18.38608,-66.1374,1.301919071E9,776110,776759
776662,18.386086,-66.137436,1.301919071E9,776110,776759
776662,18.386105,-66.13761,1.301919071E9,776110,776759
776662,18.386124,-66.13779,1.301919071E9,776110,776759
776662,18.386307,-66.137924,1.301919071E9,776110,776759
776662,18.386452,-66.137856,1.301919071E9,776110,776759
776662,18.386642,-66.13775,1.301919071E9,776110,776759
776662,18.387068,-66.137695,1.301919071E9,776110,776759
776662,18.387152,-66.13767,1.301919071E9,776110,776759
776662,18.387333,-66.137634,1.301919071E9,776110,776759
776662,18.387514,-66.137596,1.301919071E9,776110,776759
776662,18.387695,-66.137566,1.301919071E9,776110,776759
776662,18.387867,-66.137535,1.301919071E9,776110,776759
776662,18.388033,-66.137505,1.301919071E9,776110,776759
776662,18.388186,-66.137474,1.301919071E9,776110,776759
776662,18.388338,-66.13745,1.301919071E9,776110,776759
776662,18.388523,-66.13743,1.301919071E9,776110,776759
776662,18.388706,-66.137405,1.301919071E9,776110,776759
776662,18.388891,-66.137375,1.301919071E9,776110,776759
776662,18.389065,-66.13733,1.301919071E9,776110,776759
776662,18.389223,-66.13728,1.301919071E9,776110,776759
776662,18.38932,-66.13727,1.301919071E9,776110,776759
776662,18.389425,-66.13726,1.301919071E9,776110,776759
776662,18.389528,-66.13725,1.301919071E9,776110,776759
776662,18.389635,-66.13725,1.301919071E9,776110,776759
776662,18.389742,-66.13726,1.301919071E9,776110,776759
776662,18.389915,-66.13727,1.301919071E9,776110,776759
776662,18.390099,-66.13727,1.301919071E9,776110,776759
776662,18.39025,-66.13733,1.301919071E9,776110,776759
776662,18.390402,-66.13742,1.301919071E9,776110,776759
776662,18.39055,-66.13751,1.301919071E9,776110,776759
776662,18.390692,-66.137596,1.301919071E9,776110,776759
776662,18.390762,-66.13764,1.301919071E9,776110,776759
776662,18.390926,-66.13774,1.301919071E9,776110,776759
776662,18.390991,-66.13778,1.301919071E9,776110,776759
776662,18.391129,-66.13787,1.301919071E9,776110,776759
776662,18.391254,-66.13796,1.301919071E9,776110,776759
776662,18.391363,-66.13812,1.301919071E9,776110,776759
776662,18.39141,-66.138306,1.301919071E9,776110,776759
776662,18.391457,-66.13849,1.301919071E9,776110,776759
776662,18.391537,-66.13864,1.301919071E9,776110,776759
776662,18.391857,-66.13896,1.301919071E9,776110,776759
776662,18.391924,-66.13899,1.301919071E9,776110,776759
776662,18.392134,-66.13902,1.301919071E9,776110,776759
776662,18.392326,-66.13897,1.301919071E9,776110,776759
776662,18.392488,-66.1389,1.301919071E9,776110,776759
776662,18.392673,-66.13893,1.301919071E9,776110,776759
776662,18.39299,-66.138824,1.301919071E9,776110,776759
776662,18.393152,-66.138596,1.301919071E9,776110,776759
776662,18.39329,-66.13841,1.301919071E9,776110,776759
776662,18.393448,-66.13842,1.301919071E9,776110,776759
776662,18.393635,-66.138435,1.301919071E9,776110,776759
776662,18.393839,-66.138466,1.301919071E9,776110,776759
776662,18.39399,-66.138504,1.301919071E9,776110,776759
776662,18.39414,-66.138565,1.301919071E9,776110,776759
776662,18.39427,-66.13866,1.301919071E9,776110,776759
776662,18.394375,-66.13881,1.301919071E9,776110,776759
776662,18.394482,-66.13897,1.301919071E9,776110,776759
776662,18.394594,-66.13911,1.301919071E9,776110,776759
776662,18.394648,-66.13917,1.301919071E9,776110,776759
776662,18.394756,-66.13929,1.301919071E9,776110,776759
776662,18.39488,-66.13943,1.301919071E9,776110,776759
776662,18.395,-66.13958,1.301919071E9,776110,776759
776662,18.395094,-66.13972,1.301919071E9,776110,776759
776662,18.395142,-66.139786,1.301919071E9,776110,776759
776662,18.39525,-66.13992,1.301919071E9,776110,776759
776662,18.395367,-66.14006,1.301919071E9,776110,776759
776662,18.395489,-66.140205,1.301919071E9,776110,776759
776662,18.395597,-66.140335,1.301919071E9,776110,776759
776662,18.395725,-66.14047,1.301919071E9,776110,776759
776662,18.395897,-66.14059,1.301919071E9,776110,776759
776662,18.396149,-66.14074,1.301919071E9,776110,776759
776662,18.39648,-66.14105,1.301919071E9,776110,776759
776662,18.396551,-66.14119,1.301919071E9,776110,776759
776662,18.396645,-66.14134,1.301919071E9,776110,776759
776662,18.396744,-66.141495,1.301919071E9,776110,776759
776662,18.396841,-66.141655,1.301919071E9,776110,776759
776662,18.396952,-66.141815,1.301919071E9,776110,776759
776662,18.397043,-66.141945,1.301919071E9,776110,776759
776662,18.397154,-66.142105,1.301919071E9,776110,776759
776662,18.39725,-66.14224,1.301919071E9,776110,776759
776662,18.397331,-66.1424,1.301919071E9,776110,776759
776662,18.397402,-66.14255,1.301919071E9,776110,776759
776662,18.397495,-66.142715,1.301919071E9,776110,776759
776662,18.397617,-66.1429,1.301919071E9,776110,776759
776662,18.39774,-66.14307,1.301919071E9,776110,776759
776662,18.397854,-66.14321,1.301919071E9,776110,776759
776662,18.398134,-66.14356,1.301919071E9,776110,776759
776662,18.39828,-66.143776,1.301919071E9,776110,776759
776662,18.398373,-66.14392,1.301919071E9,776110,776759
776662,18.398464,-66.14405,1.301919071E9,776110,776759
776662,18.398512,-66.14412,1.301919071E9,776110,776759
776662,18.398615,-66.14425,1.301919071E9,776110,776759
776662,18.398643,-66.14429,1.301919071E9,776110,776759
776662,18.398754,-66.14442,1.301919071E9,776110,776759
776662,18.398914,-66.144646,1.301919071E9,776110,776759
776662,18.39915,-66.14505,1.301919071E9,776110,776759
776662,18.399254,-66.1452,1.301919071E9,776110,776759
776662,18.39936,-66.14536,1.301919071E9,776110,776759
776662,18.399464,-66.145515,1.301919071E9,776110,776759
776662,18.399569,-66.14567,1.301919071E9,776110,776759
776662,18.399685,-66.14582,1.301919071E9,776110,776759
776662,18.39981,-66.14597,1.301919071E9,776110,776759
776662,18.399902,-66.14609,1.30