-70.66445,1.301919071E9,776110,776759
776662,-33.438812,-70.66457,1.301919071E9,776110,776759
776662,-33.439137,-70.664734,1.301919071E9,776110,776759
776662,-33.439262,-70.664764,1.301919071E9,776110,776759
776662,-33.43936,-70.66478,1.301919071E9,776110,776759
776662,-33.439564,-70.66482,1.301919071E9,776110,776759
776662,-33.439663,-70.66483,1.301919071E9,776110,776759
776662,-33.43977,-70.664856,1.301919071E9,776110,776759
776662,-33.439915,-70.66488,1.301919071E9,776110,776759
776662,-33.440094,-70.66493,1.301919071E9,776110,776759
776662,-33.440243,-70.66499,1.301919071E9,776110,776759
776662,-33.4404,-70.66505,1.301919071E9,776110,776759
776662,-33.44057,-70.66506,1.301919071E9,776110,776759
776662,-33.440727,-70.66508,1.301919071E9,776110,776759
776662,-33.440823,-70.66508,1.301919071E9,776110,776759
776662,-33.440914,-70.66508,1.301919071E9,776110,776759
776662,-33.441017,-70.664925,1.301919071E9,776110,776759
776662,-33.441036,-70.66482,1.301919071E9,776110,776759
776662,-33.441044,-70.66468,1.301919071E9,776110,776759
776662,-33.44105,-70.66455,1.301919071E9,776110,776759
776662,-33.44105,-70.66455,1.301919071E9,776110,776759
776662,-33.43466,-70.6342,1.301919071E9,776110,776759
776662,-33.434605,-70.63428,1.301919071E9,776110,776759
776662,-33.43486,-70.63412,1.301919071E9,776110,776759
776662,-33.434494,-70.634415,1.301919071E9,776110,776759
776662,-33.4346,-70.63427,1.301919071E9,776110,776759
776662,-33.43464,-70.63437,1.301919071E9,776110,776759
776662,-33.434696,-70.63453,1.301919071E9,776110,776759
776662,-33.434723,-70.63465,1.301919071E9,776110,776759
776662,-33.434753,-70.63478,1.301919071E9,776110,776759
776662,-33.434772,-70.63489,1.301919071E9,776110,776759
776662,-33.434834,-70.63501,1.301919071E9,776110,776759
776662,-33.43484,-70.63515,1.301919071E9,776110,776759
776662,-33.43484,-70.635284,1.301919071E9,776110,776759
776662,-33.434845,-70.63542,1.301919071E9,776110,776759
776662,-33.434868,-70.63553,1.301919071E9,776110,776759
776662,-33.434902,-70.63569,1.301919071E9,776110,776759
776662,-33.434906,-70.63585,1.301919071E9,776110,776759
776662,-33.43487,-70.63604,1.301919071E9,776110,776759
776662,-33.434868,-70.636215,1.301919071E9,776110,776759
776662,-33.434875,-70.636406,1.301919071E9,776110,776759
776662,-33.434883,-70.636566,1.301919071E9,776110,776759
776662,-33.434887,-70.63669,1.301919071E9,776110,776759
776662,-33.434895,-70.63682,1.301919071E9,776110,776759
776662,-33.4349,-70.63702,1.301919071E9,776110,776759
776662,-33.43488,-70.63713,1.301919071E9,776110,776759
776662,-33.434856,-70.63726,1.301919071E9,776110,776759
776662,-33.434834,-70.637405,1.301919071E9,776110,776759
776662,-33.434814,-70.63753,1.301919071E9,776110,776759
776662,-33.434776,-70.63773,1.301919071E9,776110,776759
776662,-33.43475,-70.63789,1.301919071E9,776110,776759
776662,-33.434734,-70.638016,1.301919071E9,776110,776759
776662,-33.43474,-70.638145,1.301919071E9,776110,776759
776662,-33.434734,-70.63827,1.301919071E9,776110,776759
776662,-33.434727,-70.638405,1.301919071E9,776110,776759
776662,-33.434715,-70.63852,1.301919071E9,776110,776759
776662,-33.434727,-70.638855,1.301919071E9,776110,776759
776662,-33.434937,-70.638725,1.301919071E9,776110,776759
776662,-33.435123,-70.63886,1.301919071E9,776110,776759
776662,-33.435238,-70.63889,1.301919071E9,776110,776759
776662,-33.435337,-70.63892,1.301919071E9,776110,776759
776662,-33.435432,-70.63895,1.301919071E9,776110,776759
776662,-33.43554,-70.63898,1.301919071E9,776110,776759
776662,-33.43564,-70.63901,1.301919071E9,776110,776759
776662,-33.435844,-70.63894,1.301919071E9,776110,776759
776662,-33.435936,-70.63896,1.301919071E9,776110,776759
776662,-33.436066,-70.639,1.301919071E9,776110,776759
776662,-33.436188,-70.63903,1.301919071E9,776110,776759
776662,-33.436295,-70.63906,1.301919071E9,776110,776759
776662,-33.436405,-70.639084,1.301919071E9,776110,776759
776662,-33.43653,-70.63912,1.301919071E9,776110,776759
776662,-33.43665,-70.63915,1.301919071E9,776110,776759
776662,-33.43675,-70.639175,1.301919071E9,776110,776759
776662,-33.436836,-70.6392,1.301919071E9,776110,776759
776662,-33.43695,-70.63948,1.301919071E9,776110,776759
776662,-33.436947,-70.63961,1.301919071E9,776110,776759
776662,-33.436943,-70.63985,1.301919071E9,776110,776759
776662,-33.436943,-70.64001,1.301919071E9,776110,776759
776662,-33.436928,-70.64015,1.301919071E9,776110,776759
776662,-33.43691,-70.64032,1.301919071E9,776110,776759
776662,-33.436893,-70.64046,1.301919071E9,776110,776759
776662,-33.43688,-70.64064,1.301919071E9,776110,776759
776662,-33.436855,-70.64082,1.301919071E9,776110,776759
776662,-33.436832,-70.64101,1.301919071E9,776110,776759
776662,-33.436813,-70.641174,1.301919071E9,776110,776759
776662,-33.436794,-70.64133,1.301919071E9,776110,776759
776662,-33.436775,-70.641464,1.301919071E9,776110,776759
776662,-33.43675,-70.641685,1.301919071E9,776110,776759
776662,-33.43673,-70.641846,1.301919071E9,776110,776759
776662,-33.436707,-70.64203,1.301919071E9,776110,776759
776662,-33.436687,-70.64219,1.301919071E9,776110,776759
776662,-33.436665,-70.64237,1.301919071E9,776110,776759
776662,-33.43664,-70.64254,1.301919071E9,776110,776759
776662,-33.436623,-70.64269,1.301919071E9,776110,776759
776662,-33.436607,-70.64282,1.301919071E9,776110,776759
776662,-33.436592,-70.64293,1.301919071E9,776110,776759
776662,-33.436573,-70.643036,1.301919071E9,776110,776759
776662,-33.436546,-70.64316,1.301919071E9,776110,776759
776662,-33.43655,-70.64327,1.301919071E9,776110,776759
776662,-33.43656,-70.6434,1.301919071E9,776110,776759
776662,-33.436577,-70.64352,1.301919071E9,776110,776759
776662,-33.436592,-70.64368,1.301919071E9,776110,776759
776662,-33.436607,-70.643814,1.301919071E9,776110,776759
776662,-33.436646,-70.64414,1.301919071E9,776110,776759
776662,-33.436657,-70.64426,1.301919071E9,776110,776759
776662,-33.436684,-70.64453,1.301919071E9,776110,776759
776662,-33.436707,-70.64475,1.301919071E9,776110,776759
776662,-33.43672,-70.64493,1.301919071E9,776110,776759
776662,-33.436745,-70.64514,1.301919071E9,776110,776759
776662,-33.436756,-70.645256,1.301919071E9,776110,776759
776662,-33.43677,-70.64539,1.301919071E9,776110,776759
776662,-33.436787,-70.64555,1.301919071E9,776110,776759
776662,-33.4368,-70.64567,1.301919071E9,776110,776759
776662,-33.436825,-70.64585,1.301919071E9,776110,776759
776662,-33.436844,-70.64602,1.301919071E9,776110,776759
776662,-33.43686,-70.64617,1.301919071E9,776110,776759
776662,-33.436874,-70.64629,1.301919071E9,776110,776759
776662,-33.436905,-70.64654,1.301919071E9,776110,776759
776662,-33.436916,-70.64666,1.301919071E9,776110,776759
776662,-33.43693,-70.64678,1.301919071E9,776110,776759
776662,-33.436943,-70.64689,1.301919071E9,776110,776759
776662,-33.43696,-70.647026,1.301919071E9,776110,776759
776662,-33.43698,-70.64726,1.301919071E9,776110,776759
776662,-33.436993,-70.64738,1.301919071E9,776110,776759
776662,-33.437,-70.64749,1.301919071E9,776110,776759
776662,-33.437016,-70.64761,1.301919071E9,776110,776759
776662,-33.437027,-70.64774,1.301919071E9,776110,776759
776662,-33.43704,-70.64786,1.301919071E9,776110,776759
776662,-33.43705,-70.647964,1.301919071E9,776110,776759
776662,-33.43706,-70.64807,1.301919071E9,776110,776759
776662,-33.437073,-70.64819,1.301919071E9,776110,776759
776662,-33.437084,-70.64831,1.301919071E9,776110,776759
776662,-33.437096,-70.64842,1.301919071E9,776110,776759
776662,-33.436844,-70.64856,1.301919071E9,776110,776759
776662,-33.436745,-70.64857,1.301919071E9,776110,776759
776662,-33.436638,-70.64857,1.301919071E9,776110,776759
776662,-33.436543,-70.64859,1.301919071E9,776110,776759
776662,-33.436447,-70.6486,1.301919071E9,776110,776759
776662,-33.43635,-70.648605,1.301919071E9,776110,776759
776662,-33.436256,-70.64858,1.301919071E9,776110,776759
776662,-33.436176,-70.64854,1.301919071E9,776110,776759
776662,-33.436134,-70.64866,1.301919071E9,776110,776759
776662,-33.436092,-70.64877,1.301919071E9,776110,776759
776662,-33.436054,-70.64887,1.3019190