43,-66.138664,1.301919071E9,776110,776759
776662,18.382542,-66.13819,1.301919071E9,776110,776759
776662,18.382689,-66.13777,1.301919071E9,776110,776759
776662,18.382856,-66.137314,1.301919071E9,776110,776759
776662,18.383007,-66.13684,1.301919071E9,776110,776759
776662,18.383266,-66.13648,1.301919071E9,776110,776759
776662,18.383705,-66.13654,1.301919071E9,776110,776759
776662,18.38413,-66.13676,1.301919071E9,776110,776759
776662,18.384247,-66.1368,1.301919071E9,776110,776759
776662,18.384651,-66.13694,1.301919071E9,776110,776759
776662,18.38506,-66.13708,1.301919071E9,776110,776759
776662,18.385506,-66.1372,1.301919071E9,776110,776759
776662,18.385834,-66.13755,1.301919071E9,776110,776759
776662,18.38602,-66.13796,1.301919071E9,776110,776759
776662,18.386436,-66.137825,1.301919071E9,776110,776759
776662,18.386538,-66.13781,1.301919071E9,776110,776759
776662,18.386963,-66.13771,1.301919071E9,776110,776759
776662,18.387419,-66.137596,1.301919071E9,776110,776759
776662,18.387848,-66.13752,1.301919071E9,776110,776759
776662,18.387394,-66.137566,1.301919071E9,776110,776759
776662,18.387852,-66.13748,1.301919071E9,776110,776759
776662,18.388296,-66.13742,1.301919071E9,776110,776759
776662,18.388746,-66.13734,1.301919071E9,776110,776759
776662,18.389185,-66.137276,1.301919071E9,776110,776759
776662,18.389658,-66.13726,1.301919071E9,776110,776759
776662,18.390066,-66.13743,1.301919071E9,776110,776759
776662,18.390514,-66.13766,1.301919071E9,776110,776759
776662,18.390936,-66.1379,1.301919071E9,776110,776759
776662,18.391136,-66.13835,1.301919071E9,776110,776759
776662,18.391403,-66.13876,1.301919071E9,776110,776759
776662,18.391771,-66.13901,1.301919071E9,776110,776759
776662,18.391878,-66.139015,1.301919071E9,776110,776759
776662,18.392324,-66.138885,1.301919071E9,776110,776759
776662,18.39273,-66.13874,1.301919071E9,776110,776759
776662,18.392982,-66.13832,1.301919071E9,776110,776759
776662,18.393087,-66.13832,1.301919071E9,776110,776759
776662,18.393536,-66.13846,1.301919071E9,776110,776759
776662,18.393936,-66.138664,1.301919071E9,776110,776759
776662,18.394272,-66.13904,1.301919071E9,776110,776759
776662,18.39459,-66.13937,1.301919071E9,776110,776759
776662,18.394896,-66.13976,1.301919071E9,776110,776759
776662,18.395199,-66.14013,1.301919071E9,776110,776759
776662,18.39554,-66.14052,1.301919071E9,776110,776759
776662,18.395916,-66.14075,1.301919071E9,776110,776759
776662,18.396305,-66.14108,1.301919071E9,776110,776759
776662,18.396677,-66.1414,1.301919071E9,776110,776759
776662,18.396984,-66.141785,1.301919071E9,776110,776759
776662,18.397192,-66.142204,1.301919071E9,776110,776759
776662,18.397377,-66.14264,1.301919071E9,776110,776759
776662,18.397608,-66.14306,1.301919071E9,776110,776759
776662,18.397903,-66.14342,1.301919071E9,776110,776759
776662,18.398169,-66.14381,1.301919071E9,776110,776759
776662,18.398245,-66.14393,1.301919071E9,776110,776759
776662,18.398546,-66.14435,1.301919071E9,776110,776759
776662,18.398844,-66.14472,1.301919071E9,776110,776759
776662,18.399029,-66.14516,1.301919071E9,776110,776759
776662,18.399273,-66.1456,1.301919071E9,776110,776759
776662,18.399586,-66.14599,1.301919071E9,776110,776759
776662,18.399918,-66.146355,1.301919071E9,776110,776759
776662,18.4002,-66.14671,1.301919071E9,776110,776759
776662,18.40049,-66.147064,1.301919071E9,776110,776759
776662,18.400778,-66.147415,1.301919071E9,776110,776759
776662,18.401106,-66.14777,1.301919071E9,776110,776759
776662,18.401384,-66.148125,1.301919071E9,776110,776759
776662,18.401707,-66.14852,1.301919071E9,776110,776759
776662,18.4021,-66.148796,1.301919071E9,776110,776759
776662,18.40246,-66.1491,1.301919071E9,776110,776759
776662,18.402802,-66.14946,1.301919071E9,776110,776759
776662,18.403147,-66.1498,1.301919071E9,776110,776759
776662,18.403542,-66.1501,1.301919071E9,776110,776759
776662,18.403885,-66.15043,1.301919071E9,776110,776759
776662,18.40425,-66.150696,1.301919071E9,776110,776759
776662,18.404686,-66.150826,1.301919071E9,776110,776759
776662,18.40513,-66.15097,1.301919071E9,776110,776759
776662,18.405556,-66.15114,1.301919071E9,776110,776759
776662,18.406017,-66.15136,1.301919071E9,776110,776759
776662,18.406467,-66.151596,1.301919071E9,776110,776759
776662,18.406864,-66.15179,1.301919071E9,776110,776759
776662,18.407322,-66.15196,1.301919071E9,776110,776759
776662,18.407738,-66.15214,1.301919071E9,776110,776759
776662,18.408176,-66.15231,1.301919071E9,776110,776759
776662,18.408611,-66.15251,1.301919071E9,776110,776759
776662,18.409018,-66.1527,1.301919071E9,776110,776759
776662,18.409433,-66.15287,1.301919071E9,776110,776759
776662,18.409533,-66.15291,1.301919071E9,776110,776759
776662,18.409964,-66.15298,1.301919071E9,776110,776759
776662,18.410398,-66.15306,1.301919071E9,776110,776759
776662,18.410723,-66.15335,1.301919071E9,776110,776759
776662,18.411186,-66.15337,1.301919071E9,776110,776759
776662,18.411612,-66.1536,1.301919071E9,776110,776759
776662,18.412045,-66.15374,1.301919071E9,776110,776759
776662,18.412521,-66.153854,1.301919071E9,776110,776759
776662,18.412947,-66.15398,1.301919071E9,776110,776759
776662,18.413357,-66.15412,1.301919071E9,776110,776759
776662,18.41377,-66.15424,1.301919071E9,776110,776759
776662,18.414246,-66.15437,1.301919071E9,776110,776759
776662,18.414707,-66.154495,1.301919071E9,776110,776759
776662,18.415142,-66.15464,1.301919071E9,776110,776759
776662,18.415573,-66.15475,1.301919071E9,776110,776759
776662,18.416021,-66.15486,1.301919071E9,776110,776759
776662,18.416473,-66.15497,1.301919071E9,776110,776759
776662,18.41692,-66.15509,1.301919071E9,776110,776759
776662,18.417366,-66.155205,1.301919071E9,776110,776759
776662,18.4178,-66.15532,1.301919071E9,776110,776759
776662,18.418236,-66.15545,1.301919071E9,776110,776759
776662,18.418667,-66.15557,1.301919071E9,776110,776759
776662,18.419113,-66.155716,1.301919071E9,776110,776759
776662,18.419561,-66.15583,1.301919071E9,776110,776759
776662,18.420017,-66.15589,1.301919071E9,776110,776759
776662,18.419575,-66.155815,1.301919071E9,776110,776759
776662,18.419134,-66.1557,1.301919071E9,776110,776759
776662,18.418705,-66.15555,1.301919071E9,776110,776759
776662,18.418272,-66.15541,1.301919071E9,776110,776759
776662,18.417835,-66.15529,1.301919071E9,776110,776759
776662,18.417389,-66.15518,1.301919071E9,776110,776759
776662,18.416931,-66.15506,1.301919071E9,776110,776759
776662,18.41648,-66.15493,1.301919071E9,776110,776759
776662,18.416044,-66.15482,1.301919071E9,776110,776759
776662,18.415615,-66.15471,1.301919071E9,776110,776759
776662,18.415182,-66.154594,1.301919071E9,776110,776759
776662,18.414755,-66.15447,1.301919071E9,776110,776759
776662,18.414299,-66.15435,1.301919071E9,776110,776759
776662,18.413872,-66.15424,1.301919071E9,776110,776759
776662,18.413433,-66.154106,1.301919071E9,776110,776759
776662,18.412996,-66.15396,1.301919071E9,776110,776759
776662,18.412565,-66.15383,1.301919071E9,776110,776759
776662,18.412125,-66.15373,1.301919071E9,776110,776759
776662,18.411682,-66.1536,1.301919071E9,776110,776759
776662,18.411278,-66.153435,1.301919071E9,776110,776759
776662,18.410847,-66.153366,1.301919071E9,776110,776759
776662,18.410465,-66.153076,1.301919071E9,776110,776759
776662,18.410042,-66.15293,1.301919071E9,776110,776759
776662,18.409576,-66.15289,1.301919071E9,776110,776759
776662,18.409122,-66.152756,1.301919071E9,776110,776759
776662,18.408714,-66.15256,1.301919071E9,776110,776759
776662,18.408278,-66.152336,1.301919071E9,776110,776759
776662,18.407877,-66.152145,1.301919071E9,776110,776759
776662,18.407436,-66.15195,1.301919071E9,776110,776759
776662,18.407026,-66.15176,1.301919071E9,776110,776759
776662,18.406586,-66.15157,1.301919071E9,776110,776759
776662,18.406157,-66.15135,1.301919071E9,776110,776759
776662,18.405733,-66.15113,1.301919071E9,776110,776759
776662,18.405312,-66.15091,1.301919071E9,776110,776759
776662,18.405193,-66.15086,1.301919071E9,776110,776759
776662,18.404774,-66.15072,1.301919071E9,776110,776759
776662,18.404325,-66.1506,1.301919071E