62,20.931894,-156.69173,1.301919071E9,776110,776759
776662,20.932009,-156.69177,1.301919071E9,776110,776759
776662,20.932093,-156.6918,1.301919071E9,776110,776759
776662,20.93219,-156.69183,1.301919071E9,776110,776759
776662,20.932293,-156.69186,1.301919071E9,776110,776759
776662,20.93237,-156.69191,1.301919071E9,776110,776759
776662,20.932459,-156.69194,1.301919071E9,776110,776759
776662,20.932566,-156.69196,1.301919071E9,776110,776759
776662,20.932661,-156.69199,1.301919071E9,776110,776759
776662,20.93276,-156.692,1.301919071E9,776110,776759
776662,20.932852,-156.692,1.301919071E9,776110,776759
776662,20.932959,-156.69202,1.301919071E9,776110,776759
776662,20.933052,-156.69205,1.301919071E9,776110,776759
776662,20.933134,-156.6921,1.301919071E9,776110,776759
776662,20.933222,-156.69214,1.301919071E9,776110,776759
776662,20.93329,-156.6922,1.301919071E9,776110,776759
776662,20.933376,-156.69225,1.301919071E9,776110,776759
776662,20.933481,-156.69228,1.301919071E9,776110,776759
776662,20.93357,-156.69223,1.301919071E9,776110,776759
776662,20.93363,-156.69215,1.301919071E9,776110,776759
776662,20.933672,-156.69205,1.301919071E9,776110,776759
776662,20.933725,-156.69196,1.301919071E9,776110,776759
776662,20.933802,-156.6919,1.301919071E9,776110,776759
776662,20.93389,-156.69186,1.301919071E9,776110,776759
776662,20.934006,-156.69188,1.301919071E9,776110,776759
776662,20.934118,-156.69186,1.301919071E9,776110,776759
776662,20.93422,-156.69186,1.301919071E9,776110,776759
776662,20.9343,-156.69179,1.301919071E9,776110,776759
776662,20.93436,-156.69168,1.301919071E9,776110,776759
776662,20.93445,-156.69162,1.301919071E9,776110,776759
776662,20.934542,-156.69157,1.301919071E9,776110,776759
776662,20.934631,-156.69153,1.301919071E9,776110,776759
776662,20.934732,-156.69147,1.301919071E9,776110,776759
776662,20.934828,-156.69142,1.301919071E9,776110,776759
776662,20.934944,-156.69139,1.301919071E9,776110,776759
776662,20.935043,-156.69138,1.301919071E9,776110,776759
776662,20.935135,-156.69136,1.301919071E9,776110,776759
776662,20.935242,-156.69136,1.301919071E9,776110,776759
776662,20.935331,-156.69138,1.301919071E9,776110,776759
776662,20.935427,-156.69136,1.301919071E9,776110,776759
776662,20.935535,-156.69136,1.301919071E9,776110,776759
776662,20.935644,-156.69136,1.301919071E9,776110,776759
776662,20.93574,-156.69133,1.301919071E9,776110,776759
776662,20.935831,-156.69127,1.301919071E9,776110,776759
776662,20.935911,-156.69121,1.301919071E9,776110,776759
776662,20.935984,-156.69115,1.301919071E9,776110,776759
776662,20.936024,-156.69104,1.301919071E9,776110,776759
776662,20.935959,-156.69095,1.301919071E9,776110,776759
776662,20.935888,-156.69087,1.301919071E9,776110,776759
776662,20.935862,-156.69078,1.301919071E9,776110,776759
776662,20.935843,-156.69067,1.301919071E9,776110,776759
776662,20.935822,-156.69058,1.301919071E9,776110,776759
776662,20.935799,-156.69046,1.301919071E9,776110,776759
776662,20.935795,-156.69035,1.301919071E9,776110,776759
776662,20.935879,-156.69029,1.301919071E9,776110,776759
776662,20.935968,-156.69028,1.301919071E9,776110,776759
776662,20.936058,-156.69022,1.301919071E9,776110,776759
776662,20.936031,-156.69011,1.301919071E9,776110,776759
776662,20.935991,-156.69002,1.301919071E9,776110,776759
776662,20.93595,-156.68993,1.301919071E9,776110,776759
776662,20.935926,-156.68982,1.301919071E9,776110,776759
776662,20.93591,-156.68973,1.301919071E9,776110,776759
776662,20.935867,-156.68964,1.301919071E9,776110,776759
776662,20.935825,-156.68953,1.301919071E9,776110,776759
776662,20.9358,-156.68942,1.301919071E9,776110,776759
776662,20.935762,-156.68935,1.301919071E9,776110,776759
776662,20.935696,-156.68925,1.301919071E9,776110,776759
776662,20.93565,-156.68916,1.301919071E9,776110,776759
776662,20.935623,-156.68906,1.301919071E9,776110,776759
776662,20.935606,-156.68895,1.301919071E9,776110,776759
776662,20.935577,-156.68886,1.301919071E9,776110,776759
776662,20.935547,-156.68877,1.301919071E9,776110,776759
776662,20.935543,-156.68864,1.301919071E9,776110,776759
776662,20.935541,-156.68855,1.301919071E9,776110,776759
776662,20.935549,-156.68843,1.301919071E9,776110,776759
776662,20.935562,-156.68834,1.301919071E9,776110,776759
776662,20.935549,-156.68823,1.301919071E9,776110,776759
776662,20.935514,-156.68813,1.301919071E9,776110,776759
776662,20.935469,-156.68803,1.301919071E9,776110,776759
776662,20.935434,-156.68793,1.301919071E9,776110,776759
776662,20.935387,-156.68782,1.301919071E9,776110,776759
776662,20.935347,-156.68771,1.301919071E9,776110,776759
776662,20.935312,-156.6876,1.301919071E9,776110,776759
776662,20.935286,-156.68752,1.301919071E9,776110,776759
776662,20.935259,-156.68741,1.301919071E9,776110,776759
776662,20.935217,-156.68733,1.301919071E9,776110,776759
776662,20.935163,-156.68724,1.301919071E9,776110,776759
776662,20.935104,-156.68715,1.301919071E9,776110,776759
776662,20.935053,-156.68707,1.301919071E9,776110,776759
776662,20.934988,-156.68698,1.301919071E9,776110,776759
776662,20.93491,-156.6869,1.301919071E9,776110,776759
776662,20.934835,-156.68684,1.301919071E9,776110,776759
776662,20.934755,-156.68675,1.301919071E9,776110,776759
776662,20.934677,-156.6867,1.301919071E9,776110,776759
776662,20.934607,-156.68665,1.301919071E9,776110,776759
776662,20.934563,-156.68655,1.301919071E9,776110,776759
776662,20.934525,-156.68646,1.301919071E9,776110,776759
776662,20.934473,-156.68636,1.301919071E9,776110,776759
776662,20.93444,-156.68626,1.301919071E9,776110,776759
776662,20.934399,-156.68617,1.301919071E9,776110,776759
776662,20.934368,-156.68608,1.301919071E9,776110,776759
776662,20.934338,-156.68599,1.301919071E9,776110,776759
776662,20.93427,-156.68588,1.301919071E9,776110,776759
776662,20.934229,-156.68579,1.301919071E9,776110,776759
776662,20.934193,-156.68571,1.301919071E9,776110,776759
776662,20.934166,-156.68561,1.301919071E9,776110,776759
776662,20.934149,-156.6855,1.301919071E9,776110,776759
776662,20.934135,-156.6854,1.301919071E9,776110,776759
776662,20.93411,-156.68529,1.301919071E9,776110,776759
776662,20.93409,-156.68518,1.301919071E9,776110,776759
776662,20.93405,-156.68509,1.301919071E9,776110,776759
776662,20.934025,-156.68498,1.301919071E9,776110,776759
776662,20.933985,-156.68488,1.301919071E9,776110,776759
776662,20.933943,-156.68478,1.301919071E9,776110,776759
776662,20.933872,-156.6847,1.301919071E9,776110,776759
776662,20.933826,-156.68459,1.301919071E9,776110,776759
776662,20.933788,-156.68448,1.301919071E9,776110,776759
776662,20.933752,-156.68437,1.301919071E9,776110,776759
776662,20.9337,-156.68428,1.301919071E9,776110,776759
776662,20.933624,-156.68419,1.301919071E9,776110,776759
776662,20.933546,-156.68411,1.301919071E9,776110,776759
776662,20.933458,-156.68405,1.301919071E9,776110,776759
776662,20.933395,-156.68396,1.301919071E9,776110,776759
776662,20.93334,-156.68387,1.301919071E9,776110,776759
776662,20.933273,-156.68378,1.301919071E9,776110,776759
776662,20.933216,-156.6837,1.301919071E9,776110,776759
776662,20.933146,-156.68361,1.301919071E9,776110,776759
776662,20.933073,-156.68353,1.301919071E9,776110,776759
776662,20.933014,-156.68346,1.301919071E9,776110,776759
776662,20.93295,-156.68338,1.301919071E9,776110,776759
776662,20.93288,-156.68329,1.301919071E9,776110,776759
776662,20.932829,-156.68321,1.301919071E9,776110,776759
776662,20.932775,-156.68314,1.301919071E9,776110,776759
776662,20.932709,-156.68307,1.301919071E9,776110,776759
776662,20.932632,-156.68298,1.301919071E9,776110,776759
776662,20.932562,-156.68289,1.301919071E9,776110,776759
776662,20.932497,-156.68283,1.301919071E9,776110,776759
776662,20.932425,-156.68274,1.301919071E9,776110,776759
776662,20.932371,-156.68266,1.301919071E9,776110,776759
776662,20.93231,-156.68257,1.301919071E9,776110,776759
776662,20.932255,-156.6825,1.301919071E9,776110,776759
776662,20.932188,-156.6824,1.301919071E9,776110,776759
776662,20.932123,-156.68231,1.301919071E9,776110,776759
776662,20.932056,-156.68225,1.301919071E9,7