7,1.301919071E9,776110,776759
776662,42.349174,-71.10113,1.301919071E9,776110,776759
776662,42.349163,-71.10099,1.301919071E9,776110,776759
776662,42.349155,-71.10085,1.301919071E9,776110,776759
776662,42.349163,-71.100716,1.301919071E9,776110,776759
776662,42.34915,-71.10057,1.301919071E9,776110,776759
776662,42.349136,-71.10043,1.301919071E9,776110,776759
776662,42.34909,-71.10029,1.301919071E9,776110,776759
776662,42.34907,-71.10012,1.301919071E9,776110,776759
776662,42.349087,-71.09999,1.301919071E9,776110,776759
776662,42.349117,-71.09986,1.301919071E9,776110,776759
776662,42.349133,-71.09974,1.301919071E9,776110,776759
776662,42.34913,-71.09961,1.301919071E9,776110,776759
776662,42.34911,-71.099464,1.301919071E9,776110,776759
776662,42.34908,-71.09932,1.301919071E9,776110,776759
776662,42.349033,-71.09921,1.301919071E9,776110,776759
776662,42.348988,-71.09909,1.301919071E9,776110,776759
776662,42.34896,-71.09892,1.301919071E9,776110,776759
776662,42.348938,-71.09878,1.301919071E9,776110,776759
776662,42.34892,-71.09865,1.301919071E9,776110,776759
776662,42.3489,-71.09851,1.301919071E9,776110,776759
776662,42.348877,-71.09839,1.301919071E9,776110,776759
776662,42.34885,-71.09826,1.301919071E9,776110,776759
776662,42.348835,-71.09813,1.301919071E9,776110,776759
776662,42.34881,-71.097984,1.301919071E9,776110,776759
776662,42.348778,-71.09786,1.301919071E9,776110,776759
776662,42.348774,-71.09771,1.301919071E9,776110,776759
776662,42.348793,-71.09759,1.301919071E9,776110,776759
776662,42.348835,-71.09744,1.301919071E9,776110,776759
776662,42.348866,-71.097305,1.301919071E9,776110,776759
776662,42.34891,-71.09718,1.301919071E9,776110,776759
776662,42.34896,-71.097084,1.301919071E9,776110,776759
776662,42.348988,-71.09693,1.301919071E9,776110,776759
776662,42.348995,-71.09679,1.301919071E9,776110,776759
776662,42.34899,-71.09664,1.301919071E9,776110,776759
776662,42.34899,-71.09648,1.301919071E9,776110,776759
776662,42.349022,-71.09635,1.301919071E9,776110,776759
776662,42.34903,-71.09622,1.301919071E9,776110,776759
776662,42.349075,-71.096085,1.301919071E9,776110,776759
776662,42.349106,-71.09597,1.301919071E9,776110,776759
776662,42.349148,-71.09582,1.301919071E9,776110,776759
776662,42.349182,-71.09565,1.301919071E9,776110,776759
776662,42.349216,-71.095505,1.301919071E9,776110,776759
776662,42.34925,-71.09536,1.301919071E9,776110,776759
776662,42.349297,-71.09521,1.301919071E9,776110,776759
776662,42.349335,-71.095085,1.301919071E9,776110,776759
776662,42.349365,-71.09496,1.301919071E9,776110,776759
776662,42.34942,-71.09483,1.301919071E9,776110,776759
776662,42.349434,-71.09471,1.301919071E9,776110,776759
776662,42.349457,-71.09457,1.301919071E9,776110,776759
776662,42.349483,-71.094406,1.301919071E9,776110,776759
776662,42.349514,-71.09426,1.301919071E9,776110,776759
776662,42.349564,-71.09411,1.301919071E9,776110,776759
776662,42.349625,-71.09398,1.301919071E9,776110,776759
776662,42.349674,-71.09386,1.301919071E9,776110,776759
776662,42.349724,-71.093735,1.301919071E9,776110,776759
776662,42.349773,-71.09359,1.301919071E9,776110,776759
776662,42.3498,-71.093445,1.301919071E9,776110,776759
776662,42.34983,-71.09332,1.301919071E9,776110,776759
776662,42.34987,-71.093216,1.301919071E9,776110,776759
776662,42.34992,-71.093094,1.301919071E9,776110,776759
776662,42.349968,-71.09295,1.301919071E9,776110,776759
776662,42.350018,-71.09282,1.301919071E9,776110,776759
776662,42.350067,-71.0927,1.301919071E9,776110,776759
776662,42.350117,-71.09256,1.301919071E9,776110,776759
776662,42.350166,-71.09244,1.301919071E9,776110,776759
776662,42.350212,-71.0923,1.301919071E9,776110,776759
776662,42.35025,-71.09217,1.301919071E9,776110,776759
776662,42.350285,-71.09206,1.301919071E9,776110,776759
776662,42.350327,-71.091934,1.301919071E9,776110,776759
776662,42.35039,-71.09181,1.301919071E9,776110,776759
776662,42.350395,-71.09164,1.301919071E9,776110,776759
776662,42.35039,-71.0915,1.301919071E9,776110,776759
776662,42.3504,-71.09137,1.301919071E9,776110,776759
776662,42.35042,-71.09124,1.301919071E9,776110,776759
776662,42.350437,-71.0911,1.301919071E9,776110,776759
776662,42.35047,-71.09095,1.301919071E9,776110,776759
776662,42.350517,-71.090805,1.301919071E9,776110,776759
776662,42.350555,-71.09067,1.301919071E9,776110,776759
776662,42.350594,-71.09053,1.301919071E9,776110,776759
776662,42.35065,-71.0904,1.301919071E9,776110,776759
776662,42.35068,-71.090256,1.301919071E9,776110,776759
776662,42.350742,-71.09013,1.301919071E9,776110,776759
776662,42.35082,-71.09006,1.301919071E9,776110,776759
776662,42.350864,-71.08993,1.301919071E9,776110,776759
776662,42.350914,-71.089806,1.301919071E9,776110,776759
776662,42.350945,-71.089676,1.301919071E9,776110,776759
776662,42.350986,-71.08956,1.301919071E9,776110,776759
776662,42.35101,-71.08943,1.301919071E9,776110,776759
776662,42.351055,-71.08931,1.301919071E9,776110,776759
776662,42.351086,-71.089165,1.301919071E9,776110,776759
776662,42.351105,-71.08905,1.301919071E9,776110,776759
776662,42.351166,-71.088936,1.301919071E9,776110,776759
776662,42.351196,-71.0888,1.301919071E9,776110,776759
776662,42.35123,-71.088684,1.301919071E9,776110,776759
776662,42.351273,-71.08857,1.301919071E9,776110,776759
776662,42.3513,-71.0884,1.301919071E9,776110,776759
776662,42.351326,-71.088264,1.301919071E9,776110,776759
776662,42.351376,-71.08812,1.301919071E9,776110,776759
776662,42.35142,-71.08799,1.301919071E9,776110,776759
776662,42.351463,-71.087845,1.301919071E9,776110,776759
776662,42.35153,-71.08773,1.301919071E9,776110,776759
776662,42.351555,-71.087585,1.301919071E9,776110,776759
776662,42.351627,-71.08748,1.301919071E9,776110,776759
776662,42.35167,-71.08735,1.301919071E9,776110,776759
776662,42.351704,-71.08723,1.301919071E9,776110,776759
776662,42.35172,-71.087074,1.301919071E9,776110,776759
776662,42.35173,-71.08694,1.301919071E9,776110,776759
776662,42.351765,-71.0868,1.301919071E9,776110,776759
776662,42.3518,-71.08665,1.301919071E9,776110,776759
776662,42.351784,-71.086525,1.301919071E9,776110,776759
776662,42.35179,-71.08638,1.301919071E9,776110,776759
776662,42.35182,-71.086235,1.301919071E9,776110,776759
776662,42.351868,-71.08609,1.301919071E9,776110,776759
776662,42.351913,-71.08596,1.301919071E9,776110,776759
776662,42.351963,-71.08583,1.301919071E9,776110,776759
776662,42.35202,-71.08572,1.301919071E9,776110,776759
776662,42.35208,-71.0856,1.301919071E9,776110,776759
776662,42.35212,-71.085464,1.301919071E9,776110,776759
776662,42.352146,-71.08531,1.301919071E9,776110,776759
776662,42.352196,-71.08518,1.301919071E9,776110,776759
776662,42.35222,-71.08503,1.301919071E9,776110,776759
776662,42.352238,-71.08488,1.301919071E9,776110,776759
776662,42.35226,-71.08474,1.301919071E9,776110,776759
776662,42.352303,-71.08461,1.301919071E9,776110,776759
776662,42.35232,-71.08449,1.301919071E9,776110,776759
776662,42.35235,-71.08434,1.301919071E9,776110,776759
776662,42.35239,-71.084206,1.301919071E9,776110,776759
776662,42.352432,-71.08408,1.301919071E9,776110,776759
776662,42.352463,-71.08394,1.301919071E9,776110,776759
776662,42.352516,-71.08382,1.301919071E9,776110,776759
776662,42.352547,-71.08366,1.301919071E9,776110,776759
776662,42.35252,-71.08353,1.301919071E9,776110,776759
776662,42.35248,-71.083374,1.301919071E9,776110,776759
776662,42.352497,-71.08325,1.301919071E9,776110,776759
776662,42.352516,-71.08313,1.301919071E9,776110,776759
776662,42.352566,-71.083015,1.301919071E9,776110,776759
776662,42.35262,-71.082886,1.301919071E9,776110,776759
776662,42.352695,-71.08281,1.301919071E9,776110,776759
776662,42.35276,-71.08272,1.301919071E9,776110,776759
776662,42.352795,-71.082596,1.301919071E9,776110,776759
776662,42.352806,-71.08245,1.301919071E9,776110,776759
776662,42.352818,-71.08232,1.301919071E9,776110,776759
776662,42.352833,-71.0822,1.301919071E9,776110,776759
776662,42.352863,-71.08208,1.301919071E9,776110,776759
776662,42.35288,-71.08193,1.301919071E9,776110,776759
776662,42.352898,-71.08179,1.301