776759
776662,42.363018,-71.08075,1.301919071E9,776110,776759
776662,42.362938,-71.08068,1.301919071E9,776110,776759
776662,42.36284,-71.08062,1.301919071E9,776110,776759
776662,42.362812,-71.080505,1.301919071E9,776110,776759
776662,42.362873,-71.08041,1.301919071E9,776110,776759
776662,42.362953,-71.080315,1.301919071E9,776110,776759
776662,42.363026,-71.08023,1.301919071E9,776110,776759
776662,42.363064,-71.08011,1.301919071E9,776110,776759
776662,42.36313,-71.08002,1.301919071E9,776110,776759
776662,42.36314,-71.07988,1.301919071E9,776110,776759
776662,42.363094,-71.07972,1.301919071E9,776110,776759
776662,42.36303,-71.07956,1.301919071E9,776110,776759
776662,42.36294,-71.0794,1.301919071E9,776110,776759
776662,42.362865,-71.079285,1.301919071E9,776110,776759
776662,42.362804,-71.07917,1.301919071E9,776110,776759
776662,42.36276,-71.07904,1.301919071E9,776110,776759
776662,42.36277,-71.0789,1.301919071E9,776110,776759
776662,42.362804,-71.07877,1.301919071E9,776110,776759
776662,42.36278,-71.07865,1.301919071E9,776110,776759
776662,42.36278,-71.0785,1.301919071E9,776110,776759
776662,42.36273,-71.07836,1.301919071E9,776110,776759
776662,42.362682,-71.078224,1.301919071E9,776110,776759
776662,42.36262,-71.078125,1.301919071E9,776110,776759
776662,42.362656,-71.078,1.301919071E9,776110,776759
776662,42.362736,-71.077934,1.301919071E9,776110,776759
776662,42.362835,-71.07785,1.301919071E9,776110,776759
776662,42.362926,-71.077835,1.301919071E9,776110,776759
776662,42.363033,-71.07779,1.301919071E9,776110,776759
776662,42.36312,-71.07772,1.301919071E9,776110,776759
776662,42.363194,-71.077644,1.301919071E9,776110,776759
776662,42.363266,-71.07754,1.301919071E9,776110,776759
776662,42.36334,-71.07745,1.301919071E9,776110,776759
776662,42.36343,-71.07741,1.301919071E9,776110,776759
776662,42.363495,-71.077286,1.301919071E9,776110,776759
776662,42.36357,-71.07722,1.301919071E9,776110,776759
776662,42.36367,-71.07717,1.301919071E9,776110,776759
776662,42.363815,-71.07715,1.301919071E9,776110,776759
776662,42.36392,-71.07711,1.301919071E9,776110,776759
776662,42.364014,-71.07707,1.301919071E9,776110,776759
776662,42.364094,-71.07702,1.301919071E9,776110,776759
776662,42.36418,-71.076965,1.301919071E9,776110,776759
776662,42.364643,-71.07657,1.301919071E9,776110,776759
776662,42.364944,-71.07626,1.301919071E9,776110,776759
776662,42.365128,-71.07593,1.301919071E9,776110,776759
776662,42.36537,-71.075584,1.301919071E9,776110,776759
776662,42.36561,-71.07538,1.301919071E9,776110,776759
776662,42.365803,-71.075035,1.301919071E9,776110,776759
776662,42.366127,-71.07485,1.301919071E9,776110,776759
776662,42.366287,-71.07445,1.301919071E9,776110,776759
776662,42.3666,-71.07434,1.301919071E9,776110,776759
776662,42.36688,-71.07408,1.301919071E9,776110,776759
776662,42.36725,-71.0741,1.301919071E9,776110,776759
776662,42.36735,-71.0741,1.301919071E9,776110,776759
776662,42.367767,-71.07416,1.301919071E9,776110,776759
776662,42.36786,-71.07419,1.301919071E9,776110,776759
776662,42.368378,-71.073654,1.301919071E9,776110,776759
776662,42.368835,-71.0734,1.301919071E9,776110,776759
776662,42.369183,-71.07327,1.301919071E9,776110,776759
776662,42.369278,-71.07327,1.301919071E9,776110,776759
776662,42.369076,-71.07297,1.301919071E9,776110,776759
776662,42.36873,-71.072464,1.301919071E9,776110,776759
776662,42.368584,-71.07235,1.301919071E9,776110,776759
776662,42.368496,-71.07222,1.301919071E9,776110,776759
776662,42.368435,-71.072105,1.301919071E9,776110,776759
776662,42.368355,-71.07199,1.301919071E9,776110,776759
776662,42.368305,-71.07188,1.301919071E9,776110,776759
776662,42.3682,-71.071754,1.301919071E9,776110,776759
776662,42.368122,-71.07164,1.301919071E9,776110,776759
776662,42.36805,-71.07153,1.301919071E9,776110,776759
776662,42.367966,-71.07144,1.301919071E9,776110,776759
776662,42.367832,-71.07128,1.301919071E9,776110,776759
776662,42.367508,-71.07082,1.301919071E9,776110,776759
776662,42.367397,-71.07061,1.301919071E9,776110,776759
776662,42.367332,-71.07048,1.301919071E9,776110,776759
776662,42.367233,-71.070465,1.301919071E9,776110,776759
776662,42.36712,-71.07045,1.301919071E9,776110,776759
776662,42.367054,-71.07035,1.301919071E9,776110,776759
776662,42.36702,-71.070206,1.301919071E9,776110,776759
776662,42.366974,-71.07005,1.301919071E9,776110,776759
776662,42.3673,-71.07014,1.301919071E9,776110,776759
776662,42.36741,-71.070145,1.301919071E9,776110,776759
776662,42.367455,-71.070015,1.301919071E9,776110,776759
776662,42.367413,-71.06989,1.301919071E9,776110,776759
776662,42.367344,-71.069786,1.301919071E9,776110,776759
776662,42.367283,-71.069664,1.301919071E9,776110,776759
776662,42.367218,-71.06954,1.301919071E9,776110,776759
776662,42.367176,-71.06943,1.301919071E9,776110,776759
776662,42.367134,-71.06931,1.301919071E9,776110,776759
776662,42.367085,-71.06919,1.301919071E9,776110,776759
776662,42.367043,-71.06907,1.301919071E9,776110,776759
776662,42.367012,-71.06895,1.301919071E9,776110,776759
776662,42.366974,-71.068794,1.301919071E9,776110,776759
776662,42.366932,-71.068665,1.301919071E9,776110,776759
776662,42.366856,-71.06854,1.301919071E9,776110,776759
776662,42.366764,-71.068436,1.301919071E9,776110,776759
776662,42.366703,-71.068344,1.301919071E9,776110,776759
776662,42.36661,-71.06837,1.301919071E9,776110,776759
776662,42.36655,-71.0685,1.301919071E9,776110,776759
776662,42.366486,-71.06861,1.301919071E9,776110,776759
776662,42.36642,-71.0687,1.301919071E9,776110,776759
776662,42.366356,-71.0688,1.301919071E9,776110,776759
776662,42.366283,-71.06892,1.301919071E9,776110,776759
776662,42.3662,-71.069016,1.301919071E9,776110,776759
776662,42.366116,-71.06913,1.301919071E9,776110,776759
776662,42.36604,-71.06925,1.301919071E9,776110,776759
776662,42.36594,-71.06934,1.301919071E9,776110,776759
776662,42.36585,-71.0694,1.301919071E9,776110,776759
776662,42.365776,-71.06949,1.301919071E9,776110,776759
776662,42.365852,-71.06959,1.301919071E9,776110,776759
776662,42.3659,-71.06972,1.301919071E9,776110,776759
776662,42.365826,-71.06982,1.301919071E9,776110,776759
776662,42.365746,-71.069916,1.301919071E9,776110,776759
776662,42.36567,-71.06999,1.301919071E9,776110,776759
776662,42.36559,-71.07005,1.301919071E9,776110,776759
776662,42.365498,-71.0701,1.301919071E9,776110,776759
776662,42.3654,-71.070145,1.301919071E9,776110,776759
776662,42.365288,-71.07019,1.301919071E9,776110,776759
776662,42.365204,-71.07024,1.301919071E9,776110,776759
776662,42.3651,-71.07028,1.301919071E9,776110,776759
776662,42.364998,-71.07031,1.301919071E9,776110,776759
776662,42.364914,-71.07036,1.301919071E9,776110,776759
776662,42.3649,-71.0705,1.301919071E9,776110,776759
776662,42.364902,-71.070625,1.301919071E9,776110,776759
776662,42.36493,-71.070755,1.301919071E9,776110,776759
776662,42.364937,-71.070915,1.301919071E9,776110,776759
776662,42.364925,-71.07108,1.301919071E9,776110,776759
776662,42.364918,-71.07121,1.301919071E9,776110,776759
776662,42.364883,-71.07136,1.301919071E9,776110,776759
776662,42.36484,-71.071495,1.301919071E9,776110,776759
776662,42.364807,-71.07161,1.301919071E9,776110,776759
776662,42.364773,-71.07174,1.301919071E9,776110,776759
776662,42.36471,-71.07188,1.301919071E9,776110,776759
776662,42.364647,-71.07201,1.301919071E9,776110,776759
776662,42.364582,-71.072136,1.301919071E9,776110,776759
776662,42.364502,-71.07226,1.301919071E9,776110,776759
776662,42.364426,-71.072365,1.301919071E9,776110,776759
776662,42.364365,-71.07246,1.301919071E9,776110,776759
776662,42.36428,-71.07255,1.301919071E9,776110,776759
776662,42.364185,-71.07263,1.301919071E9,776110,776759
776662,42.364086,-71.07271,1.301919071E9,776110,776759
776662,42.36399,-71.07277,1.301919071E9,776110,776759
776662,42.36389,-71.07281,1.301919071E9,776110,776759
776662,42.36378,-71.07283,1.301919071E9,776110,776759
776662,42.363655,-71.07285,1.301919071E9,776110,776759
776662,42.36356,-71.072845,1.301919071E9,776110,776759
776662,42.363457,-71.07285,1.301919071E9,776110,776759
77