1.301919071E9,776110,776759
776662,38.775013,-90.52922,1.301919071E9,776110,776759
776662,38.77496,-90.52932,1.301919071E9,776110,776759
776662,38.7749,-90.52943,1.301919071E9,776110,776759
776662,38.774845,-90.52955,1.301919071E9,776110,776759
776662,38.774788,-90.529655,1.301919071E9,776110,776759
776662,38.774715,-90.52976,1.301919071E9,776110,776759
776662,38.77464,-90.52985,1.301919071E9,776110,776759
776662,38.77458,-90.52994,1.301919071E9,776110,776759
776662,38.774517,-90.53002,1.301919071E9,776110,776759
776662,38.774437,-90.530106,1.301919071E9,776110,776759
776662,38.774353,-90.53019,1.301919071E9,776110,776759
776662,38.774265,-90.53028,1.301919071E9,776110,776759
776662,38.77418,-90.53035,1.301919071E9,776110,776759
776662,38.7741,-90.53041,1.301919071E9,776110,776759
776662,38.774017,-90.53046,1.301919071E9,776110,776759
776662,38.773926,-90.530495,1.301919071E9,776110,776759
776662,38.773827,-90.53051,1.301919071E9,776110,776759
776662,38.77372,-90.53055,1.301919071E9,776110,776759
776662,38.773636,-90.53059,1.301919071E9,776110,776759
776662,38.773537,-90.5306,1.301919071E9,776110,776759
776662,38.77344,-90.530624,1.301919071E9,776110,776759
776662,38.77335,-90.53063,1.301919071E9,776110,776759
776662,38.77323,-90.530624,1.301919071E9,776110,776759
776662,38.77314,-90.53062,1.301919071E9,776110,776759
776662,38.77305,-90.5306,1.301919071E9,776110,776759
776662,38.77294,-90.53058,1.301919071E9,776110,776759
776662,38.772854,-90.53055,1.301919071E9,776110,776759
776662,38.772762,-90.5305,1.301919071E9,776110,776759
776662,38.77266,-90.530464,1.301919071E9,776110,776759
776662,38.77257,-90.53042,1.301919071E9,776110,776759
776662,38.77246,-90.53037,1.301919071E9,776110,776759
776662,38.772354,-90.53036,1.301919071E9,776110,776759
776662,38.77226,-90.53036,1.301919071E9,776110,776759
776662,38.77215,-90.53031,1.301919071E9,776110,776759
776662,38.77206,-90.53027,1.301919071E9,776110,776759
776662,38.771965,-90.53022,1.301919071E9,776110,776759
776662,38.771854,-90.530174,1.301919071E9,776110,776759
776662,38.771767,-90.53013,1.301919071E9,776110,776759
776662,38.771683,-90.53008,1.301919071E9,776110,776759
776662,38.771587,-90.53006,1.301919071E9,776110,776759
776662,38.771484,-90.53003,1.301919071E9,776110,776759
776662,38.77138,-90.53,1.301919071E9,776110,776759
776662,38.77128,-90.52997,1.301919071E9,776110,776759
776662,38.77119,-90.52994,1.301919071E9,776110,776759
776662,38.77108,-90.52991,1.301919071E9,776110,776759
776662,38.77098,-90.52987,1.301919071E9,776110,776759
776662,38.77087,-90.52985,1.301919071E9,776110,776759
776662,38.77077,-90.52985,1.301919071E9,776110,776759
776662,38.77067,-90.52986,1.301919071E9,776110,776759
776662,38.770576,-90.52987,1.301919071E9,776110,776759
776662,38.77049,-90.529884,1.301919071E9,776110,776759
776662,38.770386,-90.52992,1.301919071E9,776110,776759
776662,38.770287,-90.529976,1.301919071E9,776110,776759
776662,38.770203,-90.530045,1.301919071E9,776110,776759
776662,38.770115,-90.53013,1.301919071E9,776110,776759
776662,38.770035,-90.5302,1.301919071E9,776110,776759
776662,38.769962,-90.530266,1.301919071E9,776110,776759
776662,38.769897,-90.53036,1.301919071E9,776110,776759
776662,38.769817,-90.530464,1.301919071E9,776110,776759
776662,38.769764,-90.53057,1.301919071E9,776110,776759
776662,38.7697,-90.5307,1.301919071E9,776110,776759
776662,38.769638,-90.530815,1.301919071E9,776110,776759
776662,38.769573,-90.53092,1.301919071E9,776110,776759
776662,38.769512,-90.53105,1.301919071E9,776110,776759
776662,38.769447,-90.53114,1.301919071E9,776110,776759
776662,38.76938,-90.53125,1.301919071E9,776110,776759
776662,38.769318,-90.531364,1.301919071E9,776110,776759
776662,38.769264,-90.53146,1.301919071E9,776110,776759
776662,38.769226,-90.53159,1.301919071E9,776110,776759
776662,38.769176,-90.53169,1.301919071E9,776110,776759
776662,38.769123,-90.53181,1.301919071E9,776110,776759
776662,38.76907,-90.5319,1.301919071E9,776110,776759
776662,38.769016,-90.532005,1.301919071E9,776110,776759
776662,38.76895,-90.53212,1.301919071E9,776110,776759
776662,38.76889,-90.53223,1.301919071E9,776110,776759
776662,38.76884,-90.53234,1.301919071E9,776110,776759
776662,38.768806,-90.53247,1.301919071E9,776110,776759
776662,38.76881,-90.532616,1.301919071E9,776110,776759
776662,38.768826,-90.53273,1.301919071E9,776110,776759
776662,38.768837,-90.53286,1.301919071E9,776110,776759
776662,38.768887,-90.53297,1.301919071E9,776110,776759
776662,38.768936,-90.53309,1.301919071E9,776110,776759
776662,38.768997,-90.5332,1.301919071E9,776110,776759
776662,38.76906,-90.5333,1.301919071E9,776110,776759
776662,38.769142,-90.5334,1.301919071E9,776110,776759
776662,38.76923,-90.53348,1.301919071E9,776110,776759
776662,38.769318,-90.533554,1.301919071E9,776110,776759
776662,38.76942,-90.53363,1.301919071E9,776110,776759
776662,38.76951,-90.53373,1.301919071E9,776110,776759
776662,38.769596,-90.5338,1.301919071E9,776110,776759
776662,38.769672,-90.5339,1.301919071E9,776110,776759
776662,38.769775,-90.53399,1.301919071E9,776110,776759
776662,38.769863,-90.53406,1.301919071E9,776110,776759
776662,38.769936,-90.53414,1.301919071E9,776110,776759
776662,38.77002,-90.53424,1.301919071E9,776110,776759
776662,38.770103,-90.534325,1.301919071E9,776110,776759
776662,38.77017,-90.53442,1.301919071E9,776110,776759
776662,38.770237,-90.534515,1.301919071E9,776110,776759
776662,38.77029,-90.534615,1.301919071E9,776110,776759
776662,38.770355,-90.53472,1.301919071E9,776110,776759
776662,38.77041,-90.53482,1.301919071E9,776110,776759
776662,38.77047,-90.53493,1.301919071E9,776110,776759
776662,38.770535,-90.53503,1.301919071E9,776110,776759
776662,38.7706,-90.53514,1.301919071E9,776110,776759
776662,38.77065,-90.53525,1.301919071E9,776110,776759
776662,38.7707,-90.53536,1.301919071E9,776110,776759
776662,38.770725,-90.535484,1.301919071E9,776110,776759
776662,38.770752,-90.53562,1.301919071E9,776110,776759
776662,38.770763,-90.53576,1.301919071E9,776110,776759
776662,38.770763,-90.535904,1.301919071E9,776110,776759
776662,38.77077,-90.53604,1.301919071E9,776110,776759
776662,38.770763,-90.53617,1.301919071E9,776110,776759
776662,38.770744,-90.53629,1.301919071E9,776110,776759
776662,38.770706,-90.53642,1.301919071E9,776110,776759
776662,38.77066,-90.536545,1.301919071E9,776110,776759
776662,38.770615,-90.53665,1.301919071E9,776110,776759
776662,38.77057,-90.536766,1.301919071E9,776110,776759
776662,38.770523,-90.536865,1.301919071E9,776110,776759
776662,38.77046,-90.536995,1.301919071E9,776110,776759
776662,38.77042,-90.53711,1.301919071E9,776110,776759
776662,38.770363,-90.537224,1.301919071E9,776110,776759
776662,38.770317,-90.53733,1.301919071E9,776110,776759
776662,38.770252,-90.53743,1.301919071E9,776110,776759
776662,38.7702,-90.53754,1.301919071E9,776110,776759
776662,38.770138,-90.53766,1.301919071E9,776110,776759
776662,38.77008,-90.537766,1.301919071E9,776110,776759
776662,38.770023,-90.53787,1.301919071E9,776110,776759
776662,38.769962,-90.53798,1.301919071E9,776110,776759
776662,38.769905,-90.538086,1.301919071E9,776110,776759
776662,38.76985,-90.5382,1.301919071E9,776110,776759
776662,38.769806,-90.53831,1.301919071E9,776110,776759
776662,38.76975,-90.538414,1.301919071E9,776110,776759
776662,38.76969,-90.53852,1.301919071E9,776110,776759
776662,38.769653,-90.53863,1.301919071E9,776110,776759
776662,38.76962,-90.53875,1.301919071E9,776110,776759
776662,38.769573,-90.53887,1.301919071E9,776110,776759
776662,38.769524,-90.53898,1.301919071E9,776110,776759
776662,38.769478,-90.539085,1.301919071E9,776110,776759
776662,38.769405,-90.53916,1.301919071E9,776110,776759
776662,38.769344,-90.53925,1.301919071E9,776110,776759
776662,38.769283,-90.539345,1.301919071E9,776110,776759
776662,38.76919,-90.53941,1.301919071E9,776110,776759
776662,38.769093,-90.53946,1.301919071E9,776110,776759
776662,38.768993,-90.5395,1.301919071E9,776110,776759
776662,38.768906,-90.539536,1.301919071E9,776110,776759
776662,38.768818,-90.53958,1.301919071E9,7761