776759
776662,40.32819,-80.09936,1.301919071E9,776110,776759
776662,40.32829,-80.09939,1.301919071E9,776110,776759
776662,40.328342,-80.09951,1.301919071E9,776110,776759
776662,40.32841,-80.0996,1.301919071E9,776110,776759
776662,40.328487,-80.099686,1.301919071E9,776110,776759
776662,40.328568,-80.099754,1.301919071E9,776110,776759
776662,40.328682,-80.09977,1.301919071E9,776110,776759
776662,40.32879,-80.099754,1.301919071E9,776110,776759
776662,40.328876,-80.09969,1.301919071E9,776110,776759
776662,40.328968,-80.099686,1.301919071E9,776110,776759
776662,40.329063,-80.09966,1.301919071E9,776110,776759
776662,40.329163,-80.099594,1.301919071E9,776110,776759
776662,40.329243,-80.09951,1.301919071E9,776110,776759
776662,40.329323,-80.09943,1.301919071E9,776110,776759
776662,40.329327,-80.0993,1.301919071E9,776110,776759
776662,40.329437,-80.099304,1.301919071E9,776110,776759
776662,40.32953,-80.099335,1.301919071E9,776110,776759
776662,40.329628,-80.09928,1.301919071E9,776110,776759
776662,40.329723,-80.099236,1.301919071E9,776110,776759
776662,40.329823,-80.09928,1.301919071E9,776110,776759
776662,40.32987,-80.09939,1.301919071E9,776110,776759
776662,40.32996,-80.09944,1.301919071E9,776110,776759
776662,40.33007,-80.099434,1.301919071E9,776110,776759
776662,40.33017,-80.09937,1.301919071E9,776110,776759
776662,40.330254,-80.09932,1.301919071E9,776110,776759
776662,40.33033,-80.099236,1.301919071E9,776110,776759
776662,40.330406,-80.09915,1.301919071E9,776110,776759
776662,40.330517,-80.09914,1.301919071E9,776110,776759
776662,40.330624,-80.09921,1.301919071E9,776110,776759
776662,40.330727,-80.09927,1.301919071E9,776110,776759
776662,40.33083,-80.09935,1.301919071E9,776110,776759
776662,40.33092,-80.099396,1.301919071E9,776110,776759
776662,40.331017,-80.09945,1.301919071E9,776110,776759
776662,40.33111,-80.09951,1.301919071E9,776110,776759
776662,40.331207,-80.09957,1.301919071E9,776110,776759
776662,40.33131,-80.09963,1.301919071E9,776110,776759
776662,40.331417,-80.09967,1.301919071E9,776110,776759
776662,40.331516,-80.09966,1.301919071E9,776110,776759
776662,40.331608,-80.09965,1.301919071E9,776110,776759
776662,40.331715,-80.099655,1.301919071E9,776110,776759
776662,40.3318,-80.09975,1.301919071E9,776110,776759
776662,40.331894,-80.09979,1.301919071E9,776110,776759
776662,40.331985,-80.0998,1.301919071E9,776110,776759
776662,40.332073,-80.099754,1.301919071E9,776110,776759
776662,40.33214,-80.099846,1.301919071E9,776110,776759
776662,40.332207,-80.09995,1.301919071E9,776110,776759
776662,40.332314,-80.09993,1.301919071E9,776110,776759
776662,40.332417,-80.099884,1.301919071E9,776110,776759
776662,40.3325,-80.09984,1.301919071E9,776110,776759
776662,40.332577,-80.09976,1.301919071E9,776110,776759
776662,40.332672,-80.0998,1.301919071E9,776110,776759
776662,40.332783,-80.09974,1.301919071E9,776110,776759
776662,40.33288,-80.09967,1.301919071E9,776110,776759
776662,40.33297,-80.099625,1.301919071E9,776110,776759
776662,40.333035,-80.09973,1.301919071E9,776110,776759
776662,40.33306,-80.09987,1.301919071E9,776110,776759
776662,40.33308,-80.10001,1.301919071E9,776110,776759
776662,40.333046,-80.10017,1.301919071E9,776110,776759
776662,40.33303,-80.10032,1.301919071E9,776110,776759
776662,40.33308,-80.10044,1.301919071E9,776110,776759
776662,40.333176,-80.100525,1.301919071E9,776110,776759
776662,40.333256,-80.1006,1.301919071E9,776110,776759
776662,40.333183,-80.10073,1.301919071E9,776110,776759
776662,40.333107,-80.10083,1.301919071E9,776110,776759
776662,40.333054,-80.100945,1.301919071E9,776110,776759
776662,40.33308,-80.10106,1.301919071E9,776110,776759
776662,40.33305,-80.10094,1.301919071E9,776110,776759
776662,40.333122,-80.100845,1.301919071E9,776110,776759
776662,40.333183,-80.10073,1.301919071E9,776110,776759
776662,40.333214,-80.10061,1.301919071E9,776110,776759
776662,40.33314,-80.10051,1.301919071E9,776110,776759
776662,40.333084,-80.10041,1.301919071E9,776110,776759
776662,40.333027,-80.1003,1.301919071E9,776110,776759
776662,40.333,-80.100174,1.301919071E9,776110,776759
776662,40.33301,-80.10005,1.301919071E9,776110,776759
776662,40.33308,-80.09996,1.301919071E9,776110,776759
776662,40.33311,-80.09983,1.301919071E9,776110,776759
776662,40.333134,-80.0997,1.301919071E9,776110,776759
776662,40.333076,-80.0996,1.301919071E9,776110,776759
776662,40.33297,-80.09963,1.301919071E9,776110,776759
776662,40.332882,-80.09967,1.301919071E9,776110,776759
776662,40.332787,-80.09969,1.301919071E9,776110,776759
776662,40.33268,-80.09969,1.301919071E9,776110,776759
776662,40.33259,-80.09977,1.301919071E9,776110,776759
776662,40.332504,-80.099846,1.301919071E9,776110,776759
776662,40.33242,-80.09991,1.301919071E9,776110,776759
776662,40.33229,-80.09995,1.301919071E9,776110,776759
776662,40.33219,-80.099945,1.301919071E9,776110,776759
776662,40.33211,-80.099846,1.301919071E9,776110,776759
776662,40.332027,-80.099915,1.301919071E9,776110,776759
776662,40.331947,-80.099846,1.301919071E9,776110,776759
776662,40.331867,-80.09977,1.301919071E9,776110,776759
776662,40.331787,-80.09972,1.301919071E9,776110,776759
776662,40.331688,-80.09969,1.301919071E9,776110,776759
776662,40.331573,-80.09966,1.301919071E9,776110,776759
776662,40.331474,-80.09962,1.301919071E9,776110,776759
776662,40.331383,-80.09953,1.301919071E9,776110,776759
776662,40.33129,-80.09946,1.301919071E9,776110,776759
776662,40.331207,-80.0994,1.301919071E9,776110,776759
776662,40.331127,-80.099335,1.301919071E9,776110,776759
776662,40.331028,-80.09929,1.301919071E9,776110,776759
776662,40.330936,-80.09927,1.301919071E9,776110,776759
776662,40.330845,-80.09923,1.301919071E9,776110,776759
776662,40.330757,-80.099174,1.301919071E9,776110,776759
776662,40.330658,-80.099205,1.301919071E9,776110,776759
776662,40.33057,-80.09926,1.301919071E9,776110,776759
776662,40.330475,-80.09929,1.301919071E9,776110,776759
776662,40.33037,-80.09932,1.301919071E9,776110,776759
776662,40.33028,-80.09934,1.301919071E9,776110,776759
776662,40.33018,-80.09938,1.301919071E9,776110,776759
776662,40.330086,-80.099365,1.301919071E9,776110,776759
776662,40.33002,-80.09927,1.301919071E9,776110,776759
776662,40.329937,-80.09921,1.301919071E9,776110,776759
776662,40.32983,-80.099236,1.301919071E9,776110,776759
776662,40.329742,-80.09923,1.301919071E9,776110,776759
776662,40.329636,-80.09922,1.301919071E9,776110,776759
776662,40.32957,-80.09936,1.301919071E9,776110,776759
776662,40.329494,-80.09944,1.301919071E9,776110,776759
776662,40.32942,-80.09952,1.301919071E9,776110,776759
776662,40.329323,-80.0996,1.301919071E9,776110,776759
776662,40.32923,-80.09969,1.301919071E9,776110,776759
776662,40.32914,-80.099754,1.301919071E9,776110,776759
776662,40.329052,-80.09976,1.301919071E9,776110,776759
776662,40.32895,-80.09981,1.301919071E9,776110,776759
776662,40.328857,-80.09984,1.301919071E9,776110,776759
776662,40.328766,-80.09985,1.301919071E9,776110,776759
776662,40.32866,-80.09981,1.301919071E9,776110,776759
776662,40.328583,-80.09974,1.301919071E9,776110,776759
776662,40.328506,-80.09965,1.301919071E9,776110,776759
776662,40.328423,-80.09959,1.301919071E9,776110,776759
776662,40.32834,-80.099525,1.301919071E9,776110,776759
776662,40.328266,-80.09944,1.301919071E9,776110,776759
776662,40.3282,-80.09954,1.301919071E9,776110,776759
776662,40.328224,-80.09967,1.301919071E9,776110,776759
776662,40.328247,-80.09981,1.301919071E9,776110,776759
776662,40.32828,-80.09994,1.301919071E9,776110,776759
776662,40.3282,-80.09988,1.301919071E9,776110,776759
776662,40.328148,-80.09977,1.301919071E9,776110,776759
776662,40.32805,-80.09976,1.301919071E9,776110,776759
776662,40.32797,-80.09983,1.301919071E9,776110,776759
776662,40.328,-80.09996,1.301919071E9,776110,776759
776662,40.32796,-80.10009,1.301919071E9,776110,776759
776662,40.327896,-80.10018,1.301919071E9,776110,776759
776662,40.32781,-80.10014,1.301919071E9,776110,776759
776662,40.327747,-80.10004,1.301919071E9,776110,776759
776662,40.327663,-80.09993,1.301919071E9,776110,776759
776662,4