6759
776662,41.72814,-91.60324,1.301919071E9,776110,776759
776662,41.728237,-91.60325,1.301919071E9,776110,776759
776662,41.72833,-91.60325,1.301919071E9,776110,776759
776662,41.72842,-91.60325,1.301919071E9,776110,776759
776662,41.72851,-91.60325,1.301919071E9,776110,776759
776662,41.7286,-91.60324,1.301919071E9,776110,776759
776662,41.728687,-91.60324,1.301919071E9,776110,776759
776662,41.728775,-91.60324,1.301919071E9,776110,776759
776662,41.728867,-91.60325,1.301919071E9,776110,776759
776662,41.728947,-91.60325,1.301919071E9,776110,776759
776662,41.72903,-91.60325,1.301919071E9,776110,776759
776662,41.729183,-91.60324,1.301919071E9,776110,776759
776662,41.729336,-91.60323,1.301919071E9,776110,776759
776662,41.729473,-91.60323,1.301919071E9,776110,776759
776662,41.729607,-91.60323,1.301919071E9,776110,776759
776662,41.729736,-91.60324,1.301919071E9,776110,776759
776662,41.72986,-91.60325,1.301919071E9,776110,776759
776662,41.729977,-91.60325,1.301919071E9,776110,776759
776662,41.73009,-91.60325,1.301919071E9,776110,776759
776662,41.73019,-91.60326,1.301919071E9,776110,776759
776662,41.73028,-91.60326,1.301919071E9,776110,776759
776662,41.730366,-91.60327,1.301919071E9,776110,776759
776662,41.73048,-91.60329,1.301919071E9,776110,776759
776662,41.73058,-91.6033,1.301919071E9,776110,776759
776662,41.73068,-91.603294,1.301919071E9,776110,776759
776662,41.73079,-91.603294,1.301919071E9,776110,776759
776662,41.730892,-91.60329,1.301919071E9,776110,776759
776662,41.73099,-91.60327,1.301919071E9,776110,776759
776662,41.7311,-91.603264,1.301919071E9,776110,776759
776662,41.731213,-91.60326,1.301919071E9,776110,776759
776662,41.73132,-91.60326,1.301919071E9,776110,776759
776662,41.731438,-91.60325,1.301919071E9,776110,776759
776662,41.731537,-91.60326,1.301919071E9,776110,776759
776662,41.73162,-91.60325,1.301919071E9,776110,776759
776662,41.73175,-91.603226,1.301919071E9,776110,776759
776662,41.731956,-91.6032,1.301919071E9,776110,776759
776662,41.732082,-91.60316,1.301919071E9,776110,776759
776662,41.732204,-91.60312,1.301919071E9,776110,776759
776662,41.732327,-91.60312,1.301919071E9,776110,776759
776662,41.73247,-91.60312,1.301919071E9,776110,776759
776662,41.732563,-91.60313,1.301919071E9,776110,776759
776662,41.732716,-91.60314,1.301919071E9,776110,776759
776662,41.7328,-91.60315,1.301919071E9,776110,776759
776662,41.732883,-91.60315,1.301919071E9,776110,776759
776662,41.733032,-91.60314,1.301919071E9,776110,776759
776662,41.733173,-91.603134,1.301919071E9,776110,776759
776662,41.733303,-91.60313,1.301919071E9,776110,776759
776662,41.73343,-91.60312,1.301919071E9,776110,776759
776662,41.73354,-91.60312,1.301919071E9,776110,776759
776662,41.73365,-91.60312,1.301919071E9,776110,776759
776662,41.733757,-91.60312,1.301919071E9,776110,776759
776662,41.733856,-91.60315,1.301919071E9,776110,776759
776662,41.733955,-91.60317,1.301919071E9,776110,776759
776662,41.734047,-91.60317,1.301919071E9,776110,776759
776662,41.73414,-91.60317,1.301919071E9,776110,776759
776662,41.734226,-91.60317,1.301919071E9,776110,776759
776662,41.734314,-91.60317,1.301919071E9,776110,776759
776662,41.73443,-91.60317,1.301919071E9,776110,776759
776662,41.734543,-91.60317,1.301919071E9,776110,776759
776662,41.734653,-91.60318,1.301919071E9,776110,776759
776662,41.73476,-91.60319,1.301919071E9,776110,776759
776662,41.734882,-91.60319,1.301919071E9,776110,776759
776662,41.734966,-91.60319,1.301919071E9,776110,776759
776662,41.735054,-91.60318,1.301919071E9,776110,776759
776662,41.735157,-91.60317,1.301919071E9,776110,776759
776662,41.735264,-91.603165,1.301919071E9,776110,776759
776662,41.73538,-91.60315,1.301919071E9,776110,776759
776662,41.735462,-91.603165,1.301919071E9,776110,776759
776662,41.735584,-91.60314,1.301919071E9,776110,776759
776662,41.735725,-91.60313,1.301919071E9,776110,776759
776662,41.735825,-91.60314,1.301919071E9,776110,776759
776662,41.73597,-91.60314,1.301919071E9,776110,776759
776662,41.7361,-91.60314,1.301919071E9,776110,776759
776662,41.73623,-91.60314,1.301919071E9,776110,776759
776662,41.73635,-91.60314,1.301919071E9,776110,776759
776662,41.736477,-91.60315,1.301919071E9,776110,776759
776662,41.736603,-91.60315,1.301919071E9,776110,776759
776662,41.73672,-91.60314,1.301919071E9,776110,776759
776662,41.736847,-91.60315,1.301919071E9,776110,776759
776662,41.736977,-91.603165,1.301919071E9,776110,776759
776662,41.737095,-91.603165,1.301919071E9,776110,776759
776662,41.73721,-91.60315,1.301919071E9,776110,776759
776662,41.737316,-91.603134,1.301919071E9,776110,776759
776662,41.737408,-91.603096,1.301919071E9,776110,776759
776662,41.737503,-91.60308,1.301919071E9,776110,776759
776662,41.737614,-91.60306,1.301919071E9,776110,776759
776662,41.73774,-91.60304,1.301919071E9,776110,776759
776662,41.737823,-91.60303,1.301919071E9,776110,776759
776662,41.737946,-91.60303,1.301919071E9,776110,776759
776662,41.738052,-91.60301,1.301919071E9,776110,776759
776662,41.738148,-91.60301,1.301919071E9,776110,776759
776662,41.738228,-91.60302,1.301919071E9,776110,776759
776662,41.738358,-91.60303,1.301919071E9,776110,776759
776662,41.73848,-91.603035,1.301919071E9,776110,776759
776662,41.738586,-91.603035,1.301919071E9,776110,776759
776662,41.738667,-91.60304,1.301919071E9,776110,776759
776662,41.738754,-91.603035,1.301919071E9,776110,776759
776662,41.738846,-91.603035,1.301919071E9,776110,776759
776662,41.738934,-91.60303,1.301919071E9,776110,776759
776662,41.73902,-91.60303,1.301919071E9,776110,776759
776662,41.739113,-91.60303,1.301919071E9,776110,776759
776662,41.7392,-91.60303,1.301919071E9,776110,776759
776662,41.739296,-91.60303,1.301919071E9,776110,776759
776662,41.73939,-91.60303,1.301919071E9,776110,776759
776662,41.73948,-91.60302,1.301919071E9,776110,776759
776662,41.73957,-91.60302,1.301919071E9,776110,776759
776662,41.739674,-91.60302,1.301919071E9,776110,776759
776662,41.739773,-91.60301,1.301919071E9,776110,776759
776662,41.73987,-91.60301,1.301919071E9,776110,776759
776662,41.739994,-91.603,1.301919071E9,776110,776759
776662,41.740086,-91.603,1.301919071E9,776110,776759
776662,41.740192,-91.60302,1.301919071E9,776110,776759
776662,41.740273,-91.603096,1.301919071E9,776110,776759
776662,41.740356,-91.60322,1.301919071E9,776110,776759
776662,41.740425,-91.60332,1.301919071E9,776110,776759
776662,41.740486,-91.60339,1.301919071E9,776110,776759
776662,41.74055,-91.6035,1.301919071E9,776110,776759
776662,41.740646,-91.603584,1.301919071E9,776110,776759
776662,41.740746,-91.60367,1.301919071E9,776110,776759
776662,41.740845,-91.60374,1.301919071E9,776110,776759
776662,41.740936,-91.60378,1.301919071E9,776110,776759
776662,41.74102,-91.60382,1.301919071E9,776110,776759
776662,41.741108,-91.60385,1.301919071E9,776110,776759
776662,41.741203,-91.6039,1.301919071E9,776110,776759
776662,41.741306,-91.60395,1.301919071E9,776110,776759
776662,41.741394,-91.60399,1.301919071E9,776110,776759
776662,41.741478,-91.60402,1.301919071E9,776110,776759
776662,41.74157,-91.60404,1.301919071E9,776110,776759
776662,41.741653,-91.60404,1.301919071E9,776110,776759
776662,41.74177,-91.60406,1.301919071E9,776110,776759
776662,41.741875,-91.60405,1.301919071E9,776110,776759
776662,41.741985,-91.604065,1.301919071E9,776110,776759
776662,41.742092,-91.60407,1.301919071E9,776110,776759
776662,41.74218,-91.6041,1.301919071E9,776110,776759
776662,41.742264,-91.6041,1.301919071E9,776110,776759
776662,41.742348,-91.60408,1.301919071E9,776110,776759
776662,41.742443,-91.60407,1.301919071E9,776110,776759
776662,41.742527,-91.60407,1.301919071E9,776110,776759
776662,41.742645,-91.604095,1.301919071E9,776110,776759
776662,41.742767,-91.6041,1.301919071E9,776110,776759
776662,41.74285,-91.60411,1.301919071E9,776110,776759
776662,41.74294,-91.60413,1.301919071E9,776110,776759
776662,41.74302,-91.60412,1.301919071E9,776110,776759
776662,41.743107,-91.60409,1.301919071E9,776110,776759
776662,41.7432,-91.60406,1.301919071E9,776110,776759
776662,41.743286,-91.60402,1.301919071E9,776110,776759
776662,41.7433