76662,18.394844,-66.13934,1.301919071E9,776110,776759
776662,18.394732,-66.13922,1.301919071E9,776110,776759
776662,18.394627,-66.1391,1.301919071E9,776110,776759
776662,18.394524,-66.13898,1.301919071E9,776110,776759
776662,18.39444,-66.13887,1.301919071E9,776110,776759
776662,18.39438,-66.13879,1.301919071E9,776110,776759
776662,18.39432,-66.138695,1.301919071E9,776110,776759
776662,18.39419,-66.138596,1.301919071E9,776110,776759
776662,18.39404,-66.138535,1.301919071E9,776110,776759
776662,18.393923,-66.1385,1.301919071E9,776110,776759
776662,18.39379,-66.13846,1.301919071E9,776110,776759
776662,18.393631,-66.13843,1.301919071E9,776110,776759
776662,18.39347,-66.13842,1.301919071E9,776110,776759
776662,18.39331,-66.13841,1.301919071E9,776110,776759
776662,18.393215,-66.13847,1.301919071E9,776110,776759
776662,18.393085,-66.13858,1.301919071E9,776110,776759
776662,18.392994,-66.13867,1.301919071E9,776110,776759
776662,18.39288,-66.1388,1.301919071E9,776110,776759
776662,18.39276,-66.13886,1.301919071E9,776110,776759
776662,18.392609,-66.138885,1.301919071E9,776110,776759
776662,18.392445,-66.138916,1.301919071E9,776110,776759
776662,18.392328,-66.138985,1.301919071E9,776110,776759
776662,18.39219,-66.13906,1.301919071E9,776110,776759
776662,18.391972,-66.13912,1.301919071E9,776110,776759
776662,18.39181,-66.13907,1.301919071E9,776110,776759
776662,18.391628,-66.13896,1.301919071E9,776110,776759
776662,18.391493,-66.13881,1.301919071E9,776110,776759
776662,18.391418,-66.13868,1.301919071E9,776110,776759
776662,18.391344,-66.13848,1.301919071E9,776110,776759
776662,18.391285,-66.13833,1.301919071E9,776110,776759
776662,18.391245,-66.13824,1.301919071E9,776110,776759
776662,18.391169,-66.138084,1.301919071E9,776110,776759
776662,18.391087,-66.138,1.301919071E9,776110,776759
776662,18.390907,-66.13784,1.301919071E9,776110,776759
776662,18.39077,-66.13774,1.301919071E9,776110,776759
776662,18.390692,-66.13769,1.301919071E9,776110,776759
776662,18.390535,-66.13759,1.301919071E9,776110,776759
776662,18.390448,-66.13753,1.301919071E9,776110,776759
776662,18.390272,-66.13739,1.301919071E9,776110,776759
776662,18.390068,-66.137344,1.301919071E9,776110,776759
776662,18.389933,-66.137344,1.301919071E9,776110,776759
776662,18.389751,-66.13734,1.301919071E9,776110,776759
776662,18.389542,-66.13732,1.301919071E9,776110,776759
776662,18.389368,-66.13732,1.301919071E9,776110,776759
776662,18.389172,-66.137344,1.301919071E9,776110,776759
776662,18.38903,-66.137375,1.301919071E9,776110,776759
776662,18.388857,-66.13741,1.301919071E9,776110,776759
776662,18.388727,-66.137436,1.301919071E9,776110,776759
776662,18.388552,-66.137474,1.301919071E9,776110,776759
776662,18.38839,-66.13751,1.301919071E9,776110,776759
776662,18.388193,-66.137566,1.301919071E9,776110,776759
776662,18.388033,-66.13762,1.301919071E9,776110,776759
776662,18.387877,-66.137665,1.301919071E9,776110,776759
776662,18.387783,-66.137695,1.301919071E9,776110,776759
776662,18.387623,-66.13774,1.301919071E9,776110,776759
776662,18.38733,-66.13779,1.301919071E9,776110,776759
776662,18.387152,-66.137794,1.301919071E9,776110,776759
776662,18.387093,-66.13782,1.301919071E9,776110,776759
776662,18.387093,-66.13782,1.301919071E9,776110,776759
776662,18.387093,-66.13782,1.301919071E9,776110,776759
776662,18.380726,-66.139305,1.301919071E9,776110,776759
776662,18.380852,-66.139275,1.301919071E9,776110,776759
776662,18.381025,-66.13927,1.301919071E9,776110,776759
776662,18.381157,-66.139275,1.301919071E9,776110,776759
776662,18.381325,-66.1393,1.301919071E9,776110,776759
776662,18.381485,-66.139305,1.301919071E9,776110,776759
776662,18.38164,-66.13931,1.301919071E9,776110,776759
776662,18.381817,-66.13932,1.301919071E9,776110,776759
776662,18.381971,-66.13932,1.301919071E9,776110,776759
776662,18.38214,-66.13931,1.301919071E9,776110,776759
776662,18.382242,-66.139305,1.301919071E9,776110,776759
776662,18.382395,-66.13928,1.301919071E9,776110,776759
776662,18.382553,-66.13924,1.301919071E9,776110,776759
776662,18.38267,-66.139114,1.301919071E9,776110,776759
776662,18.382727,-66.13864,1.301919071E9,776110,776759
776662,18.382757,-66.138466,1.301919071E9,776110,776759
776662,18.382793,-66.13827,1.301919071E9,776110,776759
776662,18.38284,-66.138115,1.301919071E9,776110,776759
776662,18.382881,-66.137955,1.301919071E9,776110,776759
776662,18.382933,-66.13779,1.301919071E9,776110,776759
776662,18.38298,-66.13763,1.301919071E9,776110,776759
776662,18.383018,-66.13747,1.301919071E9,776110,776759
776662,18.383062,-66.1373,1.301919071E9,776110,776759
776662,18.38309,-66.1372,1.301919071E9,776110,776759
776662,18.383144,-66.13703,1.301919071E9,776110,776759
776662,18.383188,-66.13691,1.301919071E9,776110,776759
776662,18.383245,-66.13676,1.301919071E9,776110,776759
776662,18.383284,-66.13664,1.301919071E9,776110,776759
776662,18.383417,-66.13655,1.301919071E9,776110,776759
776662,18.383574,-66.13657,1.301919071E9,776110,776759
776662,18.38381,-66.1367,1.301919071E9,776110,776759
776662,18.384214,-66.13679,1.301919071E9,776110,776759
776662,18.384441,-66.13685,1.301919071E9,776110,776759
776662,18.384676,-66.13694,1.301919071E9,776110,776759
776662,18.384836,-66.13699,1.301919071E9,776110,776759
776662,18.385033,-66.137054,1.301919071E9,776110,776759
776662,18.385185,-66.13711,1.301919071E9,776110,776759
776662,18.385303,-66.13713,1.301919071E9,776110,776759
776662,18.385475,-66.13712,1.301919071E9,776110,776759
776662,18.385632,-66.13714,1.301919071E9,776110,776759
776662,18.385798,-66.137184,1.301919071E9,776110,776759
776662,18.385887,-66.13721,1.301919071E9,776110,776759
776662,18.386045,-66.137245,1.301919071E9,776110,776759
776662,18.386183,-66.13732,1.301919071E9,776110,776759
776662,18.386248,-66.13749,1.301919071E9,776110,776759
776662,18.386198,-66.13764,1.301919071E9,776110,776759
776662,18.386208,-66.13782,1.301919071E9,776110,776759
776662,18.386343,-66.137856,1.301919071E9,776110,776759
776662,18.386513,-66.13787,1.301919071E9,776110,776759
776662,18.386665,-66.13788,1.301919071E9,776110,776759
776662,18.387045,-66.13779,1.301919071E9,776110,776759
776662,18.387505,-66.13767,1.301919071E9,776110,776759
776662,18.38795,-66.13759,1.301919071E9,776110,776759
776662,18.38837,-66.137505,1.301919071E9,776110,776759
776662,18.388618,-66.137436,1.301919071E9,776110,776759
776662,18.388773,-66.137405,1.301919071E9,776110,776759
776662,18.388878,-66.13738,1.301919071E9,776110,776759
776662,18.389032,-66.13735,1.301919071E9,776110,776759
776662,18.389126,-66.13734,1.301919071E9,776110,776759
776662,18.3893,-66.13732,1.301919071E9,776110,776759
776662,18.389475,-66.13732,1.301919071E9,776110,776759
776662,18.389643,-66.13733,1.301919071E9,776110,776759
776662,18.389816,-66.13733,1.301919071E9,776110,776759
776662,18.390053,-66.13732,1.301919071E9,776110,776759
776662,18.390215,-66.137375,1.301919071E9,776110,776759
776662,18.390308,-66.13742,1.301919071E9,776110,776759
776662,18.390507,-66.13755,1.301919071E9,776110,776759
776662,18.390636,-66.13764,1.301919071E9,776110,776759
776662,18.390778,-66.13774,1.301919071E9,776110,776759
776662,18.390862,-66.13779,1.301919071E9,776110,776759
776662,18.390999,-66.137856,1.301919071E9,776110,776759
776662,18.391085,-66.13791,1.301919071E9,776110,776759
776662,18.391167,-66.138,1.301919071E9,776110,776759
776662,18.391203,-66.13809,1.301919071E9,776110,776759
776662,18.39125,-66.13827,1.301919071E9,776110,776759
776662,18.39127,-66.138374,1.301919071E9,776110,776759
776662,18.391287,-66.13848,1.301919071E9,776110,776759
776662,18.391327,-66.138565,1.301919071E9,776110,776759
776662,18.39142,-66.138695,1.301919071E9,776110,776759
776662,18.391546,-66.13882,1.301919071E9,776110,776759
776662,18.391659,-66.13894,1.301919071E9,776110,776759
776662,18.391886,-66.13909,1.301919071E9,776110,776759
776662,18.392048,-66.139145,1.301919071E9,776110,776759
776662,18.392183,-66.13911,1.301919071E9,776110,776759
776662,18.39234,-66.13902,1.301919071E9,776110,776759
776662,18.39251,-66.13897,1.3