,776759
776662,51.373272,5.534166,1.301919071E9,776110,776759
776662,51.37338,5.5343485,1.301919071E9,776110,776759
776662,51.3735,5.5344496,1.301919071E9,776110,776759
776662,51.373577,5.5345287,1.301919071E9,776110,776759
776662,51.373695,5.534666,1.301919071E9,776110,776759
776662,51.37377,5.534785,1.301919071E9,776110,776759
776662,51.37387,5.5348477,1.301919071E9,776110,776759
776662,51.37396,5.5350027,1.301919071E9,776110,776759
776662,51.37403,5.5351458,1.301919071E9,776110,776759
776662,51.37411,5.535289,1.301919071E9,776110,776759
776662,51.374203,5.5353847,1.301919071E9,776110,776759
776662,51.374313,5.53554,1.301919071E9,776110,776759
776662,51.374393,5.5356455,1.301919071E9,776110,776759
776662,51.37449,5.5357113,1.301919071E9,776110,776759
776662,51.374557,5.535837,1.301919071E9,776110,776759
776662,51.37462,5.5359483,1.301919071E9,776110,776759
776662,51.374672,5.5360813,1.301919071E9,776110,776759
776662,51.37474,5.536162,1.301919071E9,776110,776759
776662,51.37482,5.536276,1.301919071E9,776110,776759
776662,51.374878,5.536389,1.301919071E9,776110,776759
776662,51.37495,5.5364747,1.301919071E9,776110,776759
776662,51.37502,5.5365477,1.301919071E9,776110,776759
776662,51.375103,5.536685,1.301919071E9,776110,776759
776662,51.3752,5.536823,1.301919071E9,776110,776759
776662,51.375275,5.5369544,1.301919071E9,776110,776759
776662,51.375366,5.53702,1.301919071E9,776110,776759
776662,51.375458,5.5370927,1.301919071E9,776110,776759
776662,51.375534,5.5371666,1.301919071E9,776110,776759
776662,51.37563,5.5371356,1.301919071E9,776110,776759
776662,51.375683,5.5370293,1.301919071E9,776110,776759
776662,51.375782,5.536906,1.301919071E9,776110,776759
776662,51.375843,5.5367785,1.301919071E9,776110,776759
776662,51.375904,5.5366917,1.301919071E9,776110,776759
776662,51.37601,5.5365167,1.301919071E9,776110,776759
776662,51.3761,5.5363717,1.301919071E9,776110,776759
776662,51.376163,5.536218,1.301919071E9,776110,776759
776662,51.376286,5.535955,1.301919071E9,776110,776759
776662,51.376358,5.5357738,1.301919071E9,776110,776759
776662,51.376446,5.5356207,1.301919071E9,776110,776759
776662,51.376522,5.5355086,1.301919071E9,776110,776759
776662,51.376614,5.535457,1.301919071E9,776110,776759
776662,51.37674,5.5354238,1.301919071E9,776110,776759
776662,51.37691,5.535313,1.301919071E9,776110,776759
776662,51.377087,5.5352964,1.301919071E9,776110,776759
776662,51.3772,5.5352707,1.301919071E9,776110,776759
776662,51.377323,5.535249,1.301919071E9,776110,776759
776662,51.37745,5.535244,1.301919071E9,776110,776759
776662,51.37763,5.5352173,1.301919071E9,776110,776759
776662,51.377712,5.5352197,1.301919071E9,776110,776759
776662,51.37782,5.535227,1.301919071E9,776110,776759
776662,51.377914,5.5352116,1.301919071E9,776110,776759
776662,51.378017,5.535225,1.301919071E9,776110,776759
776662,51.37812,5.535126,1.301919071E9,776110,776759
776662,51.37822,5.535061,1.301919071E9,776110,776759
776662,51.378315,5.535046,1.301919071E9,776110,776759
776662,51.3784,5.534989,1.301919071E9,776110,776759
776662,51.378494,5.534903,1.301919071E9,776110,776759
776662,51.378593,5.534796,1.301919071E9,776110,776759
776662,51.378696,5.5347776,1.301919071E9,776110,776759
776662,51.3788,5.5347357,1.301919071E9,776110,776759
776662,51.378918,5.534749,1.301919071E9,776110,776759
776662,51.37903,5.5347495,1.301919071E9,776110,776759
776662,51.379128,5.5347133,1.301919071E9,776110,776759
776662,51.379265,5.534558,1.301919071E9,776110,776759
776662,51.3794,5.534457,1.301919071E9,776110,776759
776662,51.37948,5.534435,1.301919071E9,776110,776759
776662,51.37959,5.534414,1.301919071E9,776110,776759
776662,51.379696,5.5344167,1.301919071E9,776110,776759
776662,51.37979,5.5344157,1.301919071E9,776110,776759
776662,51.37991,5.534379,1.301919071E9,776110,776759
776662,51.38005,5.5343494,1.301919071E9,776110,776759
776662,51.38019,5.534258,1.301919071E9,776110,776759
776662,51.380352,5.534213,1.301919071E9,776110,776759
776662,51.380466,5.5341363,1.301919071E9,776110,776759
776662,51.380623,5.534119,1.301919071E9,776110,776759
776662,51.380756,5.5340986,1.301919071E9,776110,776759
776662,51.380898,5.5340676,1.301919071E9,776110,776759
776662,51.381012,5.5340276,1.301919071E9,776110,776759
776662,51.38115,5.5339007,1.301919071E9,776110,776759
776662,51.381325,5.533799,1.301919071E9,776110,776759
776662,51.38146,5.5337353,1.301919071E9,776110,776759
776662,51.381584,5.5337043,1.301919071E9,776110,776759
776662,51.381683,5.5336347,1.301919071E9,776110,776759
776662,51.381832,5.533554,1.301919071E9,776110,776759
776662,51.38195,5.5334272,1.301919071E9,776110,776759
776662,51.38208,5.5333395,1.301919071E9,776110,776759
776662,51.382248,5.5331993,1.301919071E9,776110,776759
776662,51.3824,5.5330386,1.301919071E9,776110,776759
776662,51.382504,5.5329604,1.301919071E9,776110,776759
776662,51.38262,5.5328927,1.301919071E9,776110,776759
776662,51.38276,5.532829,1.301919071E9,776110,776759
776662,51.382885,5.5327525,1.301919071E9,776110,776759
776662,51.38298,5.5326624,1.301919071E9,776110,776759
776662,51.383076,5.532566,1.301919071E9,776110,776759
776662,51.383186,5.5325093,1.301919071E9,776110,776759
776662,51.3833,5.5325017,1.301919071E9,776110,776759
776662,51.38342,5.532453,1.301919071E9,776110,776759
776662,51.38356,5.532384,1.301919071E9,776110,776759
776662,51.383686,5.5322824,1.301919071E9,776110,776759
776662,51.383793,5.5322247,1.301919071E9,776110,776759
776662,51.38391,5.532176,1.301919071E9,776110,776759
776662,51.384,5.5321836,1.301919071E9,776110,776759
776662,51.384117,5.532149,1.301919071E9,776110,776759
776662,51.38425,5.532097,1.301919071E9,776110,776759
776662,51.384346,5.532127,1.301919071E9,776110,776759
776662,51.384476,5.532076,1.301919071E9,776110,776759
776662,51.384594,5.532036,1.301919071E9,776110,776759
776662,51.38473,5.531935,1.301919071E9,776110,776759
776662,51.38485,5.531898,1.301919071E9,776110,776759
776662,51.384937,5.531908,1.301919071E9,776110,776759
776662,51.38505,5.531888,1.301919071E9,776110,776759
776662,51.385143,5.5318775,1.301919071E9,776110,776759
776662,51.385265,5.5318313,1.301919071E9,776110,776759
776662,51.385345,5.531866,1.301919071E9,776110,776759
776662,51.385433,5.531885,1.301919071E9,776110,776759
776662,51.38553,5.53186,1.301919071E9,776110,776759
776662,51.38561,5.531767,1.301919071E9,776110,776759
776662,51.385677,5.531665,1.301919071E9,776110,776759
776662,51.385735,5.531485,1.301919071E9,776110,776759
776662,51.38576,5.5313325,1.301919071E9,776110,776759
776662,51.38584,5.5313034,1.301919071E9,776110,776759
776662,51.385975,5.531283,1.301919071E9,776110,776759
776662,51.386086,5.5311933,1.301919071E9,776110,776759
776662,51.386173,5.531074,1.301919071E9,776110,776759
776662,51.38628,5.530994,1.301919071E9,776110,776759
776662,51.38636,5.5309615,1.301919071E9,776110,776759
776662,51.386448,5.5309057,1.301919071E9,776110,776759
776662,51.386497,5.5307884,1.301919071E9,776110,776759
776662,51.386555,5.5306325,1.301919071E9,776110,776759
776662,51.38662,5.5304456,1.301919071E9,776110,776759
776662,51.386658,5.5302896,1.301919071E9,776110,776759
776662,51.38668,5.5301323,1.301919071E9,776110,776759
776662,51.386677,5.529982,1.301919071E9,776110,776759
776662,51.38674,5.529838,1.301919071E9,776110,776759
776662,51.386852,5.5298085,1.301919071E9,776110,776759
776662,51.386982,5.5296774,1.301919071E9,776110,776759
776662,51.38708,5.5294795,1.301919071E9,776110,776759
776662,51.38715,5.5293317,1.301919071E9,776110,776759
776662,51.387177,5.529097,1.301919071E9,776110,776759
776662,51.387226,5.528918,1.301919071E9,776110,776759
776662,51.38714,5.5287914,1.301919071E9,776110,776759
776662,51.38725,5.5287275,1.301919071E9,776110,776759
776662,51.387383,5.528689,1.301919071E9,776110,776759
776662,51.38752,5.528712,1.301919071E9,776110,776759
776662,51.387722,5.528658,1.301919071E9,776110,776759
776662,51.387886,5.528628,1.301919071E9,776110,776759
776662,51.388058,5.5285125,1.301919071E9,776110,776759
776662,51.38821,5.528483,1.301919071E9,776110,776759
776