6759
776662,18.398954,-66.14475,1.301919071E9,776110,776759
776662,18.398693,-66.14434,1.301919071E9,776110,776759
776662,18.39843,-66.14397,1.301919071E9,776110,776759
776662,18.39829,-66.143745,1.301919071E9,776110,776759
776662,18.398205,-66.14361,1.301919071E9,776110,776759
776662,18.398115,-66.14347,1.301919071E9,776110,776759
776662,18.397999,-66.14331,1.301919071E9,776110,776759
776662,18.397736,-66.14294,1.301919071E9,776110,776759
776662,18.397491,-66.14255,1.301919071E9,776110,776759
776662,18.397392,-66.142365,1.301919071E9,776110,776759
776662,18.397297,-66.14217,1.301919071E9,776110,776759
776662,18.3972,-66.142,1.301919071E9,776110,776759
776662,18.397099,-66.14184,1.301919071E9,776110,776759
776662,18.396812,-66.14146,1.301919071E9,776110,776759
776662,18.396584,-66.141075,1.301919071E9,776110,776759
776662,18.39629,-66.140656,1.301919071E9,776110,776759
776662,18.396,-66.14049,1.301919071E9,776110,776759
776662,18.395578,-66.14019,1.301919071E9,776110,776759
776662,18.395283,-66.139854,1.301919071E9,776110,776759
776662,18.395136,-66.13971,1.301919071E9,776110,776759
776662,18.395065,-66.13963,1.301919071E9,776110,776759
776662,18.394966,-66.139496,1.301919071E9,776110,776759
776662,18.394863,-66.139366,1.301919071E9,776110,776759
776662,18.394754,-66.13924,1.301919071E9,776110,776759
776662,18.39464,-66.13912,1.301919071E9,776110,776759
776662,18.39453,-66.139,1.301919071E9,776110,776759
776662,18.394423,-66.13887,1.301919071E9,776110,776759
776662,18.394318,-66.138695,1.301919071E9,776110,776759
776662,18.394224,-66.13857,1.301919071E9,776110,776759
776662,18.394053,-66.13845,1.301919071E9,776110,776759
776662,18.393854,-66.13839,1.301919071E9,776110,776759
776662,18.393389,-66.138306,1.301919071E9,776110,776759
776662,18.393202,-66.13839,1.301919071E9,776110,776759
776662,18.393135,-66.13858,1.301919071E9,776110,776759
776662,18.393085,-66.13868,1.301919071E9,776110,776759
776662,18.392979,-66.138824,1.301919071E9,776110,776759
776662,18.392809,-66.13889,1.301919071E9,776110,776759
776662,18.39262,-66.13886,1.301919071E9,776110,776759
776662,18.392443,-66.138916,1.301919071E9,776110,776759
776662,18.39235,-66.138954,1.301919071E9,776110,776759
776662,18.39218,-66.138954,1.301919071E9,776110,776759
776662,18.391796,-66.13872,1.301919071E9,776110,776759
776662,18.39154,-66.13835,1.301919071E9,776110,776759
776662,18.39132,-66.13793,1.301919071E9,776110,776759
776662,18.39101,-66.13767,1.301919071E9,776110,776759
776662,18.390856,-66.13757,1.301919071E9,776110,776759
776662,18.390696,-66.137474,1.301919071E9,776110,776759
776662,18.390533,-66.13737,1.301919071E9,776110,776759
776662,18.390368,-66.13727,1.301919071E9,776110,776759
776662,18.390192,-66.1372,1.301919071E9,776110,776759
776662,18.390076,-66.13716,1.301919071E9,776110,776759
776662,18.38989,-66.13714,1.301919071E9,776110,776759
776662,18.389696,-66.13715,1.301919071E9,776110,776759
776662,18.389502,-66.13717,1.301919071E9,776110,776759
776662,18.389374,-66.13718,1.301919071E9,776110,776759
776662,18.389181,-66.1372,1.301919071E9,776110,776759
776662,18.388996,-66.13722,1.301919071E9,776110,776759
776662,18.38881,-66.137245,1.301919071E9,776110,776759
776662,18.38861,-66.13728,1.301919071E9,776110,776759
776662,18.388403,-66.13732,1.301919071E9,776110,776759
776662,18.388203,-66.13736,1.301919071E9,776110,776759
776662,18.387735,-66.13743,1.301919071E9,776110,776759
776662,18.387606,-66.137436,1.301919071E9,776110,776759
776662,18.38711,-66.137505,1.301919071E9,776110,776759
776662,18.386667,-66.13756,1.301919071E9,776110,776759
776662,18.386547,-66.13762,1.301919071E9,776110,776759
776662,18.386442,-66.13775,1.301919071E9,776110,776759
776662,18.386286,-66.13782,1.301919071E9,776110,776759
776662,18.386139,-66.13776,1.301919071E9,776110,776759
776662,18.386023,-66.13768,1.301919071E9,776110,776759
776662,18.385937,-66.13753,1.301919071E9,776110,776759
776662,18.385872,-66.13735,1.301919071E9,776110,776759
776662,18.385778,-66.13728,1.301919071E9,776110,776759
776662,18.38563,-66.13722,1.301919071E9,776110,776759
776662,18.385437,-66.13717,1.301919071E9,776110,776759
776662,18.385221,-66.13711,1.301919071E9,776110,776759
776662,18.385035,-66.13704,1.301919071E9,776110,776759
776662,18.384872,-66.136986,1.301919071E9,776110,776759
776662,18.384766,-66.13695,1.301919071E9,776110,776759
776662,18.384605,-66.1369,1.301919071E9,776110,776759
776662,18.384502,-66.13686,1.301919071E9,776110,776759
776662,18.384344,-66.13683,1.301919071E9,776110,776759
776662,18.384249,-66.13681,1.301919071E9,776110,776759
776662,18.38409,-66.136765,1.301919071E9,776110,776759
776662,18.384275,-66.136734,1.301919071E9,776110,776759
776662,18.38473,-66.13689,1.301919071E9,776110,776759
776662,18.384918,-66.13695,1.301919071E9,776110,776759
776662,18.385136,-66.13699,1.301919071E9,776110,776759
776662,18.38561,-66.13707,1.301919071E9,776110,776759
776662,18.385756,-66.13709,1.301919071E9,776110,776759
776662,18.385942,-66.13714,1.301919071E9,776110,776759
776662,18.386032,-66.137276,1.301919071E9,776110,776759
776662,18.386053,-66.13747,1.301919071E9,776110,776759
776662,18.386082,-66.13765,1.301919071E9,776110,776759
776662,18.38615,-66.13775,1.301919071E9,776110,776759
776662,18.386297,-66.1378,1.301919071E9,776110,776759
776662,18.386812,-66.13767,1.301919071E9,776110,776759
776662,18.38696,-66.137596,1.301919071E9,776110,776759
776662,18.38717,-66.137505,1.301919071E9,776110,776759
776662,18.387379,-66.137436,1.301919071E9,776110,776759
776662,18.387465,-66.1374,1.301919071E9,776110,776759
776662,18.387629,-66.13736,1.301919071E9,776110,776759
776662,18.387796,-66.137344,1.301919071E9,776110,776759
776662,18.388235,-66.13731,1.301919071E9,776110,776759
776662,18.388702,-66.137215,1.301919071E9,776110,776759
776662,18.389143,-66.13713,1.301919071E9,776110,776759
776662,18.38959,-66.13711,1.301919071E9,776110,776759
776662,18.389778,-66.13709,1.301919071E9,776110,776759
776662,18.389973,-66.13707,1.301919071E9,776110,776759
776662,18.389973,-66.13707,1.301919071E9,776110,776759
776662,18.391985,-66.138535,1.301919071E9,776110,776759
776662,18.391985,-66.138535,1.301919071E9,776110,776759
776662,18.39194,-66.13847,1.301919071E9,776110,776759
776662,18.391832,-66.138664,1.301919071E9,776110,776759
776662,18.391829,-66.1388,1.301919071E9,776110,776759
776662,18.391731,-66.13893,1.301919071E9,776110,776759
776662,18.391565,-66.138824,1.301919071E9,776110,776759
776662,18.391468,-66.13869,1.301919071E9,776110,776759
776662,18.391375,-66.13851,1.301919071E9,776110,776759
776662,18.39132,-66.13833,1.301919071E9,776110,776759
776662,18.391249,-66.138176,1.301919071E9,776110,776759
776662,18.391142,-66.13802,1.301919071E9,776110,776759
776662,18.391024,-66.137856,1.301919071E9,776110,776759
776662,18.39088,-66.13775,1.301919071E9,776110,776759
776662,18.390743,-66.13767,1.301919071E9,776110,776759
776662,18.3906,-66.13759,1.301919071E9,776110,776759
776662,18.390455,-66.137505,1.301919071E9,776110,776759
776662,18.390299,-66.137405,1.301919071E9,776110,776759
776662,18.390182,-66.13734,1.301919071E9,776110,776759
776662,18.390005,-66.13728,1.301919071E9,776110,776759
776662,18.38984,-66.13726,1.301919071E9,776110,776759
776662,18.389671,-66.13726,1.301919071E9,776110,776759
776662,18.389507,-66.13727,1.301919071E9,776110,776759
776662,18.389341,-66.13727,1.301919071E9,776110,776759
776662,18.389174,-66.13728,1.301919071E9,776110,776759
776662,18.389008,-66.13732,1.301919071E9,776110,776759
776662,18.388844,-66.137375,1.301919071E9,776110,776759
776662,18.38867,-66.13741,1.301919071E9,776110,776759
776662,18.38848,-66.13745,1.301919071E9,776110,776759
776662,18.388287,-66.13748,1.301919071E9,776110,776759
776662,18.38811,-66.137505,1.301919071E9,776110,776759
776662,18.387957,-66.137535,1.301919071E9,776110,776759
776662,18.38779,-66.137566,1.301919071E9,776110,776759
776662,18.387606,-66.137566,1.301919071E9,776110,776759
776662,18.38742,-66.13759,1.301919071E9,776110,776759
776662,18.387224,-66.13762,1.3