0,776759
776662,51.38319,5.543846,1.301919071E9,776110,776759
776662,51.38315,5.5436726,1.301919071E9,776110,776759
776662,51.38311,5.5434837,1.301919071E9,776110,776759
776662,51.38307,5.5432944,1.301919071E9,776110,776759
776662,51.38304,5.543129,1.301919071E9,776110,776759
776662,51.383,5.5429816,1.301919071E9,776110,776759
776662,51.383064,5.5428905,1.301919071E9,776110,776759
776662,51.38314,5.542847,1.301919071E9,776110,776759
776662,51.38329,5.5425086,1.301919071E9,776110,776759
776662,51.383354,5.542334,1.301919071E9,776110,776759
776662,51.383358,5.542186,1.301919071E9,776110,776759
776662,51.383366,5.5420523,1.301919071E9,776110,776759
776662,51.383366,5.541883,1.301919071E9,776110,776759
776662,51.38335,5.5417137,1.301919071E9,776110,776759
776662,51.38332,5.541558,1.301919071E9,776110,776759
776662,51.383293,5.541401,1.301919071E9,776110,776759
776662,51.383274,5.54123,1.301919071E9,776110,776759
776662,51.38324,5.541071,1.301919071E9,776110,776759
776662,51.383194,5.5409064,1.301919071E9,776110,776759
776662,51.38314,5.540808,1.301919071E9,776110,776759
776662,51.38308,5.540683,1.301919071E9,776110,776759
776662,51.383015,5.540557,1.301919071E9,776110,776759
776662,51.38297,5.5404515,1.301919071E9,776110,776759
776662,51.382915,5.5403037,1.301919071E9,776110,776759
776662,51.382862,5.5401993,1.301919071E9,776110,776759
776662,51.382793,5.540106,1.301919071E9,776110,776759
776662,51.382725,5.5400248,1.301919071E9,776110,776759
776662,51.382477,5.5399747,1.301919071E9,776110,776759
776662,51.382133,5.5400257,1.301919071E9,776110,776759
776662,51.381973,5.5400476,1.301919071E9,776110,776759
776662,51.381878,5.540084,1.301919071E9,776110,776759
776662,51.381775,5.540129,1.301919071E9,776110,776759
776662,51.381645,5.540171,1.301919071E9,776110,776759
776662,51.381565,5.5402536,1.301919071E9,776110,776759
776662,51.38148,5.540407,1.301919071E9,776110,776759
776662,51.381523,5.540546,1.301919071E9,776110,776759
776662,51.38157,5.540669,1.301919071E9,776110,776759
776662,51.38159,5.5408034,1.301919071E9,776110,776759
776662,51.3815,5.5408707,1.301919071E9,776110,776759
776662,51.381413,5.540942,1.301919071E9,776110,776759
776662,51.381306,5.541013,1.301919071E9,776110,776759
776662,51.381214,5.541141,1.301919071E9,776110,776759
776662,51.38115,5.5412264,1.301919071E9,776110,776759
776662,51.381077,5.541365,1.301919071E9,776110,776759
776662,51.381023,5.5415196,1.301919071E9,776110,776759
776662,51.380997,5.5417027,1.301919071E9,776110,776759
776662,51.38099,5.541837,1.301919071E9,776110,776759
776662,51.380955,5.542032,1.301919071E9,776110,776759
776662,51.380962,5.542251,1.301919071E9,776110,776759
776662,51.380985,5.542459,1.301919071E9,776110,776759
776662,51.380943,5.5425806,1.301919071E9,776110,776759
776662,51.380886,5.5426908,1.301919071E9,776110,776759
776662,51.38084,5.542823,1.301919071E9,776110,776759
776662,51.380764,5.5429626,1.301919071E9,776110,776759
776662,51.380676,5.543061,1.301919071E9,776110,776759
776662,51.380608,5.5431457,1.301919071E9,776110,776759
776662,51.380527,5.543301,1.301919071E9,776110,776759
776662,51.38043,5.5433903,1.301919071E9,776110,776759
776662,51.380337,5.543462,1.301919071E9,776110,776759
776662,51.38023,5.54354,1.301919071E9,776110,776759
776662,51.380135,5.543622,1.301919071E9,776110,776759
776662,51.38003,5.543728,1.301919071E9,776110,776759
776662,51.379868,5.543819,1.301919071E9,776110,776759
776662,51.379723,5.5439243,1.301919071E9,776110,776759
776662,51.379646,5.543967,1.301919071E9,776110,776759
776662,51.379543,5.544077,1.301919071E9,776110,776759
776662,51.379436,5.544137,1.301919071E9,776110,776759
776662,51.379307,5.544203,1.301919071E9,776110,776759
776662,51.379234,5.5442586,1.301919071E9,776110,776759
776662,51.37912,5.5443487,1.301919071E9,776110,776759
776662,51.37902,5.544439,1.301919071E9,776110,776759
776662,51.37895,5.5445256,1.301919071E9,776110,776759
776662,51.37888,5.5446258,1.301919071E9,776110,776759
776662,51.378822,5.544734,1.301919071E9,776110,776759
776662,51.37874,5.5448775,1.301919071E9,776110,776759
776662,51.37865,5.5450435,1.301919071E9,776110,776759
776662,51.378555,5.545148,1.301919071E9,776110,776759
776662,51.378494,5.5452595,1.301919071E9,776110,776759
776662,51.37842,5.545396,1.301919071E9,776110,776759
776662,51.378407,5.5455384,1.301919071E9,776110,776759
776662,51.378403,5.545702,1.301919071E9,776110,776759
776662,51.3784,5.5458326,1.301919071E9,776110,776759
776662,51.3783,5.5457673,1.301919071E9,776110,776759
776662,51.378204,5.5456767,1.301919071E9,776110,776759
776662,51.378124,5.545564,1.301919071E9,776110,776759
776662,51.378002,5.5455155,1.301919071E9,776110,776759
776662,51.377895,5.545522,1.301919071E9,776110,776759
776662,51.377792,5.5455394,1.301919071E9,776110,776759
776662,51.377697,5.545582,1.301919071E9,776110,776759
776662,51.37761,5.5456023,1.301919071E9,776110,776759
776662,51.377472,5.545654,1.301919071E9,776110,776759
776662,51.377342,5.5457144,1.301919071E9,776110,776759
776662,51.377228,5.5457625,1.301919071E9,776110,776759
776662,51.377113,5.545815,1.301919071E9,776110,776759
776662,51.376995,5.545852,1.301919071E9,776110,776759
776662,51.37688,5.545921,1.301919071E9,776110,776759
776662,51.376766,5.5459695,1.301919071E9,776110,776759
776662,51.37665,5.54605,1.301919071E9,776110,776759
776662,51.376556,5.546111,1.301919071E9,776110,776759
776662,51.37645,5.5461802,1.301919071E9,776110,776759
776662,51.376343,5.546212,1.301919071E9,776110,776759
776662,51.37624,5.546182,1.301919071E9,776110,776759
776662,51.376175,5.5460196,1.301919071E9,776110,776759
776662,51.376133,5.545889,1.301919071E9,776110,776759
776662,51.376083,5.5457683,1.301919071E9,776110,776759
776662,51.37602,5.545621,1.301919071E9,776110,776759
776662,51.37598,5.5454774,1.301919071E9,776110,776759
776662,51.37595,5.5453477,1.301919071E9,776110,776759
776662,51.375874,5.5452323,1.301919071E9,776110,776759
776662,51.375774,5.545203,1.301919071E9,776110,776759
776662,51.375694,5.5452495,1.301919071E9,776110,776759
776662,51.375614,5.5453157,1.301919071E9,776110,776759
776662,51.375504,5.545378,1.301919071E9,776110,776759
776662,51.375404,5.5454435,1.301919071E9,776110,776759
776662,51.375294,5.545506,1.301919071E9,776110,776759
776662,51.3752,5.54557,1.301919071E9,776110,776759
776662,51.375084,5.5456247,1.301919071E9,776110,776759
776662,51.374996,5.545602,1.301919071E9,776110,776759
776662,51.3749,5.5455923,1.301919071E9,776110,776759
776662,51.374817,5.5455694,1.301919071E9,776110,776759
776662,51.37471,5.545554,1.301919071E9,776110,776759
776662,51.374615,5.5455804,1.301919071E9,776110,776759
776662,51.37451,5.545606,1.301919071E9,776110,776759
776662,51.374386,5.5456276,1.301919071E9,776110,776759
776662,51.374264,5.545645,1.301919071E9,776110,776759
776662,51.37416,5.545689,1.301919071E9,776110,776759
776662,51.374065,5.5457234,1.301919071E9,776110,776759
776662,51.373978,5.545745,1.301919071E9,776110,776759
776662,51.373955,5.545588,1.301919071E9,776110,776759
776662,51.373947,5.5454493,1.301919071E9,776110,776759
776662,51.373947,5.5453043,1.301919071E9,776110,776759
776662,51.373955,5.5451717,1.301919071E9,776110,776759
776662,51.373955,5.54501,1.301919071E9,776110,776759
776662,51.373966,5.5448494,1.301919071E9,776110,776759
776662,51.373947,5.544683,1.301919071E9,776110,776759
776662,51.373943,5.544526,1.301919071E9,776110,776759
776662,51.37393,5.544354,1.301919071E9,776110,776759
776662,51.373917,5.5442104,1.301919071E9,776110,776759
776662,51.373882,5.544037,1.301919071E9,776110,776759
776662,51.37386,5.543851,1.301919071E9,776110,776759
776662,51.373863,5.543674,1.301919071E9,776110,776759
776662,51.37383,5.543507,1.301919071E9,776110,776759
776662,51.37379,5.543317,1.301919071E9,776110,776759
776662,51.373745,5.5431952,1.301919071E9,776110,776759
776662,51.373695,5.5430326,1.301919071E9,776110,776759
776662,51.373653,5.542907,1.301919071E9,776110,776759
776662,51.37361,5.542791,1.301919071E9,776110,776759
776662,51.37357,5.5426383,1.301919071E9,776110,77