301919071E9,776110,776759
776662,38.771465,-90.53026,1.301919071E9,776110,776759
776662,38.77156,-90.53028,1.301919071E9,776110,776759
776662,38.771652,-90.5303,1.301919071E9,776110,776759
776662,38.771748,-90.53032,1.301919071E9,776110,776759
776662,38.771835,-90.53034,1.301919071E9,776110,776759
776662,38.77193,-90.530365,1.301919071E9,776110,776759
776662,38.77202,-90.53039,1.301919071E9,776110,776759
776662,38.772106,-90.53042,1.301919071E9,776110,776759
776662,38.772217,-90.530464,1.301919071E9,776110,776759
776662,38.772305,-90.530495,1.301919071E9,776110,776759
776662,38.772396,-90.530525,1.301919071E9,776110,776759
776662,38.772488,-90.53056,1.301919071E9,776110,776759
776662,38.772583,-90.53059,1.301919071E9,776110,776759
776662,38.77269,-90.53062,1.301919071E9,776110,776759
776662,38.772785,-90.53064,1.301919071E9,776110,776759
776662,38.772892,-90.53067,1.301919071E9,776110,776759
776662,38.77298,-90.53069,1.301919071E9,776110,776759
776662,38.77309,-90.53069,1.301919071E9,776110,776759
776662,38.773186,-90.53071,1.301919071E9,776110,776759
776662,38.77329,-90.530716,1.301919071E9,776110,776759
776662,38.773384,-90.53071,1.301919071E9,776110,776759
776662,38.773483,-90.530685,1.301919071E9,776110,776759
776662,38.773575,-90.53067,1.301919071E9,776110,776759
776662,38.773678,-90.53063,1.301919071E9,776110,776759
776662,38.773785,-90.5306,1.301919071E9,776110,776759
776662,38.773888,-90.53056,1.301919071E9,776110,776759
776662,38.773975,-90.530525,1.301919071E9,776110,776759
776662,38.774067,-90.53047,1.301919071E9,776110,776759
776662,38.77415,-90.530426,1.301919071E9,776110,776759
776662,38.77425,-90.53036,1.301919071E9,776110,776759
776662,38.774334,-90.5303,1.301919071E9,776110,776759
776662,38.774418,-90.530205,1.301919071E9,776110,776759
776662,38.774506,-90.5301,1.301919071E9,776110,776759
776662,38.774567,-90.53001,1.301919071E9,776110,776759
776662,38.774647,-90.5299,1.301919071E9,776110,776759
776662,38.774727,-90.52979,1.301919071E9,776110,776759
776662,38.774796,-90.529686,1.301919071E9,776110,776759
776662,38.774864,-90.52958,1.301919071E9,776110,776759
776662,38.774918,-90.529465,1.301919071E9,776110,776759
776662,38.774975,-90.529366,1.301919071E9,776110,776759
776662,38.77503,-90.52927,1.301919071E9,776110,776759
776662,38.775085,-90.52916,1.301919071E9,776110,776759
776662,38.77514,-90.52905,1.301919071E9,776110,776759
776662,38.77521,-90.52896,1.301919071E9,776110,776759
776662,38.775272,-90.52885,1.301919071E9,776110,776759
776662,38.77535,-90.52873,1.301919071E9,776110,776759
776662,38.775417,-90.528625,1.301919071E9,776110,776759
776662,38.775486,-90.52851,1.301919071E9,776110,776759
776662,38.775547,-90.5284,1.301919071E9,776110,776759
776662,38.775616,-90.5283,1.301919071E9,776110,776759
776662,38.77569,-90.52819,1.301919071E9,776110,776759
776662,38.77575,-90.52808,1.301919071E9,776110,776759
776662,38.77581,-90.52799,1.301919071E9,776110,776759
776662,38.77591,-90.52799,1.301919071E9,776110,776759
776662,38.775993,-90.52806,1.301919071E9,776110,776759
776662,38.77606,-90.52817,1.301919071E9,776110,776759
776662,38.776146,-90.52824,1.301919071E9,776110,776759
776662,38.776234,-90.52831,1.301919071E9,776110,776759
776662,38.776318,-90.528404,1.301919071E9,776110,776759
776662,38.776386,-90.52849,1.301919071E9,776110,776759
776662,38.77645,-90.528564,1.301919071E9,776110,776759
776662,38.776527,-90.528625,1.301919071E9,776110,776759
776662,38.7766,-90.5287,1.301919071E9,776110,776759
776662,38.776676,-90.528786,1.301919071E9,776110,776759
776662,38.77676,-90.52886,1.301919071E9,776110,776759
776662,38.776825,-90.52897,1.301919071E9,776110,776759
776662,38.7769,-90.52906,1.301919071E9,776110,776759
776662,38.776978,-90.52914,1.301919071E9,776110,776759
776662,38.777058,-90.52921,1.301919071E9,776110,776759
776662,38.777138,-90.529305,1.301919071E9,776110,776759
776662,38.77723,-90.529396,1.301919071E9,776110,776759
776662,38.77733,-90.52945,1.301919071E9,776110,776759
776662,38.777416,-90.5295,1.301919071E9,776110,776759
776662,38.777496,-90.529564,1.301919071E9,776110,776759
776662,38.777588,-90.52964,1.301919071E9,776110,776759
776662,38.777664,-90.5297,1.301919071E9,776110,776759
776662,38.77775,-90.52977,1.301919071E9,776110,776759
776662,38.777832,-90.52985,1.301919071E9,776110,776759
776662,38.777916,-90.529945,1.301919071E9,776110,776759
776662,38.778004,-90.53003,1.301919071E9,776110,776759
776662,38.778084,-90.5301,1.301919071E9,776110,776759
776662,38.778088,-90.53023,1.301919071E9,776110,776759
776662,38.778027,-90.53032,1.301919071E9,776110,776759
776662,38.77796,-90.530426,1.301919071E9,776110,776759
776662,38.77789,-90.53051,1.301919071E9,776110,776759
776662,38.777832,-90.53062,1.301919071E9,776110,776759
776662,38.777775,-90.530716,1.301919071E9,776110,776759
776662,38.777706,-90.53082,1.301919071E9,776110,776759
776662,38.777664,-90.53094,1.301919071E9,776110,776759
776662,38.777634,-90.53105,1.301919071E9,776110,776759
776662,38.777607,-90.531166,1.301919071E9,776110,776759
776662,38.77756,-90.53127,1.301919071E9,776110,776759
776662,38.777504,-90.53139,1.301919071E9,776110,776759
776662,38.777412,-90.53143,1.301919071E9,776110,776759
776662,38.777325,-90.53137,1.301919071E9,776110,776759
776662,38.777245,-90.53129,1.301919071E9,776110,776759
776662,38.77717,-90.53123,1.301919071E9,776110,776759
776662,38.77709,-90.531136,1.301919071E9,776110,776759
776662,38.777008,-90.53105,1.301919071E9,776110,776759
776662,38.776924,-90.530975,1.301919071E9,776110,776759
776662,38.77686,-90.5309,1.301919071E9,776110,776759
776662,38.776768,-90.53083,1.301919071E9,776110,776759
776662,38.776688,-90.53078,1.301919071E9,776110,776759
776662,38.776608,-90.5307,1.301919071E9,776110,776759
776662,38.77652,-90.530624,1.301919071E9,776110,776759
776662,38.77643,-90.53055,1.301919071E9,776110,776759
776662,38.776344,-90.530464,1.301919071E9,776110,776759
776662,38.776325,-90.53034,1.301919071E9,776110,776759
776662,38.77636,-90.53023,1.301919071E9,776110,776759
776662,38.77641,-90.530136,1.301919071E9,776110,776759
776662,38.77649,-90.530045,1.301919071E9,776110,776759
776662,38.776558,-90.52993,1.301919071E9,776110,776759
776662,38.776634,-90.52983,1.301919071E9,776110,776759
776662,38.776737,-90.52979,1.301919071E9,776110,776759
776662,38.77682,-90.52988,1.301919071E9,776110,776759
776662,38.776897,-90.52996,1.301919071E9,776110,776759
776662,38.776966,-90.53006,1.301919071E9,776110,776759
776662,38.777042,-90.530136,1.301919071E9,776110,776759
776662,38.77714,-90.53017,1.301919071E9,776110,776759
776662,38.77724,-90.53015,1.301919071E9,776110,776759
776662,38.777313,-90.53007,1.301919071E9,776110,776759
776662,38.77737,-90.529976,1.301919071E9,776110,776759
776662,38.777428,-90.529884,1.301919071E9,776110,776759
776662,38.77751,-90.52983,1.301919071E9,776110,776759
776662,38.77758,-90.52992,1.301919071E9,776110,776759
776662,38.77766,-90.53001,1.301919071E9,776110,776759
776662,38.77775,-90.53007,1.301919071E9,776110,776759
776662,38.777836,-90.53013,1.301919071E9,776110,776759
776662,38.777916,-90.5302,1.301919071E9,776110,776759
776662,38.777924,-90.53032,1.301919071E9,776110,776759
776662,38.777847,-90.53041,1.301919071E9,776110,776759
776662,38.77777,-90.5305,1.301919071E9,776110,776759
776662,38.777706,-90.5306,1.301919071E9,776110,776759
776662,38.777706,-90.5306,1.301919071E9,776110,776759
776662,38.724857,-90.48595,1.301919071E9,776110,776759
776662,38.72487,-90.48577,1.301919071E9,776110,776759
776662,38.724865,-90.48566,1.301919071E9,776110,776759
776662,38.724857,-90.48553,1.301919071E9,776110,776759
776662,38.72483,-90.48541,1.301919071E9,776110,776759
776662,38.72478,-90.48531,1.301919071E9,776110,776759
776662,38.724712,-90.48523,1.301919071E9,776110,776759
776662,38.72463,-90.48515,1.301919071E9,776110,776759
776662,38.724552,-90.485054,1.301919071E9,776110,776759
776662,38.72451,-90.48495,1.301919071E9,776110,776759
776662,38.724457,-90.484825,1.301919071E9,776110,776759
776662,38.724396,-90.484726,1.301