E9,776110,776759
776662,41.756256,-91.60126,1.301919071E9,776110,776759
776662,41.75626,-91.601395,1.301919071E9,776110,776759
776662,41.756264,-91.60154,1.301919071E9,776110,776759
776662,41.756264,-91.601685,1.301919071E9,776110,776759
776662,41.756256,-91.60183,1.301919071E9,776110,776759
776662,41.75621,-91.601974,1.301919071E9,776110,776759
776662,41.756138,-91.6021,1.301919071E9,776110,776759
776662,41.756054,-91.60219,1.301919071E9,776110,776759
776662,41.75594,-91.60222,1.301919071E9,776110,776759
776662,41.75582,-91.60223,1.301919071E9,776110,776759
776662,41.7557,-91.602234,1.301919071E9,776110,776759
776662,41.75558,-91.602234,1.301919071E9,776110,776759
776662,41.75546,-91.60225,1.301919071E9,776110,776759
776662,41.755337,-91.602264,1.301919071E9,776110,776759
776662,41.75522,-91.60227,1.301919071E9,776110,776759
776662,41.755116,-91.60228,1.301919071E9,776110,776759
776662,41.755024,-91.60231,1.301919071E9,776110,776759
776662,41.754948,-91.60239,1.301919071E9,776110,776759
776662,41.754868,-91.602455,1.301919071E9,776110,776759
776662,41.7548,-91.602554,1.301919071E9,776110,776759
776662,41.75475,-91.60268,1.301919071E9,776110,776759
776662,41.7547,-91.6028,1.301919071E9,776110,776759
776662,41.754654,-91.60292,1.301919071E9,776110,776759
776662,41.7546,-91.60304,1.301919071E9,776110,776759
776662,41.754547,-91.60316,1.301919071E9,776110,776759
776662,41.75448,-91.60323,1.301919071E9,776110,776759
776662,41.7544,-91.60329,1.301919071E9,776110,776759
776662,41.7543,-91.60329,1.301919071E9,776110,776759
776662,41.75421,-91.60323,1.301919071E9,776110,776759
776662,41.754128,-91.60318,1.301919071E9,776110,776759
776662,41.754047,-91.6031,1.301919071E9,776110,776759
776662,41.753963,-91.603035,1.301919071E9,776110,776759
776662,41.75387,-91.60299,1.301919071E9,776110,776759
776662,41.75378,-91.602936,1.301919071E9,776110,776759
776662,41.753693,-91.602875,1.301919071E9,776110,776759
776662,41.753597,-91.60282,1.301919071E9,776110,776759
776662,41.7535,-91.60277,1.301919071E9,776110,776759
776662,41.753426,-91.60273,1.301919071E9,776110,776759
776662,41.753334,-91.602646,1.301919071E9,776110,776759
776662,41.75326,-91.602554,1.301919071E9,776110,776759
776662,41.7532,-91.602455,1.301919071E9,776110,776759
776662,41.75318,-91.60233,1.301919071E9,776110,776759
776662,41.753204,-91.602196,1.301919071E9,776110,776759
776662,41.753223,-91.602066,1.301919071E9,776110,776759
776662,41.753227,-91.60194,1.301919071E9,776110,776759
776662,41.75322,-91.601814,1.301919071E9,776110,776759
776662,41.7532,-91.60169,1.301919071E9,776110,776759
776662,41.75321,-91.60156,1.301919071E9,776110,776759
776662,41.753235,-91.601456,1.301919071E9,776110,776759
776662,41.753258,-91.60135,1.301919071E9,776110,776759
776662,41.753258,-91.60146,1.301919071E9,776110,776759
776662,41.75325,-91.60159,1.301919071E9,776110,776759
776662,41.753242,-91.601746,1.301919071E9,776110,776759
776662,41.753258,-91.60192,1.301919071E9,776110,776759
776662,41.753254,-91.602036,1.301919071E9,776110,776759
776662,41.753254,-91.60216,1.301919071E9,776110,776759
776662,41.753223,-91.60229,1.301919071E9,776110,776759
776662,41.753265,-91.602425,1.301919071E9,776110,776759
776662,41.75334,-91.60255,1.301919071E9,776110,776759
776662,41.7534,-91.60264,1.301919071E9,776110,776759
776662,41.753468,-91.60273,1.301919071E9,776110,776759
776662,41.753544,-91.60278,1.301919071E9,776110,776759
776662,41.753624,-91.60282,1.301919071E9,776110,776759
776662,41.7537,-91.60288,1.301919071E9,776110,776759
776662,41.753773,-91.60293,1.301919071E9,776110,776759
776662,41.75385,-91.602974,1.301919071E9,776110,776759
776662,41.75393,-91.60301,1.301919071E9,776110,776759
776662,41.754,-91.603065,1.301919071E9,776110,776759
776662,41.754105,-91.60315,1.301919071E9,776110,776759
776662,41.75418,-91.6032,1.301919071E9,776110,776759
776662,41.754257,-91.60325,1.301919071E9,776110,776759
776662,41.754375,-91.60325,1.301919071E9,776110,776759
776662,41.754475,-91.60317,1.301919071E9,776110,776759
776662,41.754543,-91.6031,1.301919071E9,776110,776759
776662,41.754597,-91.60302,1.301919071E9,776110,776759
776662,41.75465,-91.60288,1.301919071E9,776110,776759
776662,41.754696,-91.60278,1.301919071E9,776110,776759
776662,41.754738,-91.602684,1.301919071E9,776110,776759
776662,41.754787,-91.602585,1.301919071E9,776110,776759
776662,41.754837,-91.6025,1.301919071E9,776110,776759
776662,41.754936,-91.6024,1.301919071E9,776110,776759
776662,41.755028,-91.60232,1.301919071E9,776110,776759
776662,41.75514,-91.60229,1.301919071E9,776110,776759
776662,41.75524,-91.60228,1.301919071E9,776110,776759
776662,41.755333,-91.60227,1.301919071E9,776110,776759
776662,41.755444,-91.602264,1.301919071E9,776110,776759
776662,41.75554,-91.60225,1.301919071E9,776110,776759
776662,41.755634,-91.60226,1.301919071E9,776110,776759
776662,41.75574,-91.60225,1.301919071E9,776110,776759
776662,41.755848,-91.602234,1.301919071E9,776110,776759
776662,41.75594,-91.60222,1.301919071E9,776110,776759
776662,41.756042,-91.60215,1.301919071E9,776110,776759
776662,41.75613,-91.60206,1.301919071E9,776110,776759
776662,41.756195,-91.601944,1.301919071E9,776110,776759
776662,41.756233,-91.601814,1.301919071E9,776110,776759
776662,41.75625,-91.60168,1.301919071E9,776110,776759
776662,41.75625,-91.601555,1.301919071E9,776110,776759
776662,41.75625,-91.60142,1.301919071E9,776110,776759
776662,41.75625,-91.60127,1.301919071E9,776110,776759
776662,41.756245,-91.601135,1.301919071E9,776110,776759
776662,41.75624,-91.60099,1.301919071E9,776110,776759
776662,41.756245,-91.60085,1.301919071E9,776110,776759
776662,41.756237,-91.60072,1.301919071E9,776110,776759
776662,41.75625,-91.60058,1.301919071E9,776110,776759
776662,41.75634,-91.60054,1.301919071E9,776110,776759
776662,41.756447,-91.60054,1.301919071E9,776110,776759
776662,41.75655,-91.60053,1.301919071E9,776110,776759
776662,41.756653,-91.600525,1.301919071E9,776110,776759
776662,41.756763,-91.60051,1.301919071E9,776110,776759
776662,41.756878,-91.60051,1.301919071E9,776110,776759
776662,41.756985,-91.60051,1.301919071E9,776110,776759
776662,41.757084,-91.60052,1.301919071E9,776110,776759
776662,41.757164,-91.6005,1.301919071E9,776110,776759
776662,41.757248,-91.6005,1.301919071E9,776110,776759
776662,41.75736,-91.600494,1.301919071E9,776110,776759
776662,41.75747,-91.600494,1.301919071E9,776110,776759
776662,41.757584,-91.60049,1.301919071E9,776110,776759
776662,41.757698,-91.60049,1.301919071E9,776110,776759
776662,41.757816,-91.60048,1.301919071E9,776110,776759
776662,41.757927,-91.60048,1.301919071E9,776110,776759
776662,41.758038,-91.60048,1.301919071E9,776110,776759
776662,41.758144,-91.60047,1.301919071E9,776110,776759
776662,41.758244,-91.60046,1.301919071E9,776110,776759
776662,41.758366,-91.60045,1.301919071E9,776110,776759
776662,41.758457,-91.60045,1.301919071E9,776110,776759
776662,41.758553,-91.60045,1.301919071E9,776110,776759
776662,41.75865,-91.60045,1.301919071E9,776110,776759
776662,41.75875,-91.60045,1.301919071E9,776110,776759
776662,41.758854,-91.60045,1.301919071E9,776110,776759
776662,41.758957,-91.60044,1.301919071E9,776110,776759
776662,41.759064,-91.60044,1.301919071E9,776110,776759
776662,41.75917,-91.60043,1.301919071E9,776110,776759
776662,41.75929,-91.60042,1.301919071E9,776110,776759
776662,41.75936,-91.60051,1.301919071E9,776110,776759
776662,41.75935,-91.60063,1.301919071E9,776110,776759
776662,41.75935,-91.60078,1.301919071E9,776110,776759
776662,41.759357,-91.60092,1.301919071E9,776110,776759
776662,41.759354,-91.60106,1.301919071E9,776110,776759
776662,41.75935,-91.60119,1.301919071E9,776110,776759
776662,41.759346,-91.60134,1.301919071E9,776110,776759
776662,41.75935,-91.60149,1.301919071E9,776110,776759
776662,41.75935,-91.60165,1.301919071E9,776110,776759
776662,41.759346,-91.60176,1.301919071E9,776110,776759
776662,41.759342,-91.60193,1.301919071E9,776110,776759
776662,41.75934,-91.602036,1.301919071E9,776110,776759
776662,41.75935,-91.602196,1.301919071E9,776110,776759
7