301919071E9,776110,776759
776662,48.854218,2.229234,1.301919071E9,776110,776759
776662,48.854305,2.229186,1.301919071E9,776110,776759
776662,48.854397,2.229138,1.301919071E9,776110,776759
776662,48.85452,2.22908,1.301919071E9,776110,776759
776662,48.854607,2.229034,1.301919071E9,776110,776759
776662,48.854694,2.228991,1.301919071E9,776110,776759
776662,48.85481,2.228942,1.301919071E9,776110,776759
776662,48.85491,2.228899,1.301919071E9,776110,776759
776662,48.855022,2.228862,1.301919071E9,776110,776759
776662,48.85513,2.228835,1.301919071E9,776110,776759
776662,48.855232,2.228815,1.301919071E9,776110,776759
776662,48.855328,2.228799,1.301919071E9,776110,776759
776662,48.855434,2.228781,1.301919071E9,776110,776759
776662,48.855553,2.22877,1.301919071E9,776110,776759
776662,48.855656,2.228759,1.301919071E9,776110,776759
776662,48.855755,2.228725,1.301919071E9,776110,776759
776662,48.85586,2.228693,1.301919071E9,776110,776759
776662,48.855957,2.228669,1.301919071E9,776110,776759
776662,48.85606,2.228646,1.301919071E9,776110,776759
776662,48.856167,2.228642,1.301919071E9,776110,776759
776662,48.85627,2.228638,1.301919071E9,776110,776759
776662,48.85636,2.228632,1.301919071E9,776110,776759
776662,48.856472,2.228636,1.301919071E9,776110,776759
776662,48.856586,2.22865,1.301919071E9,776110,776759
776662,48.856686,2.228656,1.301919071E9,776110,776759
776662,48.856792,2.228655,1.301919071E9,776110,776759
776662,48.85689,2.22865,1.301919071E9,776110,776759
776662,48.85701,2.228657,1.301919071E9,776110,776759
776662,48.857124,2.228663,1.301919071E9,776110,776759
776662,48.857227,2.228688,1.301919071E9,776110,776759
776662,48.85735,2.228708,1.301919071E9,776110,776759
776662,48.857452,2.228719,1.301919071E9,776110,776759
776662,48.857563,2.228757,1.301919071E9,776110,776759
776662,48.85768,2.2288,1.301919071E9,776110,776759
776662,48.85779,2.228841,1.301919071E9,776110,776759
776662,48.857903,2.228876,1.301919071E9,776110,776759
776662,48.858006,2.228915,1.301919071E9,776110,776759
776662,48.858105,2.228948,1.301919071E9,776110,776759
776662,48.8582,2.228983,1.301919071E9,776110,776759
776662,48.858295,2.229024,1.301919071E9,776110,776759
776662,48.858387,2.229042,1.301919071E9,776110,776759
776662,48.858494,2.229068,1.301919071E9,776110,776759
776662,48.8586,2.229107,1.301919071E9,776110,776759
776662,48.8587,2.229143,1.301919071E9,776110,776759
776662,48.858795,2.229186,1.301919071E9,776110,776759
776662,48.858894,2.229245,1.301919071E9,776110,776759
776662,48.858994,2.229295,1.301919071E9,776110,776759
776662,48.85909,2.229326,1.301919071E9,776110,776759
776662,48.859177,2.229358,1.301919071E9,776110,776759
776662,48.85927,2.229395,1.301919071E9,776110,776759
776662,48.859356,2.229432,1.301919071E9,776110,776759
776662,48.859447,2.229466,1.301919071E9,776110,776759
776662,48.859543,2.229506,1.301919071E9,776110,776759
776662,48.859653,2.229539,1.301919071E9,776110,776759
776662,48.85976,2.229578,1.301919071E9,776110,776759
776662,48.859875,2.22962,1.301919071E9,776110,776759
776662,48.85997,2.229646,1.301919071E9,776110,776759
776662,48.860058,2.229678,1.301919071E9,776110,776759
776662,48.860153,2.229716,1.301919071E9,776110,776759
776662,48.860256,2.229746,1.301919071E9,776110,776759
776662,48.860355,2.229778,1.301919071E9,776110,776759
776662,48.860455,2.229819,1.301919071E9,776110,776759
776662,48.86055,2.229856,1.301919071E9,776110,776759
776662,48.86064,2.229893,1.301919071E9,776110,776759
776662,48.86075,2.229933,1.301919071E9,776110,776759
776662,48.86084,2.229957,1.301919071E9,776110,776759
776662,48.860947,2.230017,1.301919071E9,776110,776759
776662,48.861034,2.230098,1.301919071E9,776110,776759
776662,48.86112,2.230169,1.301919071E9,776110,776759
776662,48.86119,2.230235,1.301919071E9,776110,776759
776662,48.862434,2.230827,1.301919071E9,776110,776759
776662,48.86267,2.231053,1.301919071E9,776110,776759
776662,48.862747,2.231151,1.301919071E9,776110,776759
776662,48.862823,2.231266,1.301919071E9,776110,776759
776662,48.86288,2.231373,1.301919071E9,776110,776759
776662,48.86296,2.231511,1.301919071E9,776110,776759
776662,48.86303,2.231628,1.301919071E9,776110,776759
776662,48.86309,2.231742,1.301919071E9,776110,776759
776662,48.863155,2.23184,1.301919071E9,776110,776759
776662,48.863216,2.231946,1.301919071E9,776110,776759
776662,48.863274,2.232076,1.301919071E9,776110,776759
776662,48.863327,2.232215,1.301919071E9,776110,776759
776662,48.86338,2.232355,1.301919071E9,776110,776759
776662,48.86344,2.23249,1.301919071E9,776110,776759
776662,48.863495,2.232628,1.301919071E9,776110,776759
776662,48.86355,2.232769,1.301919071E9,776110,776759
776662,48.86359,2.232903,1.301919071E9,776110,776759
776662,48.863636,2.233034,1.301919071E9,776110,776759
776662,48.86367,2.233165,1.301919071E9,776110,776759
776662,48.86371,2.233307,1.301919071E9,776110,776759
776662,48.863743,2.233446,1.301919071E9,776110,776759
776662,48.863777,2.233583,1.301919071E9,776110,776759
776662,48.863808,2.233713,1.301919071E9,776110,776759
776662,48.86383,2.233854,1.301919071E9,776110,776759
776662,48.86385,2.233997,1.301919071E9,776110,776759
776662,48.86387,2.234135,1.301919071E9,776110,776759
776662,48.863884,2.234277,1.301919071E9,776110,776759
776662,48.8639,2.234421,1.301919071E9,776110,776759
776662,48.86391,2.234566,1.301919071E9,776110,776759
776662,48.863926,2.234711,1.301919071E9,776110,776759
776662,48.863934,2.23486,1.301919071E9,776110,776759
776662,48.863937,2.235014,1.301919071E9,776110,776759
776662,48.86394,2.23519,1.301919071E9,776110,776759
776662,48.863937,2.235366,1.301919071E9,776110,776759
776662,48.863926,2.23554,1.301919071E9,776110,776759
776662,48.863907,2.235684,1.301919071E9,776110,776759
776662,48.863865,2.235849,1.301919071E9,776110,776759
776662,48.863815,2.236001,1.301919071E9,776110,776759
776662,48.863758,2.236132,1.301919071E9,776110,776759
776662,48.8637,2.23626,1.301919071E9,776110,776759
776662,48.86364,2.236379,1.301919071E9,776110,776759
776662,48.863575,2.23649,1.301919071E9,776110,776759
776662,48.863506,2.236596,1.301919071E9,776110,776759
776662,48.863438,2.236694,1.301919071E9,776110,776759
776662,48.86337,2.236788,1.301919071E9,776110,776759
776662,48.8633,2.236886,1.301919071E9,776110,776759
776662,48.863228,2.236985,1.301919071E9,776110,776759
776662,48.863132,2.237093,1.301919071E9,776110,776759
776662,48.86304,2.237198,1.301919071E9,776110,776759
776662,48.862946,2.237302,1.301919071E9,776110,776759
776662,48.86287,2.237386,1.301919071E9,776110,776759
776662,48.86278,2.237494,1.301919071E9,776110,776759
776662,48.86271,2.237591,1.301919071E9,776110,776759
776662,48.862637,2.23769,1.301919071E9,776110,776759
776662,48.862568,2.237786,1.301919071E9,776110,776759
776662,48.862495,2.237897,1.301919071E9,776110,776759
776662,48.862408,2.237969,1.301919071E9,776110,776759
776662,48.862293,2.237978,1.301919071E9,776110,776759
776662,48.862175,2.237982,1.301919071E9,776110,776759
776662,48.862064,2.23798,1.301919071E9,776110,776759
776662,48.86204,2.237982,1.301919071E9,776110,776759
776662,48.860027,2.236941,1.301919071E9,776110,776759
776662,48.859913,2.236913,1.301919071E9,776110,776759
776662,48.859818,2.236897,1.301919071E9,776110,776759
776662,48.859722,2.236883,1.301919071E9,776110,776759
776662,48.85963,2.23688,1.301919071E9,776110,776759
776662,48.85953,2.236877,1.301919071E9,776110,776759
776662,48.859425,2.236881,1.301919071E9,776110,776759
776662,48.85932,2.23688,1.301919071E9,776110,776759
776662,48.859222,2.236884,1.301919071E9,776110,776759
776662,48.85913,2.236896,1.301919071E9,776110,776759
776662,48.85901,2.23691,1.301919071E9,776110,776759
776662,48.858917,2.236928,1.301919071E9,776110,776759
776662,48.858803,2.23698,1.301919071E9,776110,776759
776662,48.85869,2.237027,1.301919071E9,776110,776759
776662,48.858574,2.237063,1.301919071E9,776110,776759
776662,48.85846,2.2371,1.301919071E9,776110,776759
776662,48.85836,2.237124,1.301919071E9,776110,776759
776662,48.85827,2.237148,1.301919071E9,776110,776759
776662,48.858177,