.301919071E9,776110,776759
776662,38.708317,-90.48193,1.301919071E9,776110,776759
776662,38.708424,-90.48189,1.301919071E9,776110,776759
776662,38.708527,-90.48185,1.301919071E9,776110,776759
776662,38.70862,-90.48179,1.301919071E9,776110,776759
776662,38.708706,-90.48173,1.301919071E9,776110,776759
776662,38.708797,-90.48165,1.301919071E9,776110,776759
776662,38.708904,-90.48159,1.301919071E9,776110,776759
776662,38.708996,-90.481514,1.301919071E9,776110,776759
776662,38.709103,-90.481445,1.301919071E9,776110,776759
776662,38.709194,-90.48136,1.301919071E9,776110,776759
776662,38.709274,-90.48131,1.301919071E9,776110,776759
776662,38.709366,-90.48123,1.301919071E9,776110,776759
776662,38.70946,-90.48117,1.301919071E9,776110,776759
776662,38.709553,-90.481125,1.301919071E9,776110,776759
776662,38.70964,-90.48104,1.301919071E9,776110,776759
776662,38.709732,-90.48094,1.301919071E9,776110,776759
776662,38.709827,-90.48086,1.301919071E9,776110,776759
776662,38.709927,-90.4808,1.301919071E9,776110,776759
776662,38.71002,-90.480774,1.301919071E9,776110,776759
776662,38.71011,-90.480736,1.301919071E9,776110,776759
776662,38.7102,-90.48067,1.301919071E9,776110,776759
776662,38.7103,-90.48061,1.301919071E9,776110,776759
776662,38.71041,-90.48057,1.301919071E9,776110,776759
776662,38.71051,-90.48052,1.301919071E9,776110,776759
776662,38.710594,-90.48048,1.301919071E9,776110,776759
776662,38.71068,-90.48043,1.301919071E9,776110,776759
776662,38.710773,-90.480385,1.301919071E9,776110,776759
776662,38.71087,-90.48035,1.301919071E9,776110,776759
776662,38.71097,-90.48034,1.301919071E9,776110,776759
776662,38.711075,-90.4803,1.301919071E9,776110,776759
776662,38.71117,-90.48026,1.301919071E9,776110,776759
776662,38.711296,-90.48022,1.301919071E9,776110,776759
776662,38.711388,-90.480194,1.301919071E9,776110,776759
776662,38.711487,-90.48019,1.301919071E9,776110,776759
776662,38.71158,-90.48021,1.301919071E9,776110,776759
776662,38.711678,-90.48025,1.301919071E9,776110,776759
776662,38.711784,-90.48022,1.301919071E9,776110,776759
776662,38.711876,-90.48019,1.301919071E9,776110,776759
776662,38.711983,-90.48013,1.301919071E9,776110,776759
776662,38.712082,-90.48008,1.301919071E9,776110,776759
776662,38.712173,-90.480034,1.301919071E9,776110,776759
776662,38.712234,-90.479996,1.301919071E9,776110,776759
776662,38.724865,-90.48585,1.301919071E9,776110,776759
776662,38.724834,-90.48571,1.301919071E9,776110,776759
776662,38.72484,-90.48558,1.301919071E9,776110,776759
776662,38.724804,-90.48546,1.301919071E9,776110,776759
776662,38.724754,-90.48534,1.301919071E9,776110,776759
776662,38.724678,-90.48525,1.301919071E9,776110,776759
776662,38.724598,-90.48518,1.301919071E9,776110,776759
776662,38.72453,-90.48511,1.301919071E9,776110,776759
776662,38.724457,-90.485,1.301919071E9,776110,776759
776662,38.724407,-90.484886,1.301919071E9,776110,776759
776662,38.724365,-90.48478,1.301919071E9,776110,776759
776662,38.724308,-90.484665,1.301919071E9,776110,776759
776662,38.724236,-90.48457,1.301919071E9,776110,776759
776662,38.724167,-90.484474,1.301919071E9,776110,776759
776662,38.724113,-90.48437,1.301919071E9,776110,776759
776662,38.72407,-90.48426,1.301919071E9,776110,776759
776662,38.72403,-90.48415,1.301919071E9,776110,776759
776662,38.723988,-90.48403,1.301919071E9,776110,776759
776662,38.723946,-90.48392,1.301919071E9,776110,776759
776662,38.7239,-90.48378,1.301919071E9,776110,776759
776662,38.72387,-90.483665,1.301919071E9,776110,776759
776662,38.72385,-90.48353,1.301919071E9,776110,776759
776662,38.72384,-90.4834,1.301919071E9,776110,776759
776662,38.723827,-90.48328,1.301919071E9,776110,776759
776662,38.723816,-90.48315,1.301919071E9,776110,776759
776662,38.723804,-90.483025,1.301919071E9,776110,776759
776662,38.72378,-90.48291,1.301919071E9,776110,776759
776662,38.723743,-90.482796,1.301919071E9,776110,776759
776662,38.723698,-90.48267,1.301919071E9,776110,776759
776662,38.72364,-90.482574,1.301919071E9,776110,776759
776662,38.723576,-90.48248,1.301919071E9,776110,776759
776662,38.7235,-90.48239,1.301919071E9,776110,776759
776662,38.723427,-90.4823,1.301919071E9,776110,776759
776662,38.72337,-90.48221,1.301919071E9,776110,776759
776662,38.7233,-90.482124,1.301919071E9,776110,776759
776662,38.723236,-90.48204,1.301919071E9,776110,776759
776662,38.723167,-90.48195,1.301919071E9,776110,776759
776662,38.723095,-90.48186,1.301919071E9,776110,776759
776662,38.723026,-90.481766,1.301919071E9,776110,776759
776662,38.72296,-90.481674,1.301919071E9,776110,776759
776662,38.722897,-90.481575,1.301919071E9,776110,776759
776662,38.722824,-90.48149,1.301919071E9,776110,776759
776662,38.72276,-90.48141,1.301919071E9,776110,776759
776662,38.72269,-90.481316,1.301919071E9,776110,776759
776662,38.72262,-90.48121,1.301919071E9,776110,776759
776662,38.722534,-90.48111,1.301919071E9,776110,776759
776662,38.72246,-90.48102,1.301919071E9,776110,776759
776662,38.722397,-90.480934,1.301919071E9,776110,776759
776662,38.722324,-90.48084,1.301919071E9,776110,776759
776662,38.722256,-90.480736,1.301919071E9,776110,776759
776662,38.7222,-90.48064,1.301919071E9,776110,776759
776662,38.72213,-90.48056,1.301919071E9,776110,776759
776662,38.722065,-90.48046,1.301919071E9,776110,776759
776662,38.721985,-90.480354,1.301919071E9,776110,776759
776662,38.721905,-90.480255,1.301919071E9,776110,776759
776662,38.721832,-90.48017,1.301919071E9,776110,776759
776662,38.72176,-90.48009,1.301919071E9,776110,776759
776662,38.721672,-90.48002,1.301919071E9,776110,776759
776662,38.7216,-90.479935,1.301919071E9,776110,776759
776662,38.721508,-90.47987,1.301919071E9,776110,776759
776662,38.721416,-90.4798,1.301919071E9,776110,776759
776662,38.721333,-90.47973,1.301919071E9,776110,776759
776662,38.72125,-90.47969,1.301919071E9,776110,776759
776662,38.721153,-90.47964,1.301919071E9,776110,776759
776662,38.72107,-90.47959,1.301919071E9,776110,776759
776662,38.72098,-90.47953,1.301919071E9,776110,776759
776662,38.720894,-90.47947,1.301919071E9,776110,776759
776662,38.720795,-90.47941,1.301919071E9,776110,776759
776662,38.720688,-90.47934,1.301919071E9,776110,776759
776662,38.72059,-90.47928,1.301919071E9,776110,776759
776662,38.720493,-90.47922,1.301919071E9,776110,776759
776662,38.720394,-90.47916,1.301919071E9,776110,776759
776662,38.7203,-90.47911,1.301919071E9,776110,776759
776662,38.720207,-90.47906,1.301919071E9,776110,776759
776662,38.720116,-90.479004,1.301919071E9,776110,776759
776662,38.72003,-90.47894,1.301919071E9,776110,776759
776662,38.719936,-90.47889,1.301919071E9,776110,776759
776662,38.719837,-90.47883,1.301919071E9,776110,776759
776662,38.71975,-90.47879,1.301919071E9,776110,776759
776662,38.71965,-90.47874,1.301919071E9,776110,776759
776662,38.719566,-90.47869,1.301919071E9,776110,776759
776662,38.71947,-90.47863,1.301919071E9,776110,776759
776662,38.71938,-90.478584,1.301919071E9,776110,776759
776662,38.719284,-90.47854,1.301919071E9,776110,776759
776662,38.71918,-90.47848,1.301919071E9,776110,776759
776662,38.71907,-90.47843,1.301919071E9,776110,776759
776662,38.718967,-90.478386,1.301919071E9,776110,776759
776662,38.718876,-90.47835,1.301919071E9,776110,776759
776662,38.718784,-90.47831,1.301919071E9,776110,776759
776662,38.718693,-90.47828,1.301919071E9,776110,776759
776662,38.71859,-90.47824,1.301919071E9,776110,776759
776662,38.71849,-90.478226,1.301919071E9,776110,776759
776662,38.7184,-90.478195,1.301919071E9,776110,776759
776662,38.71831,-90.47817,1.301919071E9,776110,776759
776662,38.71821,-90.47814,1.301919071E9,776110,776759
776662,38.718094,-90.47811,1.301919071E9,776110,776759
776662,38.717983,-90.478065,1.301919071E9,776110,776759
776662,38.717884,-90.478035,1.301919071E9,776110,776759
776662,38.71778,-90.47802,1.301919071E9,776110,776759
776662,38.717678,-90.478,1.301919071E9,776110,776759
776662,38.71757,-90.47797,1.301919071E9,776110,776759
776662,38.71747,-90.47794,1.301919071E9,776110,776759
776662,38.717373,-90.47791,1.301919071E9,776110,776759
776662,38.717262,-90.4779,1.301919071E9