76759
776662,37.729954,-122.46209,1.301919071E9,776110,776759
776662,37.729977,-122.46221,1.301919071E9,776110,776759
776662,37.73,-122.46232,1.301919071E9,776110,776759
776662,37.73006,-122.46244,1.301919071E9,776110,776759
776662,37.730103,-122.462524,1.301919071E9,776110,776759
776662,37.73015,-122.46262,1.301919071E9,776110,776759
776662,37.730206,-122.462715,1.301919071E9,776110,776759
776662,37.73027,-122.46281,1.301919071E9,776110,776759
776662,37.730324,-122.4629,1.301919071E9,776110,776759
776662,37.730392,-122.46301,1.301919071E9,776110,776759
776662,37.73046,-122.46307,1.301919071E9,776110,776759
776662,37.730515,-122.46319,1.301919071E9,776110,776759
776662,37.73058,-122.463264,1.301919071E9,776110,776759
776662,37.73065,-122.46335,1.301919071E9,776110,776759
776662,37.73072,-122.46345,1.301919071E9,776110,776759
776662,37.7308,-122.46351,1.301919071E9,776110,776759
776662,37.73089,-122.46356,1.301919071E9,776110,776759
776662,37.73097,-122.46361,1.301919071E9,776110,776759
776662,37.731045,-122.46365,1.301919071E9,776110,776759
776662,37.731148,-122.46371,1.301919071E9,776110,776759
776662,37.731247,-122.463745,1.301919071E9,776110,776759
776662,37.73134,-122.46378,1.301919071E9,776110,776759
776662,37.731415,-122.463844,1.301919071E9,776110,776759
776662,37.7315,-122.4639,1.301919071E9,776110,776759
776662,37.731583,-122.46391,1.301919071E9,776110,776759
776662,37.731667,-122.46395,1.301919071E9,776110,776759
776662,37.73176,-122.46402,1.301919071E9,776110,776759
776662,37.731846,-122.46408,1.301919071E9,776110,776759
776662,37.731926,-122.46416,1.301919071E9,776110,776759
776662,37.73199,-122.46423,1.301919071E9,776110,776759
776662,37.732075,-122.464325,1.301919071E9,776110,776759
776662,37.732136,-122.46439,1.301919071E9,776110,776759
776662,37.7322,-122.4645,1.301919071E9,776110,776759
776662,37.732258,-122.46458,1.301919071E9,776110,776759
776662,37.732323,-122.46466,1.301919071E9,776110,776759
776662,37.732388,-122.46476,1.301919071E9,776110,776759
776662,37.732456,-122.46483,1.301919071E9,776110,776759
776662,37.73251,-122.46491,1.301919071E9,776110,776759
776662,37.73257,-122.46501,1.301919071E9,776110,776759
776662,37.73263,-122.46511,1.301919071E9,776110,776759
776662,37.7327,-122.46522,1.301919071E9,776110,776759
776662,37.732758,-122.46531,1.301919071E9,776110,776759
776662,37.732834,-122.46541,1.301919071E9,776110,776759
776662,37.732906,-122.46549,1.301919071E9,776110,776759
776662,37.73297,-122.46555,1.301919071E9,776110,776759
776662,37.73304,-122.46564,1.301919071E9,776110,776759
776662,37.733093,-122.46574,1.301919071E9,776110,776759
776662,37.733166,-122.465805,1.301919071E9,776110,776759
776662,37.733246,-122.46584,1.301919071E9,776110,776759
776662,37.733326,-122.4659,1.301919071E9,776110,776759
776662,37.7334,-122.46596,1.301919071E9,776110,776759
776662,37.733475,-122.46603,1.301919071E9,776110,776759
776662,37.73355,-122.46608,1.301919071E9,776110,776759
776662,37.733627,-122.466125,1.301919071E9,776110,776759
776662,37.733723,-122.46619,1.301919071E9,776110,776759
776662,37.73375,-122.46629,1.301919071E9,776110,776759
776662,37.733833,-122.46632,1.301919071E9,776110,776759
776662,37.733925,-122.466354,1.301919071E9,776110,776759
776662,37.73401,-122.466354,1.301919071E9,776110,776759
776662,37.734097,-122.466354,1.301919071E9,776110,776759
776662,37.7342,-122.466354,1.301919071E9,776110,776759
776662,37.734303,-122.466354,1.301919071E9,776110,776759
776662,37.73439,-122.46638,1.301919071E9,776110,776759
776662,37.73449,-122.4664,1.301919071E9,776110,776759
776662,37.734585,-122.46642,1.301919071E9,776110,776759
776662,37.73468,-122.466415,1.301919071E9,776110,776759
776662,37.73477,-122.46643,1.301919071E9,776110,776759
776662,37.734806,-122.46654,1.301919071E9,776110,776759
776662,37.73482,-122.466644,1.301919071E9,776110,776759
776662,37.734814,-122.46675,1.301919071E9,776110,776759
776662,37.734825,-122.466866,1.301919071E9,776110,776759
776662,37.734825,-122.46697,1.301919071E9,776110,776759
776662,37.734783,-122.46707,1.301919071E9,776110,776759
776662,37.73478,-122.46721,1.301919071E9,776110,776759
776662,37.73477,-122.46732,1.301919071E9,776110,776759
776662,37.734756,-122.46742,1.301919071E9,776110,776759
776662,37.734756,-122.46756,1.301919071E9,776110,776759
776662,37.734764,-122.467674,1.301919071E9,776110,776759
776662,37.734703,-122.46778,1.301919071E9,776110,776759
776662,37.734665,-122.46787,1.301919071E9,776110,776759
776662,37.73466,-122.467995,1.301919071E9,776110,776759
776662,37.734673,-122.4681,1.301919071E9,776110,776759
776662,37.734715,-122.4682,1.301919071E9,776110,776759
776662,37.73474,-122.46833,1.301919071E9,776110,776759
776662,37.73475,-122.46844,1.301919071E9,776110,776759
776662,37.734753,-122.468575,1.301919071E9,776110,776759
776662,37.734737,-122.46868,1.301919071E9,776110,776759
776662,37.734722,-122.46879,1.301919071E9,776110,776759
776662,37.734707,-122.46889,1.301919071E9,776110,776759
776662,37.734715,-122.468994,1.301919071E9,776110,776759
776662,37.734722,-122.46913,1.301919071E9,776110,776759
776662,37.734734,-122.46925,1.301919071E9,776110,776759
776662,37.73473,-122.4694,1.301919071E9,776110,776759
776662,37.7347,-122.4695,1.301919071E9,776110,776759
776662,37.734707,-122.46961,1.301919071E9,776110,776759
776662,37.734665,-122.4697,1.301919071E9,776110,776759
776662,37.73467,-122.46981,1.301919071E9,776110,776759
776662,37.734673,-122.46995,1.301919071E9,776110,776759
776662,37.734676,-122.47008,1.301919071E9,776110,776759
776662,37.73466,-122.4702,1.301919071E9,776110,776759
776662,37.734665,-122.47032,1.301919071E9,776110,776759
776662,37.73463,-122.47044,1.301919071E9,776110,776759
776662,37.73463,-122.47058,1.301919071E9,776110,776759
776662,37.734623,-122.470695,1.301919071E9,776110,776759
776662,37.7346,-122.47082,1.301919071E9,776110,776759
776662,37.734608,-122.47094,1.301919071E9,776110,776759
776662,37.73459,-122.471054,1.301919071E9,776110,776759
776662,37.734528,-122.47115,1.301919071E9,776110,776759
776662,37.734417,-122.47123,1.301919071E9,776110,776759
776662,37.73432,-122.471275,1.301919071E9,776110,776759
776662,37.734226,-122.471306,1.301919071E9,776110,776759
776662,37.73413,-122.47131,1.301919071E9,776110,776759
776662,37.73403,-122.471275,1.301919071E9,776110,776759
776662,37.73393,-122.47126,1.301919071E9,776110,776759
776662,37.733837,-122.47125,1.301919071E9,776110,776759
776662,37.73375,-122.47127,1.301919071E9,776110,776759
776662,37.733665,-122.47127,1.301919071E9,776110,776759
776662,37.73357,-122.47127,1.301919071E9,776110,776759
776662,37.733486,-122.471275,1.301919071E9,776110,776759
776662,37.733387,-122.471275,1.301919071E9,776110,776759
776662,37.733284,-122.47128,1.301919071E9,776110,776759
776662,37.733185,-122.4713,1.301919071E9,776110,776759
776662,37.7331,-122.47133,1.301919071E9,776110,776759
776662,37.73301,-122.47134,1.301919071E9,776110,776759
776662,37.73292,-122.471344,1.301919071E9,776110,776759
776662,37.732834,-122.47135,1.301919071E9,776110,776759
776662,37.73275,-122.47135,1.301919071E9,776110,776759
776662,37.732666,-122.47135,1.301919071E9,776110,776759
776662,37.732574,-122.47136,1.301919071E9,776110,776759
776662,37.732494,-122.471375,1.301919071E9,776110,776759
776662,37.73241,-122.471375,1.301919071E9,776110,776759
776662,37.732304,-122.471375,1.301919071E9,776110,776759
776662,37.7322,-122.47137,1.301919071E9,776110,776759
776662,37.732117,-122.47137,1.301919071E9,776110,776759
776662,37.732033,-122.471375,1.301919071E9,776110,776759
776662,37.731922,-122.4714,1.301919071E9,776110,776759
776662,37.73183,-122.47144,1.301919071E9,776110,776759
776662,37.731735,-122.47145,1.301919071E9,776110,776759
776662,37.731625,-122.47146,1.301919071E9,776110,776759
776662,37.731518,-122.471466,1.301919071E9,776110,776759
776662,37.731438,-122.471466,1.301919071E9,776110,776759
776662,37.73132,-122.471436,1.301919071E9,776110,776759
776662,37.731213,-122.47145,1.301919071E9,776110,776759
776662,37.731106,-122.47146,1.301919