E9,776110,776759
776662,50.086845,14.426872,1.301919071E9,776110,776759
776662,50.049896,14.415473,1.301919071E9,776110,776759
776662,50.050003,14.415488,1.301919071E9,776110,776759
776662,50.050083,14.415452,1.301919071E9,776110,776759
776662,50.050182,14.415441,1.301919071E9,776110,776759
776662,50.050262,14.415507,1.301919071E9,776110,776759
776662,50.050312,14.415625,1.301919071E9,776110,776759
776662,50.050385,14.415741,1.301919071E9,776110,776759
776662,50.050457,14.415827,1.301919071E9,776110,776759
776662,50.050514,14.415919,1.301919071E9,776110,776759
776662,50.05059,14.415987,1.301919071E9,776110,776759
776662,50.05067,14.416035,1.301919071E9,776110,776759
776662,50.050743,14.416102,1.301919071E9,776110,776759
776662,50.05083,14.41618,1.301919071E9,776110,776759
776662,50.050926,14.416249,1.301919071E9,776110,776759
776662,50.051018,14.416254,1.301919071E9,776110,776759
776662,50.0511,14.416244,1.301919071E9,776110,776759
776662,50.051186,14.416311,1.301919071E9,776110,776759
776662,50.051247,14.416399,1.301919071E9,776110,776759
776662,50.05131,14.416492,1.301919071E9,776110,776759
776662,50.051384,14.416585,1.301919071E9,776110,776759
776662,50.051468,14.416649,1.301919071E9,776110,776759
776662,50.051544,14.416702,1.301919071E9,776110,776759
776662,50.05163,14.416721,1.301919071E9,776110,776759
776662,50.051716,14.416743,1.301919071E9,776110,776759
776662,50.051823,14.416751,1.301919071E9,776110,776759
776662,50.051903,14.416776,1.301919071E9,776110,776759
776662,50.051983,14.41681,1.301919071E9,776110,776759
776662,50.052074,14.416865,1.301919071E9,776110,776759
776662,50.05216,14.4169,1.301919071E9,776110,776759
776662,50.052246,14.416897,1.301919071E9,776110,776759
776662,50.052345,14.416856,1.301919071E9,776110,776759
776662,50.052444,14.416911,1.301919071E9,776110,776759
776662,50.052525,14.416992,1.301919071E9,776110,776759
776662,50.05261,14.417064,1.301919071E9,776110,776759
776662,50.052692,14.417111,1.301919071E9,776110,776759
776662,50.052773,14.41714,1.301919071E9,776110,776759
776662,50.052864,14.417189,1.301919071E9,776110,776759
776662,50.052944,14.417256,1.301919071E9,776110,776759
776662,50.05302,14.417311,1.301919071E9,776110,776759
776662,50.05311,14.417392,1.301919071E9,776110,776759
776662,50.053196,14.417448,1.301919071E9,776110,776759
776662,50.05327,14.417508,1.301919071E9,776110,776759
776662,50.053345,14.417559,1.301919071E9,776110,776759
776662,50.05344,14.417599,1.301919071E9,776110,776759
776662,50.05353,14.417638,1.301919071E9,776110,776759
776662,50.05362,14.417666,1.301919071E9,776110,776759
776662,50.0537,14.417721,1.301919071E9,776110,776759
776662,50.053783,14.417806,1.301919071E9,776110,776759
776662,50.053867,14.417892,1.301919071E9,776110,776759
776662,50.053947,14.417936,1.301919071E9,776110,776759
776662,50.054028,14.417994,1.301919071E9,776110,776759
776662,50.054108,14.418067,1.301919071E9,776110,776759
776662,50.054195,14.418135,1.301919071E9,776110,776759
776662,50.05429,14.418172,1.301919071E9,776110,776759
776662,50.05437,14.418194,1.301919071E9,776110,776759
776662,50.05445,14.418208,1.301919071E9,776110,776759
776662,50.054546,14.41823,1.301919071E9,776110,776759
776662,50.05464,14.418233,1.301919071E9,776110,776759
776662,50.05474,14.418259,1.301919071E9,776110,776759
776662,50.054836,14.418259,1.301919071E9,776110,776759
776662,50.05493,14.418295,1.301919071E9,776110,776759
776662,50.05502,14.418359,1.301919071E9,776110,776759
776662,50.055096,14.418441,1.301919071E9,776110,776759
776662,50.055183,14.418532,1.301919071E9,776110,776759
776662,50.055298,14.41858,1.301919071E9,776110,776759
776662,50.05538,14.41857,1.301919071E9,776110,776759
776662,50.055466,14.418561,1.301919071E9,776110,776759
776662,50.05555,14.418522,1.301919071E9,776110,776759
776662,50.05564,14.418534,1.301919071E9,776110,776759
776662,50.055725,14.418549,1.301919071E9,776110,776759
776662,50.05583,14.418583,1.301919071E9,776110,776759
776662,50.05592,14.418631,1.301919071E9,776110,776759
776662,50.056004,14.418676,1.301919071E9,776110,776759
776662,50.05611,14.41867,1.301919071E9,776110,776759
776662,50.05621,14.418699,1.301919071E9,776110,776759
776662,50.05631,14.418735,1.301919071E9,776110,776759
776662,50.056408,14.418785,1.301919071E9,776110,776759
776662,50.05649,14.41882,1.301919071E9,776110,776759
776662,50.056587,14.418837,1.301919071E9,776110,776759
776662,50.05669,14.418868,1.301919071E9,776110,776759
776662,50.056774,14.418897,1.301919071E9,776110,776759
776662,50.05687,14.418944,1.301919071E9,776110,776759
776662,50.056927,14.419053,1.301919071E9,776110,776759
776662,50.05699,14.419135,1.301919071E9,776110,776759
776662,50.057095,14.41913,1.301919071E9,776110,776759
776662,50.057186,14.419153,1.301919071E9,776110,776759
776662,50.057262,14.419223,1.301919071E9,776110,776759
776662,50.057343,14.419301,1.301919071E9,776110,776759
776662,50.05745,14.419356,1.301919071E9,776110,776759
776662,50.057537,14.419343,1.301919071E9,776110,776759
776662,50.057617,14.419311,1.301919071E9,776110,776759
776662,50.0577,14.419299,1.301919071E9,776110,776759
776662,50.057796,14.419293,1.301919071E9,776110,776759
776662,50.05789,14.419295,1.301919071E9,776110,776759
776662,50.057972,14.419291,1.301919071E9,776110,776759
776662,50.058056,14.419295,1.301919071E9,776110,776759
776662,50.058155,14.419297,1.301919071E9,776110,776759
776662,50.05825,14.419306,1.301919071E9,776110,776759
776662,50.05836,14.419343,1.301919071E9,776110,776759
776662,50.05846,14.41936,1.301919071E9,776110,776759
776662,50.058563,14.419384,1.301919071E9,776110,776759
776662,50.05865,14.419374,1.301919071E9,776110,776759
776662,50.05874,14.419356,1.301919071E9,776110,776759
776662,50.058823,14.419367,1.301919071E9,776110,776759
776662,50.058907,14.41936,1.301919071E9,776110,776759
776662,50.059006,14.419369,1.301919071E9,776110,776759
776662,50.0591,14.419399,1.301919071E9,776110,776759
776662,50.059216,14.419398,1.301919071E9,776110,776759
776662,50.059315,14.419356,1.301919071E9,776110,776759
776662,50.0594,14.419315,1.301919071E9,776110,776759
776662,50.05948,14.419275,1.301919071E9,776110,776759
776662,50.059563,14.419265,1.301919071E9,776110,776759
776662,50.059647,14.419288,1.301919071E9,776110,776759
776662,50.059746,14.419284,1.301919071E9,776110,776759
776662,50.05985,14.419272,1.301919071E9,776110,776759
776662,50.059933,14.419244,1.301919071E9,776110,776759
776662,50.060028,14.419208,1.301919071E9,776110,776759
776662,50.060123,14.419193,1.301919071E9,776110,776759
776662,50.06021,14.419187,1.301919071E9,776110,776759
776662,50.060307,14.41918,1.301919071E9,776110,776759
776662,50.060394,14.419181,1.301919071E9,776110,776759
776662,50.060486,14.419117,1.301919071E9,776110,776759
776662,50.06056,14.419046,1.301919071E9,776110,776759
776662,50.06065,14.419,1.301919071E9,776110,776759
776662,50.06075,14.418954,1.301919071E9,776110,776759
776662,50.06084,14.418904,1.301919071E9,776110,776759
776662,50.06093,14.418833,1.301919071E9,776110,776759
776662,50.060997,14.418763,1.301919071E9,776110,776759
776662,50.06109,14.418708,1.301919071E9,776110,776759
776662,50.061176,14.418662,1.301919071E9,776110,776759
776662,50.061268,14.41862,1.301919071E9,776110,776759
776662,50.061367,14.418584,1.301919071E9,776110,776759
776662,50.06148,14.418557,1.301919071E9,776110,776759
776662,50.061573,14.418486,1.301919071E9,776110,776759
776662,50.061665,14.41839,1.301919071E9,776110,776759
776662,50.06175,14.418325,1.301919071E9,776110,776759
776662,50.061832,14.418263,1.301919071E9,776110,776759
776662,50.061913,14.418152,1.301919071E9,776110,776759
776662,50.06199,14.418048,1.301919071E9,776110,776759
776662,50.062057,14.417975,1.301919071E9,776110,776759
776662,50.062134,14.41787,1.301919071E9,776110,776759
776662,50.062214,14.417731,1.301919071E9,776110,776759
776662,50.062256,14.417623,1.301919071E9,776110,776759
776662,50.06231,14.417523,1.301919071E9,776110,776759
776662,50.062366,14.417386,1.301919071E9,776110,776759
776662,50.06241,14.417254,1.3019190