1.062675,1.301919071E9,776110,776759
776662,42.330574,-71.0628,1.301919071E9,776110,776759
776662,42.33058,-71.06294,1.301919071E9,776110,776759
776662,42.33058,-71.0631,1.301919071E9,776110,776759
776662,42.330597,-71.06323,1.301919071E9,776110,776759
776662,42.330654,-71.06336,1.301919071E9,776110,776759
776662,42.330715,-71.06348,1.301919071E9,776110,776759
776662,42.330753,-71.06359,1.301919071E9,776110,776759
776662,42.33078,-71.063705,1.301919071E9,776110,776759
776662,42.330803,-71.06384,1.301919071E9,776110,776759
776662,42.330826,-71.06399,1.301919071E9,776110,776759
776662,42.33085,-71.06411,1.301919071E9,776110,776759
776662,42.330875,-71.06423,1.301919071E9,776110,776759
776662,42.3309,-71.06436,1.301919071E9,776110,776759
776662,42.330925,-71.06449,1.301919071E9,776110,776759
776662,42.33093,-71.06464,1.301919071E9,776110,776759
776662,42.330933,-71.06478,1.301919071E9,776110,776759
776662,42.33098,-71.0649,1.301919071E9,776110,776759
776662,42.331047,-71.064995,1.301919071E9,776110,776759
776662,42.331142,-71.06506,1.301919071E9,776110,776759
776662,42.331215,-71.06516,1.301919071E9,776110,776759
776662,42.331253,-71.065285,1.301919071E9,776110,776759
776662,42.33128,-71.065414,1.301919071E9,776110,776759
776662,42.33131,-71.06557,1.301919071E9,776110,776759
776662,42.33134,-71.06572,1.301919071E9,776110,776759
776662,42.331352,-71.065865,1.301919071E9,776110,776759
776662,42.331367,-71.065994,1.301919071E9,776110,776759
776662,42.331398,-71.06612,1.301919071E9,776110,776759
776662,42.33143,-71.06625,1.301919071E9,776110,776759
776662,42.331467,-71.066376,1.301919071E9,776110,776759
776662,42.331497,-71.06649,1.301919071E9,776110,776759
776662,42.331528,-71.06663,1.301919071E9,776110,776759
776662,42.331566,-71.06677,1.301919071E9,776110,776759
776662,42.331585,-71.06691,1.301919071E9,776110,776759
776662,42.33162,-71.06706,1.301919071E9,776110,776759
776662,42.331646,-71.067184,1.301919071E9,776110,776759
776662,42.33166,-71.06732,1.301919071E9,776110,776759
776662,42.331673,-71.06745,1.301919071E9,776110,776759
776662,42.33169,-71.06758,1.301919071E9,776110,776759
776662,42.33171,-71.06771,1.301919071E9,776110,776759
776662,42.33174,-71.06786,1.301919071E9,776110,776759
776662,42.331764,-71.067986,1.301919071E9,776110,776759
776662,42.331787,-71.06811,1.301919071E9,776110,776759
776662,42.331802,-71.068245,1.301919071E9,776110,776759
776662,42.331825,-71.0684,1.301919071E9,776110,776759
776662,42.331844,-71.06853,1.301919071E9,776110,776759
776662,42.331867,-71.068665,1.301919071E9,776110,776759
776662,42.331898,-71.06879,1.301919071E9,776110,776759
776662,42.331936,-71.06894,1.301919071E9,776110,776759
776662,42.33197,-71.06906,1.301919071E9,776110,776759
776662,42.33201,-71.06921,1.301919071E9,776110,776759
776662,42.332027,-71.06933,1.301919071E9,776110,776759
776662,42.33206,-71.06947,1.301919071E9,776110,776759
776662,42.332073,-71.069595,1.301919071E9,776110,776759
776662,42.33211,-71.06974,1.301919071E9,776110,776759
776662,42.33214,-71.06987,1.301919071E9,776110,776759
776662,42.332172,-71.07002,1.301919071E9,776110,776759
776662,42.3322,-71.07016,1.301919071E9,776110,776759
776662,42.332226,-71.070305,1.301919071E9,776110,776759
776662,42.332253,-71.07045,1.301919071E9,776110,776759
776662,42.332275,-71.07057,1.301919071E9,776110,776759
776662,42.332317,-71.07072,1.301919071E9,776110,776759
776662,42.332355,-71.070854,1.301919071E9,776110,776759
776662,42.332386,-71.07099,1.301919071E9,776110,776759
776662,42.332417,-71.07114,1.301919071E9,776110,776759
776662,42.33244,-71.07127,1.301919071E9,776110,776759
776662,42.332485,-71.0714,1.301919071E9,776110,776759
776662,42.33252,-71.071526,1.301919071E9,776110,776759
776662,42.33257,-71.07167,1.301919071E9,776110,776759
776662,42.332603,-71.0718,1.301919071E9,776110,776759
776662,42.33263,-71.071846,1.301919071E9,776110,776759
776662,42.33266,-71.0719,1.301919071E9,776110,776759
776662,42.33273,-71.072,1.301919071E9,776110,776759
776662,42.3328,-71.07208,1.301919071E9,776110,776759
776662,42.332874,-71.072174,1.301919071E9,776110,776759
776662,42.33295,-71.072266,1.301919071E9,776110,776759
776662,42.332996,-71.072395,1.301919071E9,776110,776759
776662,42.333057,-71.07252,1.301919071E9,776110,776759
776662,42.333115,-71.072624,1.301919071E9,776110,776759
776662,42.33318,-71.07273,1.301919071E9,776110,776759
776662,42.33326,-71.07282,1.301919071E9,776110,776759
776662,42.333344,-71.072914,1.301919071E9,776110,776759
776662,42.33341,-71.07301,1.301919071E9,776110,776759
776662,42.33348,-71.07312,1.301919071E9,776110,776759
776662,42.33354,-71.073235,1.301919071E9,776110,776759
776662,42.333626,-71.07331,1.301919071E9,776110,776759
776662,42.333706,-71.07341,1.301919071E9,776110,776759
776662,42.3338,-71.0735,1.301919071E9,776110,776759
776662,42.333885,-71.073586,1.301919071E9,776110,776759
776662,42.333954,-71.07366,1.301919071E9,776110,776759
776662,42.33403,-71.07373,1.301919071E9,776110,776759
776662,42.334118,-71.07381,1.301919071E9,776110,776759
776662,42.334194,-71.073906,1.301919071E9,776110,776759
776662,42.334267,-71.07401,1.301919071E9,776110,776759
776662,42.334343,-71.07409,1.301919071E9,776110,776759
776662,42.334446,-71.07417,1.301919071E9,776110,776759
776662,42.334515,-71.074265,1.301919071E9,776110,776759
776662,42.334602,-71.074326,1.301919071E9,776110,776759
776662,42.334663,-71.074455,1.301919071E9,776110,776759
776662,42.334724,-71.07458,1.301919071E9,776110,776759
776662,42.334797,-71.074684,1.301919071E9,776110,776759
776662,42.33487,-71.07477,1.301919071E9,776110,776759
776662,42.33493,-71.07488,1.301919071E9,776110,776759
776662,42.335003,-71.075,1.301919071E9,776110,776759
776662,42.335075,-71.07507,1.301919071E9,776110,776759
776662,42.33516,-71.075165,1.301919071E9,776110,776759
776662,42.335236,-71.07526,1.301919071E9,776110,776759
776662,42.335304,-71.07533,1.301919071E9,776110,776759
776662,42.335392,-71.07544,1.301919071E9,776110,776759
776662,42.335472,-71.07553,1.301919071E9,776110,776759
776662,42.33555,-71.07563,1.301919071E9,776110,776759
776662,42.33562,-71.075714,1.301919071E9,776110,776759
776662,42.335705,-71.07582,1.301919071E9,776110,776759
776662,42.335754,-71.07592,1.301919071E9,776110,776759
776662,42.335815,-71.07603,1.301919071E9,776110,776759
776662,42.33589,-71.076126,1.301919071E9,776110,776759
776662,42.33598,-71.076195,1.301919071E9,776110,776759
776662,42.33605,-71.07629,1.301919071E9,776110,776759
776662,42.336117,-71.07638,1.301919071E9,776110,776759
776662,42.33619,-71.07647,1.301919071E9,776110,776759
776662,42.336277,-71.07655,1.301919071E9,776110,776759
776662,42.336365,-71.076645,1.301919071E9,776110,776759
776662,42.33645,-71.07673,1.301919071E9,776110,776759
776662,42.336544,-71.0768,1.301919071E9,776110,776759
776662,42.33663,-71.07689,1.301919071E9,776110,776759
776662,42.3367,-71.076996,1.301919071E9,776110,776759
776662,42.336765,-71.0771,1.301919071E9,776110,776759
776662,42.336838,-71.07721,1.301919071E9,776110,776759
776662,42.336906,-71.07731,1.301919071E9,776110,776759
776662,42.33698,-71.0774,1.301919071E9,776110,776759
776662,42.33706,-71.07748,1.301919071E9,776110,776759
776662,42.33714,-71.07755,1.301919071E9,776110,776759
776662,42.337215,-71.07764,1.301919071E9,776110,776759
776662,42.337288,-71.077736,1.301919071E9,776110,776759
776662,42.337368,-71.07784,1.301919071E9,776110,776759
776662,42.33744,-71.077934,1.301919071E9,776110,776759
776662,42.337517,-71.07803,1.301919071E9,776110,776759
776662,42.33759,-71.07812,1.301919071E9,776110,776759
776662,42.337654,-71.07823,1.301919071E9,776110,776759
776662,42.337734,-71.07833,1.301919071E9,776110,776759
776662,42.337814,-71.07841,1.301919071E9,776110,776759
776662,42.337887,-71.07849,1.301919071E9,776110,776759
776662,42.337967,-71.07859,1.301919071E9,776110,776759
776662,42.338036,-71.078674,1.301919071E9,776110,776759
776662,42.338123,-71.07876,1.301919071E9,776110,776759
776662,42.338215,-71.07885,1.301919071E9,776110,776759
776662,42.338287,-71.0789