76662,20.61912,-156.43816,1.301919071E9,776110,776759
776662,20.619022,-156.4381,1.301919071E9,776110,776759
776662,20.618942,-156.43805,1.301919071E9,776110,776759
776662,20.61887,-156.43799,1.301919071E9,776110,776759
776662,20.618797,-156.43791,1.301919071E9,776110,776759
776662,20.618717,-156.43785,1.301919071E9,776110,776759
776662,20.618637,-156.43779,1.301919071E9,776110,776759
776662,20.618574,-156.43771,1.301919071E9,776110,776759
776662,20.618507,-156.43764,1.301919071E9,776110,776759
776662,20.61845,-156.43753,1.301919071E9,776110,776759
776662,20.618406,-156.43744,1.301919071E9,776110,776759
776662,20.618341,-156.43733,1.301919071E9,776110,776759
776662,20.618265,-156.43727,1.301919071E9,776110,776759
776662,20.618172,-156.43721,1.301919071E9,776110,776759
776662,20.618092,-156.43716,1.301919071E9,776110,776759
776662,20.618006,-156.43713,1.301919071E9,776110,776759
776662,20.617905,-156.43706,1.301919071E9,776110,776759
776662,20.617807,-156.437,1.301919071E9,776110,776759
776662,20.617723,-156.43694,1.301919071E9,776110,776759
776662,20.61765,-156.43686,1.301919071E9,776110,776759
776662,20.61757,-156.4368,1.301919071E9,776110,776759
776662,20.61749,-156.43672,1.301919071E9,776110,776759
776662,20.617416,-156.43666,1.301919071E9,776110,776759
776662,20.617329,-156.43658,1.301919071E9,776110,776759
776662,20.617249,-156.43651,1.301919071E9,776110,776759
776662,20.617163,-156.43643,1.301919071E9,776110,776759
776662,20.617094,-156.43637,1.301919071E9,776110,776759
776662,20.616999,-156.43631,1.301919071E9,776110,776759
776662,20.616903,-156.43623,1.301919071E9,776110,776759
776662,20.61682,-156.43617,1.301919071E9,776110,776759
776662,20.616741,-156.4361,1.301919071E9,776110,776759
776662,20.616667,-156.43602,1.301919071E9,776110,776759
776662,20.616592,-156.43596,1.301919071E9,776110,776759
776662,20.616528,-156.43588,1.301919071E9,776110,776759
776662,20.616442,-156.4358,1.301919071E9,776110,776759
776662,20.61637,-156.43576,1.301919071E9,776110,776759
776662,20.616287,-156.43567,1.301919071E9,776110,776759
776662,20.616205,-156.43558,1.301919071E9,776110,776759
776662,20.616142,-156.43549,1.301919071E9,776110,776759
776662,20.616062,-156.4354,1.301919071E9,776110,776759
776662,20.615984,-156.43532,1.301919071E9,776110,776759
776662,20.615913,-156.43524,1.301919071E9,776110,776759
776662,20.61584,-156.43517,1.301919071E9,776110,776759
776662,20.615747,-156.43509,1.301919071E9,776110,776759
776662,20.615671,-156.43501,1.301919071E9,776110,776759
776662,20.615583,-156.43494,1.301919071E9,776110,776759
776662,20.615503,-156.43486,1.301919071E9,776110,776759
776662,20.615433,-156.4348,1.301919071E9,776110,776759
776662,20.61535,-156.43471,1.301919071E9,776110,776759
776662,20.615261,-156.43462,1.301919071E9,776110,776759
776662,20.615183,-156.43452,1.301919071E9,776110,776759
776662,20.615107,-156.43443,1.301919071E9,776110,776759
776662,20.615028,-156.43434,1.301919071E9,776110,776759
776662,20.614931,-156.43425,1.301919071E9,776110,776759
776662,20.614843,-156.43417,1.301919071E9,776110,776759
776662,20.614763,-156.43408,1.301919071E9,776110,776759
776662,20.614689,-156.434,1.301919071E9,776110,776759
776662,20.614622,-156.43394,1.301919071E9,776110,776759
776662,20.61455,-156.43387,1.301919071E9,776110,776759
776662,20.614475,-156.43379,1.301919071E9,776110,776759
776662,20.614405,-156.43372,1.301919071E9,776110,776759
776662,20.614325,-156.43364,1.301919071E9,776110,776759
776662,20.614256,-156.43358,1.301919071E9,776110,776759
776662,20.61417,-156.4335,1.301919071E9,776110,776759
776662,20.614086,-156.43341,1.301919071E9,776110,776759
776662,20.614016,-156.43333,1.301919071E9,776110,776759
776662,20.613935,-156.43326,1.301919071E9,776110,776759
776662,20.613848,-156.43318,1.301919071E9,776110,776759
776662,20.61376,-156.43312,1.301919071E9,776110,776759
776662,20.613678,-156.43304,1.301919071E9,776110,776759
776662,20.613604,-156.43295,1.301919071E9,776110,776759
776662,20.613548,-156.43286,1.301919071E9,776110,776759
776662,20.613483,-156.43275,1.301919071E9,776110,776759
776662,20.613417,-156.43266,1.301919071E9,776110,776759
776662,20.613348,-156.43259,1.301919071E9,776110,776759
776662,20.61326,-156.43251,1.301919071E9,776110,776759
776662,20.61317,-156.43243,1.301919071E9,776110,776759
776662,20.61309,-156.43237,1.301919071E9,776110,776759
776662,20.613007,-156.43231,1.301919071E9,776110,776759
776662,20.612926,-156.43225,1.301919071E9,776110,776759
776662,20.61286,-156.43219,1.301919071E9,776110,776759
776662,20.612772,-156.4321,1.301919071E9,776110,776759
776662,20.612696,-156.43202,1.301919071E9,776110,776759
776662,20.612623,-156.43196,1.301919071E9,776110,776759
776662,20.612545,-156.4319,1.301919071E9,776110,776759
776662,20.612473,-156.43182,1.301919071E9,776110,776759
776662,20.612404,-156.43176,1.301919071E9,776110,776759
776662,20.612331,-156.4317,1.301919071E9,776110,776759
776662,20.61225,-156.43163,1.301919071E9,776110,776759
776662,20.61218,-156.43156,1.301919071E9,776110,776759
776662,20.612099,-156.43147,1.301919071E9,776110,776759
776662,20.61202,-156.4314,1.301919071E9,776110,776759
776662,20.611937,-156.4313,1.301919071E9,776110,776759
776662,20.611858,-156.43123,1.301919071E9,776110,776759
776662,20.611782,-156.43114,1.301919071E9,776110,776759
776662,20.61172,-156.43106,1.301919071E9,776110,776759
776662,20.61165,-156.431,1.301919071E9,776110,776759
776662,20.611576,-156.43094,1.301919071E9,776110,776759
776662,20.61149,-156.43086,1.301919071E9,776110,776759
776662,20.61141,-156.43077,1.301919071E9,776110,776759
776662,20.611341,-156.43071,1.301919071E9,776110,776759
776662,20.611265,-156.43063,1.301919071E9,776110,776759
776662,20.611193,-156.43056,1.301919071E9,776110,776759
776662,20.61112,-156.4305,1.301919071E9,776110,776759
776662,20.611032,-156.43042,1.301919071E9,776110,776759
776662,20.61095,-156.43034,1.301919071E9,776110,776759
776662,20.610882,-156.43027,1.301919071E9,776110,776759
776662,20.61081,-156.43019,1.301919071E9,776110,776759
776662,20.61073,-156.43011,1.301919071E9,776110,776759
776662,20.61065,-156.43004,1.301919071E9,776110,776759
776662,20.61057,-156.42996,1.301919071E9,776110,776759
776662,20.610495,-156.42989,1.301919071E9,776110,776759
776662,20.61041,-156.42981,1.301919071E9,776110,776759
776662,20.610342,-156.42975,1.301919071E9,776110,776759
776662,20.61027,-156.42966,1.301919071E9,776110,776759
776662,20.610191,-156.42958,1.301919071E9,776110,776759
776662,20.610113,-156.42952,1.301919071E9,776110,776759
776662,20.610031,-156.42943,1.301919071E9,776110,776759
776662,20.60995,-156.42935,1.301919071E9,776110,776759
776662,20.609865,-156.42926,1.301919071E9,776110,776759
776662,20.609783,-156.42918,1.301919071E9,776110,776759
776662,20.609707,-156.42911,1.301919071E9,776110,776759
776662,20.609629,-156.42905,1.301919071E9,776110,776759
776662,20.609556,-156.42899,1.301919071E9,776110,776759
776662,20.609474,-156.42891,1.301919071E9,776110,776759
776662,20.6094,-156.42885,1.301919071E9,776110,776759
776662,20.609327,-156.42879,1.301919071E9,776110,776759
776662,20.609232,-156.42871,1.301919071E9,776110,776759
776662,20.609135,-156.42863,1.301919071E9,776110,776759
776662,20.609062,-156.42857,1.301919071E9,776110,776759
776662,20.608982,-156.4285,1.301919071E9,776110,776759
776662,20.608896,-156.42842,1.301919071E9,776110,776759
776662,20.608824,-156.42834,1.301919071E9,776110,776759
776662,20.608736,-156.42827,1.301919071E9,776110,776759
776662,20.608639,-156.42819,1.301919071E9,776110,776759
776662,20.608557,-156.42812,1.301919071E9,776110,776759
776662,20.608473,-156.42804,1.301919071E9,776110,776759
776662,20.608389,-156.42796,1.301919071E9,776110,776759
776662,20.608309,-156.42789,1.301919071E9,776110,776759
776662,20.608234,-156.42783,1.301919071E9,776110,776759
776662,20.608156,-156.42775,1.301919071E9,776110,776759
776662,20.60808,-156.4277,1.301919071E9,776110,776759
776662,20.607994,-156.42764,1.301919071E9,776110,776759
776662,20.607918,-156.42757,1.301919071E9,776110,7