730835,-122.45785,1.301919071E9,776110,776759
776662,37.730804,-122.45798,1.301919071E9,776110,776759
776662,37.730774,-122.45808,1.301919071E9,776110,776759
776662,37.73076,-122.45818,1.301919071E9,776110,776759
776662,37.730743,-122.4583,1.301919071E9,776110,776759
776662,37.73072,-122.45842,1.301919071E9,776110,776759
776662,37.73069,-122.45855,1.301919071E9,776110,776759
776662,37.730667,-122.458664,1.301919071E9,776110,776759
776662,37.730644,-122.45877,1.301919071E9,776110,776759
776662,37.73064,-122.45891,1.301919071E9,776110,776759
776662,37.73063,-122.45902,1.301919071E9,776110,776759
776662,37.730637,-122.459145,1.301919071E9,776110,776759
776662,37.73068,-122.45925,1.301919071E9,776110,776759
776662,37.73073,-122.45934,1.301919071E9,776110,776759
776662,37.730743,-122.45945,1.301919071E9,776110,776759
776662,37.73072,-122.45959,1.301919071E9,776110,776759
776662,37.730675,-122.45972,1.301919071E9,776110,776759
776662,37.73064,-122.459816,1.301919071E9,776110,776759
776662,37.730614,-122.45993,1.301919071E9,776110,776759
776662,37.730595,-122.460045,1.301919071E9,776110,776759
776662,37.730556,-122.46015,1.301919071E9,776110,776759
776662,37.73052,-122.460266,1.301919071E9,776110,776759
776662,37.730465,-122.46036,1.301919071E9,776110,776759
776662,37.73041,-122.46046,1.301919071E9,776110,776759
776662,37.730354,-122.46055,1.301919071E9,776110,776759
776662,37.730297,-122.46063,1.301919071E9,776110,776759
776662,37.730236,-122.46072,1.301919071E9,776110,776759
776662,37.730164,-122.460785,1.301919071E9,776110,776759
776662,37.730106,-122.460884,1.301919071E9,776110,776759
776662,37.730064,-122.46098,1.301919071E9,776110,776759
776662,37.730038,-122.46108,1.301919071E9,776110,776759
776662,37.730015,-122.461205,1.301919071E9,776110,776759
776662,37.729992,-122.46133,1.301919071E9,776110,776759
776662,37.72998,-122.46145,1.301919071E9,776110,776759
776662,37.729973,-122.461586,1.301919071E9,776110,776759
776662,37.730003,-122.461716,1.301919071E9,776110,776759
776662,37.730022,-122.46182,1.301919071E9,776110,776759
776662,37.730034,-122.461945,1.301919071E9,776110,776759
776662,37.73005,-122.46207,1.301919071E9,776110,776759
776662,37.730064,-122.46219,1.301919071E9,776110,776759
776662,37.73008,-122.46231,1.301919071E9,776110,776759
776662,37.7301,-122.462425,1.301919071E9,776110,776759
776662,37.73013,-122.462524,1.301919071E9,776110,776759
776662,37.730167,-122.46265,1.301919071E9,776110,776759
776662,37.73024,-122.46277,1.301919071E9,776110,776759
776662,37.730286,-122.46286,1.301919071E9,776110,776759
776662,37.730335,-122.46295,1.301919071E9,776110,776759
776662,37.730392,-122.463036,1.301919071E9,776110,776759
776662,37.730465,-122.463135,1.301919071E9,776110,776759
776662,37.7305,-122.46323,1.301919071E9,776110,776759
776662,37.73054,-122.463326,1.301919071E9,776110,776759
776662,37.730602,-122.463425,1.301919071E9,776110,776759
776662,37.730675,-122.46353,1.301919071E9,776110,776759
776662,37.73076,-122.463615,1.301919071E9,776110,776759
776662,37.73086,-122.46367,1.301919071E9,776110,776759
776662,37.730965,-122.46371,1.301919071E9,776110,776759
776662,37.731075,-122.463745,1.301919071E9,776110,776759
776662,37.73119,-122.463776,1.301919071E9,776110,776759
776662,37.731297,-122.463806,1.301919071E9,776110,776759
776662,37.731384,-122.463844,1.301919071E9,776110,776759
776662,37.731476,-122.463905,1.301919071E9,776110,776759
776662,37.731567,-122.46395,1.301919071E9,776110,776759
776662,37.731647,-122.46398,1.301919071E9,776110,776759
776662,37.731724,-122.46406,1.301919071E9,776110,776759
776662,37.7318,-122.46413,1.301919071E9,776110,776759
776662,37.73189,-122.46419,1.301919071E9,776110,776759
776662,37.731976,-122.46426,1.301919071E9,776110,776759
776662,37.732048,-122.46434,1.301919071E9,776110,776759
776662,37.732117,-122.46443,1.301919071E9,776110,776759
776662,37.732178,-122.46452,1.301919071E9,776110,776759
776662,37.732265,-122.46464,1.301919071E9,776110,776759
776662,37.732327,-122.46472,1.301919071E9,776110,776759
776662,37.73239,-122.46481,1.301919071E9,776110,776759
776662,37.732456,-122.4649,1.301919071E9,776110,776759
776662,37.732517,-122.46499,1.301919071E9,776110,776759
776662,37.73257,-122.46507,1.301919071E9,776110,776759
776662,37.73263,-122.46514,1.301919071E9,776110,776759
776662,37.732693,-122.465225,1.301919071E9,776110,776759
776662,37.732746,-122.46533,1.301919071E9,776110,776759
776662,37.73283,-122.46545,1.301919071E9,776110,776759
776662,37.73288,-122.46554,1.301919071E9,776110,776759
776662,37.732937,-122.46562,1.301919071E9,776110,776759
776662,37.733017,-122.465706,1.301919071E9,776110,776759
776662,37.733036,-122.465805,1.301919071E9,776110,776759
776662,37.73309,-122.46589,1.301919071E9,776110,776759
776662,37.733173,-122.4659,1.301919071E9,776110,776759
776662,37.733276,-122.46592,1.301919071E9,776110,776759
776662,37.733376,-122.46597,1.301919071E9,776110,776759
776662,37.733467,-122.46603,1.301919071E9,776110,776759
776662,37.733547,-122.46607,1.301919071E9,776110,776759
776662,37.733635,-122.46612,1.301919071E9,776110,776759
776662,37.733757,-122.46612,1.301919071E9,776110,776759
776662,37.73384,-122.46615,1.301919071E9,776110,776759
776662,37.733913,-122.4662,1.301919071E9,776110,776759
776662,37.733986,-122.46628,1.301919071E9,776110,776759
776662,37.734074,-122.46632,1.301919071E9,776110,776759
776662,37.734154,-122.46635,1.301919071E9,776110,776759
776662,37.73424,-122.46635,1.301919071E9,776110,776759
776662,37.734333,-122.46636,1.301919071E9,776110,776759
776662,37.73443,-122.46636,1.301919071E9,776110,776759
776662,37.734516,-122.466354,1.301919071E9,776110,776759
776662,37.734608,-122.46637,1.301919071E9,776110,776759
776662,37.734715,-122.46639,1.301919071E9,776110,776759
776662,37.73482,-122.46639,1.301919071E9,776110,776759
776662,37.734924,-122.466415,1.301919071E9,776110,776759
776662,37.735023,-122.46643,1.301919071E9,776110,776759
776662,37.73511,-122.46644,1.301919071E9,776110,776759
776662,37.7352,-122.46644,1.301919071E9,776110,776759
776662,37.735287,-122.46644,1.301919071E9,776110,776759
776662,37.735386,-122.46643,1.301919071E9,776110,776759
776662,37.735474,-122.46644,1.301919071E9,776110,776759
776662,37.735577,-122.46645,1.301919071E9,776110,776759
776662,37.735683,-122.46647,1.301919071E9,776110,776759
776662,37.735786,-122.46645,1.301919071E9,776110,776759
776662,37.73589,-122.466446,1.301919071E9,776110,776759
776662,37.735996,-122.46646,1.301919071E9,776110,776759
776662,37.736103,-122.466484,1.301919071E9,776110,776759
776662,37.736195,-122.4665,1.301919071E9,776110,776759
776662,37.736298,-122.466515,1.301919071E9,776110,776759
776662,37.73639,-122.466515,1.301919071E9,776110,776759
776662,37.736504,-122.466515,1.301919071E9,776110,776759
776662,37.73661,-122.466515,1.301919071E9,776110,776759
776662,37.736713,-122.46653,1.301919071E9,776110,776759
776662,37.73676,-122.46643,1.301919071E9,776110,776759
776662,37.736717,-122.46632,1.301919071E9,776110,776759
776662,37.736782,-122.466225,1.301919071E9,776110,776759
776662,37.73687,-122.46617,1.301919071E9,776110,776759
776662,37.736958,-122.466095,1.301919071E9,776110,776759
776662,37.737045,-122.46605,1.301919071E9,776110,776759
776662,37.73712,-122.466,1.301919071E9,776110,776759
776662,37.7372,-122.46596,1.301919071E9,776110,776759
776662,37.7373,-122.46592,1.301919071E9,776110,776759
776662,37.737408,-122.46589,1.301919071E9,776110,776759
776662,37.737514,-122.46587,1.301919071E9,776110,776759
776662,37.7376,-122.465866,1.301919071E9,776110,776759
776662,37.737686,-122.46585,1.301919071E9,776110,776759
776662,37.737797,-122.46584,1.301919071E9,776110,776759
776662,37.73788,-122.465836,1.301919071E9,776110,776759
776662,37.737984,-122.46586,1.301919071E9,776110,776759
776662,37.7381,-122.46587,1.301919071E9,776110,776759
776662,37.738213,-122.4659,1.301919071E9,776110,776759
776662,37.738297,-122.465935,1.301919071E9,776110,776759
776662,37.738377,-122.46597,1.301919071E9,776110,776759
776662,37.73846,-122.46602