5168,-90.49479,1.301919071E9,776110,776759
776662,38.695072,-90.494705,1.301919071E9,776110,776759
776662,38.695,-90.49463,1.301919071E9,776110,776759
776662,38.694923,-90.49456,1.301919071E9,776110,776759
776662,38.694824,-90.49453,1.301919071E9,776110,776759
776662,38.69474,-90.49448,1.301919071E9,776110,776759
776662,38.69464,-90.49441,1.301919071E9,776110,776759
776662,38.694546,-90.49435,1.301919071E9,776110,776759
776662,38.694466,-90.49428,1.301919071E9,776110,776759
776662,38.69439,-90.4942,1.301919071E9,776110,776759
776662,38.694298,-90.49412,1.301919071E9,776110,776759
776662,38.694218,-90.49404,1.301919071E9,776110,776759
776662,38.69413,-90.49396,1.301919071E9,776110,776759
776662,38.694054,-90.4939,1.301919071E9,776110,776759
776662,38.69396,-90.493835,1.301919071E9,776110,776759
776662,38.69388,-90.49377,1.301919071E9,776110,776759
776662,38.69381,-90.49368,1.301919071E9,776110,776759
776662,38.69375,-90.49359,1.301919071E9,776110,776759
776662,38.69375,-90.49346,1.301919071E9,776110,776759
776662,38.69379,-90.49335,1.301919071E9,776110,776759
776662,38.69383,-90.49324,1.301919071E9,776110,776759
776662,38.693897,-90.49315,1.301919071E9,776110,776759
776662,38.69396,-90.49304,1.301919071E9,776110,776759
776662,38.694004,-90.492935,1.301919071E9,776110,776759
776662,38.69407,-90.49285,1.301919071E9,776110,776759
776662,38.694145,-90.49277,1.301919071E9,776110,776759
776662,38.694218,-90.49269,1.301919071E9,776110,776759
776662,38.694298,-90.492615,1.301919071E9,776110,776759
776662,38.694374,-90.492546,1.301919071E9,776110,776759
776662,38.694443,-90.492455,1.301919071E9,776110,776759
776662,38.694534,-90.49238,1.301919071E9,776110,776759
776662,38.694626,-90.4923,1.301919071E9,776110,776759
776662,38.69469,-90.49222,1.301919071E9,776110,776759
776662,38.694794,-90.49215,1.301919071E9,776110,776759
776662,38.694885,-90.49212,1.301919071E9,776110,776759
776662,38.69498,-90.4921,1.301919071E9,776110,776759
776662,38.695084,-90.4921,1.301919071E9,776110,776759
776662,38.695183,-90.49206,1.301919071E9,776110,776759
776662,38.69528,-90.492004,1.301919071E9,776110,776759
776662,38.695377,-90.49195,1.301919071E9,776110,776759
776662,38.69547,-90.49195,1.301919071E9,776110,776759
776662,38.69556,-90.49196,1.301919071E9,776110,776759
776662,38.695667,-90.49193,1.301919071E9,776110,776759
776662,38.695766,-90.49188,1.301919071E9,776110,776759
776662,38.69587,-90.49185,1.301919071E9,776110,776759
776662,38.695988,-90.49172,1.301919071E9,776110,776759
776662,38.696068,-90.49165,1.301919071E9,776110,776759
776662,38.696148,-90.4916,1.301919071E9,776110,776759
776662,38.69623,-90.49155,1.301919071E9,776110,776759
776662,38.696316,-90.49148,1.301919071E9,776110,776759
776662,38.696438,-90.49141,1.301919071E9,776110,776759
776662,38.696503,-90.49131,1.301919071E9,776110,776759
776662,38.696575,-90.49122,1.301919071E9,776110,776759
776662,38.696644,-90.491135,1.301919071E9,776110,776759
776662,38.696743,-90.491066,1.301919071E9,776110,776759
776662,38.696842,-90.49103,1.301919071E9,776110,776759
776662,38.696953,-90.49099,1.301919071E9,776110,776759
776662,38.697033,-90.49093,1.301919071E9,776110,776759
776662,38.69713,-90.49083,1.301919071E9,776110,776759
776662,38.69723,-90.49075,1.301919071E9,776110,776759
776662,38.697327,-90.49067,1.301919071E9,776110,776759
776662,38.69742,-90.490585,1.301919071E9,776110,776759
776662,38.697502,-90.49054,1.301919071E9,776110,776759
776662,38.697598,-90.49045,1.301919071E9,776110,776759
776662,38.697685,-90.490364,1.301919071E9,776110,776759
776662,38.697792,-90.49028,1.301919071E9,776110,776759
776662,38.6979,-90.49023,1.301919071E9,776110,776759
776662,38.697975,-90.49015,1.301919071E9,776110,776759
776662,38.698048,-90.49005,1.301919071E9,776110,776759
776662,38.698147,-90.48991,1.301919071E9,776110,776759
776662,38.698215,-90.489815,1.301919071E9,776110,776759
776662,38.698303,-90.48973,1.301919071E9,776110,776759
776662,38.69843,-90.48959,1.301919071E9,776110,776759
776662,38.69851,-90.48952,1.301919071E9,776110,776759
776662,38.698593,-90.48943,1.301919071E9,776110,776759
776662,38.6987,-90.489365,1.301919071E9,776110,776759
776662,38.69879,-90.48931,1.301919071E9,776110,776759
776662,38.69887,-90.48925,1.301919071E9,776110,776759
776662,38.69896,-90.48916,1.301919071E9,776110,776759
776662,38.69905,-90.48907,1.301919071E9,776110,776759
776662,38.69914,-90.48901,1.301919071E9,776110,776759
776662,38.69925,-90.48896,1.301919071E9,776110,776759
776662,38.699326,-90.488884,1.301919071E9,776110,776759
776662,38.699387,-90.488754,1.301919071E9,776110,776759
776662,38.699455,-90.48866,1.301919071E9,776110,776759
776662,38.699543,-90.488594,1.301919071E9,776110,776759
776662,38.699642,-90.488525,1.301919071E9,776110,776759
776662,38.699726,-90.488464,1.301919071E9,776110,776759
776662,38.699814,-90.48841,1.301919071E9,776110,776759
776662,38.69991,-90.48829,1.301919071E9,776110,776759
776662,38.69998,-90.48817,1.301919071E9,776110,776759
776662,38.700054,-90.48803,1.301919071E9,776110,776759
776662,38.70013,-90.487915,1.301919071E9,776110,776759
776662,38.700222,-90.48783,1.301919071E9,776110,776759
776662,38.700317,-90.487755,1.301919071E9,776110,776759
776662,38.700405,-90.48771,1.301919071E9,776110,776759
776662,38.7005,-90.48766,1.301919071E9,776110,776759
776662,38.700596,-90.48762,1.301919071E9,776110,776759
776662,38.700695,-90.487564,1.301919071E9,776110,776759
776662,38.70079,-90.4875,1.301919071E9,776110,776759
776662,38.70087,-90.4874,1.301919071E9,776110,776759
776662,38.70096,-90.48728,1.301919071E9,776110,776759
776662,38.701035,-90.48715,1.301919071E9,776110,776759
776662,38.70112,-90.48707,1.301919071E9,776110,776759
776662,38.701195,-90.487,1.301919071E9,776110,776759
776662,38.701294,-90.486946,1.301919071E9,776110,776759
776662,38.70139,-90.486885,1.301919071E9,776110,776759
776662,38.701454,-90.4868,1.301919071E9,776110,776759
776662,38.701546,-90.48673,1.301919071E9,776110,776759
776662,38.701614,-90.48665,1.301919071E9,776110,776759
776662,38.7017,-90.486565,1.301919071E9,776110,776759
776662,38.701782,-90.486496,1.301919071E9,776110,776759
776662,38.701862,-90.48641,1.301919071E9,776110,776759
776662,38.70195,-90.48638,1.301919071E9,776110,776759
776662,38.702038,-90.48632,1.301919071E9,776110,776759
776662,38.70212,-90.48625,1.301919071E9,776110,776759
776662,38.702206,-90.48618,1.301919071E9,776110,776759
776662,38.70232,-90.48609,1.301919071E9,776110,776759
776662,38.70245,-90.48597,1.301919071E9,776110,776759
776662,38.70253,-90.48587,1.301919071E9,776110,776759
776662,38.70261,-90.48579,1.301919071E9,776110,776759
776662,38.70269,-90.48569,1.301919071E9,776110,776759
776662,38.70277,-90.48559,1.301919071E9,776110,776759
776662,38.70283,-90.4855,1.301919071E9,776110,776759
776662,38.702904,-90.48538,1.301919071E9,776110,776759
776662,38.702972,-90.485306,1.301919071E9,776110,776759
776662,38.703053,-90.485214,1.301919071E9,776110,776759
776662,38.70315,-90.48511,1.301919071E9,776110,776759
776662,38.703247,-90.48503,1.301919071E9,776110,776759
776662,38.70333,-90.48493,1.301919071E9,776110,776759
776662,38.70341,-90.48485,1.301919071E9,776110,776759
776662,38.70351,-90.48478,1.301919071E9,776110,776759
776662,38.703606,-90.48473,1.301919071E9,776110,776759
776662,38.70372,-90.4847,1.301919071E9,776110,776759
776662,38.703857,-90.484665,1.301919071E9,776110,776759
776662,38.703945,-90.484634,1.301919071E9,776110,776759
776662,38.704037,-90.48459,1.301919071E9,776110,776759
776662,38.704147,-90.48453,1.301919071E9,776110,776759
776662,38.704258,-90.48444,1.301919071E9,776110,776759
776662,38.704372,-90.484406,1.301919071E9,776110,776759
776662,38.704475,-90.484406,1.301919071E9,776110,776759
776662,38.70457,-90.48439,1.301919071E9,776110,776759
776662,38.704643,-90.48428,1.301919071E9,776110,776759
776662,38.704712,-90.484184,1.301919071E9,776110,776759
776662,38.70479,-90.4841,1.301919071E9,776110,776759
776662,38.70486,-90.48402,1.301919071E9,776110,776759
776662,38.704952,-90.483986,1.3