1.301919071E9,776110,776759
776662,51.435986,5.41455,1.301919071E9,776110,776759
776662,51.43594,5.414376,1.301919071E9,776110,776759
776662,51.4359,5.414194,1.301919071E9,776110,776759
776662,51.435886,5.4140563,1.301919071E9,776110,776759
776662,51.43587,5.4138803,1.301919071E9,776110,776759
776662,51.435852,5.413717,1.301919071E9,776110,776759
776662,51.43586,5.413559,1.301919071E9,776110,776759
776662,51.435825,5.4133887,1.301919071E9,776110,776759
776662,51.435787,5.413235,1.301919071E9,776110,776759
776662,51.435776,5.413044,1.301919071E9,776110,776759
776662,51.435776,5.412883,1.301919071E9,776110,776759
776662,51.43576,5.412647,1.301919071E9,776110,776759
776662,51.43573,5.412286,1.301919071E9,776110,776759
776662,51.43569,5.412147,1.301919071E9,776110,776759
776662,51.435654,5.4120307,1.301919071E9,776110,776759
776662,51.435658,5.411896,1.301919071E9,776110,776759
776662,51.435608,5.4117537,1.301919071E9,776110,776759
776662,51.435585,5.411611,1.301919071E9,776110,776759
776662,51.435566,5.411425,1.301919071E9,776110,776759
776662,51.43555,5.4112587,1.301919071E9,776110,776759
776662,51.43556,5.4111185,1.301919071E9,776110,776759
776662,51.43545,5.4108605,1.301919071E9,776110,776759
776662,51.435436,5.4107027,1.301919071E9,776110,776759
776662,51.43544,5.4105697,1.301919071E9,776110,776759
776662,51.4354,5.4103823,1.301919071E9,776110,776759
776662,51.43537,5.4102206,1.301919071E9,776110,776759
776662,51.4353,5.4101434,1.301919071E9,776110,776759
776662,51.435265,5.410008,1.301919071E9,776110,776759
776662,51.435226,5.4098425,1.301919071E9,776110,776759
776662,51.43518,5.409708,1.301919071E9,776110,776759
776662,51.43514,5.4095187,1.301919071E9,776110,776759
776662,51.435085,5.4093747,1.301919071E9,776110,776759
776662,51.43503,5.4092417,1.301919071E9,776110,776759
776662,51.434975,5.4091015,1.301919071E9,776110,776759
776662,51.43491,5.4089594,1.301919071E9,776110,776759
776662,51.434856,5.4088054,1.301919071E9,776110,776759
776662,51.434803,5.4086676,1.301919071E9,776110,776759
776662,51.434746,5.4085426,1.301919071E9,776110,776759
776662,51.434685,5.40843,1.301919071E9,776110,776759
776662,51.434612,5.408272,1.301919071E9,776110,776759
776662,51.434578,5.4081116,1.301919071E9,776110,776759
776662,51.434475,5.407995,1.301919071E9,776110,776759
776662,51.434414,5.4078975,1.301919071E9,776110,776759
776662,51.434334,5.407747,1.301919071E9,776110,776759
776662,51.434288,5.40762,1.301919071E9,776110,776759
776662,51.434242,5.4075108,1.301919071E9,776110,776759
776662,51.43419,5.4073443,1.301919071E9,776110,776759
776662,51.434155,5.4072156,1.301919071E9,776110,776759
776662,51.434124,5.40707,1.301919071E9,776110,776759
776662,51.434116,5.4072366,1.301919071E9,776110,776759
776662,51.433964,5.40736,1.301919071E9,776110,776759
776662,51.434093,5.407624,1.301919071E9,776110,776759
776662,51.434116,5.4077754,1.301919071E9,776110,776759
776662,51.43422,5.407917,1.301919071E9,776110,776759
776662,51.43433,5.408036,1.301919071E9,776110,776759
776662,51.434402,5.408169,1.301919071E9,776110,776759
776662,51.434494,5.408297,1.301919071E9,776110,776759
776662,51.43459,5.4084225,1.301919071E9,776110,776759
776662,51.43467,5.4086065,1.301919071E9,776110,776759
776662,51.434765,5.4087415,1.301919071E9,776110,776759
776662,51.434837,5.408904,1.301919071E9,776110,776759
776662,51.4349,5.4090776,1.301919071E9,776110,776759
776662,51.434967,5.409233,1.301919071E9,776110,776759
776662,51.435028,5.409404,1.301919071E9,776110,776759
776662,51.4351,5.409583,1.301919071E9,776110,776759
776662,51.435146,5.4097476,1.301919071E9,776110,776759
776662,51.435207,5.409905,1.301919071E9,776110,776759
776662,51.435265,5.410074,1.301919071E9,776110,776759
776662,51.435345,5.410226,1.301919071E9,776110,776759
776662,51.43546,5.4102383,1.301919071E9,776110,776759
776662,51.435562,5.4101987,1.301919071E9,776110,776759
776662,51.43565,5.410128,1.301919071E9,776110,776759
776662,51.435757,5.410058,1.301919071E9,776110,776759
776662,51.435825,5.409945,1.301919071E9,776110,776759
776662,51.43594,5.4097924,1.301919071E9,776110,776759
776662,51.436058,5.409755,1.301919071E9,776110,776759
776662,51.436104,5.409591,1.301919071E9,776110,776759
776662,51.436188,5.4095325,1.301919071E9,776110,776759
776662,51.436245,5.4093943,1.301919071E9,776110,776759
776662,51.436344,5.4093904,1.301919071E9,776110,776759
776662,51.43643,5.409382,1.301919071E9,776110,776759
776662,51.436523,5.4094462,1.301919071E9,776110,776759
776662,51.436638,5.4095287,1.301919071E9,776110,776759
776662,51.436745,5.409594,1.301919071E9,776110,776759
776662,51.43681,5.409671,1.301919071E9,776110,776759
776662,51.4369,5.409759,1.301919071E9,776110,776759
776662,51.436985,5.4098735,1.301919071E9,776110,776759
776662,51.4371,5.409751,1.301919071E9,776110,776759
776662,51.43722,5.409662,1.301919071E9,776110,776759
776662,51.43731,5.4095244,1.301919071E9,776110,776759
776662,51.437397,5.4093995,1.301919071E9,776110,776759
776662,51.437473,5.409298,1.301919071E9,776110,776759
776662,51.437572,5.409212,1.301919071E9,776110,776759
776662,51.43767,5.409158,1.301919071E9,776110,776759
776662,51.43777,5.409181,1.301919071E9,776110,776759
776662,51.43789,5.4092035,1.301919071E9,776110,776759
776662,51.437984,5.409217,1.301919071E9,776110,776759
776662,51.43812,5.4091754,1.301919071E9,776110,776759
776662,51.438213,5.409057,1.301919071E9,776110,776759
776662,51.438297,5.408944,1.301919071E9,776110,776759
776662,51.43838,5.408831,1.301919071E9,776110,776759
776662,51.438442,5.408741,1.301919071E9,776110,776759
776662,51.438553,5.4086385,1.301919071E9,776110,776759
776662,51.43861,5.408527,1.301919071E9,776110,776759
776662,51.438667,5.408373,1.301919071E9,776110,776759
776662,51.438713,5.408212,1.301919071E9,776110,776759
776662,51.438774,5.4080725,1.301919071E9,776110,776759
776662,51.43883,5.4079556,1.301919071E9,776110,776759
776662,51.438873,5.407821,1.301919071E9,776110,776759
776662,51.438923,5.407674,1.301919071E9,776110,776759
776662,51.438976,5.407503,1.301919071E9,776110,776759
776662,51.43902,5.407377,1.301919071E9,776110,776759
776662,51.439014,5.407196,1.301919071E9,776110,776759
776662,51.439045,5.4070563,1.301919071E9,776110,776759
776662,51.438957,5.406955,1.301919071E9,776110,776759
776662,51.43883,5.4070077,1.301919071E9,776110,776759
776662,51.43875,5.407125,1.301919071E9,776110,776759
776662,51.438667,5.407214,1.301919071E9,776110,776759
776662,51.4386,5.407289,1.301919071E9,776110,776759
776662,51.43852,5.407276,1.301919071E9,776110,776759
776662,51.43845,5.407202,1.301919071E9,776110,776759
776662,51.438374,5.4071245,1.301919071E9,776110,776759
776662,51.438305,5.407036,1.301919071E9,776110,776759
776662,51.438393,5.40706,1.301919071E9,776110,776759
776662,51.438305,5.407007,1.301919071E9,776110,776759
776662,51.438213,5.40693,1.301919071E9,776110,776759
776662,51.438232,5.4067903,1.301919071E9,776110,776759
776662,51.438286,5.406962,1.301919071E9,776110,776759
776662,51.43834,5.407086,1.301919071E9,776110,776759
776662,51.4384,5.4071727,1.301919071E9,776110,776759
776662,51.438473,5.4072495,1.301919071E9,776110,776759
776662,51.438583,5.4073377,1.301919071E9,776110,776759
776662,51.43868,5.407291,1.301919071E9,776110,776759
776662,51.438755,5.407236,1.301919071E9,776110,776759
776662,51.43883,5.4071546,1.301919071E9,776110,776759
776662,51.438934,5.4070764,1.301919071E9,776110,776759
776662,51.438953,5.4069443,1.301919071E9,776110,776759
776662,51.43895,5.4067965,1.301919071E9,776110,776759
776662,51.43884,5.4067316,1.301919071E9,776110,776759
776662,51.43877,5.406639,1.301919071E9,776110,776759
776662,51.43869,5.4065385,1.301919071E9,776110,776759
776662,51.43863,5.4064336,1.301919071E9,776110,776759
776662,51.43851,5.4062705,1.301919071E9,776110,776759
776662,51.43843,5.406166,1.301919071E9,776110,776759
776662,51.438347,5.406049,1.301919071E9,776110,776759
776662,51.438236,5.4059005,1.301919071E9,776110,776759
776662,51.438137,5.405781,1.301919071E9,776110,776759
776662,51.43801,5.405692,1.301919071E9,776