
776662,20.913603,-156.69296,1.301919071E9,776110,776759
776662,20.91371,-156.693,1.301919071E9,776110,776759
776662,20.913805,-156.69304,1.301919071E9,776110,776759
776662,20.913914,-156.69308,1.301919071E9,776110,776759
776662,20.914005,-156.69313,1.301919071E9,776110,776759
776662,20.914103,-156.69316,1.301919071E9,776110,776759
776662,20.91418,-156.69322,1.301919071E9,776110,776759
776662,20.91425,-156.6933,1.301919071E9,776110,776759
776662,20.914309,-156.69337,1.301919071E9,776110,776759
776662,20.914368,-156.69347,1.301919071E9,776110,776759
776662,20.914413,-156.69356,1.301919071E9,776110,776759
776662,20.914446,-156.69365,1.301919071E9,776110,776759
776662,20.914492,-156.69376,1.301919071E9,776110,776759
776662,20.91456,-156.69383,1.301919071E9,776110,776759
776662,20.914633,-156.6939,1.301919071E9,776110,776759
776662,20.914715,-156.69395,1.301919071E9,776110,776759
776662,20.914803,-156.69403,1.301919071E9,776110,776759
776662,20.914871,-156.6941,1.301919071E9,776110,776759
776662,20.914946,-156.69418,1.301919071E9,776110,776759
776662,20.915018,-156.69424,1.301919071E9,776110,776759
776662,20.915092,-156.6943,1.301919071E9,776110,776759
776662,20.915188,-156.69435,1.301919071E9,776110,776759
776662,20.915277,-156.6944,1.301919071E9,776110,776759
776662,20.91537,-156.69443,1.301919071E9,776110,776759
776662,20.91546,-156.69444,1.301919071E9,776110,776759
776662,20.915562,-156.69447,1.301919071E9,776110,776759
776662,20.91566,-156.6945,1.301919071E9,776110,776759
776662,20.915752,-156.69453,1.301919071E9,776110,776759
776662,20.915844,-156.69456,1.301919071E9,776110,776759
776662,20.91594,-156.69461,1.301919071E9,776110,776759
776662,20.916035,-156.69464,1.301919071E9,776110,776759
776662,20.916134,-156.69469,1.301919071E9,776110,776759
776662,20.916233,-156.69472,1.301919071E9,776110,776759
776662,20.916342,-156.69475,1.301919071E9,776110,776759
776662,20.916433,-156.69478,1.301919071E9,776110,776759
776662,20.916529,-156.69481,1.301919071E9,776110,776759
776662,20.916616,-156.69484,1.301919071E9,776110,776759
776662,20.91672,-156.69487,1.301919071E9,776110,776759
776662,20.916828,-156.6949,1.301919071E9,776110,776759
776662,20.916939,-156.69492,1.301919071E9,776110,776759
776662,20.917032,-156.69493,1.301919071E9,776110,776759
776662,20.917131,-156.69495,1.301919071E9,776110,776759
776662,20.917234,-156.69493,1.301919071E9,776110,776759
776662,20.917337,-156.69492,1.301919071E9,776110,776759
776662,20.917448,-156.6949,1.301919071E9,776110,776759
776662,20.917566,-156.6949,1.301919071E9,776110,776759
776662,20.917679,-156.69487,1.301919071E9,776110,776759
776662,20.91778,-156.69484,1.301919071E9,776110,776759
776662,20.917873,-156.6948,1.301919071E9,776110,776759
776662,20.91796,-156.69476,1.301919071E9,776110,776759
776662,20.91804,-156.69472,1.301919071E9,776110,776759
776662,20.918121,-156.69466,1.301919071E9,776110,776759
776662,20.918207,-156.6946,1.301919071E9,776110,776759
776662,20.918283,-156.69452,1.301919071E9,776110,776759
776662,20.918358,-156.69446,1.301919071E9,776110,776759
776662,20.918427,-156.6944,1.301919071E9,776110,776759
776662,20.9185,-156.69434,1.301919071E9,776110,776759
776662,20.91857,-156.69426,1.301919071E9,776110,776759
776662,20.918625,-156.69415,1.301919071E9,776110,776759
776662,20.91867,-156.69405,1.301919071E9,776110,776759
776662,20.918718,-156.69394,1.301919071E9,776110,776759
776662,20.918781,-156.69385,1.301919071E9,776110,776759
776662,20.918882,-156.69383,1.301919071E9,776110,776759
776662,20.918987,-156.69386,1.301919071E9,776110,776759
776662,20.91909,-156.6939,1.301919071E9,776110,776759
776662,20.919176,-156.69392,1.301919071E9,776110,776759
776662,20.919277,-156.69395,1.301919071E9,776110,776759
776662,20.919373,-156.69397,1.301919071E9,776110,776759
776662,20.919477,-156.694,1.301919071E9,776110,776759
776662,20.919575,-156.69402,1.301919071E9,776110,776759
776662,20.919676,-156.69403,1.301919071E9,776110,776759
776662,20.919767,-156.69403,1.301919071E9,776110,776759
776662,20.919876,-156.69405,1.301919071E9,776110,776759
776662,20.919981,-156.69405,1.301919071E9,776110,776759
776662,20.920094,-156.69405,1.301919071E9,776110,776759
776662,20.92019,-156.69405,1.301919071E9,776110,776759
776662,20.920282,-156.69405,1.301919071E9,776110,776759
776662,20.920376,-156.69403,1.301919071E9,776110,776759
776662,20.920485,-156.69402,1.301919071E9,776110,776759
776662,20.92059,-156.69398,1.301919071E9,776110,776759
776662,20.920681,-156.69395,1.301919071E9,776110,776759
776662,20.920778,-156.69392,1.301919071E9,776110,776759
776662,20.920881,-156.6939,1.301919071E9,776110,776759
776662,20.92099,-156.69385,1.301919071E9,776110,776759
776662,20.921095,-156.69382,1.301919071E9,776110,776759
776662,20.92119,-156.69379,1.301919071E9,776110,776759
776662,20.921284,-156.69376,1.301919071E9,776110,776759
776662,20.921368,-156.69371,1.301919071E9,776110,776759
776662,20.921457,-156.69368,1.301919071E9,776110,776759
776662,20.921549,-156.69363,1.301919071E9,776110,776759
776662,20.921633,-156.6936,1.301919071E9,776110,776759
776662,20.921717,-156.69356,1.301919071E9,776110,776759
776662,20.921803,-156.69353,1.301919071E9,776110,776759
776662,20.921904,-156.6935,1.301919071E9,776110,776759
776662,20.922005,-156.69345,1.301919071E9,776110,776759
776662,20.922098,-156.6934,1.301919071E9,776110,776759
776662,20.922197,-156.69336,1.301919071E9,776110,776759
776662,20.922304,-156.69333,1.301919071E9,776110,776759
776662,20.92241,-156.6933,1.301919071E9,776110,776759
776662,20.922495,-156.69327,1.301919071E9,776110,776759
776662,20.922586,-156.69324,1.301919071E9,776110,776759
776662,20.92268,-156.69319,1.301919071E9,776110,776759
776662,20.922773,-156.69318,1.301919071E9,776110,776759
776662,20.922861,-156.69315,1.301919071E9,776110,776759
776662,20.92295,-156.69312,1.301919071E9,776110,776759
776662,20.92304,-156.6931,1.301919071E9,776110,776759
776662,20.923134,-156.69307,1.301919071E9,776110,776759
776662,20.923222,-156.69305,1.301919071E9,776110,776759
776662,20.923311,-156.69304,1.301919071E9,776110,776759
776662,20.92342,-156.69302,1.301919071E9,776110,776759
776662,20.923529,-156.693,1.301919071E9,776110,776759
776662,20.92362,-156.693,1.301919071E9,776110,776759
776662,20.923712,-156.69298,1.301919071E9,776110,776759
776662,20.92382,-156.69296,1.301919071E9,776110,776759
776662,20.92393,-156.69295,1.301919071E9,776110,776759
776662,20.92402,-156.69295,1.301919071E9,776110,776759
776662,20.924131,-156.69293,1.301919071E9,776110,776759
776662,20.924221,-156.69293,1.301919071E9,776110,776759
776662,20.924313,-156.69293,1.301919071E9,776110,776759
776662,20.924412,-156.69293,1.301919071E9,776110,776759
776662,20.92451,-156.69293,1.301919071E9,776110,776759
776662,20.92462,-156.69293,1.301919071E9,776110,776759
776662,20.924723,-156.69293,1.301919071E9,776110,776759
776662,20.924826,-156.69293,1.301919071E9,776110,776759
776662,20.924927,-156.69293,1.301919071E9,776110,776759
776662,20.925003,-156.69287,1.301919071E9,776110,776759
776662,20.925083,-156.69281,1.301919071E9,776110,776759
776662,20.925179,-156.69275,1.301919071E9,776110,776759
776662,20.925282,-156.69275,1.301919071E9,776110,776759
776662,20.925388,-156.69275,1.301919071E9,776110,776759
776662,20.925488,-156.69278,1.301919071E9,776110,776759
776662,20.925575,-156.6928,1.301919071E9,776110,776759
776662,20.925676,-156.69283,1.301919071E9,776110,776759
776662,20.925785,-156.69286,1.301919071E9,776110,776759
776662,20.925888,-156.69287,1.301919071E9,776110,776759
776662,20.92598,-156.69289,1.301919071E9,776110,776759
776662,20.926079,-156.69292,1.301919071E9,776110,776759
776662,20.926165,-156.69293,1.301919071E9,776110,776759
776662,20.926256,-156.69296,1.301919071E9,776110,776759
776662,20.926348,-156.693,1.301919071E9,776110,776759
776662,20.926441,-156.69301,1.301919071E9,776110,776759
776662,20.92653,-156.69304,1.301919071E9,776110,776759
776662,20.926619,-156.69307,1.301919071E9,776110,776759
776662,20.926716,-156.6931,1.301919071E9,776110,776759
