9,776110,776759
776662,51.430443,-2.402413,1.301919071E9,776110,776759
776662,51.430515,-2.402326,1.301919071E9,776110,776759
776662,51.430607,-2.40225,1.301919071E9,776110,776759
776662,51.430695,-2.402186,1.301919071E9,776110,776759
776662,51.430782,-2.402097,1.301919071E9,776110,776759
776662,51.430855,-2.402005,1.301919071E9,776110,776759
776662,51.430912,-2.401881,1.301919071E9,776110,776759
776662,51.430996,-2.401779,1.301919071E9,776110,776759
776662,51.431087,-2.40172,1.301919071E9,776110,776759
776662,51.431175,-2.401642,1.301919071E9,776110,776759
776662,51.43126,-2.401581,1.301919071E9,776110,776759
776662,51.431355,-2.401538,1.301919071E9,776110,776759
776662,51.43144,-2.401498,1.301919071E9,776110,776759
776662,51.43148,-2.401362,1.301919071E9,776110,776759
776662,51.431515,-2.401218,1.301919071E9,776110,776759
776662,51.43159,-2.401137,1.301919071E9,776110,776759
776662,51.43168,-2.401079,1.301919071E9,776110,776759
776662,51.43176,-2.400982,1.301919071E9,776110,776759
776662,51.43176,-2.400824,1.301919071E9,776110,776759
776662,51.431767,-2.400663,1.301919071E9,776110,776759
776662,51.431732,-2.400517,1.301919071E9,776110,776759
776662,51.43174,-2.400367,1.301919071E9,776110,776759
776662,51.431755,-2.400225,1.301919071E9,776110,776759
776662,51.43178,-2.400082,1.301919071E9,776110,776759
776662,51.43179,-2.399934,1.301919071E9,776110,776759
776662,51.431828,-2.399784,1.301919071E9,776110,776759
776662,51.431824,-2.399626,1.301919071E9,776110,776759
776662,51.43188,-2.399497,1.301919071E9,776110,776759
776662,51.431934,-2.399343,1.301919071E9,776110,776759
776662,51.43199,-2.3992,1.301919071E9,776110,776759
776662,51.432,-2.399045,1.301919071E9,776110,776759
776662,51.43192,-2.39892,1.301919071E9,776110,776759
776662,51.431854,-2.398808,1.301919071E9,776110,776759
776662,51.431774,-2.39873,1.301919071E9,776110,776759
776662,51.43174,-2.398586,1.301919071E9,776110,776759
776662,51.43171,-2.398431,1.301919071E9,776110,776759
776662,51.43164,-2.398303,1.301919071E9,776110,776759
776662,51.431572,-2.398172,1.301919071E9,776110,776759
776662,51.431503,-2.398037,1.301919071E9,776110,776759
776662,51.431442,-2.397908,1.301919071E9,776110,776759
776662,51.43136,-2.39784,1.301919071E9,776110,776759
776662,51.431267,-2.397866,1.301919071E9,776110,776759
776662,51.43117,-2.397877,1.301919071E9,776110,776759
776662,51.431087,-2.397799,1.301919071E9,776110,776759
776662,51.431004,-2.397736,1.301919071E9,776110,776759
776662,51.430916,-2.397668,1.301919071E9,776110,776759
776662,51.43083,-2.397561,1.301919071E9,776110,776759
776662,51.430737,-2.397532,1.301919071E9,776110,776759
776662,51.43064,-2.397496,1.301919071E9,776110,776759
776662,51.430542,-2.397454,1.301919071E9,776110,776759
776662,51.430447,-2.397437,1.301919071E9,776110,776759
776662,51.430344,-2.397403,1.301919071E9,776110,776759
776662,51.430267,-2.397314,1.301919071E9,776110,776759
776662,51.43018,-2.397269,1.301919071E9,776110,776759
776662,51.430088,-2.397227,1.301919071E9,776110,776759
776662,51.42999,-2.397187,1.301919071E9,776110,776759
776662,51.4299,-2.397159,1.301919071E9,776110,776759
776662,51.429817,-2.397062,1.301919071E9,776110,776759
776662,51.42978,-2.396926,1.301919071E9,776110,776759
776662,51.429844,-2.396821,1.301919071E9,776110,776759
776662,51.42983,-2.396677,1.301919071E9,776110,776759
776662,51.429764,-2.396563,1.301919071E9,776110,776759
776662,51.429707,-2.396439,1.301919071E9,776110,776759
776662,51.42967,-2.396302,1.301919071E9,776110,776759
776662,51.429638,-2.39616,1.301919071E9,776110,776759
776662,51.429607,-2.39601,1.301919071E9,776110,776759
776662,51.42961,-2.395857,1.301919071E9,776110,776759
776662,51.429604,-2.395706,1.301919071E9,776110,776759
776662,51.429626,-2.395561,1.301919071E9,776110,776759
776662,51.429665,-2.39543,1.301919071E9,776110,776759
776662,51.42967,-2.395284,1.301919071E9,776110,776759
776662,51.429665,-2.395114,1.301919071E9,776110,776759
776662,51.429657,-2.394963,1.301919071E9,776110,776759
776662,51.42968,-2.3948,1.301919071E9,776110,776759
776662,51.429688,-2.394629,1.301919071E9,776110,776759
776662,51.42977,-2.39456,1.301919071E9,776110,776759
776662,51.429726,-2.394413,1.301919071E9,776110,776759
776662,51.42975,-2.394245,1.301919071E9,776110,776759
776662,51.429768,-2.394101,1.301919071E9,776110,776759
776662,51.429764,-2.393953,1.301919071E9,776110,776759
776662,51.429745,-2.393811,1.301919071E9,776110,776759
776662,51.42976,-2.393637,1.301919071E9,776110,776759
776662,51.429752,-2.393477,1.301919071E9,776110,776759
776662,51.42975,-2.393326,1.301919071E9,776110,776759
776662,51.429768,-2.393158,1.301919071E9,776110,776759
776662,51.429806,-2.393006,1.301919071E9,776110,776759
776662,51.429825,-2.392859,1.301919071E9,776110,776759
776662,51.429848,-2.392692,1.301919071E9,776110,776759
776662,51.429905,-2.392566,1.301919071E9,776110,776759
776662,51.42998,-2.392462,1.301919071E9,776110,776759
776662,51.430042,-2.392326,1.301919071E9,776110,776759
776662,51.430088,-2.392192,1.301919071E9,776110,776759
776662,51.430164,-2.392082,1.301919071E9,776110,776759
776662,51.430267,-2.392059,1.301919071E9,776110,776759
776662,51.43036,-2.392003,1.301919071E9,776110,776759
776662,51.430424,-2.391883,1.301919071E9,776110,776759
776662,51.430492,-2.391772,1.301919071E9,776110,776759
776662,51.430576,-2.391682,1.301919071E9,776110,776759
776662,51.430656,-2.391617,1.301919071E9,776110,776759
776662,51.430748,-2.391554,1.301919071E9,776110,776759
776662,51.430817,-2.391456,1.301919071E9,776110,776759
776662,51.43091,-2.391379,1.301919071E9,776110,776759
776662,51.430935,-2.391231,1.301919071E9,776110,776759
776662,51.430984,-2.391098,1.301919071E9,776110,776759
776662,51.430984,-2.390941,1.301919071E9,776110,776759
776662,51.43104,-2.39081,1.301919071E9,776110,776759
776662,51.43108,-2.39067,1.301919071E9,776110,776759
776662,51.43113,-2.390547,1.301919071E9,776110,776759
776662,51.431164,-2.390411,1.301919071E9,776110,776759
776662,51.43117,-2.390267,1.301919071E9,776110,776759
776662,51.431168,-2.3901,1.301919071E9,776110,776759
776662,51.43115,-2.389941,1.301919071E9,776110,776759
776662,51.431137,-2.389785,1.301919071E9,776110,776759
776662,51.431103,-2.389625,1.301919071E9,776110,776759
776662,51.431087,-2.389475,1.301919071E9,776110,776759
776662,51.43109,-2.389314,1.301919071E9,776110,776759
776662,51.431087,-2.389159,1.301919071E9,776110,776759
776662,51.43108,-2.389002,1.301919071E9,776110,776759
776662,51.431084,-2.388842,1.301919071E9,776110,776759
776662,51.431076,-2.388677,1.301919071E9,776110,776759
776662,51.43108,-2.388513,1.301919071E9,776110,776759
776662,51.431072,-2.388356,1.301919071E9,776110,776759
776662,51.43106,-2.388197,1.301919071E9,776110,776759
776662,51.431038,-2.388046,1.301919071E9,776110,776759
776662,51.431004,-2.387898,1.301919071E9,776110,776759
776662,51.430977,-2.387757,1.301919071E9,776110,776759
776662,51.430943,-2.387607,1.301919071E9,776110,776759
776662,51.430943,-2.387452,1.301919071E9,776110,776759
776662,51.430912,-2.387313,1.301919071E9,776110,776759
776662,51.4309,-2.387158,1.301919071E9,776110,776759
776662,51.430878,-2.386999,1.301919071E9,776110,776759
776662,51.43083,-2.386877,1.301919071E9,776110,776759
776662,51.43074,-2.386805,1.301919071E9,776110,776759
776662,51.430687,-2.386657,1.301919071E9,776110,776759
776662,51.430622,-2.386527,1.301919071E9,776110,776759
776662,51.430576,-2.386406,1.301919071E9,776110,776759
776662,51.430527,-2.386262,1.301919071E9,776110,776759
776662,51.430485,-2.386119,1.301919071E9,776110,776759
776662,51.43046,-2.385974,1.301919071E9,776110,776759
776662,51.43043,-2.385832,1.301919071E9,776110,776759
776662,51.43039,-2.385699,1.301919071E9,776110,776759
776662,51.430378,-2.38555,1.301919071E9,776110,776759
776662,51.43038,-2.3854,1.301919071E9,776110,776759
776662,51.430363,-2.385256,1.301919071E9,776110,776759
776662,51.43035,-2.385097,1.301919071E9,776110,776759
776662,51.43031,-2.384966,1.301919071E9,776110,776759
776662,51.43026,-2.384838,1.30191