9
776662,18.398666,-66.14449,1.301919071E9,776110,776759
776662,18.39908,-66.14511,1.301919071E9,776110,776759
776662,18.399385,-66.145515,1.301919071E9,776110,776759
776662,18.399712,-66.14593,1.301919071E9,776110,776759
776662,18.40001,-66.14632,1.301919071E9,776110,776759
776662,18.40045,-66.14683,1.301919071E9,776110,776759
776662,18.400858,-66.14729,1.301919071E9,776110,776759
776662,18.401299,-66.14774,1.301919071E9,776110,776759
776662,18.401827,-66.14821,1.301919071E9,776110,776759
776662,18.402145,-66.14852,1.301919071E9,776110,776759
776662,18.40225,-66.14863,1.301919071E9,776110,776759
776662,18.402367,-66.14874,1.301919071E9,776110,776759
776662,18.402481,-66.14886,1.301919071E9,776110,776759
776662,18.40259,-66.14897,1.301919071E9,776110,776759
776662,18.402773,-66.149185,1.301919071E9,776110,776759
776662,18.402927,-66.14937,1.301919071E9,776110,776759
776662,18.403065,-66.149536,1.301919071E9,776110,776759
776662,18.403202,-66.1497,1.301919071E9,776110,776759
776662,18.403296,-66.14979,1.301919071E9,776110,776759
776662,18.403446,-66.14994,1.301919071E9,776110,776759
776662,18.403597,-66.15007,1.301919071E9,776110,776759
776662,18.40379,-66.15023,1.301919071E9,776110,776759
776662,18.403927,-66.15031,1.301919071E9,776110,776759
776662,18.40408,-66.15038,1.301919071E9,776110,776759
776662,18.404463,-66.15058,1.301919071E9,776110,776759
776662,18.404942,-66.15082,1.301919071E9,776110,776759
776662,18.405378,-66.151054,1.301919071E9,776110,776759
776662,18.406025,-66.15133,1.301919071E9,776110,776759
776662,18.406448,-66.151505,1.301919071E9,776110,776759
776662,18.406906,-66.151726,1.301919071E9,776110,776759
776662,18.40731,-66.15197,1.301919071E9,776110,776759
776662,18.40764,-66.15215,1.301919071E9,776110,776759
776662,18.40778,-66.15222,1.301919071E9,776110,776759
776662,18.407991,-66.15232,1.301919071E9,776110,776759
776662,18.4082,-66.15241,1.301919071E9,776110,776759
776662,18.408403,-66.1525,1.301919071E9,776110,776759
776662,18.408607,-66.15259,1.301919071E9,776110,776759
776662,18.4088,-66.15268,1.301919071E9,776110,776759
776662,18.408983,-66.15276,1.301919071E9,776110,776759
776662,18.409164,-66.15284,1.301919071E9,776110,776759
776662,18.409348,-66.15292,1.301919071E9,776110,776759
776662,18.409536,-66.153,1.301919071E9,776110,776759
776662,18.409727,-66.15307,1.301919071E9,776110,776759
776662,18.409927,-66.15309,1.301919071E9,776110,776759
776662,18.410133,-66.1531,1.301919071E9,776110,776759
776662,18.410334,-66.153114,1.301919071E9,776110,776759
776662,18.41053,-66.15314,1.301919071E9,776110,776759
776662,18.410683,-66.15328,1.301919071E9,776110,776759
776662,18.410805,-66.15341,1.301919071E9,776110,776759
776662,18.410967,-66.153465,1.301919071E9,776110,776759
776662,18.411362,-66.153534,1.301919071E9,776110,776759
776662,18.411549,-66.1536,1.301919071E9,776110,776759
776662,18.411722,-66.15369,1.301919071E9,776110,776759
776662,18.411901,-66.15376,1.301919071E9,776110,776759
776662,18.412115,-66.153824,1.301919071E9,776110,776759
776662,18.412275,-66.15387,1.301919071E9,776110,776759
776662,18.412437,-66.15391,1.301919071E9,776110,776759
776662,18.412592,-66.15394,1.301919071E9,776110,776759
776662,18.412746,-66.153984,1.301919071E9,776110,776759
776662,18.412952,-66.15404,1.301919071E9,776110,776759
776662,18.413124,-66.15408,1.301919071E9,776110,776759
776662,18.413288,-66.15414,1.301919071E9,776110,776759
776662,18.413538,-66.15421,1.301919071E9,776110,776759
776662,18.413689,-66.15426,1.301919071E9,776110,776759
776662,18.413849,-66.15431,1.301919071E9,776110,776759
776662,18.41401,-66.154366,1.301919071E9,776110,776759
776662,18.414165,-66.15441,1.301919071E9,776110,776759
776662,18.414314,-66.15446,1.301919071E9,776110,776759
776662,18.41453,-66.15451,1.301919071E9,776110,776759
776662,18.414825,-66.15459,1.301919071E9,776110,776759
776662,18.415018,-66.15464,1.301919071E9,776110,776759
776662,18.415207,-66.1547,1.301919071E9,776110,776759
776662,18.415682,-66.15482,1.301919071E9,776110,776759
776662,18.416124,-66.154945,1.301919071E9,776110,776759
776662,18.41656,-66.15508,1.301919071E9,776110,776759
776662,18.416891,-66.15517,1.301919071E9,776110,776759
776662,18.417053,-66.155205,1.301919071E9,776110,776759
776662,18.417276,-66.15525,1.301919071E9,776110,776759
776662,18.417412,-66.15528,1.301919071E9,776110,776759
776662,18.417578,-66.15532,1.301919071E9,776110,776759
776662,18.41797,-66.15541,1.301919071E9,776110,776759
776662,18.418419,-66.15553,1.301919071E9,776110,776759
776662,18.418514,-66.15556,1.301919071E9,776110,776759
776662,18.418676,-66.15561,1.301919071E9,776110,776759
776662,18.41894,-66.15569,1.301919071E9,776110,776759
776662,18.419132,-66.15575,1.301919071E9,776110,776759
776662,18.419374,-66.155815,1.301919071E9,776110,776759
776662,18.419537,-66.15586,1.301919071E9,776110,776759
776662,18.419693,-66.1559,1.301919071E9,776110,776759
776662,18.419851,-66.15594,1.301919071E9,776110,776759
776662,18.420006,-66.15597,1.301919071E9,776110,776759
776662,18.420214,-66.156006,1.301919071E9,776110,776759
776662,18.420404,-66.15604,1.301919071E9,776110,776759
776662,18.420855,-66.1561,1.301919071E9,776110,776759
776662,18.420404,-66.15601,1.301919071E9,776110,776759
776662,18.419844,-66.15596,1.301919071E9,776110,776759
776662,18.419392,-66.15588,1.301919071E9,776110,776759
776662,18.418978,-66.15577,1.301919071E9,776110,776759
776662,18.418562,-66.15563,1.301919071E9,776110,776759
776662,18.418108,-66.155525,1.301919071E9,776110,776759
776662,18.417461,-66.15538,1.301919071E9,776110,776759
776662,18.416922,-66.155235,1.301919071E9,776110,776759
776662,18.416466,-66.15509,1.301919071E9,776110,776759
776662,18.416048,-66.155,1.301919071E9,776110,776759
776662,18.41563,-66.15486,1.301919071E9,776110,776759
776662,18.415161,-66.15468,1.301919071E9,776110,776759
776662,18.414711,-66.15457,1.301919071E9,776110,776759
776662,18.414259,-66.154495,1.301919071E9,776110,776759
776662,18.413807,-66.154366,1.301919071E9,776110,776759
776662,18.4133,-66.154205,1.301919071E9,776110,776759
776662,18.41283,-66.15406,1.301919071E9,776110,776759
776662,18.412355,-66.153946,1.301919071E9,776110,776759
776662,18.411917,-66.15383,1.301919071E9,776110,776759
776662,18.411448,-66.15366,1.301919071E9,776110,776759
776662,18.411013,-66.15352,1.301919071E9,776110,776759
776662,18.410593,-66.153404,1.301919071E9,776110,776759
776662,18.410185,-66.15318,1.301919071E9,776110,776759
776662,18.409685,-66.15309,1.301919071E9,776110,776759
776662,18.409237,-66.152954,1.301919071E9,776110,776759
776662,18.408838,-66.15277,1.301919071E9,776110,776759
776662,18.408636,-66.15266,1.301919071E9,776110,776759
776662,18.408436,-66.15256,1.301919071E9,776110,776759
776662,18.408232,-66.152466,1.301919071E9,776110,776759
776662,18.408089,-66.152405,1.301919071E9,776110,776759
776662,18.407942,-66.15235,1.301919071E9,776110,776759
776662,18.407728,-66.15228,1.301919071E9,776110,776759
776662,18.407324,-66.15212,1.301919071E9,776110,776759
776662,18.407125,-66.15204,1.301919071E9,776110,776759
776662,18.406933,-66.15194,1.301919071E9,776110,776759
776662,18.406532,-66.15176,1.301919071E9,776110,776759
776662,18.406107,-66.15153,1.301919071E9,776110,776759
776662,18.405706,-66.15131,1.301919071E9,776110,776759
776662,18.405102,-66.150986,1.301919071E9,776110,776759
776662,18.404615,-66.150856,1.301919071E9,776110,776759
776662,18.404173,-66.150696,1.301919071E9,776110,776759
776662,18.40377,-66.150345,1.301919071E9,776110,776759
776662,18.403507,-66.15013,1.301919071E9,776110,776759
776662,18.403364,-66.150024,1.301919071E9,776110,776759
776662,18.403172,-66.149864,1.301919071E9,776110,776759
776662,18.403051,-66.14976,1.301919071E9,776110,776759
776662,18.402937,-66.14964,1.301919071E9,776110,776759
776662,18.402822,-66.14952,1.301919071E9,776110,776759
776662,18.40266,-66.14935,1.301919071E9,776110,776759
776662,18.4025,-66.14921,1.301919071E9,776110,776759
776662,18.40234,-66.149055,1.301919071E9,776110,776759
776662,18.402185,-66.148926,1.