01919071E9,776110,776759
776662,20.931475,-156.69252,1.301919071E9,776110,776759
776662,20.931393,-156.6926,1.301919071E9,776110,776759
776662,20.931284,-156.69264,1.301919071E9,776110,776759
776662,20.931194,-156.69269,1.301919071E9,776110,776759
776662,20.931093,-156.69273,1.301919071E9,776110,776759
776662,20.931002,-156.69276,1.301919071E9,776110,776759
776662,20.930906,-156.69281,1.301919071E9,776110,776759
776662,20.930847,-156.69283,1.301919071E9,776110,776759
776662,20.93079,-156.69286,1.301919071E9,776110,776759
776662,20.930681,-156.6929,1.301919071E9,776110,776759
776662,20.930632,-156.69292,1.301919071E9,776110,776759
776662,20.930586,-156.69295,1.301919071E9,776110,776759
776662,20.930529,-156.693,1.301919071E9,776110,776759
776662,20.930496,-156.69302,1.301919071E9,776110,776759
776662,20.930475,-156.69307,1.301919071E9,776110,776759
776662,20.930456,-156.69312,1.301919071E9,776110,776759
776662,20.93044,-156.69316,1.301919071E9,776110,776759
776662,20.930414,-156.69322,1.301919071E9,776110,776759
776662,20.930332,-156.69328,1.301919071E9,776110,776759
776662,20.930277,-156.69325,1.301919071E9,776110,776759
776662,20.930225,-156.69324,1.301919071E9,776110,776759
776662,20.93013,-156.69328,1.301919071E9,776110,776759
776662,20.930044,-156.69336,1.301919071E9,776110,776759
776662,20.930008,-156.69339,1.301919071E9,776110,776759
776662,20.929935,-156.69347,1.301919071E9,776110,776759
776662,20.929855,-156.69353,1.301919071E9,776110,776759
776662,20.929771,-156.69359,1.301919071E9,776110,776759
776662,20.92968,-156.69363,1.301919071E9,776110,776759
776662,20.929588,-156.69368,1.301919071E9,776110,776759
776662,20.929525,-156.69373,1.301919071E9,776110,776759
776662,20.929482,-156.69376,1.301919071E9,776110,776759
776662,20.929438,-156.69379,1.301919071E9,776110,776759
776662,20.929394,-156.69383,1.301919071E9,776110,776759
776662,20.929346,-156.69386,1.301919071E9,776110,776759
776662,20.9293,-156.6939,1.301919071E9,776110,776759
776662,20.929214,-156.69394,1.301919071E9,776110,776759
776662,20.929148,-156.69398,1.301919071E9,776110,776759
776662,20.929106,-156.69402,1.301919071E9,776110,776759
776662,20.929066,-156.69405,1.301919071E9,776110,776759
776662,20.92903,-156.69408,1.301919071E9,776110,776759
776662,20.928993,-156.6941,1.301919071E9,776110,776759
776662,20.928959,-156.69415,1.301919071E9,776110,776759
776662,20.928926,-156.69418,1.301919071E9,776110,776759
776662,20.92888,-156.69424,1.301919071E9,776110,776759
776662,20.928854,-156.69427,1.301919071E9,776110,776759
776662,20.928831,-156.69432,1.301919071E9,776110,776759
776662,20.92881,-156.69437,1.301919071E9,776110,776759
776662,20.928787,-156.69441,1.301919071E9,776110,776759
776662,20.928753,-156.69446,1.301919071E9,776110,776759
776662,20.928717,-156.6945,1.301919071E9,776110,776759
776662,20.928679,-156.69456,1.301919071E9,776110,776759
776662,20.928646,-156.69463,1.301919071E9,776110,776759
776662,20.928616,-156.69469,1.301919071E9,776110,776759
776662,20.92858,-156.69473,1.301919071E9,776110,776759
776662,20.92854,-156.69478,1.301919071E9,776110,776759
776662,20.928503,-156.69481,1.301919071E9,776110,776759
776662,20.928461,-156.69484,1.301919071E9,776110,776759
776662,20.928417,-156.69485,1.301919071E9,776110,776759
776662,20.928371,-156.69489,1.301919071E9,776110,776759
776662,20.928295,-156.69489,1.301919071E9,776110,776759
776662,20.928242,-156.69485,1.301919071E9,776110,776759
776662,20.92817,-156.69476,1.301919071E9,776110,776759
776662,20.928139,-156.69467,1.301919071E9,776110,776759
776662,20.92812,-156.69458,1.301919071E9,776110,776759
776662,20.928106,-156.69447,1.301919071E9,776110,776759
776662,20.928099,-156.69435,1.301919071E9,776110,776759
776662,20.928068,-156.69429,1.301919071E9,776110,776759
776662,20.928015,-156.69429,1.301919071E9,776110,776759
776662,20.928005,-156.69429,1.301919071E9,776110,776759
776662,20.928001,-156.69435,1.301919071E9,776110,776759
776662,20.928007,-156.69441,1.301919071E9,776110,776759
776662,20.928017,-156.69446,1.301919071E9,776110,776759
776662,20.928034,-156.69452,1.301919071E9,776110,776759
776662,20.928053,-156.69458,1.301919071E9,776110,776759
776662,20.92806,-156.69464,1.301919071E9,776110,776759
776662,20.928085,-156.69476,1.301919071E9,776110,776759
776662,20.928091,-156.69485,1.301919071E9,776110,776759
776662,20.928118,-156.69496,1.301919071E9,776110,776759
776662,20.92815,-156.695,1.301919071E9,776110,776759
776662,20.92819,-156.69505,1.301919071E9,776110,776759
776662,20.928226,-156.6951,1.301919071E9,776110,776759
776662,20.928295,-156.69518,1.301919071E9,776110,776759
776662,20.928337,-156.69522,1.301919071E9,776110,776759
776662,20.928349,-156.69524,1.301919071E9,776110,776759
776662,20.928377,-156.6953,1.301919071E9,776110,776759
776662,20.928396,-156.6954,1.301919071E9,776110,776759
776662,20.928392,-156.69545,1.301919071E9,776110,776759
776662,20.928371,-156.69556,1.301919071E9,776110,776759
776662,20.92832,-156.69563,1.301919071E9,776110,776759
776662,20.928238,-156.69571,1.301919071E9,776110,776759
776662,20.92814,-156.69572,1.301919071E9,776110,776759
776662,20.928053,-156.69572,1.301919071E9,776110,776759
776662,20.928005,-156.69574,1.301919071E9,776110,776759
776662,20.927927,-156.6958,1.301919071E9,776110,776759
776662,20.927868,-156.69585,1.301919071E9,776110,776759
776662,20.927834,-156.69589,1.301919071E9,776110,776759
776662,20.92776,-156.69597,1.301919071E9,776110,776759
776662,20.927694,-156.69604,1.301919071E9,776110,776759
776662,20.927639,-156.69614,1.301919071E9,776110,776759
776662,20.927599,-156.69618,1.301919071E9,776110,776759
776662,20.927584,-156.6962,1.301919071E9,776110,776759
776662,20.927502,-156.69626,1.301919071E9,776110,776759
776662,20.927425,-156.69632,1.301919071E9,776110,776759
776662,20.927334,-156.69638,1.301919071E9,776110,776759
776662,20.927284,-156.6964,1.301919071E9,776110,776759
776662,20.927238,-156.69641,1.301919071E9,776110,776759
776662,20.927197,-156.69643,1.301919071E9,776110,776759
776662,20.927227,-156.69643,1.301919071E9,776110,776759
776662,20.927275,-156.69641,1.301919071E9,776110,776759
776662,20.927357,-156.69637,1.301919071E9,776110,776759
776662,20.92744,-156.69629,1.301919071E9,776110,776759
776662,20.927517,-156.69623,1.301919071E9,776110,776759
776662,20.927582,-156.69614,1.301919071E9,776110,776759
776662,20.927635,-156.69608,1.301919071E9,776110,776759
776662,20.927675,-156.69604,1.301919071E9,776110,776759
776662,20.927763,-156.69601,1.301919071E9,776110,776759
776662,20.92785,-156.69595,1.301919071E9,776110,776759
776662,20.92793,-156.69588,1.301919071E9,776110,776759
776662,20.92795,-156.69588,1.301919071E9,776110,776759
776662,20.928013,-156.69585,1.301919071E9,776110,776759
776662,20.928059,-156.69583,1.301919071E9,776110,776759
776662,20.928152,-156.69579,1.301919071E9,776110,776759
776662,20.928198,-156.69577,1.301919071E9,776110,776759
776662,20.92825,-156.69572,1.301919071E9,776110,776759
776662,20.928291,-156.69565,1.301919071E9,776110,776759
776662,20.928316,-156.6956,1.301919071E9,776110,776759
776662,20.9283,-156.6955,1.301919071E9,776110,776759
776662,20.928278,-156.69545,1.301919071E9,776110,776759
776662,20.928247,-156.69534,1.301919071E9,776110,776759
776662,20.92822,-156.69524,1.301919071E9,776110,776759
776662,20.92819,-156.69513,1.301919071E9,776110,776759
776662,20.92817,-156.69502,1.301919071E9,776110,776759
776662,20.928158,-156.69492,1.301919071E9,776110,776759
776662,20.928135,-156.6948,1.301919071E9,776110,776759
776662,20.92812,-156.69473,1.301919071E9,776110,776759
776662,20.928108,-156.69467,1.301919071E9,776110,776759
776662,20.928097,-156.69463,1.301919071E9,776110,776759
776662,20.928085,-156.69455,1.301919071E9,776110,776759
776662,20.928074,-156.6945,1.301919071E9,776110,776759
776662,20.928064,-156.69444,1.301919071E9,776110,776759
776662,20.928055,-156.69438,1.301919071E9,776110,776759
776662,20.928045,-156.69434,1.301919071E9,776110,776759
776662,20.928041,-156.69427,1.301919071E9,776110,776759
776662,20.928036