22.58852,1.301919071E9,776110,776759
776662,45.594666,-122.58866,1.301919071E9,776110,776759
776662,45.594704,-122.5888,1.301919071E9,776110,776759
776662,45.59474,-122.588936,1.301919071E9,776110,776759
776662,45.59479,-122.58908,1.301919071E9,776110,776759
776662,45.594852,-122.58922,1.301919071E9,776110,776759
776662,45.5949,-122.58936,1.301919071E9,776110,776759
776662,45.594944,-122.5895,1.301919071E9,776110,776759
776662,45.594997,-122.58964,1.301919071E9,776110,776759
776662,45.59505,-122.58979,1.301919071E9,776110,776759
776662,45.5951,-122.589935,1.301919071E9,776110,776759
776662,45.59516,-122.59009,1.301919071E9,776110,776759
776662,45.595207,-122.59023,1.301919071E9,776110,776759
776662,45.595264,-122.59038,1.301919071E9,776110,776759
776662,45.595337,-122.59054,1.301919071E9,776110,776759
776662,45.595394,-122.59069,1.301919071E9,776110,776759
776662,45.595436,-122.590836,1.301919071E9,776110,776759
776662,45.595493,-122.59097,1.301919071E9,776110,776759
776662,45.59555,-122.5911,1.301919071E9,776110,776759
776662,45.595608,-122.591255,1.301919071E9,776110,776759
776662,45.595646,-122.59141,1.301919071E9,776110,776759
776662,45.595715,-122.591576,1.301919071E9,776110,776759
776662,45.595783,-122.591736,1.301919071E9,776110,776759
776662,45.595833,-122.59188,1.301919071E9,776110,776759
776662,45.595882,-122.59203,1.301919071E9,776110,776759
776662,45.59593,-122.59219,1.301919071E9,776110,776759
776662,45.595985,-122.59236,1.301919071E9,776110,776759
776662,45.596054,-122.59251,1.301919071E9,776110,776759
776662,45.59611,-122.59265,1.301919071E9,776110,776759
776662,45.596176,-122.592804,1.301919071E9,776110,776759
776662,45.596245,-122.592964,1.301919071E9,776110,776759
776662,45.596294,-122.59315,1.301919071E9,776110,776759
776662,45.59635,-122.59329,1.301919071E9,776110,776759
776662,45.596413,-122.59345,1.301919071E9,776110,776759
776662,45.59647,-122.5936,1.301919071E9,776110,776759
776662,45.596527,-122.593765,1.301919071E9,776110,776759
776662,45.596592,-122.59392,1.301919071E9,776110,776759
776662,45.59665,-122.59408,1.301919071E9,776110,776759
776662,45.59671,-122.59424,1.301919071E9,776110,776759
776662,45.59678,-122.5944,1.301919071E9,776110,776759
776662,45.596844,-122.59455,1.301919071E9,776110,776759
776662,45.596897,-122.59472,1.301919071E9,776110,776759
776662,45.596966,-122.59488,1.301919071E9,776110,776759
776662,45.59703,-122.59503,1.301919071E9,776110,776759
776662,45.5971,-122.59521,1.301919071E9,776110,776759
776662,45.59716,-122.59536,1.301919071E9,776110,776759
776662,45.597214,-122.59552,1.301919071E9,776110,776759
776662,45.597275,-122.59569,1.301919071E9,776110,776759
776662,45.597336,-122.595856,1.301919071E9,776110,776759
776662,45.597404,-122.596016,1.301919071E9,776110,776759
776662,45.597466,-122.59618,1.301919071E9,776110,776759
776662,45.597515,-122.59636,1.301919071E9,776110,776759
776662,45.597572,-122.596535,1.301919071E9,776110,776759
776662,45.597626,-122.596725,1.301919071E9,776110,776759
776662,45.597683,-122.5969,1.301919071E9,776110,776759
776662,45.597733,-122.597084,1.301919071E9,776110,776759
776662,45.59778,-122.59726,1.301919071E9,776110,776759
776662,45.597828,-122.597435,1.301919071E9,776110,776759
776662,45.597878,-122.59761,1.301919071E9,776110,776759
776662,45.597927,-122.59778,1.301919071E9,776110,776759
776662,45.597984,-122.59797,1.301919071E9,776110,776759
776662,45.598034,-122.598145,1.301919071E9,776110,776759
776662,45.598083,-122.59832,1.301919071E9,776110,776759
776662,45.59813,-122.5985,1.301919071E9,776110,776759
776662,45.598186,-122.59868,1.301919071E9,776110,776759
776662,45.598236,-122.59886,1.301919071E9,776110,776759
776662,45.598274,-122.59903,1.301919071E9,776110,776759
776662,45.598316,-122.59919,1.301919071E9,776110,776759
776662,45.59835,-122.59937,1.301919071E9,776110,776759
776662,45.598392,-122.59956,1.301919071E9,776110,776759
776662,45.598415,-122.59974,1.301919071E9,776110,776759
776662,45.59844,-122.599915,1.301919071E9,776110,776759
776662,45.598476,-122.600105,1.301919071E9,776110,776759
776662,45.598507,-122.6003,1.301919071E9,776110,776759
776662,45.598534,-122.60048,1.301919071E9,776110,776759
776662,45.598557,-122.600655,1.301919071E9,776110,776759
776662,45.59858,-122.60084,1.301919071E9,776110,776759
776662,45.598602,-122.60102,1.301919071E9,776110,776759
776662,45.598633,-122.60121,1.301919071E9,776110,776759
776662,45.598644,-122.60142,1.301919071E9,776110,776759
776662,45.598686,-122.60158,1.301919071E9,776110,776759
776662,45.59871,-122.60176,1.301919071E9,776110,776759
776662,45.598732,-122.601944,1.301919071E9,776110,776759
776662,45.598763,-122.60212,1.301919071E9,776110,776759
776662,45.598778,-122.602295,1.301919071E9,776110,776759
776662,45.59879,-122.60248,1.301919071E9,776110,776759
776662,45.598827,-122.602646,1.301919071E9,776110,776759
776662,45.59882,-122.60284,1.301919071E9,776110,776759
776662,45.59883,-122.602974,1.301919071E9,776110,776759
776662,45.598843,-122.60318,1.301919071E9,776110,776759
776662,45.598866,-122.603386,1.301919071E9,776110,776759
776662,45.598915,-122.60356,1.301919071E9,776110,776759
776662,45.598946,-122.603714,1.301919071E9,776110,776759
776662,45.598976,-122.60389,1.301919071E9,776110,776759
776662,45.59901,-122.60405,1.301919071E9,776110,776759
776662,45.599037,-122.60418,1.301919071E9,776110,776759
776662,45.599056,-122.604324,1.301919071E9,776110,776759
776662,45.59906,-122.60452,1.301919071E9,776110,776759
776662,45.59908,-122.604706,1.301919071E9,776110,776759
776662,45.599106,-122.60488,1.301919071E9,776110,776759
776662,45.599133,-122.60508,1.301919071E9,776110,776759
776662,45.59917,-122.60526,1.301919071E9,776110,776759
776662,45.59919,-122.60545,1.301919071E9,776110,776759
776662,45.599197,-122.605644,1.301919071E9,776110,776759
776662,45.59922,-122.60584,1.301919071E9,776110,776759
776662,45.599236,-122.606026,1.301919071E9,776110,776759
776662,45.599262,-122.606224,1.301919071E9,776110,776759
776662,45.599293,-122.60642,1.301919071E9,776110,776759
776662,45.599316,-122.60662,1.301919071E9,776110,776759
776662,45.599308,-122.606804,1.301919071E9,776110,776759
776662,45.599316,-122.606995,1.301919071E9,776110,776759
776662,45.599327,-122.60718,1.301919071E9,776110,776759
776662,45.599342,-122.6074,1.301919071E9,776110,776759
776662,45.599377,-122.6076,1.301919071E9,776110,776759
776662,45.599346,-122.6078,1.301919071E9,776110,776759
776662,45.599384,-122.608025,1.301919071E9,776110,776759
776662,45.5994,-122.60826,1.301919071E9,776110,776759
776662,45.599407,-122.60847,1.301919071E9,776110,776759
776662,45.599422,-122.60869,1.301919071E9,776110,776759
776662,45.599434,-122.60889,1.301919071E9,776110,776759
776662,45.59944,-122.60911,1.301919071E9,776110,776759
776662,45.599438,-122.609314,1.301919071E9,776110,776759
776662,45.599457,-122.60952,1.301919071E9,776110,776759
776662,45.59947,-122.60973,1.301919071E9,776110,776759
776662,45.599495,-122.60995,1.301919071E9,776110,776759
776662,45.5995,-122.61015,1.301919071E9,776110,776759
776662,45.599514,-122.610374,1.301919071E9,776110,776759
776662,45.599537,-122.61059,1.301919071E9,776110,776759
776662,45.599545,-122.6108,1.301919071E9,776110,776759
776662,45.59956,-122.61101,1.301919071E9,776110,776759
776662,45.59958,-122.61122,1.301919071E9,776110,776759
776662,45.5996,-122.61143,1.301919071E9,776110,776759
776662,45.599632,-122.61166,1.301919071E9,776110,776759
776662,45.599655,-122.61186,1.301919071E9,776110,776759
776662,45.599678,-122.612076,1.301919071E9,776110,776759
776662,45.599705,-122.6123,1.301919071E9,776110,776759
776662,45.599735,-122.6125,1.301919071E9,776110,776759
776662,45.599762,-122.612724,1.301919071E9,776110,776759
776662,45.599773,-122.612946,1.301919071E9,776110,776759
776662,45.599785,-122.61315,1.301919071E9,776110,776759
776662,45.599792,-122.613396,1.301919071E9,776110,776759
776662,45.599808,-122.613625,1.301919071E9,776110,776759
776662,45.599815,-122.61385,1.301919071E9,776110,776759
776662,45.59981,-122.61408,1.3