.55728,1.301919071E9,776110,776759
776662,45.58019,-122.557175,1.301919071E9,776110,776759
776662,45.580105,-122.55699,1.301919071E9,776110,776759
776662,45.58003,-122.556854,1.301919071E9,776110,776759
776662,45.57994,-122.55674,1.301919071E9,776110,776759
776662,45.579826,-122.55663,1.301919071E9,776110,776759
776662,45.57976,-122.55648,1.301919071E9,776110,776759
776662,45.57967,-122.55634,1.301919071E9,776110,776759
776662,45.57959,-122.556206,1.301919071E9,776110,776759
776662,45.579502,-122.55612,1.301919071E9,776110,776759
776662,45.57943,-122.556,1.301919071E9,776110,776759
776662,45.579353,-122.55586,1.301919071E9,776110,776759
776662,45.579296,-122.555695,1.301919071E9,776110,776759
776662,45.579227,-122.55556,1.301919071E9,776110,776759
776662,45.57914,-122.55545,1.301919071E9,776110,776759
776662,45.57907,-122.55532,1.301919071E9,776110,776759
776662,45.57899,-122.555214,1.301919071E9,776110,776759
776662,45.5789,-122.555145,1.301919071E9,776110,776759
776662,45.578804,-122.555046,1.301919071E9,776110,776759
776662,45.578728,-122.55489,1.301919071E9,776110,776759
776662,45.578648,-122.55479,1.301919071E9,776110,776759
776662,45.578545,-122.55468,1.301919071E9,776110,776759
776662,45.57847,-122.55453,1.301919071E9,776110,776759
776662,45.578396,-122.55439,1.301919071E9,776110,776759
776662,45.57832,-122.554276,1.301919071E9,776110,776759
776662,45.57822,-122.55416,1.301919071E9,776110,776759
776662,45.57815,-122.55404,1.301919071E9,776110,776759
776662,45.57807,-122.55389,1.301919071E9,776110,776759
776662,45.577976,-122.553764,1.301919071E9,776110,776759
776662,45.5779,-122.55362,1.301919071E9,776110,776759
776662,45.577858,-122.5535,1.301919071E9,776110,776759
776662,45.577736,-122.55344,1.301919071E9,776110,776759
776662,45.577663,-122.5533,1.301919071E9,776110,776759
776662,45.577602,-122.55312,1.301919071E9,776110,776759
776662,45.577545,-122.55298,1.301919071E9,776110,776759
776662,45.577496,-122.55277,1.301919071E9,776110,776759
776662,45.5774,-122.55266,1.301919071E9,776110,776759
776662,45.577324,-122.55255,1.301919071E9,776110,776759
776662,45.577236,-122.552444,1.301919071E9,776110,776759
776662,45.577164,-122.55233,1.301919071E9,776110,776759
776662,45.577095,-122.55219,1.301919071E9,776110,776759
776662,45.576996,-122.55208,1.301919071E9,776110,776759
776662,45.576935,-122.55192,1.301919071E9,776110,776759
776662,45.576878,-122.551765,1.301919071E9,776110,776759
776662,45.576782,-122.55159,1.301919071E9,776110,776759
776662,45.57671,-122.551445,1.301919071E9,776110,776759
776662,45.57663,-122.55134,1.301919071E9,776110,776759
776662,45.576527,-122.55124,1.301919071E9,776110,776759
776662,45.57645,-122.55114,1.301919071E9,776110,776759
776662,45.576324,-122.55109,1.301919071E9,776110,776759
776662,45.576225,-122.550995,1.301919071E9,776110,776759
776662,45.576115,-122.55094,1.301919071E9,776110,776759
776662,45.576023,-122.5509,1.301919071E9,776110,776759
776662,45.575935,-122.550865,1.301919071E9,776110,776759
776662,45.57588,-122.550735,1.301919071E9,776110,776759
776662,45.57579,-122.550606,1.301919071E9,776110,776759
776662,45.575733,-122.55051,1.301919071E9,776110,776759
776662,45.57561,-122.55042,1.301919071E9,776110,776759
776662,45.575428,-122.550385,1.301919071E9,776110,776759
776662,45.57533,-122.55041,1.301919071E9,776110,776759
776662,45.575413,-122.55026,1.301919071E9,776110,776759
776662,45.57534,-122.550125,1.301919071E9,776110,776759
776662,45.57527,-122.549995,1.301919071E9,776110,776759
776662,45.575207,-122.54989,1.301919071E9,776110,776759
776662,45.57514,-122.54978,1.301919071E9,776110,776759
776662,45.575073,-122.54966,1.301919071E9,776110,776759
776662,45.575016,-122.54953,1.301919071E9,776110,776759
776662,45.574947,-122.54945,1.301919071E9,776110,776759
776662,45.574814,-122.54932,1.301919071E9,776110,776759
776662,45.574795,-122.54916,1.301919071E9,776110,776759
776662,45.574722,-122.54897,1.301919071E9,776110,776759
776662,45.574635,-122.548836,1.301919071E9,776110,776759
776662,45.574577,-122.5487,1.301919071E9,776110,776759
776662,45.574505,-122.54854,1.301919071E9,776110,776759
776662,45.574432,-122.5484,1.301919071E9,776110,776759
776662,45.574364,-122.548225,1.301919071E9,776110,776759
776662,45.574245,-122.548065,1.301919071E9,776110,776759
776662,45.57416,-122.54791,1.301919071E9,776110,776759
776662,45.574013,-122.54782,1.301919071E9,776110,776759
776662,45.573925,-122.54768,1.301919071E9,776110,776759
776662,45.573887,-122.54751,1.301919071E9,776110,776759
776662,45.57379,-122.54738,1.301919071E9,776110,776759
776662,45.57375,-122.547264,1.301919071E9,776110,776759
776662,45.573673,-122.54717,1.301919071E9,776110,776759
776662,45.573605,-122.54706,1.301919071E9,776110,776759
776662,45.57355,-122.54693,1.301919071E9,776110,776759
776662,45.57349,-122.54675,1.301919071E9,776110,776759
776662,45.57336,-122.546364,1.301919071E9,776110,776759
776662,45.573338,-122.54624,1.301919071E9,776110,776759
776662,45.57323,-122.54619,1.301919071E9,776110,776759
776662,45.573196,-122.54602,1.301919071E9,776110,776759
776662,45.5732,-122.54587,1.301919071E9,776110,776759
776662,45.573204,-122.5457,1.301919071E9,776110,776759
776662,45.57312,-122.545616,1.301919071E9,776110,776759
776662,45.573006,-122.545654,1.301919071E9,776110,776759
776662,45.57291,-122.54563,1.301919071E9,776110,776759
776662,45.57283,-122.54557,1.301919071E9,776110,776759
776662,45.572777,-122.54546,1.301919071E9,776110,776759
776662,45.572716,-122.5453,1.301919071E9,776110,776759
776662,45.57269,-122.54511,1.301919071E9,776110,776759
776662,45.572636,-122.544975,1.301919071E9,776110,776759
776662,45.572598,-122.544846,1.301919071E9,776110,776759
776662,45.572544,-122.5447,1.301919071E9,776110,776759
776662,45.572502,-122.54454,1.301919071E9,776110,776759
776662,45.572468,-122.54436,1.301919071E9,776110,776759
776662,45.57241,-122.544205,1.301919071E9,776110,776759
776662,45.57233,-122.54405,1.301919071E9,776110,776759
776662,45.57227,-122.54394,1.301919071E9,776110,776759
776662,45.57219,-122.543785,1.301919071E9,776110,776759
776662,45.572147,-122.54365,1.301919071E9,776110,776759
776662,45.57209,-122.54346,1.301919071E9,776110,776759
776662,45.572025,-122.54332,1.301919071E9,776110,776759
776662,45.57196,-122.54318,1.301919071E9,776110,776759
776662,45.571888,-122.543045,1.301919071E9,776110,776759
776662,45.571796,-122.54292,1.301919071E9,776110,776759
776662,45.57173,-122.54278,1.301919071E9,776110,776759
776662,45.57168,-122.54261,1.301919071E9,776110,776759
776662,45.571613,-122.542465,1.301919071E9,776110,776759
776662,45.571545,-122.5423,1.301919071E9,776110,776759
776662,45.571484,-122.54215,1.301919071E9,776110,776759
776662,45.571457,-122.54198,1.301919071E9,776110,776759
776662,45.571384,-122.5418,1.301919071E9,776110,776759
776662,45.571327,-122.541664,1.301919071E9,776110,776759
776662,45.57127,-122.54151,1.301919071E9,776110,776759
776662,45.571194,-122.5414,1.301919071E9,776110,776759
776662,45.571125,-122.541245,1.301919071E9,776110,776759
776662,45.571053,-122.5411,1.301919071E9,776110,776759
776662,45.570972,-122.54099,1.301919071E9,776110,776759
776662,45.570904,-122.54086,1.301919071E9,776110,776759
776662,45.57083,-122.54073,1.301919071E9,776110,776759
776662,45.57078,-122.54058,1.301919071E9,776110,776759
776662,45.570724,-122.54044,1.301919071E9,776110,776759
776662,45.570675,-122.54028,1.301919071E9,776110,776759
776662,45.570625,-122.540115,1.301919071E9,776110,776759
776662,45.57057,-122.53997,1.301919071E9,776110,776759
776662,45.570526,-122.53979,1.301919071E9,776110,776759
776662,45.570484,-122.539635,1.301919071E9,776110,776759
776662,45.57042,-122.53949,1.301919071E9,776110,776759
776662,45.57037,-122.539314,1.301919071E9,776110,776759
776662,45.570316,-122.53915,1.301919071E9,776110,776759
776662,45.57025,-122.53899,1.301919071E9,776110,776759
776662,45.570194,-122.53877,1.301919071E9,776110,776759
776662,45.570152,-122.538605,1.301919071E9,776110,776759
776662,45.5701,-122.53843,1.301919071E9,776110,7