6759
776662,48.87005,2.332636,1.301919071E9,776110,776759
776662,48.869923,2.332672,1.301919071E9,776110,776759
776662,48.869827,2.332755,1.301919071E9,776110,776759
776662,48.869743,2.332809,1.301919071E9,776110,776759
776662,48.869637,2.332855,1.301919071E9,776110,776759
776662,48.869514,2.332858,1.301919071E9,776110,776759
776662,48.869404,2.332886,1.301919071E9,776110,776759
776662,48.869293,2.332908,1.301919071E9,776110,776759
776662,48.869198,2.33293,1.301919071E9,776110,776759
776662,48.869087,2.332906,1.301919071E9,776110,776759
776662,48.86899,2.332913,1.301919071E9,776110,776759
776662,48.868874,2.33293,1.301919071E9,776110,776759
776662,48.868774,2.332948,1.301919071E9,776110,776759
776662,48.868675,2.333003,1.301919071E9,776110,776759
776662,48.868584,2.333032,1.301919071E9,776110,776759
776662,48.868484,2.333103,1.301919071E9,776110,776759
776662,48.868404,2.333182,1.301919071E9,776110,776759
776662,48.868305,2.333247,1.301919071E9,776110,776759
776662,48.868214,2.333256,1.301919071E9,776110,776759
776662,48.868122,2.333265,1.301919071E9,776110,776759
776662,48.868004,2.333289,1.301919071E9,776110,776759
776662,48.867893,2.33333,1.301919071E9,776110,776759
776662,48.867786,2.333371,1.301919071E9,776110,776759
776662,48.867695,2.333426,1.301919071E9,776110,776759
776662,48.867607,2.333499,1.301919071E9,776110,776759
776662,48.867504,2.33355,1.301919071E9,776110,776759
776662,48.86742,2.333597,1.301919071E9,776110,776759
776662,48.86735,2.333686,1.301919071E9,776110,776759
776662,48.867355,2.333715,1.301919071E9,776110,776759
776662,48.86727,2.333733,1.301919071E9,776110,776759
776662,48.867237,2.333742,1.301919071E9,776110,776759
776662,48.867138,2.333782,1.301919071E9,776110,776759
776662,48.86704,2.333855,1.301919071E9,776110,776759
776662,48.866932,2.333899,1.301919071E9,776110,776759
776662,48.866825,2.333939,1.301919071E9,776110,776759
776662,48.86673,2.333946,1.301919071E9,776110,776759
776662,48.866623,2.33396,1.301919071E9,776110,776759
776662,48.866512,2.333968,1.301919071E9,776110,776759
776662,48.866405,2.333996,1.301919071E9,776110,776759
776662,48.866314,2.334027,1.301919071E9,776110,776759
776662,48.866226,2.334059,1.301919071E9,776110,776759
776662,48.86615,2.334157,1.301919071E9,776110,776759
776662,48.86607,2.334252,1.301919071E9,776110,776759
776662,48.86597,2.334305,1.301919071E9,776110,776759
776662,48.865868,2.334348,1.301919071E9,776110,776759
776662,48.86577,2.33433,1.301919071E9,776110,776759
776662,48.86566,2.334324,1.301919071E9,776110,776759
776662,48.86554,2.334335,1.301919071E9,776110,776759
776662,48.865433,2.33438,1.301919071E9,776110,776759
776662,48.865322,2.334447,1.301919071E9,776110,776759
776662,48.86522,2.334512,1.301919071E9,776110,776759
776662,48.865124,2.334596,1.301919071E9,776110,776759
776662,48.865017,2.334663,1.301919071E9,776110,776759
776662,48.864906,2.334702,1.301919071E9,776110,776759
776662,48.8648,2.334732,1.301919071E9,776110,776759
776662,48.864697,2.334757,1.301919071E9,776110,776759
776662,48.86458,2.334782,1.301919071E9,776110,776759
776662,48.864487,2.334816,1.301919071E9,776110,776759
776662,48.864388,2.33487,1.301919071E9,776110,776759
776662,48.8643,2.334915,1.301919071E9,776110,776759
776662,48.8642,2.334978,1.301919071E9,776110,776759
776662,48.864117,2.335036,1.301919071E9,776110,776759
776662,48.86401,2.33509,1.301919071E9,776110,776759
776662,48.863926,2.335181,1.301919071E9,776110,776759
776662,48.863834,2.33525,1.301919071E9,776110,776759
776662,48.86374,2.335302,1.301919071E9,776110,776759
776662,48.863647,2.335347,1.301919071E9,776110,776759
776662,48.86353,2.335387,1.301919071E9,776110,776759
776662,48.86344,2.335432,1.301919071E9,776110,776759
776662,48.863384,2.335546,1.301919071E9,776110,776759
776662,48.86331,2.335662,1.301919071E9,776110,776759
776662,48.863205,2.335713,1.301919071E9,776110,776759
776662,48.86312,2.335816,1.301919071E9,776110,776759
776662,48.863056,2.335957,1.301919071E9,776110,776759
776662,48.863014,2.336115,1.301919071E9,776110,776759
776662,48.86296,2.336284,1.301919071E9,776110,776759
776662,48.862865,2.336327,1.301919071E9,776110,776759
776662,48.86275,2.336357,1.301919071E9,776110,776759
776662,48.862648,2.336362,1.301919071E9,776110,776759
776662,48.862534,2.336418,1.301919071E9,776110,776759
776662,48.862434,2.336444,1.301919071E9,776110,776759
776662,48.86233,2.336554,1.301919071E9,776110,776759
776662,48.862274,2.336433,1.301919071E9,776110,776759
776662,48.86192,2.33598,1.301919071E9,776110,776759
776662,48.86162,2.335434,1.301919071E9,776110,776759
776662,48.862278,2.336221,1.301919071E9,776110,776759
776662,48.86186,2.336375,1.301919071E9,776110,776759
776662,48.861633,2.336249,1.301919071E9,776110,776759
776662,48.86154,2.336096,1.301919071E9,776110,776759
776662,48.86149,2.335913,1.301919071E9,776110,776759
776662,48.861492,2.335757,1.301919071E9,776110,776759
776662,48.861526,2.335574,1.301919071E9,776110,776759
776662,48.861526,2.335414,1.301919071E9,776110,776759
776662,48.86146,2.335278,1.301919071E9,776110,776759
776662,48.8614,2.335159,1.301919071E9,776110,776759
776662,48.86132,2.335021,1.301919071E9,776110,776759
776662,48.86125,2.3349,1.301919071E9,776110,776759
776662,48.861187,2.334768,1.301919071E9,776110,776759
776662,48.861137,2.334624,1.301919071E9,776110,776759
776662,48.86107,2.334496,1.301919071E9,776110,776759
776662,48.860977,2.334373,1.301919071E9,776110,776759
776662,48.860893,2.334268,1.301919071E9,776110,776759
776662,48.86081,2.334148,1.301919071E9,776110,776759
776662,48.86072,2.334062,1.301919071E9,776110,776759
776662,48.86063,2.333968,1.301919071E9,776110,776759
776662,48.860527,2.333902,1.301919071E9,776110,776759
776662,48.860416,2.333826,1.301919071E9,776110,776759
776662,48.860317,2.333782,1.301919071E9,776110,776759
776662,48.86022,2.33373,1.301919071E9,776110,776759
776662,48.860126,2.333744,1.301919071E9,776110,776759
776662,48.860043,2.333693,1.301919071E9,776110,776759
776662,48.85998,2.333584,1.301919071E9,776110,776759
776662,48.859943,2.33352,1.301919071E9,776110,776759
776662,48.859962,2.333387,1.301919071E9,776110,776759
776662,48.85998,2.333341,1.301919071E9,776110,776759
776662,48.860023,2.333212,1.301919071E9,776110,776759
776662,48.86005,2.333057,1.301919071E9,776110,776759
776662,48.86009,2.332903,1.301919071E9,776110,776759
776662,48.86013,2.332779,1.301919071E9,776110,776759
776662,48.860176,2.332621,1.301919071E9,776110,776759
776662,48.860207,2.332468,1.301919071E9,776110,776759
776662,48.86026,2.332354,1.301919071E9,776110,776759
776662,48.860325,2.332188,1.301919071E9,776110,776759
776662,48.860348,2.332049,1.301919071E9,776110,776759
776662,48.86039,2.331921,1.301919071E9,776110,776759
776662,48.86043,2.331787,1.301919071E9,776110,776759
776662,48.86046,2.331654,1.301919071E9,776110,776759
776662,48.860474,2.33151,1.301919071E9,776110,776759
776662,48.860497,2.331327,1.301919071E9,776110,776759
776662,48.860542,2.33115,1.301919071E9,776110,776759
776662,48.860584,2.330998,1.301919071E9,776110,776759
776662,48.860638,2.330849,1.301919071E9,776110,776759
776662,48.86068,2.330713,1.301919071E9,776110,776759
776662,48.860718,2.33058,1.301919071E9,776110,776759
776662,48.860767,2.330416,1.301919071E9,776110,776759
776662,48.86081,2.33028,1.301919071E9,776110,776759
776662,48.860786,2.330321,1.301919071E9,776110,776759
776662,48.860817,2.330129,1.301919071E9,776110,776759
776662,48.860863,2.329994,1.301919071E9,776110,776759
776662,48.860905,2.329857,1.301919071E9,776110,776759
776662,48.86095,2.329714,1.301919071E9,776110,776759
776662,48.86097,2.329578,1.301919071E9,776110,776759
776662,48.86101,2.329404,1.301919071E9,776110,776759
776662,48.86104,2.329256,1.301919071E9,776110,776759
776662,48.861088,2.329099,1.301919071E9,776110,776759
776662,48.86113,2.328967,1.301919071E9,776110,776759
776662,48.86118,2.328837,1.301919071E9,776110,776759
776662,48.86122,2.32869,1.301919071E9,776110,776759
776662,48.86127,2.328531,1.301919071E9,776110,776759
776662,48.861313,2.328386,1.30191