76110,776759
776662,-33.446327,-70.64361,1.301919071E9,776110,776759
776662,-33.446346,-70.64378,1.301919071E9,776110,776759
776662,-33.44636,-70.643906,1.301919071E9,776110,776759
776662,-33.446304,-70.644165,1.301919071E9,776110,776759
776662,-33.446266,-70.644295,1.301919071E9,776110,776759
776662,-33.44624,-70.64447,1.301919071E9,776110,776759
776662,-33.446266,-70.644615,1.301919071E9,776110,776759
776662,-33.44631,-70.6448,1.301919071E9,776110,776759
776662,-33.44634,-70.644936,1.301919071E9,776110,776759
776662,-33.44635,-70.64507,1.301919071E9,776110,776759
776662,-33.446377,-70.64519,1.301919071E9,776110,776759
776662,-33.446423,-70.64542,1.301919071E9,776110,776759
776662,-33.446445,-70.64557,1.301919071E9,776110,776759
776662,-33.44649,-70.64573,1.301919071E9,776110,776759
776662,-33.446514,-70.64587,1.301919071E9,776110,776759
776662,-33.446552,-70.64605,1.301919071E9,776110,776759
776662,-33.44661,-70.64621,1.301919071E9,776110,776759
776662,-33.44665,-70.64636,1.301919071E9,776110,776759
776662,-33.446693,-70.646515,1.301919071E9,776110,776759
776662,-33.446724,-70.64667,1.301919071E9,776110,776759
776662,-33.44676,-70.64681,1.301919071E9,776110,776759
776662,-33.44679,-70.64695,1.301919071E9,776110,776759
776662,-33.44684,-70.64721,1.301919071E9,776110,776759
776662,-33.446865,-70.64735,1.301919071E9,776110,776759
776662,-33.44689,-70.64748,1.301919071E9,776110,776759
776662,-33.446922,-70.647644,1.301919071E9,776110,776759
776662,-33.44695,-70.647766,1.301919071E9,776110,776759
776662,-33.44697,-70.647896,1.301919071E9,776110,776759
776662,-33.446983,-70.64817,1.301919071E9,776110,776759
776662,-33.446983,-70.6483,1.301919071E9,776110,776759
776662,-33.447006,-70.64844,1.301919071E9,776110,776759
776662,-33.447037,-70.648605,1.301919071E9,776110,776759
776662,-33.447063,-70.648735,1.301919071E9,776110,776759
776662,-33.44714,-70.64881,1.301919071E9,776110,776759
776662,-33.447163,-70.64903,1.301919071E9,776110,776759
776662,-33.44715,-70.649155,1.301919071E9,776110,776759
776662,-33.447186,-70.6493,1.301919071E9,776110,776759
776662,-33.447243,-70.649414,1.301919071E9,776110,776759
776662,-33.447273,-70.64954,1.301919071E9,776110,776759
776662,-33.44731,-70.64975,1.301919071E9,776110,776759
776662,-33.447334,-70.649895,1.301919071E9,776110,776759
776662,-33.447365,-70.65003,1.301919071E9,776110,776759
776662,-33.44739,-70.650185,1.301919071E9,776110,776759
776662,-33.44741,-70.6503,1.301919071E9,776110,776759
776662,-33.447433,-70.650406,1.301919071E9,776110,776759
776662,-33.447453,-70.65053,1.301919071E9,776110,776759
776662,-33.447468,-70.650696,1.301919071E9,776110,776759
776662,-33.44746,-70.650856,1.301919071E9,776110,776759
776662,-33.447464,-70.65096,1.301919071E9,776110,776759
776662,-33.447514,-70.651146,1.301919071E9,776110,776759
776662,-33.447556,-70.65127,1.301919071E9,776110,776759
776662,-33.44759,-70.65141,1.301919071E9,776110,776759
776662,-33.4476,-70.651566,1.301919071E9,776110,776759
776662,-33.4476,-70.65172,1.301919071E9,776110,776759
776662,-33.447605,-70.65187,1.301919071E9,776110,776759
776662,-33.4476,-70.652016,1.301919071E9,776110,776759
776662,-33.44762,-70.65214,1.301919071E9,776110,776759
776662,-33.447655,-70.652405,1.301919071E9,776110,776759
776662,-33.44767,-70.652534,1.301919071E9,776110,776759
776662,-33.447697,-70.652664,1.301919071E9,776110,776759
776662,-33.447727,-70.65279,1.301919071E9,776110,776759
776662,-33.447792,-70.65301,1.301919071E9,776110,776759
776662,-33.44778,-70.65315,1.301919071E9,776110,776759
776662,-33.44779,-70.65327,1.301919071E9,776110,776759
776662,-33.447803,-70.653435,1.301919071E9,776110,776759
776662,-33.44783,-70.653725,1.301919071E9,776110,776759
776662,-33.44786,-70.653854,1.301919071E9,776110,776759
776662,-33.447865,-70.653984,1.301919071E9,776110,776759
776662,-33.44786,-70.65411,1.301919071E9,776110,776759
776662,-33.447914,-70.65439,1.301919071E9,776110,776759
776662,-33.447918,-70.65451,1.301919071E9,776110,776759
776662,-33.44798,-70.65463,1.301919071E9,776110,776759
776662,-33.44799,-70.65474,1.301919071E9,776110,776759
776662,-33.448013,-70.65485,1.301919071E9,776110,776759
776662,-33.448032,-70.65509,1.301919071E9,776110,776759
776662,-33.44804,-70.655205,1.301919071E9,776110,776759
776662,-33.448044,-70.65537,1.301919071E9,776110,776759
776662,-33.448086,-70.65551,1.301919071E9,776110,776759
776662,-33.44812,-70.65567,1.301919071E9,776110,776759
776662,-33.44815,-70.655815,1.301919071E9,776110,776759
776662,-33.44817,-70.65594,1.301919071E9,776110,776759
776662,-33.448185,-70.656075,1.301919071E9,776110,776759
776662,-33.44821,-70.65628,1.301919071E9,776110,776759
776662,-33.448227,-70.6564,1.301919071E9,776110,776759
776662,-33.448242,-70.656525,1.301919071E9,776110,776759
776662,-33.448257,-70.656654,1.301919071E9,776110,776759
776662,-33.448277,-70.65679,1.301919071E9,776110,776759
776662,-33.448296,-70.657,1.301919071E9,776110,776759
776662,-33.448307,-70.657104,1.301919071E9,776110,776759
776662,-33.44832,-70.65723,1.301919071E9,776110,776759
776662,-33.44833,-70.65734,1.301919071E9,776110,776759
776662,-33.44834,-70.65747,1.301919071E9,776110,776759
776662,-33.448357,-70.6576,1.301919071E9,776110,776759
776662,-33.448368,-70.657745,1.301919071E9,776110,776759
776662,-33.44839,-70.65795,1.301919071E9,776110,776759
776662,-33.448204,-70.65788,1.301919071E9,776110,776759
776662,-33.44798,-70.65793,1.301919071E9,776110,776759
776662,-33.44784,-70.65796,1.301919071E9,776110,776759
776662,-33.4477,-70.65799,1.301919071E9,776110,776759
776662,-33.447563,-70.65802,1.301919071E9,776110,776759
776662,-33.44744,-70.65804,1.301919071E9,776110,776759
776662,-33.447346,-70.658066,1.301919071E9,776110,776759
776662,-33.44725,-70.65808,1.301919071E9,776110,776759
776662,-33.447086,-70.65813,1.301919071E9,776110,776759
776662,-33.446945,-70.658165,1.301919071E9,776110,776759
776662,-33.446808,-70.6582,1.301919071E9,776110,776759
776662,-33.446663,-70.65824,1.301919071E9,776110,776759
776662,-33.44657,-70.658264,1.301919071E9,776110,776759
776662,-33.446434,-70.6583,1.301919071E9,776110,776759
776662,-33.446304,-70.65834,1.301919071E9,776110,776759
776662,-33.44619,-70.65837,1.301919071E9,776110,776759
776662,-33.446095,-70.658394,1.301919071E9,776110,776759
776662,-33.445957,-70.65843,1.301919071E9,776110,776759
776662,-33.44585,-70.658455,1.301919071E9,776110,776759
776662,-33.445744,-70.658485,1.301919071E9,776110,776759
776662,-33.445618,-70.65852,1.301919071E9,776110,776759
776662,-33.445446,-70.65856,1.301919071E9,776110,776759
776662,-33.445347,-70.658585,1.301919071E9,776110,776759
776662,-33.445248,-70.6586,1.301919071E9,776110,776759
776662,-33.445114,-70.65862,1.301919071E9,776110,776759
776662,-33.445,-70.65864,1.301919071E9,776110,776759
776662,-33.444855,-70.65866,1.301919071E9,776110,776759
776662,-33.44473,-70.65868,1.301919071E9,776110,776759
776662,-33.4446,-70.65871,1.301919071E9,776110,776759
776662,-33.44446,-70.65873,1.301919071E9,776110,776759
776662,-33.444344,-70.658745,1.301919071E9,776110,776759
776662,-33.444214,-70.65877,1.301919071E9,776110,776759
776662,-33.444103,-70.65878,1.301919071E9,776110,776759
776662,-33.444008,-70.6588,1.301919071E9,776110,776759
776662,-33.4439,-70.65881,1.301919071E9,776110,776759
776662,-33.443798,-70.65883,1.301919071E9,776110,776759
776662,-33.44363,-70.65885,1.301919071E9,776110,776759
776662,-33.44353,-70.65886,1.301919071E9,776110,776759
776662,-33.443405,-70.658875,1.301919071E9,776110,776759
776662,-33.4433,-70.65889,1.301919071E9,776110,776759
776662,-33.443184,-70.658905,1.301919071E9,776110,776759
776662,-33.443085,-70.65891,1.301919071E9,776110,776759
776662,-33.44299,-70.65891,1.301919071E9,776110,776759
776662,-33.44289,-70.65892,1.301919071E9,776110,776759
776662,-33.44282,-70.65911,1.301919071E9,776110,776759
776662,-33.442833,-70.659225,1.301919071E9,776110,776759
776662,-33.44284,-70.65934,1.301919071E9,776110,776759
776662,-33.44285,-70.659454,1.301919071E9,776110,776759
776662,-33.44286