122.52549,1.301919071E9,776110,776759
776662,45.565907,-122.52568,1.301919071E9,776110,776759
776662,45.565952,-122.52588,1.301919071E9,776110,776759
776662,45.566,-122.526054,1.301919071E9,776110,776759
776662,45.566017,-122.52623,1.301919071E9,776110,776759
776662,45.566055,-122.5264,1.301919071E9,776110,776759
776662,45.56611,-122.526566,1.301919071E9,776110,776759
776662,45.56615,-122.5267,1.301919071E9,776110,776759
776662,45.566196,-122.52686,1.301919071E9,776110,776759
776662,45.566246,-122.52703,1.301919071E9,776110,776759
776662,45.5663,-122.527176,1.301919071E9,776110,776759
776662,45.56635,-122.52735,1.301919071E9,776110,776759
776662,45.5664,-122.52752,1.301919071E9,776110,776759
776662,45.56644,-122.527695,1.301919071E9,776110,776759
776662,45.56647,-122.52787,1.301919071E9,776110,776759
776662,45.56651,-122.528046,1.301919071E9,776110,776759
776662,45.566555,-122.52822,1.301919071E9,776110,776759
776662,45.566616,-122.52838,1.301919071E9,776110,776759
776662,45.56666,-122.52855,1.301919071E9,776110,776759
776662,45.566715,-122.52871,1.301919071E9,776110,776759
776662,45.56677,-122.52888,1.301919071E9,776110,776759
776662,45.56683,-122.52904,1.301919071E9,776110,776759
776662,45.566887,-122.52918,1.301919071E9,776110,776759
776662,45.566944,-122.52933,1.301919071E9,776110,776759
776662,45.566998,-122.52949,1.301919071E9,776110,776759
776662,45.567028,-122.52966,1.301919071E9,776110,776759
776662,45.56708,-122.529816,1.301919071E9,776110,776759
776662,45.567135,-122.52998,1.301919071E9,776110,776759
776662,45.56719,-122.53014,1.301919071E9,776110,776759
776662,45.567245,-122.530304,1.301919071E9,776110,776759
776662,45.567314,-122.53046,1.301919071E9,776110,776759
776662,45.56737,-122.53062,1.301919071E9,776110,776759
776662,45.56742,-122.53079,1.301919071E9,776110,776759
776662,45.567463,-122.53096,1.301919071E9,776110,776759
776662,45.567535,-122.531105,1.301919071E9,776110,776759
776662,45.56759,-122.53127,1.301919071E9,776110,776759
776662,45.567657,-122.53145,1.301919071E9,776110,776759
776662,45.567745,-122.53161,1.301919071E9,776110,776759
776662,45.567806,-122.53179,1.301919071E9,776110,776759
776662,45.567852,-122.531975,1.301919071E9,776110,776759
776662,45.567898,-122.532135,1.301919071E9,776110,776759
776662,45.567955,-122.53231,1.301919071E9,776110,776759
776662,45.56803,-122.53246,1.301919071E9,776110,776759
776662,45.568096,-122.5326,1.301919071E9,776110,776759
776662,45.568153,-122.53276,1.301919071E9,776110,776759
776662,45.568207,-122.53292,1.301919071E9,776110,776759
776662,45.568275,-122.53308,1.301919071E9,776110,776759
776662,45.568336,-122.53323,1.301919071E9,776110,776759
776662,45.56839,-122.53338,1.301919071E9,776110,776759
776662,45.568466,-122.5335,1.301919071E9,776110,776759
776662,45.568523,-122.53366,1.301919071E9,776110,776759
776662,45.568607,-122.53381,1.301919071E9,776110,776759
776662,45.56866,-122.53398,1.301919071E9,776110,776759
776662,45.56871,-122.53414,1.301919071E9,776110,776759
776662,45.568787,-122.53431,1.301919071E9,776110,776759
776662,45.568848,-122.534454,1.301919071E9,776110,776759
776662,45.568913,-122.53461,1.301919071E9,776110,776759
776662,45.56897,-122.53476,1.301919071E9,776110,776759
776662,45.56904,-122.53492,1.301919071E9,776110,776759
776662,45.569096,-122.53507,1.301919071E9,776110,776759
776662,45.56915,-122.53522,1.301919071E9,776110,776759
776662,45.56923,-122.53538,1.301919071E9,776110,776759
776662,45.569286,-122.53554,1.301919071E9,776110,776759
776662,45.569332,-122.5357,1.301919071E9,776110,776759
776662,45.569405,-122.535866,1.301919071E9,776110,776759
776662,45.56945,-122.53603,1.301919071E9,776110,776759
776662,45.5695,-122.53619,1.301919071E9,776110,776759
776662,45.569527,-122.53638,1.301919071E9,776110,776759
776662,45.569565,-122.53657,1.301919071E9,776110,776759
776662,45.569622,-122.536705,1.301919071E9,776110,776759
776662,45.569675,-122.53687,1.301919071E9,776110,776759
776662,45.569725,-122.537025,1.301919071E9,776110,776759
776662,45.569756,-122.537186,1.301919071E9,776110,776759
776662,45.569813,-122.53734,1.301919071E9,776110,776759
776662,45.56988,-122.53749,1.301919071E9,776110,776759
776662,45.569927,-122.53764,1.301919071E9,776110,776759
776662,45.56999,-122.53781,1.301919071E9,776110,776759
776662,45.570015,-122.53797,1.301919071E9,776110,776759
776662,45.570076,-122.538124,1.301919071E9,776110,776759
776662,45.57014,-122.5383,1.301919071E9,776110,776759
776662,45.570168,-122.538475,1.301919071E9,776110,776759
776662,45.57022,-122.538635,1.301919071E9,776110,776759
776662,45.570293,-122.5388,1.301919071E9,776110,776759
776662,45.570374,-122.53894,1.301919071E9,776110,776759
776662,45.5704,-122.53909,1.301919071E9,776110,776759
776662,45.57045,-122.539246,1.301919071E9,776110,776759
776662,45.5705,-122.53941,1.301919071E9,776110,776759
776662,45.570553,-122.53956,1.301919071E9,776110,776759
776662,45.570614,-122.53972,1.301919071E9,776110,776759
776662,45.57066,-122.539894,1.301919071E9,776110,776759
776662,45.570713,-122.540054,1.301919071E9,776110,776759
776662,45.57076,-122.54021,1.301919071E9,776110,776759
776662,45.57082,-122.54036,1.301919071E9,776110,776759
776662,45.570873,-122.54051,1.301919071E9,776110,776759
776662,45.570946,-122.540665,1.301919071E9,776110,776759
776662,45.571007,-122.54082,1.301919071E9,776110,776759
776662,45.571087,-122.54098,1.301919071E9,776110,776759
776662,45.571144,-122.541145,1.301919071E9,776110,776759
776662,45.571224,-122.541306,1.301919071E9,776110,776759
776662,45.571297,-122.541466,1.301919071E9,776110,776759
776662,45.571373,-122.54162,1.301919071E9,776110,776759
776662,45.57144,-122.54176,1.301919071E9,776110,776759
776662,45.57152,-122.54191,1.301919071E9,776110,776759
776662,45.571587,-122.54206,1.301919071E9,776110,776759
776662,45.571636,-122.54224,1.301919071E9,776110,776759
776662,45.57169,-122.5424,1.301919071E9,776110,776759
776662,45.571766,-122.542564,1.301919071E9,776110,776759
776662,45.57184,-122.54271,1.301919071E9,776110,776759
776662,45.57191,-122.542854,1.301919071E9,776110,776759
776662,45.571968,-122.54302,1.301919071E9,776110,776759
776662,45.57204,-122.543175,1.301919071E9,776110,776759
776662,45.5721,-122.54334,1.301919071E9,776110,776759
776662,45.572178,-122.54352,1.301919071E9,776110,776759
776662,45.572235,-122.54368,1.301919071E9,776110,776759
776662,45.572308,-122.543846,1.301919071E9,776110,776759
776662,45.572353,-122.54398,1.301919071E9,776110,776759
776662,45.572422,-122.54416,1.301919071E9,776110,776759
776662,45.572487,-122.5443,1.301919071E9,776110,776759
776662,45.57256,-122.54444,1.301919071E9,776110,776759
776662,45.572613,-122.54459,1.301919071E9,776110,776759
776662,45.572666,-122.54476,1.301919071E9,776110,776759
776662,45.572716,-122.5449,1.301919071E9,776110,776759
776662,45.572758,-122.54504,1.301919071E9,776110,776759
776662,45.572826,-122.54517,1.301919071E9,776110,776759
776662,45.572887,-122.54533,1.301919071E9,776110,776759
776662,45.572945,-122.545456,1.301919071E9,776110,776759
776662,45.572998,-122.54558,1.301919071E9,776110,776759
776662,45.573086,-122.54564,1.301919071E9,776110,776759
776662,45.57318,-122.5457,1.301919071E9,776110,776759
776662,45.573257,-122.54579,1.301919071E9,776110,776759
776662,45.573265,-122.54592,1.301919071E9,776110,776759
776662,45.573273,-122.54608,1.301919071E9,776110,776759
776662,45.573322,-122.54624,1.301919071E9,776110,776759
776662,45.5734,-122.54639,1.301919071E9,776110,776759
776662,45.57348,-122.54655,1.301919071E9,776110,776759
776662,45.57357,-122.546684,1.301919071E9,776110,776759
776662,45.57367,-122.54684,1.301919071E9,776110,776759
776662,45.573772,-122.54701,1.301919071E9,776110,776759
776662,45.573887,-122.54719,1.301919071E9,776110,776759
776662,45.573975,-122.547386,1.301919071E9,776110,776759
776662,45.574055,-122.5476,1.301919071E9,776110,776759
776662,45.574142,-122.54776,1.301919071E9,776110,776759
776662,45.574226,-122.547935,1.301919071E9,776110,776759
776662,45.574333,-122.54808,1.301919071E9,776110