59
776662,37.730373,-122.46069,1.301919071E9,776110,776759
776662,37.730263,-122.46086,1.301919071E9,776110,776759
776662,37.730156,-122.4611,1.301919071E9,776110,776759
776662,37.730064,-122.46142,1.301919071E9,776110,776759
776662,37.730057,-122.461716,1.301919071E9,776110,776759
776662,37.7302,-122.46229,1.301919071E9,776110,776759
776662,37.730595,-122.46274,1.301919071E9,776110,776759
776662,37.730858,-122.46308,1.301919071E9,776110,776759
776662,37.731285,-122.463295,1.301919071E9,776110,776759
776662,37.731716,-122.46355,1.301919071E9,776110,776759
776662,37.732048,-122.463776,1.301919071E9,776110,776759
776662,37.73228,-122.46401,1.301919071E9,776110,776759
776662,37.732563,-122.46442,1.301919071E9,776110,776759
776662,37.732956,-122.46493,1.301919071E9,776110,776759
776662,37.733124,-122.46523,1.301919071E9,776110,776759
776662,37.733337,-122.46557,1.301919071E9,776110,776759
776662,37.733494,-122.4657,1.301919071E9,776110,776759
776662,37.733814,-122.46596,1.301919071E9,776110,776759
776662,37.73417,-122.46612,1.301919071E9,776110,776759
776662,37.734554,-122.46619,1.301919071E9,776110,776759
776662,37.734818,-122.466255,1.301919071E9,776110,776759
776662,37.734978,-122.46667,1.301919071E9,776110,776759
776662,37.734947,-122.46731,1.301919071E9,776110,776759
776662,37.734932,-122.46774,1.301919071E9,776110,776759
776662,37.734966,-122.46803,1.301919071E9,776110,776759
776662,37.734898,-122.46837,1.301919071E9,776110,776759
776662,37.734837,-122.46887,1.301919071E9,776110,776759
776662,37.734795,-122.46944,1.301919071E9,776110,776759
776662,37.73479,-122.46969,1.301919071E9,776110,776759
776662,37.734825,-122.47037,1.301919071E9,776110,776759
776662,37.73483,-122.47089,1.301919071E9,776110,776759
776662,37.734833,-122.471176,1.301919071E9,776110,776759
776662,37.734833,-122.471176,1.301919071E9,776110,776759
776662,37.734856,-122.4722,1.301919071E9,776110,776759
776662,37.734814,-122.47301,1.301919071E9,776110,776759
776662,37.734787,-122.4738,1.301919071E9,776110,776759
776662,37.734776,-122.474144,1.301919071E9,776110,776759
776662,37.734764,-122.47447,1.301919071E9,776110,776759
776662,37.734745,-122.47472,1.301919071E9,776110,776759
776662,37.734745,-122.47472,1.301919071E9,776110,776759
776662,37.734753,-122.47602,1.301919071E9,776110,776759
776662,37.73472,-122.47682,1.301919071E9,776110,776759
776662,37.734722,-122.477196,1.301919071E9,776110,776759
776662,37.734722,-122.47773,1.301919071E9,776110,776759
776662,37.734688,-122.47858,1.301919071E9,776110,776759
776662,37.73465,-122.47897,1.301919071E9,776110,776759
776662,37.73464,-122.47936,1.301919071E9,776110,776759
776662,37.73463,-122.47975,1.301919071E9,776110,776759
776662,37.73461,-122.48016,1.301919071E9,776110,776759
776662,37.73456,-122.48097,1.301919071E9,776110,776759
776662,37.734535,-122.48162,1.301919071E9,776110,776759
776662,37.734505,-122.48236,1.301919071E9,776110,776759
776662,37.73443,-122.483086,1.301919071E9,776110,776759
776662,37.734425,-122.48346,1.301919071E9,776110,776759
776662,37.734383,-122.48416,1.301919071E9,776110,776759
776662,37.73435,-122.48496,1.301919071E9,776110,776759
776662,37.73434,-122.48577,1.301919071E9,776110,776759
776662,37.734295,-122.486404,1.301919071E9,776110,776759
776662,37.734272,-122.48718,1.301919071E9,776110,776759
776662,37.734238,-122.48795,1.301919071E9,776110,776759
776662,37.73423,-122.48832,1.301919071E9,776110,776759
776662,37.73419,-122.48891,1.301919071E9,776110,776759
776662,37.734165,-122.48956,1.301919071E9,776110,776759
776662,37.73416,-122.48986,1.301919071E9,776110,776759
776662,37.73416,-122.49012,1.301919071E9,776110,776759
776662,37.734154,-122.49039,1.301919071E9,776110,776759
776662,37.73414,-122.49096,1.301919071E9,776110,776759
776662,37.73414,-122.49096,1.301919071E9,776110,776759
776662,37.73409,-122.49188,1.301919071E9,776110,776759
776662,37.734062,-122.49244,1.301919071E9,776110,776759
776662,37.734047,-122.49299,1.301919071E9,776110,776759
776662,37.734028,-122.49327,1.301919071E9,776110,776759
776662,37.734028,-122.49355,1.301919071E9,776110,776759
776662,37.734016,-122.49415,1.301919071E9,776110,776759
776662,37.733967,-122.49465,1.301919071E9,776110,776759
776662,37.733982,-122.49496,1.301919071E9,776110,776759
776662,37.733932,-122.49559,1.301919071E9,776110,776759
776662,37.733913,-122.49586,1.301919071E9,776110,776759
776662,37.733906,-122.49614,1.301919071E9,776110,776759
776662,37.733902,-122.49666,1.301919071E9,776110,776759
776662,37.733913,-122.49722,1.301919071E9,776110,776759
776662,37.73393,-122.49756,1.301919071E9,776110,776759
776662,37.734028,-122.49815,1.301919071E9,776110,776759
776662,37.734276,-122.4989,1.301919071E9,776110,776759
776662,37.734474,-122.49946,1.301919071E9,776110,776759
776662,37.73459,-122.4997,1.301919071E9,776110,776759
776662,37.73488,-122.50022,1.301919071E9,776110,776759
776662,37.735073,-122.500595,1.301919071E9,776110,776759
776662,37.735153,-122.500824,1.301919071E9,776110,776759
776662,37.735226,-122.501076,1.301919071E9,776110,776759
776662,37.735287,-122.50131,1.301919071E9,776110,776759
776662,37.735348,-122.50174,1.301919071E9,776110,776759
776662,37.735397,-122.50221,1.301919071E9,776110,776759
776662,37.7355,-122.50254,1.301919071E9,776110,776759
776662,37.735596,-122.50273,1.301919071E9,776110,776759
776662,37.7355,-122.50298,1.301919071E9,776110,776759
776662,37.7355,-122.50298,1.301919071E9,776110,776759
776662,37.735394,-122.50229,1.301919071E9,776110,776759
776662,37.73532,-122.50192,1.301919071E9,776110,776759
776662,37.73525,-122.501656,1.301919071E9,776110,776759
776662,37.735214,-122.50149,1.301919071E9,776110,776759
776662,37.73511,-122.50117,1.301919071E9,776110,776759
776662,37.735043,-122.500946,1.301919071E9,776110,776759
776662,37.734905,-122.5006,1.301919071E9,776110,776759
776662,37.73474,-122.500275,1.301919071E9,776110,776759
776662,37.73453,-122.49987,1.301919071E9,776110,776759
776662,37.73433,-122.49955,1.301919071E9,776110,776759
776662,37.7342,-122.49925,1.301919071E9,776110,776759
776662,37.73412,-122.499084,1.301919071E9,776110,776759
776662,37.73404,-122.49889,1.301919071E9,776110,776759
776662,37.733913,-122.498535,1.301919071E9,776110,776759
776662,37.73383,-122.49821,1.301919071E9,776110,776759
776662,37.73377,-122.49786,1.301919071E9,776110,776759
776662,37.733715,-122.49746,1.301919071E9,776110,776759
776662,37.733543,-122.49719,1.301919071E9,776110,776759
776662,37.733307,-122.49735,1.301919071E9,776110,776759
776662,37.73305,-122.497574,1.301919071E9,776110,776759
776662,37.7327,-122.49793,1.301919071E9,776110,776759
776662,37.732334,-122.49833,1.301919071E9,776110,776759
776662,37.732147,-122.498535,1.301919071E9,776110,776759
776662,37.731873,-122.49878,1.301919071E9,776110,776759
776662,37.731712,-122.49894,1.301919071E9,776110,776759
776662,37.731636,-122.49905,1.301919071E9,776110,776759
776662,37.731068,-122.49963,1.301919071E9,776110,776759
776662,37.730797,-122.49996,1.301919071E9,776110,776759
776662,37.730515,-122.50031,1.301919071E9,776110,776759
776662,37.730072,-122.50067,1.301919071E9,776110,776759
776662,37.729805,-122.50098,1.301919071E9,776110,776759
776662,37.72945,-122.50131,1.301919071E9,776110,776759
776662,37.729275,-122.50143,1.301919071E9,776110,776759
776662,37.729122,-122.50157,1.301919071E9,776110,776759
776662,37.728764,-122.501755,1.301919071E9,776110,776759
776662,37.72845,-122.50193,1.301919071E9,776110,776759
776662,37.728043,-122.50209,1.301919071E9,776110,776759
776662,37.727722,-122.50221,1.301919071E9,776110,776759
776662,37.727325,-122.50235,1.301919071E9,776110,776759
776662,37.72712,-122.5024,1.301919071E9,776110,776759
776662,37.726967,-122.50251,1.301919071E9,776110,776759
776662,37.726635,-122.50262,1.301919071E9,776110,776759
776662,37.726284,-122.50278,1.301919071E9,776110,776759
776662,37.725986,-122.50288,1.301919071E9,776110,776759
776662,37.725674,-122.503006,1.301919071E9,776110,776759
776662,37.725445,-122.50305,1.301919071E9,776110,776759
776662,37.725315,-122.50