6110,776759
776662,37.589577,-122.32356,1.301919071E9,776110,776759
776662,37.589672,-122.32361,1.301919071E9,776110,776759
776662,37.589703,-122.32374,1.301919071E9,776110,776759
776662,37.589733,-122.32387,1.301919071E9,776110,776759
776662,37.589787,-122.323975,1.301919071E9,776110,776759
776662,37.589855,-122.32406,1.301919071E9,776110,776759
776662,37.589912,-122.324165,1.301919071E9,776110,776759
776662,37.589973,-122.32428,1.301919071E9,776110,776759
776662,37.59001,-122.3244,1.301919071E9,776110,776759
776662,37.590054,-122.32453,1.301919071E9,776110,776759
776662,37.59008,-122.32464,1.301919071E9,776110,776759
776662,37.59006,-122.32478,1.301919071E9,776110,776759
776662,37.590027,-122.324905,1.301919071E9,776110,776759
776662,37.589996,-122.32503,1.301919071E9,776110,776759
776662,37.590004,-122.32517,1.301919071E9,776110,776759
776662,37.590008,-122.32531,1.301919071E9,776110,776759
776662,37.589985,-122.32545,1.301919071E9,776110,776759
776662,37.589954,-122.325584,1.301919071E9,776110,776759
776662,37.589916,-122.32571,1.301919071E9,776110,776759
776662,37.589863,-122.32583,1.301919071E9,776110,776759
776662,37.589806,-122.325935,1.301919071E9,776110,776759
776662,37.589752,-122.32604,1.301919071E9,776110,776759
776662,37.589714,-122.32615,1.301919071E9,776110,776759
776662,37.58968,-122.326256,1.301919071E9,776110,776759
776662,37.589645,-122.32636,1.301919071E9,776110,776759
776662,37.589607,-122.32649,1.301919071E9,776110,776759
776662,37.589546,-122.32661,1.301919071E9,776110,776759
776662,37.589508,-122.32671,1.301919071E9,776110,776759
776662,37.589462,-122.32682,1.301919071E9,776110,776759
776662,37.58942,-122.326935,1.301919071E9,776110,776759
776662,37.58938,-122.32704,1.301919071E9,776110,776759
776662,37.589336,-122.327156,1.301919071E9,776110,776759
776662,37.589294,-122.32726,1.301919071E9,776110,776759
776662,37.589256,-122.327385,1.301919071E9,776110,776759
776662,37.58922,-122.32749,1.301919071E9,776110,776759
776662,37.589172,-122.3276,1.301919071E9,776110,776759
776662,37.58913,-122.327705,1.301919071E9,776110,776759
776662,37.589096,-122.32781,1.301919071E9,776110,776759
776662,37.589058,-122.32794,1.301919071E9,776110,776759
776662,37.589024,-122.32806,1.301919071E9,776110,776759
776662,37.58899,-122.32819,1.301919071E9,776110,776759
776662,37.588963,-122.3283,1.301919071E9,776110,776759
776662,37.588924,-122.32841,1.301919071E9,776110,776759
776662,37.588898,-122.32852,1.301919071E9,776110,776759
776662,37.58886,-122.32863,1.301919071E9,776110,776759
776662,37.58883,-122.328766,1.301919071E9,776110,776759
776662,37.588806,-122.32889,1.301919071E9,776110,776759
776662,37.58877,-122.329,1.301919071E9,776110,776759
776662,37.588734,-122.329124,1.301919071E9,776110,776759
776662,37.58869,-122.32924,1.301919071E9,776110,776759
776662,37.58866,-122.32935,1.301919071E9,776110,776759
776662,37.58865,-122.329475,1.301919071E9,776110,776759
776662,37.58862,-122.32958,1.301919071E9,776110,776759
776662,37.588573,-122.32971,1.301919071E9,776110,776759
776662,37.588528,-122.32982,1.301919071E9,776110,776759
776662,37.58849,-122.329926,1.301919071E9,776110,776759
776662,37.58845,-122.33003,1.301919071E9,776110,776759
776662,37.588413,-122.33014,1.301919071E9,776110,776759
776662,37.588387,-122.33027,1.301919071E9,776110,776759
776662,37.588364,-122.33038,1.301919071E9,776110,776759
776662,37.58829,-122.33046,1.301919071E9,776110,776759
776662,37.58825,-122.330574,1.301919071E9,776110,776759
776662,37.58822,-122.33069,1.301919071E9,776110,776759
776662,37.588192,-122.3308,1.301919071E9,776110,776759
776662,37.58816,-122.33092,1.301919071E9,776110,776759
776662,37.58813,-122.33103,1.301919071E9,776110,776759
776662,37.588108,-122.33114,1.301919071E9,776110,776759
776662,37.588074,-122.331245,1.301919071E9,776110,776759
776662,37.58804,-122.33136,1.301919071E9,776110,776759
776662,37.58801,-122.33148,1.301919071E9,776110,776759
776662,37.58797,-122.331604,1.301919071E9,776110,776759
776662,37.587936,-122.331726,1.301919071E9,776110,776759
776662,37.587902,-122.33184,1.301919071E9,776110,776759
776662,37.587868,-122.331955,1.301919071E9,776110,776759
776662,37.587845,-122.33208,1.301919071E9,776110,776759
776662,37.58782,-122.3322,1.301919071E9,776110,776759
776662,37.5878,-122.33233,1.301919071E9,776110,776759
776662,37.587692,-122.33228,1.301919071E9,776110,776759
776662,37.58775,-122.332375,1.301919071E9,776110,776759
776662,37.587738,-122.3325,1.301919071E9,776110,776759
776662,37.587715,-122.3326,1.301919071E9,776110,776759
776662,37.5877,-122.33272,1.301919071E9,776110,776759
776662,37.587673,-122.33283,1.301919071E9,776110,776759
776662,37.587635,-122.33297,1.301919071E9,776110,776759
776662,37.5876,-122.33311,1.301919071E9,776110,776759
776662,37.587578,-122.333244,1.301919071E9,776110,776759
776662,37.58756,-122.33338,1.301919071E9,776110,776759
776662,37.587543,-122.3335,1.301919071E9,776110,776759
776662,37.58753,-122.33363,1.301919071E9,776110,776759
776662,37.587505,-122.333755,1.301919071E9,776110,776759
776662,37.58748,-122.33388,1.301919071E9,776110,776759
776662,37.587463,-122.33401,1.301919071E9,776110,776759
776662,37.58745,-122.33414,1.301919071E9,776110,776759
776662,37.58752,-122.33424,1.301919071E9,776110,776759
776662,37.5876,-122.33433,1.301919071E9,776110,776759
776662,37.58769,-122.33439,1.301919071E9,776110,776759
776662,37.587788,-122.33443,1.301919071E9,776110,776759
776662,37.587894,-122.33445,1.301919071E9,776110,776759
776662,37.588,-122.33448,1.301919071E9,776110,776759
776662,37.588104,-122.33452,1.301919071E9,776110,776759
776662,37.588207,-122.334526,1.301919071E9,776110,776759
776662,37.588314,-122.33453,1.301919071E9,776110,776759
776662,37.58842,-122.334526,1.301919071E9,776110,776759
776662,37.588512,-122.3345,1.301919071E9,776110,776759
776662,37.588615,-122.33448,1.301919071E9,776110,776759
776662,37.58872,-122.33448,1.301919071E9,776110,776759
776662,37.58882,-122.33449,1.301919071E9,776110,776759
776662,37.58893,-122.334496,1.301919071E9,776110,776759
776662,37.58904,-122.3345,1.301919071E9,776110,776759
776662,37.58914,-122.334526,1.301919071E9,776110,776759
776662,37.58925,-122.334526,1.301919071E9,776110,776759
776662,37.58935,-122.33453,1.301919071E9,776110,776759
776662,37.589455,-122.33453,1.301919071E9,776110,776759
776662,37.58956,-122.33454,1.301919071E9,776110,776759
776662,37.58967,-122.33455,1.301919071E9,776110,776759
776662,37.589767,-122.33453,1.301919071E9,776110,776759
776662,37.589867,-122.334526,1.301919071E9,776110,776759
776662,37.58996,-122.33455,1.301919071E9,776110,776759
776662,37.590065,-122.33456,1.301919071E9,776110,776759
776662,37.59018,-122.33455,1.301919071E9,776110,776759
776662,37.590286,-122.33454,1.301919071E9,776110,776759
776662,37.590397,-122.33454,1.301919071E9,776110,776759
776662,37.590508,-122.33454,1.301919071E9,776110,776759
776662,37.590614,-122.33455,1.301919071E9,776110,776759
776662,37.590717,-122.33456,1.301919071E9,776110,776759
776662,37.590816,-122.334564,1.301919071E9,776110,776759
776662,37.590916,-122.33459,1.301919071E9,776110,776759
776662,37.591015,-122.33459,1.301919071E9,776110,776759
776662,37.59111,-122.3346,1.301919071E9,776110,776759
776662,37.591133,-122.334724,1.301919071E9,776110,776759
776662,37.591125,-122.334854,1.301919071E9,776110,776759
776662,37.59112,-122.335,1.301919071E9,776110,776759
776662,37.59112,-122.33513,1.301919071E9,776110,776759
776662,37.59111,-122.33526,1.301919071E9,776110,776759
776662,37.591103,-122.335396,1.301919071E9,776110,776759
776662,37.591095,-122.33551,1.301919071E9,776110,776759
776662,37.591084,-122.335655,1.301919071E9,776110,776759
776662,37.591087,-122.33578,1.301919071E9,776110,776759
776662,37.591087,-122.3359,1.301919071E9,776110,776759
776662,37.59109,-122.33602,1.301919071E9,776110,776759
776662,37.59109,-122.33616,1.301919071E9,776110,776759
776662,37.59109,-122.33628,1.301919071E9,776110,776759
776662,37.59109,-122.336395,1.301919071E9,776110,776759
776662,37.591087,-122.33652