56.6892,1.301919071E9,776110,776759
776662,20.9357,-156.6891,1.301919071E9,776110,776759
776662,20.935644,-156.689,1.301919071E9,776110,776759
776662,20.935604,-156.6889,1.301919071E9,776110,776759
776662,20.935562,-156.6888,1.301919071E9,776110,776759
776662,20.935513,-156.68869,1.301919071E9,776110,776759
776662,20.935474,-156.68858,1.301919071E9,776110,776759
776662,20.935457,-156.68849,1.301919071E9,776110,776759
776662,20.93544,-156.68839,1.301919071E9,776110,776759
776662,20.935421,-156.68826,1.301919071E9,776110,776759
776662,20.935396,-156.68817,1.301919071E9,776110,776759
776662,20.935358,-156.68806,1.301919071E9,776110,776759
776662,20.935324,-156.68796,1.301919071E9,776110,776759
776662,20.935287,-156.68785,1.301919071E9,776110,776759
776662,20.935253,-156.68776,1.301919071E9,776110,776759
776662,20.935225,-156.68767,1.301919071E9,776110,776759
776662,20.935186,-156.68756,1.301919071E9,776110,776759
776662,20.935148,-156.68747,1.301919071E9,776110,776759
776662,20.935112,-156.68738,1.301919071E9,776110,776759
776662,20.935068,-156.68727,1.301919071E9,776110,776759
776662,20.93502,-156.68718,1.301919071E9,776110,776759
776662,20.934954,-156.68709,1.301919071E9,776110,776759
776662,20.934885,-156.68701,1.301919071E9,776110,776759
776662,20.934816,-156.68694,1.301919071E9,776110,776759
776662,20.93475,-156.68686,1.301919071E9,776110,776759
776662,20.934675,-156.68677,1.301919071E9,776110,776759
776662,20.934608,-156.68669,1.301919071E9,776110,776759
776662,20.934544,-156.68661,1.301919071E9,776110,776759
776662,20.934484,-156.68652,1.301919071E9,776110,776759
776662,20.934443,-156.68642,1.301919071E9,776110,776759
776662,20.934404,-156.68631,1.301919071E9,776110,776759
776662,20.934376,-156.68622,1.301919071E9,776110,776759
776662,20.934345,-156.68613,1.301919071E9,776110,776759
776662,20.934315,-156.68604,1.301919071E9,776110,776759
776662,20.934273,-156.68593,1.301919071E9,776110,776759
776662,20.934237,-156.68582,1.301919071E9,776110,776759
776662,20.93421,-156.68571,1.301919071E9,776110,776759
776662,20.934181,-156.68562,1.301919071E9,776110,776759
776662,20.934149,-156.68552,1.301919071E9,776110,776759
776662,20.934105,-156.68541,1.301919071E9,776110,776759
776662,20.934065,-156.68532,1.301919071E9,776110,776759
776662,20.934025,-156.68521,1.301919071E9,776110,776759
776662,20.933985,-156.6851,1.301919071E9,776110,776759
776662,20.933966,-156.685,1.301919071E9,776110,776759
776662,20.93393,-156.6849,1.301919071E9,776110,776759
776662,20.933893,-156.6848,1.301919071E9,776110,776759
776662,20.933857,-156.6847,1.301919071E9,776110,776759
776662,20.933813,-156.68459,1.301919071E9,776110,776759
776662,20.933765,-156.6845,1.301919071E9,776110,776759
776662,20.933714,-156.6844,1.301919071E9,776110,776759
776662,20.933657,-156.68433,1.301919071E9,776110,776759
776662,20.933598,-156.68425,1.301919071E9,776110,776759
776662,20.933552,-156.68416,1.301919071E9,776110,776759
776662,20.933487,-156.68408,1.301919071E9,776110,776759
776662,20.933407,-156.68399,1.301919071E9,776110,776759
776662,20.933348,-156.68391,1.301919071E9,776110,776759
776662,20.933283,-156.68384,1.301919071E9,776110,776759
776662,20.93322,-156.68376,1.301919071E9,776110,776759
776662,20.93315,-156.68367,1.301919071E9,776110,776759
776662,20.933079,-156.6836,1.301919071E9,776110,776759
776662,20.933004,-156.68352,1.301919071E9,776110,776759
776662,20.932928,-156.68343,1.301919071E9,776110,776759
776662,20.932877,-156.68335,1.301919071E9,776110,776759
776662,20.932829,-156.68326,1.301919071E9,776110,776759
776662,20.93278,-156.68318,1.301919071E9,776110,776759
776662,20.932714,-156.68309,1.301919071E9,776110,776759
776662,20.932638,-156.683,1.301919071E9,776110,776759
776662,20.932568,-156.68292,1.301919071E9,776110,776759
776662,20.932505,-156.68286,1.301919071E9,776110,776759
776662,20.932434,-156.68279,1.301919071E9,776110,776759
776662,20.93234,-156.68277,1.301919071E9,776110,776759
776662,20.93224,-156.68279,1.301919071E9,776110,776759
776662,20.932135,-156.68282,1.301919071E9,776110,776759
776662,20.932056,-156.68288,1.301919071E9,776110,776759
776662,20.931963,-156.6829,1.301919071E9,776110,776759
776662,20.931871,-156.68294,1.301919071E9,776110,776759
776662,20.93177,-156.68298,1.301919071E9,776110,776759
776662,20.931677,-156.68301,1.301919071E9,776110,776759
776662,20.93157,-156.68306,1.301919071E9,776110,776759
776662,20.931475,-156.68309,1.301919071E9,776110,776759
776662,20.931389,-156.68314,1.301919071E9,776110,776759
776662,20.931309,-156.68318,1.301919071E9,776110,776759
776662,20.931206,-156.68321,1.301919071E9,776110,776759
776662,20.931107,-156.68318,1.301919071E9,776110,776759
776662,20.931047,-156.68307,1.301919071E9,776110,776759
776662,20.93101,-156.68295,1.301919071E9,776110,776759
776662,20.930986,-156.68286,1.301919071E9,776110,776759
776662,20.931036,-156.68277,1.301919071E9,776110,776759
776662,20.931076,-156.68275,1.301919071E9,776110,776759
776662,20.931116,-156.68283,1.301919071E9,776110,776759
776662,20.931135,-156.68277,1.301919071E9,776110,776759
776662,20.931034,-156.68274,1.301919071E9,776110,776759
776662,20.93098,-156.68282,1.301919071E9,776110,776759
776662,20.930971,-156.68292,1.301919071E9,776110,776759
776662,20.93099,-156.68303,1.301919071E9,776110,776759
776662,20.930973,-156.68314,1.301919071E9,776110,776759
776662,20.930923,-156.68323,1.301919071E9,776110,776759
776662,20.930841,-156.68329,1.301919071E9,776110,776759
776662,20.93075,-156.68332,1.301919071E9,776110,776759
776662,20.930643,-156.68335,1.301919071E9,776110,776759
776662,20.930517,-156.68335,1.301919071E9,776110,776759
776662,20.930416,-156.68335,1.301919071E9,776110,776759
776662,20.93031,-156.68333,1.301919071E9,776110,776759
776662,20.930208,-156.68332,1.301919071E9,776110,776759
776662,20.930109,-156.68329,1.301919071E9,776110,776759
776662,20.929995,-156.68326,1.301919071E9,776110,776759
776662,20.929878,-156.68323,1.301919071E9,776110,776759
776662,20.929775,-156.68321,1.301919071E9,776110,776759
776662,20.92968,-156.68318,1.301919071E9,776110,776759
776662,20.92956,-156.68315,1.301919071E9,776110,776759
776662,20.929453,-156.68312,1.301919071E9,776110,776759
776662,20.92936,-156.68309,1.301919071E9,776110,776759
776662,20.929262,-156.68306,1.301919071E9,776110,776759
776662,20.929174,-156.68304,1.301919071E9,776110,776759
776662,20.929062,-156.68303,1.301919071E9,776110,776759
776662,20.92894,-156.68301,1.301919071E9,776110,776759
776662,20.928835,-156.683,1.301919071E9,776110,776759
776662,20.928715,-156.683,1.301919071E9,776110,776759
776662,20.928596,-156.683,1.301919071E9,776110,776759
776662,20.928495,-156.683,1.301919071E9,776110,776759
776662,20.928387,-156.683,1.301919071E9,776110,776759
776662,20.928284,-156.68301,1.301919071E9,776110,776759
776662,20.928185,-156.68303,1.301919071E9,776110,776759
776662,20.928093,-156.68304,1.301919071E9,776110,776759
776662,20.927982,-156.68309,1.301919071E9,776110,776759
776662,20.927877,-156.68312,1.301919071E9,776110,776759
776662,20.927769,-156.68315,1.301919071E9,776110,776759
776662,20.927668,-156.68318,1.301919071E9,776110,776759
776662,20.92756,-156.68321,1.301919071E9,776110,776759
776662,20.927456,-156.68326,1.301919071E9,776110,776759
776662,20.92733,-156.68329,1.301919071E9,776110,776759
776662,20.927206,-156.68332,1.301919071E9,776110,776759
776662,20.927097,-156.68333,1.301919071E9,776110,776759
776662,20.927004,-156.68336,1.301919071E9,776110,776759
776662,20.926907,-156.6834,1.301919071E9,776110,776759
776662,20.926811,-156.68343,1.301919071E9,776110,776759
776662,20.926708,-156.68344,1.301919071E9,776110,776759
776662,20.926601,-156.68346,1.301919071E9,776110,776759
776662,20.926495,-156.68346,1.301919071E9,776110,776759
776662,20.92638,-156.68349,1.301919071E9,776110,776759
776662,20.926289,-156.6835,1.301919071E9,776110,776759
776662,20.926203,-156.68353,1.301919071E9,776110,776759
776662,20.926088,-156.68358,1.301919071E9,776110,776759
776662,20.926008,-156.68367,1.301919071E9,776110,776759
776662,20.9