,1.301919071E9,776110,776759
776662,42.35795,-71.089745,1.301919071E9,776110,776759
776662,42.357906,-71.08989,1.301919071E9,776110,776759
776662,42.357857,-71.09004,1.301919071E9,776110,776759
776662,42.35781,-71.09018,1.301919071E9,776110,776759
776662,42.357765,-71.090324,1.301919071E9,776110,776759
776662,42.357716,-71.09047,1.301919071E9,776110,776759
776662,42.35767,-71.090614,1.301919071E9,776110,776759
776662,42.357624,-71.09073,1.301919071E9,776110,776759
776662,42.357582,-71.09084,1.301919071E9,776110,776759
776662,42.35754,-71.09098,1.301919071E9,776110,776759
776662,42.357494,-71.0911,1.301919071E9,776110,776759
776662,42.35746,-71.091225,1.301919071E9,776110,776759
776662,42.357418,-71.09133,1.301919071E9,776110,776759
776662,42.35737,-71.09148,1.301919071E9,776110,776759
776662,42.35732,-71.09162,1.301919071E9,776110,776759
776662,42.357273,-71.09177,1.301919071E9,776110,776759
776662,42.357235,-71.0919,1.301919071E9,776110,776759
776662,42.35719,-71.09203,1.301919071E9,776110,776759
776662,42.35715,-71.09217,1.301919071E9,776110,776759
776662,42.3571,-71.09232,1.301919071E9,776110,776759
776662,42.357075,-71.092445,1.301919071E9,776110,776759
776662,42.357037,-71.09256,1.301919071E9,776110,776759
776662,42.35699,-71.092674,1.301919071E9,776110,776759
776662,42.356937,-71.09277,1.301919071E9,776110,776759
776662,42.35688,-71.09291,1.301919071E9,776110,776759
776662,42.356842,-71.09305,1.301919071E9,776110,776759
776662,42.356804,-71.093185,1.301919071E9,776110,776759
776662,42.356766,-71.09333,1.301919071E9,776110,776759
776662,42.356716,-71.09345,1.301919071E9,776110,776759
776662,42.356667,-71.09359,1.301919071E9,776110,776759
776662,42.35662,-71.09373,1.301919071E9,776110,776759
776662,42.356575,-71.09387,1.301919071E9,776110,776759
776662,42.35653,-71.094,1.301919071E9,776110,776759
776662,42.356487,-71.09414,1.301919071E9,776110,776759
776662,42.356445,-71.09428,1.301919071E9,776110,776759
776662,42.356407,-71.09441,1.301919071E9,776110,776759
776662,42.356358,-71.09454,1.301919071E9,776110,776759
776662,42.356304,-71.09469,1.301919071E9,776110,776759
776662,42.356262,-71.09482,1.301919071E9,776110,776759
776662,42.356224,-71.09495,1.301919071E9,776110,776759
776662,42.356186,-71.095085,1.301919071E9,776110,776759
776662,42.356136,-71.09522,1.301919071E9,776110,776759
776662,42.35609,-71.09537,1.301919071E9,776110,776759
776662,42.35604,-71.09551,1.301919071E9,776110,776759
776662,42.355984,-71.095634,1.301919071E9,776110,776759
776662,42.355938,-71.095764,1.301919071E9,776110,776759
776662,42.355892,-71.0959,1.301919071E9,776110,776759
776662,42.355843,-71.09602,1.301919071E9,776110,776759
776662,42.355793,-71.09616,1.301919071E9,776110,776759
776662,42.355743,-71.0963,1.301919071E9,776110,776759
776662,42.355698,-71.09644,1.301919071E9,776110,776759
776662,42.355644,-71.09658,1.301919071E9,776110,776759
776662,42.355602,-71.09672,1.301919071E9,776110,776759
776662,42.355556,-71.09686,1.301919071E9,776110,776759
776662,42.35551,-71.097,1.301919071E9,776110,776759
776662,42.35547,-71.09714,1.301919071E9,776110,776759
776662,42.355427,-71.097275,1.301919071E9,776110,776759
776662,42.355385,-71.0974,1.301919071E9,776110,776759
776662,42.35534,-71.0975,1.301919071E9,776110,776759
776662,42.35529,-71.09764,1.301919071E9,776110,776759
776662,42.355244,-71.09778,1.301919071E9,776110,776759
776662,42.355206,-71.097916,1.301919071E9,776110,776759
776662,42.355164,-71.098045,1.301919071E9,776110,776759
776662,42.355118,-71.09819,1.301919071E9,776110,776759
776662,42.35508,-71.09832,1.301919071E9,776110,776759
776662,42.35507,-71.09846,1.301919071E9,776110,776759
776662,42.355045,-71.09858,1.301919071E9,776110,776759
776662,42.355015,-71.098724,1.301919071E9,776110,776759
776662,42.354984,-71.09888,1.301919071E9,776110,776759
776662,42.354958,-71.09902,1.301919071E9,776110,776759
776662,42.35493,-71.09917,1.301919071E9,776110,776759
776662,42.354904,-71.09931,1.301919071E9,776110,776759
776662,42.35489,-71.09946,1.301919071E9,776110,776759
776662,42.354874,-71.09959,1.301919071E9,776110,776759
776662,42.354862,-71.099724,1.301919071E9,776110,776759
776662,42.354843,-71.09988,1.301919071E9,776110,776759
776662,42.354828,-71.10003,1.301919071E9,776110,776759
776662,42.354797,-71.10014,1.301919071E9,776110,776759
776662,42.354767,-71.10029,1.301919071E9,776110,776759
776662,42.354717,-71.10043,1.301919071E9,776110,776759
776662,42.35467,-71.10058,1.301919071E9,776110,776759
776662,42.35463,-71.10071,1.301919071E9,776110,776759
776662,42.354584,-71.100845,1.301919071E9,776110,776759
776662,42.354538,-71.10097,1.301919071E9,776110,776759
776662,42.354492,-71.10109,1.301919071E9,776110,776759
776662,42.354446,-71.101204,1.301919071E9,776110,776759
776662,42.354397,-71.10134,1.301919071E9,776110,776759
776662,42.354347,-71.10148,1.301919071E9,776110,776759
776662,42.354305,-71.101616,1.301919071E9,776110,776759
776662,42.35426,-71.101746,1.301919071E9,776110,776759
776662,42.354218,-71.101875,1.301919071E9,776110,776759
776662,42.354176,-71.10202,1.301919071E9,776110,776759
776662,42.354134,-71.10216,1.301919071E9,776110,776759
776662,42.354088,-71.102295,1.301919071E9,776110,776759
776662,42.354046,-71.102425,1.301919071E9,776110,776759
776662,42.354004,-71.10256,1.301919071E9,776110,776759
776662,42.35396,-71.1027,1.301919071E9,776110,776759
776662,42.353912,-71.10282,1.301919071E9,776110,776759
776662,42.353863,-71.10296,1.301919071E9,776110,776759
776662,42.35383,-71.103096,1.301919071E9,776110,776759
776662,42.35379,-71.10324,1.301919071E9,776110,776759
776662,42.35375,-71.10338,1.301919071E9,776110,776759
776662,42.35371,-71.103516,1.301919071E9,776110,776759
776662,42.353676,-71.10364,1.301919071E9,776110,776759
776662,42.353638,-71.10378,1.301919071E9,776110,776759
776662,42.35362,-71.10392,1.301919071E9,776110,776759
776662,42.353592,-71.104065,1.301919071E9,776110,776759
776662,42.35356,-71.10421,1.301919071E9,776110,776759
776662,42.353535,-71.10436,1.301919071E9,776110,776759
776662,42.35352,-71.104515,1.301919071E9,776110,776759
776662,42.353508,-71.10465,1.301919071E9,776110,776759
776662,42.353497,-71.104774,1.301919071E9,776110,776759
776662,42.35349,-71.10491,1.301919071E9,776110,776759
776662,42.35348,-71.10507,1.301919071E9,776110,776759
776662,42.35348,-71.10521,1.301919071E9,776110,776759
776662,42.35347,-71.105354,1.301919071E9,776110,776759
776662,42.35346,-71.10551,1.301919071E9,776110,776759
776662,42.35345,-71.10567,1.301919071E9,776110,776759
776662,42.353447,-71.10581,1.301919071E9,776110,776759
776662,42.35344,-71.10595,1.301919071E9,776110,776759
776662,42.35343,-71.10609,1.301919071E9,776110,776759
776662,42.353413,-71.10623,1.301919071E9,776110,776759
776662,42.35341,-71.10637,1.301919071E9,776110,776759
776662,42.35341,-71.1065,1.301919071E9,776110,776759
776662,42.35341,-71.10663,1.301919071E9,776110,776759
776662,42.3534,-71.10677,1.301919071E9,776110,776759
776662,42.353397,-71.106926,1.301919071E9,776110,776759
776662,42.353394,-71.10706,1.301919071E9,776110,776759
776662,42.353397,-71.10722,1.301919071E9,776110,776759
776662,42.353413,-71.107376,1.301919071E9,776110,776759
776662,42.353424,-71.10751,1.301919071E9,776110,776759
776662,42.35344,-71.10766,1.301919071E9,776110,776759
776662,42.35345,-71.1078,1.301919071E9,776110,776759
776662,42.35346,-71.107956,1.301919071E9,776110,776759
776662,42.35346,-71.10811,1.301919071E9,776110,776759
776662,42.353466,-71.108246,1.301919071E9,776110,776759
776662,42.353474,-71.10839,1.301919071E9,776110,776759
776662,42.353477,-71.10853,1.301919071E9,776110,776759
776662,42.35349,-71.108665,1.301919071E9,776110,776759
776662,42.353504,-71.108795,1.301919071E9,776110,776759
776662,42.35352,-71.108925,1.301919071E9,776110,776759
776662,42.353542,-71.10904,1.301919071E9,776110,776759
776662,42.35357,-71.109184,1.301919071E9,776110,776759
776662,42.353596,-71.109314,1.301919071E9,776110,776759
776662,42.353626,-71.10948,1.301919071E9,776110,776759
776662,42.35365,-71.10964,1.