301919071E9,776110,776759
776662,51.395634,3.4728172,1.301919071E9,776110,776759
776662,51.395584,3.4726505,1.301919071E9,776110,776759
776662,51.39553,3.4724476,1.301919071E9,776110,776759
776662,51.39546,3.4722779,1.301919071E9,776110,776759
776662,51.39539,3.4721029,1.301919071E9,776110,776759
776662,51.395294,3.471959,1.301919071E9,776110,776759
776662,51.395226,3.471762,1.301919071E9,776110,776759
776662,51.39514,3.471667,1.301919071E9,776110,776759
776662,51.39506,3.471521,1.301919071E9,776110,776759
776662,51.394978,3.4713645,1.301919071E9,776110,776759
776662,51.394894,3.4712305,1.301919071E9,776110,776759
776662,51.39481,3.4710882,1.301919071E9,776110,776759
776662,51.394737,3.4709413,1.301919071E9,776110,776759
776662,51.394653,3.4707947,1.301919071E9,776110,776759
776662,51.394596,3.4706254,1.301919071E9,776110,776759
776662,51.394524,3.470484,1.301919071E9,776110,776759
776662,51.394463,3.470332,1.301919071E9,776110,776759
776662,51.39442,3.4701488,1.301919071E9,776110,776759
776662,51.394386,3.469974,1.301919071E9,776110,776759
776662,51.3944,3.469841,1.301919071E9,776110,776759
776662,51.39437,3.4696693,1.301919071E9,776110,776759
776662,51.39442,3.469505,1.301919071E9,776110,776759
776662,51.39448,3.469373,1.301919071E9,776110,776759
776662,51.39451,3.4692273,1.301919071E9,776110,776759
776662,51.394535,3.4690397,1.301919071E9,776110,776759
776662,51.394585,3.468871,1.301919071E9,776110,776759
776662,51.39459,3.4687269,1.301919071E9,776110,776759
776662,51.39457,3.4685123,1.301919071E9,776110,776759
776662,51.39457,3.4683206,1.301919071E9,776110,776759
776662,51.394554,3.4680986,1.301919071E9,776110,776759
776662,51.394547,3.4679406,1.301919071E9,776110,776759
776662,51.394524,3.4678118,1.301919071E9,776110,776759
776662,51.394497,3.4676118,1.301919071E9,776110,776759
776662,51.394474,3.4673963,1.301919071E9,776110,776759
776662,51.394444,3.4672103,1.301919071E9,776110,776759
776662,51.394386,3.4670188,1.301919071E9,776110,776759
776662,51.39435,3.4668286,1.301919071E9,776110,776759
776662,51.394337,3.4666934,1.301919071E9,776110,776759
776662,51.394333,3.4665549,1.301919071E9,776110,776759
776662,51.394333,3.466421,1.301919071E9,776110,776759
776662,51.3943,3.466178,1.301919071E9,776110,776759
776662,51.394276,3.4659557,1.301919071E9,776110,776759
776662,51.394253,3.4657066,1.301919071E9,776110,776759
776662,51.394268,3.465524,1.301919071E9,776110,776759
776662,51.39426,3.4653203,1.301919071E9,776110,776759
776662,51.394264,3.4651809,1.301919071E9,776110,776759
776662,51.39426,3.4649444,1.301919071E9,776110,776759
776662,51.394257,3.464716,1.301919071E9,776110,776759
776662,51.394215,3.4644847,1.301919071E9,776110,776759
776662,51.394165,3.4642775,1.301919071E9,776110,776759
776662,51.394093,3.464107,1.301919071E9,776110,776759
776662,51.394035,3.4638982,1.301919071E9,776110,776759
776662,51.394005,3.4637003,1.301919071E9,776110,776759
776662,51.394,3.4634721,1.301919071E9,776110,776759
776662,51.393963,3.4632523,1.301919071E9,776110,776759
776662,51.393967,3.4631176,1.301919071E9,776110,776759
776662,51.39397,3.4629853,1.301919071E9,776110,776759
776662,51.394,3.462731,1.301919071E9,776110,776759
776662,51.394035,3.4625342,1.301919071E9,776110,776759
776662,51.394047,3.462331,1.301919071E9,776110,776759
776662,51.394047,3.4620898,1.301919071E9,776110,776759
776662,51.394073,3.4618626,1.301919071E9,776110,776759
776662,51.394093,3.461655,1.301919071E9,776110,776759
776662,51.39408,3.4614491,1.301919071E9,776110,776759
776662,51.394066,3.4612224,1.301919071E9,776110,776759
776662,51.394073,3.460989,1.301919071E9,776110,776759
776662,51.394054,3.4607701,1.301919071E9,776110,776759
776662,51.394012,3.4605784,1.301919071E9,776110,776759
776662,51.393967,3.4603488,1.301919071E9,776110,776759
776662,51.393925,3.4601583,1.301919071E9,776110,776759
776662,51.393913,3.459942,1.301919071E9,776110,776759
776662,51.39395,3.4597223,1.301919071E9,776110,776759
776662,51.393974,3.4595296,1.301919071E9,776110,776759
776662,51.39394,3.4593127,1.301919071E9,776110,776759
776662,51.393944,3.459125,1.301919071E9,776110,776759
776662,51.39392,3.459,1.301919071E9,776110,776759
776662,51.393875,3.4588516,1.301919071E9,776110,776759
776662,51.39381,3.4586897,1.301919071E9,776110,776759
776662,51.393555,3.4583857,1.301919071E9,776110,776759
776662,51.39346,3.458322,1.301919071E9,776110,776759
776662,51.393326,3.458228,1.301919071E9,776110,776759
776662,51.39324,3.4581993,1.301919071E9,776110,776759
776662,51.39318,3.4581158,1.301919071E9,776110,776759
776662,51.392773,3.4578187,1.301919071E9,776110,776759
776662,51.392693,3.4577014,1.301919071E9,776110,776759
776662,51.392605,3.4576013,1.301919071E9,776110,776759
776662,51.392555,3.4574914,1.301919071E9,776110,776759
776662,51.392456,3.4574203,1.301919071E9,776110,776759
776662,51.392376,3.4573414,1.301919071E9,776110,776759
776662,51.39227,3.4572139,1.301919071E9,776110,776759
776662,51.392212,3.457109,1.301919071E9,776110,776759
776662,51.39217,3.4568982,1.301919071E9,776110,776759
776662,51.392105,3.4567523,1.301919071E9,776110,776759
776662,51.39205,3.456604,1.301919071E9,776110,776759
776662,51.391994,3.456484,1.301919071E9,776110,776759
776662,51.391903,3.4563704,1.301919071E9,776110,776759
776662,51.39183,3.4562733,1.301919071E9,776110,776759
776662,51.39178,3.4561458,1.301919071E9,776110,776759
776662,51.39171,3.456015,1.301919071E9,776110,776759
776662,51.391647,3.4558434,1.301919071E9,776110,776759
776662,51.39158,3.4556699,1.301919071E9,776110,776759
776662,51.391525,3.455501,1.301919071E9,776110,776759
776662,51.391438,3.4553273,1.301919071E9,776110,776759
776662,51.39139,3.455215,1.301919071E9,776110,776759
776662,51.391315,3.4550688,1.301919071E9,776110,776759
776662,51.391254,3.4548821,1.301919071E9,776110,776759
776662,51.391167,3.454644,1.301919071E9,776110,776759
776662,51.39114,3.454434,1.301919071E9,776110,776759
776662,51.39112,3.4542456,1.301919071E9,776110,776759
776662,51.391117,3.454109,1.301919071E9,776110,776759
776662,51.391068,3.453934,1.301919071E9,776110,776759
776662,51.39103,3.4537008,1.301919071E9,776110,776759
776662,51.391003,3.453569,1.301919071E9,776110,776759
776662,51.39097,3.4533997,1.301919071E9,776110,776759
776662,51.390915,3.453222,1.301919071E9,776110,776759
776662,51.3909,3.4530861,1.301919071E9,776110,776759
776662,51.39086,3.4529707,1.301919071E9,776110,776759
776662,51.390835,3.4527793,1.301919071E9,776110,776759
776662,51.390785,3.4526243,1.301919071E9,776110,776759
776662,51.390736,3.4524498,1.301919071E9,776110,776759
776662,51.390694,3.4523284,1.301919071E9,776110,776759
776662,51.390625,3.4521394,1.301919071E9,776110,776759
776662,51.390587,3.4519527,1.301919071E9,776110,776759
776662,51.390533,3.4518197,1.301919071E9,776110,776759
776662,51.390503,3.451608,1.301919071E9,776110,776759
776662,51.390476,3.4514234,1.301919071E9,776110,776759
776662,51.39044,3.451192,1.301919071E9,776110,776759
776662,51.390377,3.4509645,1.301919071E9,776110,776759
776662,51.39034,3.450733,1.301919071E9,776110,776759
776662,51.390297,3.4505913,1.301919071E9,776110,776759
776662,51.39026,3.450369,1.301919071E9,776110,776759
776662,51.390163,3.4501348,1.301919071E9,776110,776759
776662,51.390167,3.4498813,1.301919071E9,776110,776759
776662,51.39011,3.4496999,1.301919071E9,776110,776759
776662,51.390038,3.4495265,1.301919071E9,776110,776759
776662,51.390022,3.449342,1.301919071E9,776110,776759
776662,51.38998,3.4492111,1.301919071E9,776110,776759
776662,51.389957,3.4490113,1.301919071E9,776110,776759
776662,51.389927,3.448863,1.301919071E9,776110,776759
776662,51.38986,3.4486551,1.301919071E9,776110,776759
776662,51.38982,3.4485288,1.301919071E9,776110,776759
776662,51.389828,3.448352,1.301919071E9,776110,776759
776662,51.38982,3.448155,1.301919071E9,776110,776759
776662,51.389725,3.447938,1.301919071E9,776110,776759
776662,51.3896,3.4478207,1.301919071E9,776110,776759
776662,51.3895,3.4477422,1.301919071E9,776110,776759
776662,51.38937,3.447758,1.301919071E9,776110,776759
776