.11011,1.301919071E9,776110,776759
776662,42.339046,-71.110085,1.301919071E9,776110,776759
776662,42.339165,-71.110115,1.301919071E9,776110,776759
776662,42.33926,-71.110146,1.301919071E9,776110,776759
776662,42.33937,-71.11019,1.301919071E9,776110,776759
776662,42.339493,-71.11025,1.301919071E9,776110,776759
776662,42.339592,-71.11028,1.301919071E9,776110,776759
776662,42.339695,-71.110275,1.301919071E9,776110,776759
776662,42.33979,-71.110214,1.301919071E9,776110,776759
776662,42.33987,-71.110115,1.301919071E9,776110,776759
776662,42.339977,-71.110054,1.301919071E9,776110,776759
776662,42.340065,-71.11001,1.301919071E9,776110,776759
776662,42.34016,-71.10991,1.301919071E9,776110,776759
776662,42.34024,-71.10982,1.301919071E9,776110,776759
776662,42.340317,-71.10975,1.301919071E9,776110,776759
776662,42.340416,-71.10965,1.301919071E9,776110,776759
776662,42.340496,-71.10957,1.301919071E9,776110,776759
776662,42.340572,-71.10947,1.301919071E9,776110,776759
776662,42.340652,-71.10936,1.301919071E9,776110,776759
776662,42.340733,-71.10925,1.301919071E9,776110,776759
776662,42.340797,-71.10913,1.301919071E9,776110,776759
776662,42.34084,-71.108986,1.301919071E9,776110,776759
776662,42.340897,-71.108864,1.301919071E9,776110,776759
776662,42.340946,-71.10873,1.301919071E9,776110,776759
776662,42.340973,-71.108604,1.301919071E9,776110,776759
776662,42.341007,-71.108475,1.301919071E9,776110,776759
776662,42.341064,-71.10836,1.301919071E9,776110,776759
776662,42.341118,-71.10822,1.301919071E9,776110,776759
776662,42.341125,-71.10805,1.301919071E9,776110,776759
776662,42.341145,-71.107895,1.301919071E9,776110,776759
776662,42.341183,-71.10775,1.301919071E9,776110,776759
776662,42.341225,-71.10761,1.301919071E9,776110,776759
776662,42.341278,-71.1075,1.301919071E9,776110,776759
776662,42.341335,-71.10738,1.301919071E9,776110,776759
776662,42.34139,-71.10726,1.301919071E9,776110,776759
776662,42.341465,-71.10716,1.301919071E9,776110,776759
776662,42.341534,-71.10708,1.301919071E9,776110,776759
776662,42.34158,-71.10697,1.301919071E9,776110,776759
776662,42.341637,-71.10685,1.301919071E9,776110,776759
776662,42.341713,-71.106735,1.301919071E9,776110,776759
776662,42.341805,-71.10662,1.301919071E9,776110,776759
776662,42.341873,-71.10654,1.301919071E9,776110,776759
776662,42.341965,-71.10647,1.301919071E9,776110,776759
776662,42.34206,-71.10642,1.301919071E9,776110,776759
776662,42.342167,-71.10634,1.301919071E9,776110,776759
776662,42.342274,-71.106255,1.301919071E9,776110,776759
776662,42.342327,-71.106155,1.301919071E9,776110,776759
776662,42.342415,-71.106064,1.301919071E9,776110,776759
776662,42.342518,-71.106,1.301919071E9,776110,776759
776662,42.342594,-71.10594,1.301919071E9,776110,776759
776662,42.34267,-71.105865,1.301919071E9,776110,776759
776662,42.34275,-71.10578,1.301919071E9,776110,776759
776662,42.34284,-71.105705,1.301919071E9,776110,776759
776662,42.342926,-71.10567,1.301919071E9,776110,776759
776662,42.343006,-71.1056,1.301919071E9,776110,776759
776662,42.343094,-71.105515,1.301919071E9,776110,776759
776662,42.343174,-71.105446,1.301919071E9,776110,776759
776662,42.343266,-71.105354,1.301919071E9,776110,776759
776662,42.343357,-71.105286,1.301919071E9,776110,776759
776662,42.34343,-71.10519,1.301919071E9,776110,776759
776662,42.34351,-71.10512,1.301919071E9,776110,776759
776662,42.343597,-71.10504,1.301919071E9,776110,776759
776662,42.34368,-71.10498,1.301919071E9,776110,776759
776662,42.34377,-71.10492,1.301919071E9,776110,776759
776662,42.343864,-71.10484,1.301919071E9,776110,776759
776662,42.343956,-71.10475,1.301919071E9,776110,776759
776662,42.344032,-71.104675,1.301919071E9,776110,776759
776662,42.344105,-71.1046,1.301919071E9,776110,776759
776662,42.34419,-71.1045,1.301919071E9,776110,776759
776662,42.344273,-71.104416,1.301919071E9,776110,776759
776662,42.34437,-71.10435,1.301919071E9,776110,776759
776662,42.34449,-71.10431,1.301919071E9,776110,776759
776662,42.3446,-71.10429,1.301919071E9,776110,776759
776662,42.34471,-71.10429,1.301919071E9,776110,776759
776662,42.344826,-71.10432,1.301919071E9,776110,776759
776662,42.344913,-71.10437,1.301919071E9,776110,776759
776662,42.345005,-71.10442,1.301919071E9,776110,776759
776662,42.34509,-71.10449,1.301919071E9,776110,776759
776662,42.34518,-71.10454,1.301919071E9,776110,776759
776662,42.34529,-71.104576,1.301919071E9,776110,776759
776662,42.345383,-71.10461,1.301919071E9,776110,776759
776662,42.34548,-71.10467,1.301919071E9,776110,776759
776662,42.345585,-71.10474,1.301919071E9,776110,776759
776662,42.345627,-71.10485,1.301919071E9,776110,776759
776662,42.34558,-71.10498,1.301919071E9,776110,776759
776662,42.34554,-71.1051,1.301919071E9,776110,776759
776662,42.345516,-71.10523,1.301919071E9,776110,776759
776662,42.34548,-71.10538,1.301919071E9,776110,776759
776662,42.345448,-71.105515,1.301919071E9,776110,776759
776662,42.34539,-71.10566,1.301919071E9,776110,776759
776662,42.34535,-71.105774,1.301919071E9,776110,776759
776662,42.345314,-71.10592,1.301919071E9,776110,776759
776662,42.345295,-71.10604,1.301919071E9,776110,776759
776662,42.345257,-71.106186,1.301919071E9,776110,776759
776662,42.345222,-71.10632,1.301919071E9,776110,776759
776662,42.345184,-71.10646,1.301919071E9,776110,776759
776662,42.345146,-71.106575,1.301919071E9,776110,776759
776662,42.345097,-71.106705,1.301919071E9,776110,776759
776662,42.345074,-71.10685,1.301919071E9,776110,776759
776662,42.345043,-71.10699,1.301919071E9,776110,776759
776662,42.345005,-71.107124,1.301919071E9,776110,776759
776662,42.344967,-71.10723,1.301919071E9,776110,776759
776662,42.34492,-71.10737,1.301919071E9,776110,776759
776662,42.344902,-71.1075,1.301919071E9,776110,776759
776662,42.344906,-71.107635,1.301919071E9,776110,776759
776662,42.344856,-71.10778,1.301919071E9,776110,776759
776662,42.344795,-71.10787,1.301919071E9,776110,776759
776662,42.344776,-71.107994,1.301919071E9,776110,776759
776662,42.34475,-71.10815,1.301919071E9,776110,776759
776662,42.344723,-71.108284,1.301919071E9,776110,776759
776662,42.344704,-71.1084,1.301919071E9,776110,776759
776662,42.34467,-71.10854,1.301919071E9,776110,776759
776662,42.344685,-71.10868,1.301919071E9,776110,776759
776662,42.34477,-71.10876,1.301919071E9,776110,776759
776662,42.344868,-71.10883,1.301919071E9,776110,776759
776662,42.344963,-71.108864,1.301919071E9,776110,776759
776662,42.345055,-71.10889,1.301919071E9,776110,776759
776662,42.345142,-71.10895,1.301919071E9,776110,776759
776662,42.34526,-71.10901,1.301919071E9,776110,776759
776662,42.345345,-71.10895,1.301919071E9,776110,776759
776662,42.34539,-71.10881,1.301919071E9,776110,776759
776662,42.34542,-71.108665,1.301919071E9,776110,776759
776662,42.345444,-71.108536,1.301919071E9,776110,776759
776662,42.345493,-71.108406,1.301919071E9,776110,776759
776662,42.34554,-71.108284,1.301919071E9,776110,776759
776662,42.345577,-71.108154,1.301919071E9,776110,776759
776662,42.345627,-71.10804,1.301919071E9,776110,776759
776662,42.34567,-71.10792,1.301919071E9,776110,776759
776662,42.345707,-71.107796,1.301919071E9,776110,776759
776662,42.34573,-71.10766,1.301919071E9,776110,776759
776662,42.345753,-71.10751,1.301919071E9,776110,776759
776662,42.345787,-71.10739,1.301919071E9,776110,776759
776662,42.345814,-71.10726,1.301919071E9,776110,776759
776662,42.34584,-71.107124,1.301919071E9,776110,776759
776662,42.34588,-71.10701,1.301919071E9,776110,776759
776662,42.34593,-71.1069,1.301919071E9,776110,776759
776662,42.345974,-71.106766,1.301919071E9,776110,776759
776662,42.34599,-71.106636,1.301919071E9,776110,776759
776662,42.346012,-71.10651,1.301919071E9,776110,776759
776662,42.346054,-71.10638,1.301919071E9,776110,776759
776662,42.34609,-71.10624,1.301919071E9,776110,776759
776662,42.34612,-71.106125,1.301919071E9,776110,776759
776662,42.346172,-71.106,1.301919071E9,776110,776759
776662,42.346214,-71.10586,1.301919071E9,776110,776759
776662,42.346245,-71.10574,1.301919071E9,776110,776759
776662,42.34627,-71.10561,1.301919071E9,776110,776759
776662