66.13667,1.301919071E9,776110,776759
776662,18.383831,-66.1367,1.301919071E9,776110,776759
776662,18.38402,-66.136765,1.301919071E9,776110,776759
776662,18.384188,-66.136826,1.301919071E9,776110,776759
776662,18.384308,-66.13684,1.301919071E9,776110,776759
776662,18.38449,-66.13688,1.301919071E9,776110,776759
776662,18.384651,-66.13691,1.301919071E9,776110,776759
776662,18.38481,-66.136986,1.301919071E9,776110,776759
776662,18.384962,-66.137054,1.301919071E9,776110,776759
776662,18.385077,-66.137085,1.301919071E9,776110,776759
776662,18.385237,-66.137115,1.301919071E9,776110,776759
776662,18.385403,-66.13713,1.301919071E9,776110,776759
776662,18.385508,-66.137146,1.301919071E9,776110,776759
776662,18.385603,-66.13717,1.301919071E9,776110,776759
776662,18.38579,-66.13722,1.301919071E9,776110,776759
776662,18.385962,-66.13726,1.301919071E9,776110,776759
776662,18.386074,-66.13729,1.301919071E9,776110,776759
776662,18.386143,-66.1374,1.301919071E9,776110,776759
776662,18.38618,-66.13758,1.301919071E9,776110,776759
776662,18.386202,-66.137764,1.301919071E9,776110,776759
776662,18.386246,-66.137886,1.301919071E9,776110,776759
776662,18.386341,-66.13794,1.301919071E9,776110,776759
776662,18.386461,-66.13793,1.301919071E9,776110,776759
776662,18.386568,-66.137794,1.301919071E9,776110,776759
776662,18.386683,-66.13768,1.301919071E9,776110,776759
776662,18.38686,-66.13765,1.301919071E9,776110,776759
776662,18.386995,-66.13763,1.301919071E9,776110,776759
776662,18.387194,-66.13759,1.301919071E9,776110,776759
776662,18.387299,-66.13758,1.301919071E9,776110,776759
776662,18.387636,-66.13755,1.301919071E9,776110,776759
776662,18.387814,-66.13752,1.301919071E9,776110,776759
776662,18.387972,-66.13748,1.301919071E9,776110,776759
776662,18.388136,-66.137474,1.301919071E9,776110,776759
776662,18.388302,-66.13745,1.301919071E9,776110,776759
776662,18.388454,-66.13742,1.301919071E9,776110,776759
776662,18.38861,-66.1374,1.301919071E9,776110,776759
776662,18.38877,-66.13734,1.301919071E9,776110,776759
776662,18.388926,-66.13729,1.301919071E9,776110,776759
776662,18.389076,-66.13722,1.301919071E9,776110,776759
776662,18.389242,-66.13719,1.301919071E9,776110,776759
776662,18.389378,-66.13718,1.301919071E9,776110,776759
776662,18.389507,-66.13717,1.301919071E9,776110,776759
776662,18.389643,-66.13718,1.301919071E9,776110,776759
776662,18.389818,-66.137184,1.301919071E9,776110,776759
776662,18.389944,-66.13717,1.301919071E9,776110,776759
776662,18.390076,-66.1372,1.301919071E9,776110,776759
776662,18.390251,-66.1373,1.301919071E9,776110,776759
776662,18.390411,-66.13743,1.301919071E9,776110,776759
776662,18.390533,-66.13751,1.301919071E9,776110,776759
776662,18.39069,-66.13761,1.301919071E9,776110,776759
776662,18.39079,-66.13767,1.301919071E9,776110,776759
776662,18.39088,-66.137726,1.301919071E9,776110,776759
776662,18.390976,-66.13777,1.301919071E9,776110,776759
776662,18.391073,-66.137825,1.301919071E9,776110,776759
776662,18.391165,-66.137886,1.301919071E9,776110,776759
776662,18.391323,-66.13802,1.301919071E9,776110,776759
776662,18.39137,-66.138115,1.301919071E9,776110,776759
776662,18.3914,-66.138214,1.301919071E9,776110,776759
776662,18.39142,-66.13833,1.301919071E9,776110,776759
776662,18.391443,-66.138435,1.301919071E9,776110,776759
776662,18.391485,-66.138535,1.301919071E9,776110,776759
776662,18.39157,-66.13867,1.301919071E9,776110,776759
776662,18.391665,-66.1388,1.301919071E9,776110,776759
776662,18.391815,-66.13892,1.301919071E9,776110,776759
776662,18.391973,-66.13897,1.301919071E9,776110,776759
776662,18.392126,-66.139015,1.301919071E9,776110,776759
776662,18.39227,-66.13892,1.301919071E9,776110,776759
776662,18.392406,-66.13884,1.301919071E9,776110,776759
776662,18.392544,-66.138756,1.301919071E9,776110,776759
776662,18.39265,-66.13876,1.301919071E9,776110,776759
776662,18.392824,-66.13873,1.301919071E9,776110,776759
776662,18.39298,-66.1386,1.301919071E9,776110,776759
776662,18.393038,-66.13851,1.301919071E9,776110,776759
776662,18.39316,-66.13838,1.301919071E9,776110,776759
776662,18.393337,-66.138374,1.301919071E9,776110,776759
776662,18.393482,-66.138405,1.301919071E9,776110,776759
776662,18.3937,-66.13843,1.301919071E9,776110,776759
776662,18.393904,-66.13847,1.301919071E9,776110,776759
776662,18.394093,-66.13856,1.301919071E9,776110,776759
776662,18.394201,-66.13863,1.301919071E9,776110,776759
776662,18.394299,-66.13872,1.301919071E9,776110,776759
776662,18.394424,-66.13886,1.301919071E9,776110,776759
776662,18.394539,-66.139,1.301919071E9,776110,776759
776662,18.394669,-66.13913,1.301919071E9,776110,776759
776662,18.394756,-66.13922,1.301919071E9,776110,776759
776662,18.394842,-66.13932,1.301919071E9,776110,776759
776662,18.394932,-66.13943,1.301919071E9,776110,776759
776662,18.395021,-66.13955,1.301919071E9,776110,776759
776662,18.395153,-66.13973,1.301919071E9,776110,776759
776662,18.39525,-66.13983,1.301919071E9,776110,776759
776662,18.395388,-66.13999,1.301919071E9,776110,776759
776662,18.395477,-66.140114,1.301919071E9,776110,776759
776662,18.39562,-66.1403,1.301919071E9,776110,776759
776662,18.395723,-66.14042,1.301919071E9,776110,776759
776662,18.395836,-66.14053,1.301919071E9,776110,776759
776662,18.396006,-66.14069,1.301919071E9,776110,776759
776662,18.396341,-66.14097,1.301919071E9,776110,776759
776662,18.396437,-66.141106,1.301919071E9,776110,776759
776662,18.396578,-66.14129,1.301919071E9,776110,776759
776662,18.396706,-66.14147,1.301919071E9,776110,776759
776662,18.396824,-66.14165,1.301919071E9,776110,776759
776662,18.396942,-66.14181,1.301919071E9,776110,776759
776662,18.397072,-66.14197,1.301919071E9,776110,776759
776662,18.397194,-66.14214,1.301919071E9,776110,776759
776662,18.397308,-66.14232,1.301919071E9,776110,776759
776662,18.39741,-66.142494,1.301919071E9,776110,776759
776662,18.397507,-66.14267,1.301919071E9,776110,776759
776662,18.397614,-66.14284,1.301919071E9,776110,776759
776662,18.397726,-66.143,1.301919071E9,776110,776759
776662,18.397837,-66.14314,1.301919071E9,776110,776759
776662,18.39795,-66.14329,1.301919071E9,776110,776759
776662,18.39803,-66.14337,1.301919071E9,776110,776759
776662,18.398159,-66.14353,1.301919071E9,776110,776759
776662,18.398273,-66.14369,1.301919071E9,776110,776759
776662,18.398415,-66.143875,1.301919071E9,776110,776759
776662,18.398554,-66.14406,1.301919071E9,776110,776759
776662,18.398693,-66.14424,1.301919071E9,776110,776759
776662,18.398834,-66.14442,1.301919071E9,776110,776759
776662,18.398954,-66.14459,1.301919071E9,776110,776759
776662,18.399057,-66.14479,1.301919071E9,776110,776759
776662,18.399153,-66.14499,1.301919071E9,776110,776759
776662,18.399267,-66.14519,1.301919071E9,776110,776759
776662,18.399391,-66.14538,1.301919071E9,776110,776759
776662,18.399527,-66.14555,1.301919071E9,776110,776759
776662,18.39966,-66.14573,1.301919071E9,776110,776759
776662,18.399801,-66.14589,1.301919071E9,776110,776759
776662,18.39994,-66.146065,1.301919071E9,776110,776759
776662,18.400074,-66.14623,1.301919071E9,776110,776759
776662,18.40016,-66.14634,1.301919071E9,776110,776759
776662,18.400286,-66.14651,1.301919071E9,776110,776759
776662,18.400406,-66.14666,1.301919071E9,776110,776759
776662,18.40051,-66.146805,1.301919071E9,776110,776759
776662,18.400618,-66.14694,1.301919071E9,776110,776759
776662,18.400736,-66.14708,1.301919071E9,776110,776759
776662,18.400862,-66.14723,1.301919071E9,776110,776759
776662,18.401003,-66.14736,1.301919071E9,776110,776759
776662,18.40114,-66.14749,1.301919071E9,776110,776759
776662,18.401237,-66.147575,1.301919071E9,776110,776759
776662,18.401379,-66.14772,1.301919071E9,776110,776759
776662,18.401506,-66.14788,1.301919071E9,776110,776759
776662,18.401588,-66.148,1.301919071E9,776110,776759
776662,18.401726,-66.14819,1.301919071E9,776110,776759
776662,18.401825,-66.14832,1.301919071E9,776110,776759
776662,18.401981,-66.1485,1.301919071E9,776110,776759
776662,18.402163,-66.14866,1.301919071E9,776110,776759
776662,18.402296,-66.14876,1.301919071E9,776110,776759
77666