1.301919071E9,776110,776759
776662,25.861948,-80.37962,1.301919071E9,776110,776759
776662,25.861837,-80.379616,1.301919071E9,776110,776759
776662,25.861717,-80.379616,1.301919071E9,776110,776759
776662,25.861624,-80.37961,1.301919071E9,776110,776759
776662,25.861416,-80.3796,1.301919071E9,776110,776759
776662,25.861301,-80.3796,1.301919071E9,776110,776759
776662,25.861177,-80.37959,1.301919071E9,776110,776759
776662,25.861076,-80.379585,1.301919071E9,776110,776759
776662,25.86097,-80.37957,1.301919071E9,776110,776759
776662,25.860847,-80.37953,1.301919071E9,776110,776759
776662,25.860727,-80.379486,1.301919071E9,776110,776759
776662,25.86062,-80.37944,1.301919071E9,776110,776759
776662,25.860529,-80.37938,1.301919071E9,776110,776759
776662,25.860432,-80.37931,1.301919071E9,776110,776759
776662,25.860332,-80.37924,1.301919071E9,776110,776759
776662,25.860216,-80.37916,1.301919071E9,776110,776759
776662,25.860113,-80.3791,1.301919071E9,776110,776759
776662,25.859999,-80.37904,1.301919071E9,776110,776759
776662,25.859886,-80.379,1.301919071E9,776110,776759
776662,25.85977,-80.37896,1.301919071E9,776110,776759
776662,25.859655,-80.37894,1.301919071E9,776110,776759
776662,25.859512,-80.37892,1.301919071E9,776110,776759
776662,25.859358,-80.378914,1.301919071E9,776110,776759
776662,25.859203,-80.378914,1.301919071E9,776110,776759
776662,25.8591,-80.37891,1.301919071E9,776110,776759
776662,25.85898,-80.37891,1.301919071E9,776110,776759
776662,25.85885,-80.37891,1.301919071E9,776110,776759
776662,25.858734,-80.37891,1.301919071E9,776110,776759
776662,25.858625,-80.3789,1.301919071E9,776110,776759
776662,25.858507,-80.3789,1.301919071E9,776110,776759
776662,25.858376,-80.37889,1.301919071E9,776110,776759
776662,25.858244,-80.37889,1.301919071E9,776110,776759
776662,25.858118,-80.37888,1.301919071E9,776110,776759
776662,25.857992,-80.37888,1.301919071E9,776110,776759
776662,25.857878,-80.378876,1.301919071E9,776110,776759
776662,25.857767,-80.378876,1.301919071E9,776110,776759
776662,25.857645,-80.378876,1.301919071E9,776110,776759
776662,25.857515,-80.37887,1.301919071E9,776110,776759
776662,25.857391,-80.37887,1.301919071E9,776110,776759
776662,25.857286,-80.37886,1.301919071E9,776110,776759
776662,25.857096,-80.37885,1.301919071E9,776110,776759
776662,25.856953,-80.37885,1.301919071E9,776110,776759
776662,25.856842,-80.378845,1.301919071E9,776110,776759
776662,25.85672,-80.37884,1.301919071E9,776110,776759
776662,25.856592,-80.37884,1.301919071E9,776110,776759
776662,25.856462,-80.37883,1.301919071E9,776110,776759
776662,25.856358,-80.37883,1.301919071E9,776110,776759
776662,25.856176,-80.37882,1.301919071E9,776110,776759
776662,25.856052,-80.37882,1.301919071E9,776110,776759
776662,25.855923,-80.37883,1.301919071E9,776110,776759
776662,25.855804,-80.37884,1.301919071E9,776110,776759
776662,25.855682,-80.378845,1.301919071E9,776110,776759
776662,25.855566,-80.37885,1.301919071E9,776110,776759
776662,25.855434,-80.37886,1.301919071E9,776110,776759
776662,25.855316,-80.37887,1.301919071E9,776110,776759
776662,25.855198,-80.37887,1.301919071E9,776110,776759
776662,25.855108,-80.37887,1.301919071E9,776110,776759
776662,25.854914,-80.37886,1.301919071E9,776110,776759
776662,25.854797,-80.37886,1.301919071E9,776110,776759
776662,25.854696,-80.37885,1.301919071E9,776110,776759
776662,25.854576,-80.37885,1.301919071E9,776110,776759
776662,25.854452,-80.378845,1.301919071E9,776110,776759
776662,25.854324,-80.378845,1.301919071E9,776110,776759
776662,25.85421,-80.37884,1.301919071E9,776110,776759
776662,25.854086,-80.37884,1.301919071E9,776110,776759
776662,25.853962,-80.37883,1.301919071E9,776110,776759
776662,25.85383,-80.37883,1.301919071E9,776110,776759
776662,25.853575,-80.37882,1.301919071E9,776110,776759
776662,25.853472,-80.37882,1.301919071E9,776110,776759
776662,25.853203,-80.37882,1.301919071E9,776110,776759
776662,25.853102,-80.37882,1.301919071E9,776110,776759
776662,25.852968,-80.37882,1.301919071E9,776110,776759
776662,25.852863,-80.37882,1.301919071E9,776110,776759
776662,25.852755,-80.37882,1.301919071E9,776110,776759
776662,25.852636,-80.37882,1.301919071E9,776110,776759
776662,25.852537,-80.37882,1.301919071E9,776110,776759
776662,25.852425,-80.37882,1.301919071E9,776110,776759
776662,25.85224,-80.37881,1.301919071E9,776110,776759
776662,25.852133,-80.37881,1.301919071E9,776110,776759
776662,25.85201,-80.3788,1.301919071E9,776110,776759
776662,25.851885,-80.3788,1.301919071E9,776110,776759
776662,25.851742,-80.3788,1.301919071E9,776110,776759
776662,25.851639,-80.3788,1.301919071E9,776110,776759
776662,25.851547,-80.3788,1.301919071E9,776110,776759
776662,25.851377,-80.3788,1.301919071E9,776110,776759
776662,25.85126,-80.3788,1.301919071E9,776110,776759
776662,25.851116,-80.37881,1.301919071E9,776110,776759
776662,25.850998,-80.37881,1.301919071E9,776110,776759
776662,25.850863,-80.378815,1.301919071E9,776110,776759
776662,25.850746,-80.37883,1.301919071E9,776110,776759
776662,25.850618,-80.378845,1.301919071E9,776110,776759
776662,25.850464,-80.378876,1.301919071E9,776110,776759
776662,25.85035,-80.3789,1.301919071E9,776110,776759
776662,25.85024,-80.37893,1.301919071E9,776110,776759
776662,25.850065,-80.37899,1.301919071E9,776110,776759
776662,25.84995,-80.379036,1.301919071E9,776110,776759
776662,25.849825,-80.37908,1.301919071E9,776110,776759
776662,25.849705,-80.37913,1.301919071E9,776110,776759
776662,25.849571,-80.37919,1.301919071E9,776110,776759
776662,25.84935,-80.379295,1.301919071E9,776110,776759
776662,25.849234,-80.379364,1.301919071E9,776110,776759
776662,25.849117,-80.37944,1.301919071E9,776110,776759
776662,25.849018,-80.37951,1.301919071E9,776110,776759
776662,25.848911,-80.37958,1.301919071E9,776110,776759
776662,25.848822,-80.37965,1.301919071E9,776110,776759
776662,25.848726,-80.379715,1.301919071E9,776110,776759
776662,25.8486,-80.37983,1.301919071E9,776110,776759
776662,25.848503,-80.37992,1.301919071E9,776110,776759
776662,25.848415,-80.38,1.301919071E9,776110,776759
776662,25.848331,-80.38008,1.301919071E9,776110,776759
776662,25.84824,-80.38017,1.301919071E9,776110,776759
776662,25.848133,-80.38027,1.301919071E9,776110,776759
776662,25.84804,-80.38036,1.301919071E9,776110,776759
776662,25.847956,-80.38044,1.301919071E9,776110,776759
776662,25.84781,-80.38056,1.301919071E9,776110,776759
776662,25.847712,-80.380646,1.301919071E9,776110,776759
776662,25.847624,-80.380714,1.301919071E9,776110,776759
776662,25.84753,-80.38079,1.301919071E9,776110,776759
776662,25.84744,-80.38086,1.301919071E9,776110,776759
776662,25.847345,-80.380936,1.301919071E9,776110,776759
776662,25.84723,-80.38102,1.301919071E9,776110,776759
776662,25.847128,-80.381096,1.301919071E9,776110,776759
776662,25.847017,-80.381165,1.301919071E9,776110,776759
776662,25.846897,-80.38125,1.301919071E9,776110,776759
776662,25.84679,-80.38132,1.301919071E9,776110,776759
776662,25.846678,-80.381386,1.301919071E9,776110,776759
776662,25.84657,-80.381454,1.301919071E9,776110,776759
776662,25.846449,-80.38152,1.301919071E9,776110,776759
776662,25.846325,-80.38159,1.301919071E9,776110,776759
776662,25.846207,-80.38165,1.301919071E9,776110,776759
776662,25.846083,-80.38172,1.301919071E9,776110,776759
776662,25.845966,-80.381775,1.301919071E9,776110,776759
776662,25.84586,-80.38182,1.301919071E9,776110,776759
776662,25.845642,-80.381905,1.301919071E9,776110,776759
776662,25.845469,-80.381966,1.301919071E9,776110,776759
776662,25.845345,-80.382,1.301919071E9,776110,776759
776662,25.845215,-80.38204,1.301919071E9,776110,776759
776662,25.845087,-80.38209,1.301919071E9,776110,776759
776662,25.844929,-80.38213,1.301919071E9,776110,776759
776662,25.844797,-80.38218,1.301919071E9,776110,776759
776662,25.844563,-80.38224,1.301919071E9,776110,776759
776662,25.84443,-80.38227,1.301919071E9,776110,776759
776662,25.84431,-80.3823,1.301919071E9,776110,776759
776662,25.844193,-80.382324,1.301919071E9,776110,776759
776662,25.844051,-80.382355,1.301919071E9,776110,776759
776662,25.843925