776662,42.35294,-71.08623,1.301919071E9,776110,776759
776662,42.35296,-71.08614,1.301919071E9,776110,776759
776662,42.35299,-71.08602,1.301919071E9,776110,776759
776662,42.353,-71.085976,1.301919071E9,776110,776759
776662,42.353027,-71.085884,1.301919071E9,776110,776759
776662,42.35305,-71.08581,1.301919071E9,776110,776759
776662,42.353065,-71.08574,1.301919071E9,776110,776759
776662,42.353073,-71.0857,1.301919071E9,776110,776759
776662,42.353085,-71.08564,1.301919071E9,776110,776759
776662,42.3531,-71.08557,1.301919071E9,776110,776759
776662,42.353127,-71.085434,1.301919071E9,776110,776759
776662,42.353146,-71.08533,1.301919071E9,776110,776759
776662,42.353153,-71.08526,1.301919071E9,776110,776759
776662,42.353165,-71.085144,1.301919071E9,776110,776759
776662,42.35318,-71.08507,1.301919071E9,776110,776759
776662,42.353195,-71.085,1.301919071E9,776110,776759
776662,42.353233,-71.08486,1.301919071E9,776110,776759
776662,42.353306,-71.08476,1.301919071E9,776110,776759
776662,42.35335,-71.08475,1.301919071E9,776110,776759
776662,42.353394,-71.084755,1.301919071E9,776110,776759
776662,42.353443,-71.08477,1.301919071E9,776110,776759
776662,42.353504,-71.08478,1.301919071E9,776110,776759
776662,42.353565,-71.084755,1.301919071E9,776110,776759
776662,42.353622,-71.084724,1.301919071E9,776110,776759
776662,42.35368,-71.08469,1.301919071E9,776110,776759
776662,42.35373,-71.08464,1.301919071E9,776110,776759
776662,42.35378,-71.0846,1.301919071E9,776110,776759
776662,42.353817,-71.08456,1.301919071E9,776110,776759
776662,42.353863,-71.084496,1.301919071E9,776110,776759
776662,42.35391,-71.084435,1.301919071E9,776110,776759
776662,42.353954,-71.08437,1.301919071E9,776110,776759
776662,42.353996,-71.084305,1.301919071E9,776110,776759
776662,42.35403,-71.084236,1.301919071E9,776110,776759
776662,42.35406,-71.08417,1.301919071E9,776110,776759
776662,42.354088,-71.08409,1.301919071E9,776110,776759
776662,42.354107,-71.084015,1.301919071E9,776110,776759
776662,42.35413,-71.08394,1.301919071E9,776110,776759
776662,42.354153,-71.08386,1.301919071E9,776110,776759
776662,42.354183,-71.083755,1.301919071E9,776110,776759
776662,42.354202,-71.08369,1.301919071E9,776110,776759
776662,42.354225,-71.08362,1.301919071E9,776110,776759
776662,42.354244,-71.08354,1.301919071E9,776110,776759
776662,42.35426,-71.083466,1.301919071E9,776110,776759
776662,42.35428,-71.0834,1.301919071E9,776110,776759
776662,42.354298,-71.08333,1.301919071E9,776110,776759
776662,42.354317,-71.08326,1.301919071E9,776110,776759
776662,42.35433,-71.08322,1.301919071E9,776110,776759
776662,42.35435,-71.083145,1.301919071E9,776110,776759
776662,42.35437,-71.08307,1.301919071E9,776110,776759
776662,42.35439,-71.08299,1.301919071E9,776110,776759
776662,42.35441,-71.08292,1.301919071E9,776110,776759
776662,42.354427,-71.08285,1.301919071E9,776110,776759
776662,42.354446,-71.08277,1.301919071E9,776110,776759
776662,42.35446,-71.0827,1.301919071E9,776110,776759
776662,42.35448,-71.08263,1.301919071E9,776110,776759
776662,42.354504,-71.08256,1.301919071E9,776110,776759
776662,42.354523,-71.08249,1.301919071E9,776110,776759
776662,42.35454,-71.08242,1.301919071E9,776110,776759
776662,42.35456,-71.082344,1.301919071E9,776110,776759
776662,42.354576,-71.082275,1.301919071E9,776110,776759
776662,42.354595,-71.08221,1.301919071E9,776110,776759
776662,42.354618,-71.08214,1.301919071E9,776110,776759
776662,42.354633,-71.08206,1.301919071E9,776110,776759
776662,42.35465,-71.08199,1.301919071E9,776110,776759
776662,42.354664,-71.081924,1.301919071E9,776110,776759
776662,42.35468,-71.08185,1.301919071E9,776110,776759
776662,42.35471,-71.0817,1.301919071E9,776110,776759
776662,42.354717,-71.08156,1.301919071E9,776110,776759
776662,42.354733,-71.08142,1.301919071E9,776110,776759
776662,42.35474,-71.08136,1.301919071E9,776110,776759
776662,42.35477,-71.08129,1.301919071E9,776110,776759
776662,42.354786,-71.08127,1.301919071E9,776110,776759
776662,42.354816,-71.081215,1.301919071E9,776110,776759
776662,42.35483,-71.08119,1.301919071E9,776110,776759
776662,42.35486,-71.08114,1.301919071E9,776110,776759
776662,42.354885,-71.08108,1.301919071E9,776110,776759
776662,42.35491,-71.08102,1.301919071E9,776110,776759
776662,42.35496,-71.0809,1.301919071E9,776110,776759
776662,42.35499,-71.08083,1.301919071E9,776110,776759
776662,42.355015,-71.08077,1.301919071E9,776110,776759
776662,42.355026,-71.080734,1.301919071E9,776110,776759
776662,42.35505,-71.08067,1.301919071E9,776110,776759
776662,42.35507,-71.08061,1.301919071E9,776110,776759
776662,42.35508,-71.080536,1.301919071E9,776110,776759
776662,42.355114,-71.08039,1.301919071E9,776110,776759
776662,42.35513,-71.08032,1.301919071E9,776110,776759
776662,42.355145,-71.08025,1.301919071E9,776110,776759
776662,42.35518,-71.08012,1.301919071E9,776110,776759
776662,42.355194,-71.08004,1.301919071E9,776110,776759
776662,42.35521,-71.07997,1.301919071E9,776110,776759
776662,42.35522,-71.079895,1.301919071E9,776110,776759
776662,42.355232,-71.079834,1.301919071E9,776110,776759
776662,42.355247,-71.079765,1.301919071E9,776110,776759
776662,42.355267,-71.0797,1.301919071E9,776110,776759
776662,42.35531,-71.07956,1.301919071E9,776110,776759
776662,42.35533,-71.07949,1.301919071E9,776110,776759
776662,42.35536,-71.079414,1.301919071E9,776110,776759
776662,42.355396,-71.07931,1.301919071E9,776110,776759
776662,42.35542,-71.07923,1.301919071E9,776110,776759
776662,42.355473,-71.079094,1.301919071E9,776110,776759
776662,42.355495,-71.07902,1.301919071E9,776110,776759
776662,42.355507,-71.07899,1.301919071E9,776110,776759
776662,42.355526,-71.07892,1.301919071E9,776110,776759
776662,42.35555,-71.0788,1.301919071E9,776110,776759
776662,42.355553,-71.078766,1.301919071E9,776110,776759
776662,42.355568,-71.0787,1.301919071E9,776110,776759
776662,42.355595,-71.078575,1.301919071E9,776110,776759
776662,42.35562,-71.07845,1.301919071E9,776110,776759
776662,42.355667,-71.07834,1.301919071E9,776110,776759
776662,42.35568,-71.07831,1.301919071E9,776110,776759
776662,42.355705,-71.07825,1.301919071E9,776110,776759
776662,42.35575,-71.07812,1.301919071E9,776110,776759
776662,42.355797,-71.07798,1.301919071E9,776110,776759
776662,42.355804,-71.07794,1.301919071E9,776110,776759
776662,42.355827,-71.07788,1.301919071E9,776110,776759
776662,42.35586,-71.07774,1.301919071E9,776110,776759
776662,42.355904,-71.077614,1.301919071E9,776110,776759
776662,42.355923,-71.077545,1.301919071E9,776110,776759
776662,42.35595,-71.07747,1.301919071E9,776110,776759
776662,42.355984,-71.077354,1.301919071E9,776110,776759
776662,42.356018,-71.07723,1.301919071E9,776110,776759
776662,42.356052,-71.07711,1.301919071E9,776110,776759
776662,42.356064,-71.07707,1.301919071E9,776110,776759
776662,42.356087,-71.076996,1.301919071E9,776110,776759
776662,42.35611,-71.07692,1.301919071E9,776110,776759
776662,42.356148,-71.076805,1.301919071E9,776110,776759
776662,42.35616,-71.07677,1.301919071E9,776110,776759
776662,42.35618,-71.07669,1.301919071E9,776110,776759
776662,42.35619,-71.07662,1.301919071E9,776110,776759
776662,42.356216,-71.07651,1.301919071E9,776110,776759
776662,42.35624,-71.07643,1.301919071E9,776110,776759
776662,42.356255,-71.07639,1.301919071E9,776110,776759
776662,42.356277,-71.07632,1.301919071E9,776110,776759
776662,42.356304,-71.076256,1.301919071E9,776110,776759
776662,42.35633,-71.07619,1.301919071E9,776110,776759
776662,42.35636,-71.07612,1.301919071E9,776110,776759
776662,42.356396,-71.07606,1.301919071E9,776110,776759
776662,42.356426,-71.076,1.301919071E9,776110,776759
776662,42.35646,-71.07594,1.301919071E9,776110,776759
776662,42.35649,-71.07589,1.301919071E9,776110,776759
776662,42.35653,-71.075836,1.301919071E9,776110,776759
776662,42.35656,-71.07579,1.301919071E9,776110,776759
776662,42.356598,-71.07574,1.301919071E9,776110,776759
776662,42.356636,-71.07569,1.301919071E9,776110,776759
776662,42.356678,-71.075645,1.301919071E9,776110,776759
776662,42.35672,-71.07561,1.301919071E9,776110,776759
776662,42.35676