6759
776662,38.69868,-90.49763,1.301919071E9,776110,776759
776662,38.698574,-90.49759,1.301919071E9,776110,776759
776662,38.69847,-90.49756,1.301919071E9,776110,776759
776662,38.69838,-90.49754,1.301919071E9,776110,776759
776662,38.69829,-90.4975,1.301919071E9,776110,776759
776662,38.6982,-90.49744,1.301919071E9,776110,776759
776662,38.698112,-90.49738,1.301919071E9,776110,776759
776662,38.698036,-90.497314,1.301919071E9,776110,776759
776662,38.697956,-90.49724,1.301919071E9,776110,776759
776662,38.69787,-90.49716,1.301919071E9,776110,776759
776662,38.697777,-90.49708,1.301919071E9,776110,776759
776662,38.697697,-90.49701,1.301919071E9,776110,776759
776662,38.697624,-90.49694,1.301919071E9,776110,776759
776662,38.697536,-90.496864,1.301919071E9,776110,776759
776662,38.69744,-90.49678,1.301919071E9,776110,776759
776662,38.697357,-90.49669,1.301919071E9,776110,776759
776662,38.697273,-90.49661,1.301919071E9,776110,776759
776662,38.697193,-90.49654,1.301919071E9,776110,776759
776662,38.6971,-90.49646,1.301919071E9,776110,776759
776662,38.69701,-90.49639,1.301919071E9,776110,776759
776662,38.696926,-90.49632,1.301919071E9,776110,776759
776662,38.696854,-90.49625,1.301919071E9,776110,776759
776662,38.696777,-90.49617,1.301919071E9,776110,776759
776662,38.696693,-90.49609,1.301919071E9,776110,776759
776662,38.696617,-90.496025,1.301919071E9,776110,776759
776662,38.696533,-90.49594,1.301919071E9,776110,776759
776662,38.696465,-90.49586,1.301919071E9,776110,776759
776662,38.696392,-90.49579,1.301919071E9,776110,776759
776662,38.69634,-90.49569,1.301919071E9,776110,776759
776662,38.696285,-90.49558,1.301919071E9,776110,776759
776662,38.69621,-90.495476,1.301919071E9,776110,776759
776662,38.696136,-90.4954,1.301919071E9,776110,776759
776662,38.696056,-90.495346,1.301919071E9,776110,776759
776662,38.695965,-90.495285,1.301919071E9,776110,776759
776662,38.69587,-90.49523,1.301919071E9,776110,776759
776662,38.695778,-90.49517,1.301919071E9,776110,776759
776662,38.695683,-90.49512,1.301919071E9,776110,776759
776662,38.6956,-90.49508,1.301919071E9,776110,776759
776662,38.6955,-90.495026,1.301919071E9,776110,776759
776662,38.695408,-90.494965,1.301919071E9,776110,776759
776662,38.69532,-90.4949,1.301919071E9,776110,776759
776662,38.695232,-90.49486,1.301919071E9,776110,776759
776662,38.695137,-90.494774,1.301919071E9,776110,776759
776662,38.69505,-90.4947,1.301919071E9,776110,776759
776662,38.694958,-90.49463,1.301919071E9,776110,776759
776662,38.694878,-90.494576,1.301919071E9,776110,776759
776662,38.69477,-90.49454,1.301919071E9,776110,776759
776662,38.694675,-90.49447,1.301919071E9,776110,776759
776662,38.694584,-90.49439,1.301919071E9,776110,776759
776662,38.694508,-90.49432,1.301919071E9,776110,776759
776662,38.694427,-90.49425,1.301919071E9,776110,776759
776662,38.694336,-90.494194,1.301919071E9,776110,776759
776662,38.69426,-90.494125,1.301919071E9,776110,776759
776662,38.69417,-90.49406,1.301919071E9,776110,776759
776662,38.69408,-90.49399,1.301919071E9,776110,776759
776662,38.693996,-90.493935,1.301919071E9,776110,776759
776662,38.69391,-90.49389,1.301919071E9,776110,776759
776662,38.6938,-90.49383,1.301919071E9,776110,776759
776662,38.693726,-90.49375,1.301919071E9,776110,776759
776662,38.69366,-90.49365,1.301919071E9,776110,776759
776662,38.693645,-90.49353,1.301919071E9,776110,776759
776662,38.693695,-90.49341,1.301919071E9,776110,776759
776662,38.69375,-90.49329,1.301919071E9,776110,776759
776662,38.69382,-90.49319,1.301919071E9,776110,776759
776662,38.693886,-90.4931,1.301919071E9,776110,776759
776662,38.69395,-90.493004,1.301919071E9,776110,776759
776662,38.69401,-90.49291,1.301919071E9,776110,776759
776662,38.69407,-90.49281,1.301919071E9,776110,776759
776662,38.69415,-90.49272,1.301919071E9,776110,776759
776662,38.69423,-90.492645,1.301919071E9,776110,776759
776662,38.694317,-90.49258,1.301919071E9,776110,776759
776662,38.6944,-90.4925,1.301919071E9,776110,776759
776662,38.694477,-90.49241,1.301919071E9,776110,776759
776662,38.694553,-90.49234,1.301919071E9,776110,776759
776662,38.69464,-90.49229,1.301919071E9,776110,776759
776662,38.69471,-90.49222,1.301919071E9,776110,776759
776662,38.694794,-90.49215,1.301919071E9,776110,776759
776662,38.69489,-90.49212,1.301919071E9,776110,776759
776662,38.69499,-90.49207,1.301919071E9,776110,776759
776662,38.69509,-90.49203,1.301919071E9,776110,776759
776662,38.695183,-90.492,1.301919071E9,776110,776759
776662,38.69529,-90.491936,1.301919071E9,776110,776759
776662,38.695396,-90.49191,1.301919071E9,776110,776759
776662,38.695473,-90.49184,1.301919071E9,776110,776759
776662,38.695576,-90.49177,1.301919071E9,776110,776759
776662,38.695683,-90.491714,1.301919071E9,776110,776759
776662,38.69579,-90.49169,1.301919071E9,776110,776759
776662,38.695877,-90.49168,1.301919071E9,776110,776759
776662,38.696,-90.49163,1.301919071E9,776110,776759
776662,38.696102,-90.49158,1.301919071E9,776110,776759
776662,38.696194,-90.49152,1.301919071E9,776110,776759
776662,38.696278,-90.491486,1.301919071E9,776110,776759
776662,38.69636,-90.49141,1.301919071E9,776110,776759
776662,38.69644,-90.49132,1.301919071E9,776110,776759
776662,38.696514,-90.491234,1.301919071E9,776110,776759
776662,38.696594,-90.491165,1.301919071E9,776110,776759
776662,38.696693,-90.49112,1.301919071E9,776110,776759
776662,38.69679,-90.49107,1.301919071E9,776110,776759
776662,38.696877,-90.49102,1.301919071E9,776110,776759
776662,38.696976,-90.49096,1.301919071E9,776110,776759
776662,38.697056,-90.49086,1.301919071E9,776110,776759
776662,38.69715,-90.490776,1.301919071E9,776110,776759
776662,38.69722,-90.4907,1.301919071E9,776110,776759
776662,38.6973,-90.49064,1.301919071E9,776110,776759
776662,38.69739,-90.490585,1.301919071E9,776110,776759
776662,38.697506,-90.490585,1.301919071E9,776110,776759
776662,38.69759,-90.49055,1.301919071E9,776110,776759
776662,38.69767,-90.49047,1.301919071E9,776110,776759
776662,38.69776,-90.4904,1.301919071E9,776110,776759
776662,38.697853,-90.49032,1.301919071E9,776110,776759
776662,38.69793,-90.49024,1.301919071E9,776110,776759
776662,38.698017,-90.49016,1.301919071E9,776110,776759
776662,38.698093,-90.49007,1.301919071E9,776110,776759
776662,38.69818,-90.49,1.301919071E9,776110,776759
776662,38.698254,-90.489914,1.301919071E9,776110,776759
776662,38.698326,-90.48984,1.301919071E9,776110,776759
776662,38.698395,-90.48976,1.301919071E9,776110,776759
776662,38.698467,-90.48966,1.301919071E9,776110,776759
776662,38.698544,-90.48957,1.301919071E9,776110,776759
776662,38.698624,-90.48948,1.301919071E9,776110,776759
776662,38.69869,-90.48938,1.301919071E9,776110,776759
776662,38.698776,-90.4893,1.301919071E9,776110,776759
776662,38.698875,-90.48923,1.301919071E9,776110,776759
776662,38.69899,-90.48917,1.301919071E9,776110,776759
776662,38.69909,-90.48909,1.301919071E9,776110,776759
776662,38.699165,-90.48902,1.301919071E9,776110,776759
776662,38.69925,-90.488945,1.301919071E9,776110,776759
776662,38.699326,-90.48888,1.301919071E9,776110,776759
776662,38.699398,-90.488785,1.301919071E9,776110,776759
776662,38.69945,-90.488686,1.301919071E9,776110,776759
776662,38.699505,-90.488594,1.301919071E9,776110,776759
776662,38.699577,-90.48852,1.301919071E9,776110,776759
776662,38.699677,-90.48849,1.301919071E9,776110,776759
776662,38.699764,-90.48844,1.301919071E9,776110,776759
776662,38.699875,-90.48838,1.301919071E9,776110,776759
776662,38.699966,-90.48829,1.301919071E9,776110,776759
776662,38.70004,-90.48819,1.301919071E9,776110,776759
776662,38.700108,-90.48809,1.301919071E9,776110,776759
776662,38.700176,-90.487976,1.301919071E9,776110,776759
776662,38.70026,-90.48792,1.301919071E9,776110,776759
776662,38.70033,-90.48785,1.301919071E9,776110,776759
776662,38.700405,-90.48777,1.301919071E9,776110,776759
776662,38.70048,-90.48768,1.301919071E9,776110,776759
776662,38.700577,-90.48763,1.301919071E9,776110,776759
776662,38.70066,-90.48758,1.301919071E9,776110,776759
776662,38.700752,-90.48751,1.301919071E9,776110,776759
776662,38.70084,-90.