97392,1.301919071E9,776110,776759
776662,-37.822193,144.97429,1.301919071E9,776110,776759
776662,-37.822308,144.97462,1.301919071E9,776110,776759
776662,-37.822468,144.97491,1.301919071E9,776110,776759
776662,-37.82261,144.97517,1.301919071E9,776110,776759
776662,-37.822662,144.9753,1.301919071E9,776110,776759
776662,-37.822853,144.97557,1.301919071E9,776110,776759
776662,-37.823055,144.97583,1.301919071E9,776110,776759
776662,-37.823284,144.97603,1.301919071E9,776110,776759
776662,-37.823517,144.97624,1.301919071E9,776110,776759
776662,-37.823746,144.97649,1.301919071E9,776110,776759
776662,-37.823944,144.97675,1.301919071E9,776110,776759
776662,-37.824177,144.97694,1.301919071E9,776110,776759
776662,-37.824413,144.97716,1.301919071E9,776110,776759
776662,-37.824627,144.97737,1.301919071E9,776110,776759
776662,-37.82485,144.97758,1.301919071E9,776110,776759
776662,-37.825066,144.97778,1.301919071E9,776110,776759
776662,-37.82528,144.978,1.301919071E9,776110,776759
776662,-37.82553,144.97816,1.301919071E9,776110,776759
776662,-37.82578,144.97829,1.301919071E9,776110,776759
776662,-37.82599,144.97853,1.301919071E9,776110,776759
776662,-37.826214,144.97876,1.301919071E9,776110,776759
776662,-37.826416,144.979,1.301919071E9,776110,776759
776662,-37.8266,144.97928,1.301919071E9,776110,776759
776662,-37.826748,144.9796,1.301919071E9,776110,776759
776662,-37.826927,144.97987,1.301919071E9,776110,776759
776662,-37.8271,144.98015,1.301919071E9,776110,776759
776662,-37.827225,144.98047,1.301919071E9,776110,776759
776662,-37.82727,144.98058,1.301919071E9,776110,776759
776662,-37.827385,144.98091,1.301919071E9,776110,776759
776662,-37.827435,144.98105,1.301919071E9,776110,776759
776662,-37.827488,144.98114,1.301919071E9,776110,776759
776662,-37.82762,144.98146,1.301919071E9,776110,776759
776662,-37.827785,144.98177,1.301919071E9,776110,776759
776662,-37.827915,144.9821,1.301919071E9,776110,776759
776662,-37.82802,144.98242,1.301919071E9,776110,776759
776662,-37.828053,144.98277,1.301919071E9,776110,776759
776662,-37.828106,144.98314,1.301919071E9,776110,776759
776662,-37.828163,144.98343,1.301919071E9,776110,776759
776662,-37.828197,144.98357,1.301919071E9,776110,776759
776662,-37.82823,144.98372,1.301919071E9,776110,776759
776662,-37.828312,144.98407,1.301919071E9,776110,776759
776662,-37.828564,144.98427,1.301919071E9,776110,776759
776662,-37.828815,144.9844,1.301919071E9,776110,776759
776662,-37.828957,144.98447,1.301919071E9,776110,776759
776662,-37.829063,144.98448,1.301919071E9,776110,776759
776662,-37.829166,144.9845,1.301919071E9,776110,776759
776662,-37.829395,144.98453,1.301919071E9,776110,776759
776662,-37.829506,144.98456,1.301919071E9,776110,776759
776662,-37.829792,144.98454,1.301919071E9,776110,776759
776662,-37.830063,144.98457,1.301919071E9,776110,776759
776662,-37.830338,144.98447,1.301919071E9,776110,776759
776662,-37.830597,144.98436,1.301919071E9,776110,776759
776662,-37.830704,144.98433,1.301919071E9,776110,776759
776662,-37.830814,144.98431,1.301919071E9,776110,776759
776662,-37.831112,144.98438,1.301919071E9,776110,776759
776662,-37.831203,144.98439,1.301919071E9,776110,776759
776662,-37.83131,144.98439,1.301919071E9,776110,776759
776662,-37.831455,144.98438,1.301919071E9,776110,776759
776662,-37.831554,144.98434,1.301919071E9,776110,776759
776662,-37.831825,144.98428,1.301919071E9,776110,776759
776662,-37.832108,144.98422,1.301919071E9,776110,776759
776662,-37.8322,144.9842,1.301919071E9,776110,776759
776662,-37.83231,144.98419,1.301919071E9,776110,776759
776662,-37.8326,144.9841,1.301919071E9,776110,776759
776662,-37.832718,144.98407,1.301919071E9,776110,776759
776662,-37.83283,144.98405,1.301919071E9,776110,776759
776662,-37.833096,144.9839,1.301919071E9,776110,776759
776662,-37.833313,144.98369,1.301919071E9,776110,776759
776662,-37.83341,144.98337,1.301919071E9,776110,776759
776662,-37.83343,144.9832,1.301919071E9,776110,776759
776662,-37.833416,144.98308,1.301919071E9,776110,776759
776662,-37.83345,144.98297,1.301919071E9,776110,776759
776662,-37.83349,144.98285,1.301919071E9,776110,776759
776662,-37.833424,144.98259,1.301919071E9,776110,776759
776662,-37.833405,144.98247,1.301919071E9,776110,776759
776662,-37.833393,144.98233,1.301919071E9,776110,776759
776662,-37.83338,144.9822,1.301919071E9,776110,776759
776662,-37.83335,144.98186,1.301919071E9,776110,776759
776662,-37.83334,144.98172,1.301919071E9,776110,776759
776662,-37.83333,144.9816,1.301919071E9,776110,776759
776662,-37.833317,144.98134,1.301919071E9,776110,776759
776662,-37.833317,144.9812,1.301919071E9,776110,776759
776662,-37.83331,144.98097,1.301919071E9,776110,776759
776662,-37.833305,144.98083,1.301919071E9,776110,776759
776662,-37.83331,144.98068,1.301919071E9,776110,776759
776662,-37.83329,144.98053,1.301919071E9,776110,776759
776662,-37.833252,144.98041,1.301919071E9,776110,776759
776662,-37.83321,144.9803,1.301919071E9,776110,776759
776662,-37.83318,144.98018,1.301919071E9,776110,776759
776662,-37.833145,144.98006,1.301919071E9,776110,776759
776662,-37.8331,144.97992,1.301919071E9,776110,776759
776662,-37.833065,144.97981,1.301919071E9,776110,776759
776662,-37.833035,144.97969,1.301919071E9,776110,776759
776662,-37.832966,144.97934,1.301919071E9,776110,776759
776662,-37.832928,144.97922,1.301919071E9,776110,776759
776662,-37.83289,144.9791,1.301919071E9,776110,776759
776662,-37.832855,144.97897,1.301919071E9,776110,776759
776662,-37.832813,144.97887,1.301919071E9,776110,776759
776662,-37.83277,144.97878,1.301919071E9,776110,776759
776662,-37.832706,144.97865,1.301919071E9,776110,776759
776662,-37.832638,144.97856,1.301919071E9,776110,776759
776662,-37.83257,144.97845,1.301919071E9,776110,776759
776662,-37.832436,144.97827,1.301919071E9,776110,776759
776662,-37.83236,144.9782,1.301919071E9,776110,776759
776662,-37.832275,144.9781,1.301919071E9,776110,776759
776662,-37.83212,144.97794,1.301919071E9,776110,776759
776662,-37.832024,144.97784,1.301919071E9,776110,776759
776662,-37.831944,144.97777,1.301919071E9,776110,776759
776662,-37.831867,144.97769,1.301919071E9,776110,776759
776662,-37.831795,144.97762,1.301919071E9,776110,776759
776662,-37.83172,144.97754,1.301919071E9,776110,776759
776662,-37.83152,144.9773,1.301919071E9,776110,776759
776662,-37.83131,144.97707,1.301919071E9,776110,776759
776662,-37.831203,144.97694,1.301919071E9,776110,776759
776662,-37.831146,144.97685,1.301919071E9,776110,776759
776662,-37.83108,144.97673,1.301919071E9,776110,776759
776662,-37.831017,144.97662,1.301919071E9,776110,776759
776662,-37.830956,144.97652,1.301919071E9,776110,776759
776662,-37.8309,144.9764,1.301919071E9,776110,776759
776662,-37.830856,144.97629,1.301919071E9,776110,776759
776662,-37.830814,144.97617,1.301919071E9,776110,776759
776662,-37.83076,144.97603,1.301919071E9,776110,776759
776662,-37.830715,144.97592,1.301919071E9,776110,776759
776662,-37.83068,144.97578,1.301919071E9,776110,776759
776662,-37.830654,144.97565,1.301919071E9,776110,776759
776662,-37.830627,144.97551,1.301919071E9,776110,776759
776662,-37.830593,144.9754,1.301919071E9,776110,776759
776662,-37.830555,144.97528,1.301919071E9,776110,776759
776662,-37.830494,144.97514,1.301919071E9,776110,776759
776662,-37.83044,144.97505,1.301919071E9,776110,776759
776662,-37.83038,144.97495,1.301919071E9,776110,776759
776662,-37.83032,144.97485,1.301919071E9,776110,776759
776662,-37.83024,144.97475,1.301919071E9,776110,776759
776662,-37.830154,144.97467,1.301919071E9,776110,776759
776662,-37.830074,144.97461,1.301919071E9,776110,776759
776662,-37.82998,144.9746,1.301919071E9,776110,776759
776662,-37.829884,144.97456,1.301919071E9,776110,776759
776662,-37.829796,144.97452,1.301919071E9,776110,776759
776662,-37.82971,144.97447,1.301919071E9,776110,776759
776662,-37.829548,144.97438,1.301919071E9,776110,776759
776662,-37.82944,144.97433,1.301919071E9,776110,776759
776662,-37.82934,144.9743,1.301919071E9,776110,776759
776662,-37.829254,144.97429,1.301919071E9,776110,776759
776662,-37.829155,144.97424,1.301919071E