71E9,776110,776759
776662,51.39631,-2.316757,1.301919071E9,776110,776759
776662,51.396206,-2.316755,1.301919071E9,776110,776759
776662,51.39611,-2.31677,1.301919071E9,776110,776759
776662,51.39601,-2.316775,1.301919071E9,776110,776759
776662,51.395893,-2.316777,1.301919071E9,776110,776759
776662,51.395775,-2.316751,1.301919071E9,776110,776759
776662,51.395683,-2.31673,1.301919071E9,776110,776759
776662,51.395573,-2.316692,1.301919071E9,776110,776759
776662,51.395477,-2.316635,1.301919071E9,776110,776759
776662,51.39537,-2.316567,1.301919071E9,776110,776759
776662,51.395264,-2.316499,1.301919071E9,776110,776759
776662,51.395176,-2.316405,1.301919071E9,776110,776759
776662,51.395084,-2.316307,1.301919071E9,776110,776759
776662,51.394997,-2.316205,1.301919071E9,776110,776759
776662,51.39492,-2.316091,1.301919071E9,776110,776759
776662,51.394844,-2.31598,1.301919071E9,776110,776759
776662,51.394787,-2.315813,1.301919071E9,776110,776759
776662,51.394753,-2.315662,1.301919071E9,776110,776759
776662,51.39472,-2.315491,1.301919071E9,776110,776759
776662,51.394695,-2.315342,1.301919071E9,776110,776759
776662,51.39467,-2.315181,1.301919071E9,776110,776759
776662,51.39464,-2.315,1.301919071E9,776110,776759
776662,51.39461,-2.314856,1.301919071E9,776110,776759
776662,51.39459,-2.3147,1.301919071E9,776110,776759
776662,51.39457,-2.314553,1.301919071E9,776110,776759
776662,51.394543,-2.314405,1.301919071E9,776110,776759
776662,51.3945,-2.314269,1.301919071E9,776110,776759
776662,51.39444,-2.314115,1.301919071E9,776110,776759
776662,51.394367,-2.313997,1.301919071E9,776110,776759
776662,51.3943,-2.313906,1.301919071E9,776110,776759
776662,51.394215,-2.313791,1.301919071E9,776110,776759
776662,51.394142,-2.313691,1.301919071E9,776110,776759
776662,51.394073,-2.313598,1.301919071E9,776110,776759
776662,51.393997,-2.313513,1.301919071E9,776110,776759
776662,51.393906,-2.313439,1.301919071E9,776110,776759
776662,51.393803,-2.313399,1.301919071E9,776110,776759
776662,51.393715,-2.313377,1.301919071E9,776110,776759
776662,51.393612,-2.313387,1.301919071E9,776110,776759
776662,51.393494,-2.3134,1.301919071E9,776110,776759
776662,51.393394,-2.313402,1.301919071E9,776110,776759
776662,51.39328,-2.31344,1.301919071E9,776110,776759
776662,51.39318,-2.313491,1.301919071E9,776110,776759
776662,51.393074,-2.313576,1.301919071E9,776110,776759
776662,51.392982,-2.313626,1.301919071E9,776110,776759
776662,51.392868,-2.313688,1.301919071E9,776110,776759
776662,51.392773,-2.313726,1.301919071E9,776110,776759
776662,51.39267,-2.313767,1.301919071E9,776110,776759
776662,51.39256,-2.313823,1.301919071E9,776110,776759
776662,51.392456,-2.313864,1.301919071E9,776110,776759
776662,51.392357,-2.313913,1.301919071E9,776110,776759
776662,51.39225,-2.31395,1.301919071E9,776110,776759
776662,51.392235,-2.314024,1.301919071E9,776110,776759
776662,51.392025,-2.314055,1.301919071E9,776110,776759
776662,51.391968,-2.314056,1.301919071E9,776110,776759
776662,51.39187,-2.314067,1.301919071E9,776110,776759
776662,51.391766,-2.314115,1.301919071E9,776110,776759
776662,51.391655,-2.314154,1.301919071E9,776110,776759
776662,51.39156,-2.314193,1.301919071E9,776110,776759
776662,51.391438,-2.314239,1.301919071E9,776110,776759
776662,51.391346,-2.314296,1.301919071E9,776110,776759
776662,51.39126,-2.31434,1.301919071E9,776110,776759
776662,51.391148,-2.314384,1.301919071E9,776110,776759
776662,51.39104,-2.314404,1.301919071E9,776110,776759
776662,51.39095,-2.314429,1.301919071E9,776110,776759
776662,51.390842,-2.314471,1.301919071E9,776110,776759
776662,51.390747,-2.314489,1.301919071E9,776110,776759
776662,51.390648,-2.314512,1.301919071E9,776110,776759
776662,51.390533,-2.314566,1.301919071E9,776110,776759
776662,51.39044,-2.314602,1.301919071E9,776110,776759
776662,51.39033,-2.314638,1.301919071E9,776110,776759
776662,51.39022,-2.314669,1.301919071E9,776110,776759
776662,51.390118,-2.314682,1.301919071E9,776110,776759
776662,51.39002,-2.314695,1.301919071E9,776110,776759
776662,51.389923,-2.314717,1.301919071E9,776110,776759
776662,51.38983,-2.314728,1.301919071E9,776110,776759
776662,51.389744,-2.314771,1.301919071E9,776110,776759
776662,51.389652,-2.314803,1.301919071E9,776110,776759
776662,51.389545,-2.314841,1.301919071E9,776110,776759
776662,51.389458,-2.314868,1.301919071E9,776110,776759
776662,51.389343,-2.314882,1.301919071E9,776110,776759
776662,51.38922,-2.314905,1.301919071E9,776110,776759
776662,51.38913,-2.314917,1.301919071E9,776110,776759
776662,51.389034,-2.314924,1.301919071E9,776110,776759
776662,51.388924,-2.314912,1.301919071E9,776110,776759
776662,51.388832,-2.314905,1.301919071E9,776110,776759
776662,51.388725,-2.314872,1.301919071E9,776110,776759
776662,51.388622,-2.314846,1.301919071E9,776110,776759
776662,51.388527,-2.314804,1.301919071E9,776110,776759
776662,51.388416,-2.314749,1.301919071E9,776110,776759
776662,51.388306,-2.314706,1.301919071E9,776110,776759
776662,51.38821,-2.314673,1.301919071E9,776110,776759
776662,51.388115,-2.314624,1.301919071E9,776110,776759
776662,51.388027,-2.314566,1.301919071E9,776110,776759
776662,51.387936,-2.314517,1.301919071E9,776110,776759
776662,51.38783,-2.314449,1.301919071E9,776110,776759
776662,51.38775,-2.314383,1.301919071E9,776110,776759
776662,51.38767,-2.314317,1.301919071E9,776110,776759
776662,51.38756,-2.31422,1.301919071E9,776110,776759
776662,51.387455,-2.314144,1.301919071E9,776110,776759
776662,51.38738,-2.314072,1.301919071E9,776110,776759
776662,51.3873,-2.313981,1.301919071E9,776110,776759
776662,51.38723,-2.313886,1.301919071E9,776110,776759
776662,51.387146,-2.313825,1.301919071E9,776110,776759
776662,51.387054,-2.313757,1.301919071E9,776110,776759
776662,51.386948,-2.313711,1.301919071E9,776110,776759
776662,51.386852,-2.313669,1.301919071E9,776110,776759
776662,51.386738,-2.313603,1.301919071E9,776110,776759
776662,51.38665,-2.313564,1.301919071E9,776110,776759
776662,51.386536,-2.313524,1.301919071E9,776110,776759
776662,51.386433,-2.313522,1.301919071E9,776110,776759
776662,51.38632,-2.313509,1.301919071E9,776110,776759
776662,51.38621,-2.313529,1.301919071E9,776110,776759
776662,51.386116,-2.313535,1.301919071E9,776110,776759
776662,51.386024,-2.313534,1.301919071E9,776110,776759
776662,51.38593,-2.313542,1.301919071E9,776110,776759
776662,51.385826,-2.313558,1.301919071E9,776110,776759
776662,51.385715,-2.313543,1.301919071E9,776110,776759
776662,51.385616,-2.313558,1.301919071E9,776110,776759
776662,51.385525,-2.313542,1.301919071E9,776110,776759
776662,51.385414,-2.313518,1.301919071E9,776110,776759
776662,51.38532,-2.313504,1.301919071E9,776110,776759
776662,51.385227,-2.313483,1.301919071E9,776110,776759
776662,51.385113,-2.313463,1.301919071E9,776110,776759
776662,51.385006,-2.313465,1.301919071E9,776110,776759
776662,51.3849,-2.313468,1.301919071E9,776110,776759
776662,51.3848,-2.313459,1.301919071E9,776110,776759
776662,51.384697,-2.313453,1.301919071E9,776110,776759
776662,51.384598,-2.313397,1.301919071E9,776110,776759
776662,51.384487,-2.31332,1.301919071E9,776110,776759
776662,51.38438,-2.313241,1.301919071E9,776110,776759
776662,51.38428,-2.31318,1.301919071E9,776110,776759
776662,51.384197,-2.313127,1.301919071E9,776110,776759
776662,51.384094,-2.31306,1.301919071E9,776110,776759
776662,51.383987,-2.313005,1.301919071E9,776110,776759
776662,51.383877,-2.312936,1.301919071E9,776110,776759
776662,51.383774,-2.312862,1.301919071E9,776110,776759
776662,51.383686,-2.312791,1.301919071E9,776110,776759
776662,51.383587,-2.312711,1.301919071E9,776110,776759
776662,51.383488,-2.312627,1.301919071E9,776110,776759
776662,51.383385,-2.312549,1.301919071E9,776110,776759
776662,51.383293,-2.312437,1.301919071E9,776110,776759
776662,51.383224,-2.312344,1.301919071E9,776110,776759
776662,51.38315,-2.312242,1.301919071E9,776110,776759
776662,51.38307,-2.312121,1.301919071E9,776110,776759
776662,51.382996,-2.311982,1.301919071E9,776110,776759
776662,51.38294,-2.311867,1.301919071E9,776110,776759
776662,51.38287,-2.31172