9
776662,48.84265,2.238572,1.301919071E9,776110,776759
776662,48.843655,2.23791,1.301919071E9,776110,776759
776662,48.842953,2.238486,1.301919071E9,776110,776759
776662,48.843853,2.237885,1.301919071E9,776110,776759
776662,48.843853,2.237885,1.301919071E9,776110,776759
776662,48.84425,2.23752,1.301919071E9,776110,776759
776662,48.84425,2.23752,1.301919071E9,776110,776759
776662,48.84485,2.237391,1.301919071E9,776110,776759
776662,48.84547,2.237198,1.301919071E9,776110,776759
776662,48.845997,2.236962,1.301919071E9,776110,776759
776662,48.84644,2.236834,1.301919071E9,776110,776759
776662,48.846897,2.236812,1.301919071E9,776110,776759
776662,48.847363,2.236876,1.301919071E9,776110,776759
776662,48.84779,2.236984,1.301919071E9,776110,776759
776662,48.84822,2.237113,1.301919071E9,776110,776759
776662,48.848648,2.237177,1.301919071E9,776110,776759
776662,48.849087,2.237284,1.301919071E9,776110,776759
776662,48.849506,2.237434,1.301919071E9,776110,776759
776662,48.849915,2.23767,1.301919071E9,776110,776759
776662,48.85033,2.237799,1.301919071E9,776110,776759
776662,48.85072,2.237499,1.301919071E9,776110,776759
776662,48.85102,2.237027,1.301919071E9,776110,776759
776662,48.8513,2.23649,1.301919071E9,776110,776759
776662,48.85133,2.235825,1.301919071E9,776110,776759
776662,48.85133,2.235804,1.301919071E9,776110,776759
776662,48.851383,2.235095,1.301919071E9,776110,776759
776662,48.851448,2.234452,1.301919071E9,776110,776759
776662,48.851597,2.233787,1.301919071E9,776110,776759
776662,48.85176,2.233121,1.301919071E9,776110,776759
776662,48.85191,2.232499,1.301919071E9,776110,776759
776662,48.85205,2.231877,1.301919071E9,776110,776759
776662,48.85224,2.231255,1.301919071E9,776110,776759
776662,48.852543,2.230761,1.301919071E9,776110,776759
776662,48.852863,2.230332,1.301919071E9,776110,776759
776662,48.853252,2.23001,1.301919071E9,776110,776759
776662,48.853603,2.229645,1.301919071E9,776110,776759
776662,48.853992,2.229345,1.301919071E9,776110,776759
776662,48.8544,2.229066,1.301919071E9,776110,776759
776662,48.854828,2.228873,1.301919071E9,776110,776759
776662,48.855247,2.228723,1.301919071E9,776110,776759
776662,48.855698,2.228551,1.301919071E9,776110,776759
776662,48.856148,2.228487,1.301919071E9,776110,776759
776662,48.856598,2.228508,1.301919071E9,776110,776759
776662,48.857037,2.228487,1.301919071E9,776110,776759
776662,48.857456,2.228658,1.301919071E9,776110,776759
776662,48.857887,2.22883,1.301919071E9,776110,776759
776662,48.858498,2.228551,1.301919071E9,776110,776759
776662,48.858807,2.229002,1.301919071E9,776110,776759
776662,48.859196,2.229302,1.301919071E9,776110,776759
776662,48.859634,2.229259,1.301919071E9,776110,776759
776662,48.860073,2.229323,1.301919071E9,776110,776759
776662,48.86047,2.229581,1.301919071E9,776110,776759
776662,48.86057,2.229624,1.301919071E9,776110,776759
776662,48.860985,2.230053,1.301919071E9,776110,776759
776662,48.861404,2.230332,1.301919071E9,776110,776759
776662,48.861813,2.230525,1.301919071E9,776110,776759
776662,48.862263,2.230718,1.301919071E9,776110,776759
776662,48.862713,2.231083,1.301919071E9,776110,776759
776662,48.86308,2.231469,1.301919071E9,776110,776759
776662,48.86341,2.231877,1.301919071E9,776110,776759
776662,48.86411,2.234881,1.301919071E9,776110,776759
776662,48.864075,2.235589,1.301919071E9,776110,776759
776662,48.863903,2.236211,1.301919071E9,776110,776759
776662,48.863796,2.236447,1.301919071E9,776110,776759
776662,48.863667,2.236662,1.301919071E9,776110,776759
776662,48.863316,2.237048,1.301919071E9,776110,776759
776662,48.863033,2.237542,1.301919071E9,776110,776759
776662,48.86267,2.237906,1.301919071E9,776110,776759
776662,48.862316,2.238271,1.301919071E9,776110,776759
776662,48.861866,2.238185,1.301919071E9,776110,776759
776662,48.861427,2.238121,1.301919071E9,776110,776759
776662,48.86104,2.237799,1.301919071E9,776110,776759
776662,48.860676,2.237413,1.301919071E9,776110,776759
776662,48.860523,2.237327,1.301919071E9,776110,776759
776662,48.860504,2.237306,1.301919071E9,776110,776759
776662,48.860073,2.237198,1.301919071E9,776110,776759
776662,48.860065,2.237198,1.301919071E9,776110,776759
776662,48.859623,2.237134,1.301919071E9,776110,776759
776662,48.859196,2.237113,1.301919071E9,776110,776759
776662,48.858765,2.237155,1.301919071E9,776110,776759
776662,48.858337,2.237327,1.301919071E9,776110,776759
776662,48.85795,2.237628,1.301919071E9,776110,776759
776662,48.857597,2.237992,1.301919071E9,776110,776759
776662,48.85721,2.238271,1.301919071E9,776110,776759
776662,48.85678,2.238421,1.301919071E9,776110,776759
776662,48.85662,2.238443,1.301919071E9,776110,776759
776662,48.85647,2.238443,1.301919071E9,776110,776759
776662,48.85603,2.23855,1.301919071E9,776110,776759
776662,48.85559,2.238765,1.301919071E9,776110,776759
776662,48.85516,2.238808,1.301919071E9,776110,776759
776662,48.85514,2.238808,1.301919071E9,776110,776759
776662,48.854687,2.238894,1.301919071E9,776110,776759
776662,48.854225,2.238765,1.301919071E9,776110,776759
776662,48.85414,2.238765,1.301919071E9,776110,776759
776662,48.85369,2.238786,1.301919071E9,776110,776759
776662,48.85323,2.238808,1.301919071E9,776110,776759
776662,48.8528,2.238722,1.301919071E9,776110,776759
776662,48.85233,2.238808,1.301919071E9,776110,776759
776662,48.851887,2.238936,1.301919071E9,776110,776759
776662,48.85148,2.238679,1.301919071E9,776110,776759
776662,48.851105,2.238357,1.301919071E9,776110,776759
776662,48.851063,2.238336,1.301919071E9,776110,776759
776662,48.850643,2.237949,1.301919071E9,776110,776759
776662,48.850643,2.237949,1.301919071E9,776110,776759
776662,48.850643,2.237949,1.301919071E9,776110,776759
776662,48.850212,2.237799,1.301919071E9,776110,776759
776662,48.850044,2.237778,1.301919071E9,776110,776759
776662,48.849873,2.237756,1.301919071E9,776110,776759
776662,48.84971,2.237713,1.301919071E9,776110,776759
776662,48.84955,2.237692,1.301919071E9,776110,776759
776662,48.84939,2.237606,1.301919071E9,776110,776759
776662,48.84926,2.237585,1.301919071E9,776110,776759
776662,48.84883,2.237477,1.301919071E9,776110,776759
776662,48.84866,2.237456,1.301919071E9,776110,776759
776662,48.848553,2.237434,1.301919071E9,776110,776759
776662,48.84812,2.237306,1.301919071E9,776110,776759
776662,48.847706,2.237177,1.301919071E9,776110,776759
776662,48.84753,2.237134,1.301919071E9,776110,776759
776662,48.847363,2.237091,1.301919071E9,776110,776759
776662,48.847305,2.237091,1.301919071E9,776110,776759
776662,48.84689,2.236941,1.301919071E9,776110,776759
776662,48.84673,2.236962,1.301919071E9,776110,776759
776662,48.846565,2.237005,1.301919071E9,776110,776759
776662,48.846546,2.237005,1.301919071E9,776110,776759
776662,48.846382,2.237048,1.301919071E9,776110,776759
776662,48.846382,2.237048,1.301919071E9,776110,776759
776662,48.846214,2.23707,1.301919071E9,776110,776759
776662,48.84619,2.23707,1.301919071E9,776110,776759
776662,48.845654,2.237113,1.301919071E9,776110,776759
776662,48.845074,2.237134,1.301919071E9,776110,776759
776662,48.844658,2.237413,1.301919071E9,776110,776759
776662,48.84428,2.237756,1.301919071E9,776110,776759
776662,48.843807,2.23825,1.301919071E9,776110,776759
776662,48.84337,2.238164,1.301919071E9,776110,776759
776662,48.84293,2.238207,1.301919071E9,776110,776759
776662,48.842896,2.238207,1.301919071E9,776110,776759
776662,48.84247,2.238421,1.301919071E9,776110,776759
776662,48.84232,2.238486,1.301919071E9,776110,776759
776662,48.84218,2.238593,1.301919071E9,776110,776759
776662,48.842102,2.238636,1.301919071E9,776110,776759
776662,48.841717,2.238915,1.301919071E9,776110,776759
776662,48.841568,2.239001,1.301919071E9,776110,776759
776662,48.841545,2.239022,1.301919071E9,776110,776759
776662,48.841106,2.239258,1.301919071E9,776110,776759
776662,48.840687,2.239687,1.301919071E9,776110,776759
776662,48.84032,2.240031,1.301919071E9,776110,776759
776662,48.83988,2.240117,1.301919071E9,776110,776759
776662,48.8394,2.240031,1.301919071E9,776110,776759
776662,48.83894,2.240117,1.301919071E9,776110,776759
776662,48.83878,2.240159,1.30