19071E9,776110,776759
776662,18.411037,-68.94228,1.301919071E9,776110,776759
776662,18.411058,-68.9422,1.301919071E9,776110,776759
776662,18.411068,-68.94211,1.301919071E9,776110,776759
776662,18.411098,-68.942024,1.301919071E9,776110,776759
776662,18.411106,-68.94193,1.301919071E9,776110,776759
776662,18.411152,-68.94185,1.301919071E9,776110,776759
776662,18.411207,-68.941734,1.301919071E9,776110,776759
776662,18.411242,-68.941635,1.301919071E9,776110,776759
776662,18.411257,-68.94155,1.301919071E9,776110,776759
776662,18.411287,-68.94147,1.301919071E9,776110,776759
776662,18.411293,-68.941376,1.301919071E9,776110,776759
776662,18.411295,-68.94129,1.301919071E9,776110,776759
776662,18.411297,-68.94119,1.301919071E9,776110,776759
776662,18.411285,-68.94109,1.301919071E9,776110,776759
776662,18.41128,-68.94101,1.301919071E9,776110,776759
776662,18.411247,-68.94092,1.301919071E9,776110,776759
776662,18.411219,-68.94081,1.301919071E9,776110,776759
776662,18.411184,-68.94071,1.301919071E9,776110,776759
776662,18.41116,-68.94061,1.301919071E9,776110,776759
776662,18.411125,-68.94053,1.301919071E9,776110,776759
776662,18.411097,-68.94045,1.301919071E9,776110,776759
776662,18.411074,-68.94037,1.301919071E9,776110,776759
776662,18.411045,-68.940285,1.301919071E9,776110,776759
776662,18.411009,-68.940186,1.301919071E9,776110,776759
776662,18.410965,-68.94011,1.301919071E9,776110,776759
776662,18.410923,-68.939995,1.301919071E9,776110,776759
776662,18.410896,-68.93991,1.301919071E9,776110,776759
776662,18.410868,-68.93983,1.301919071E9,776110,776759
776662,18.410831,-68.93974,1.301919071E9,776110,776759
776662,18.41081,-68.93966,1.301919071E9,776110,776759
776662,18.410772,-68.93958,1.301919071E9,776110,776759
776662,18.410725,-68.93951,1.301919071E9,776110,776759
776662,18.410683,-68.93942,1.301919071E9,776110,776759
776662,18.410639,-68.93934,1.301919071E9,776110,776759
776662,18.410593,-68.93926,1.301919071E9,776110,776759
776662,18.410547,-68.93917,1.301919071E9,776110,776759
776662,18.410501,-68.93907,1.301919071E9,776110,776759
776662,18.410454,-68.938995,1.301919071E9,776110,776759
776662,18.410404,-68.9389,1.301919071E9,776110,776759
776662,18.410368,-68.938805,1.301919071E9,776110,776759
776662,18.41034,-68.93871,1.301919071E9,776110,776759
776662,18.410307,-68.938614,1.301919071E9,776110,776759
776662,18.41029,-68.93853,1.301919071E9,776110,776759
776662,18.41026,-68.93843,1.301919071E9,776110,776759
776662,18.410227,-68.93835,1.301919071E9,776110,776759
776662,18.41019,-68.93826,1.301919071E9,776110,776759
776662,18.41015,-68.93816,1.301919071E9,776110,776759
776662,18.41011,-68.93808,1.301919071E9,776110,776759
776662,18.410057,-68.938,1.301919071E9,776110,776759
776662,18.410023,-68.93793,1.301919071E9,776110,776759
776662,18.409971,-68.93784,1.301919071E9,776110,776759
776662,18.40993,-68.93775,1.301919071E9,776110,776759
776662,18.409887,-68.93767,1.301919071E9,776110,776759
776662,18.409853,-68.93758,1.301919071E9,776110,776759
776662,18.409819,-68.93749,1.301919071E9,776110,776759
776662,18.409792,-68.93741,1.301919071E9,776110,776759
776662,18.40977,-68.93732,1.301919071E9,776110,776759
776662,18.409729,-68.937225,1.301919071E9,776110,776759
776662,18.409716,-68.937126,1.301919071E9,776110,776759
776662,18.409712,-68.93703,1.301919071E9,776110,776759
776662,18.409697,-68.936935,1.301919071E9,776110,776759
776662,18.409693,-68.93685,1.301919071E9,776110,776759
776662,18.409681,-68.93675,1.301919071E9,776110,776759
776662,18.409657,-68.93667,1.301919071E9,776110,776759
776662,18.409657,-68.93658,1.301919071E9,776110,776759
776662,18.409676,-68.93648,1.301919071E9,776110,776759
776662,18.409689,-68.93636,1.301919071E9,776110,776759
776662,18.409693,-68.936264,1.301919071E9,776110,776759
776662,18.409658,-68.93617,1.301919071E9,776110,776759
776662,18.409647,-68.93608,1.301919071E9,776110,776759
776662,18.409618,-68.93599,1.301919071E9,776110,776759
776662,18.409603,-68.9359,1.301919071E9,776110,776759
776662,18.40958,-68.93581,1.301919071E9,776110,776759
776662,18.409552,-68.93572,1.301919071E9,776110,776759
776662,18.409533,-68.93564,1.301919071E9,776110,776759
776662,18.409506,-68.93555,1.301919071E9,776110,776759
776662,18.40947,-68.93546,1.301919071E9,776110,776759
776662,18.409391,-68.93539,1.301919071E9,776110,776759
776662,18.40931,-68.935326,1.301919071E9,776110,776759
776662,18.409225,-68.93529,1.301919071E9,776110,776759
776662,18.409136,-68.93523,1.301919071E9,776110,776759
776662,18.409039,-68.93519,1.301919071E9,776110,776759
776662,18.408964,-68.93516,1.301919071E9,776110,776759
776662,18.40887,-68.93511,1.301919071E9,776110,776759
776662,18.408781,-68.93507,1.301919071E9,776110,776759
776662,18.408691,-68.93504,1.301919071E9,776110,776759
776662,18.4086,-68.935005,1.301919071E9,776110,776759
776662,18.408524,-68.93497,1.301919071E9,776110,776759
776662,18.408426,-68.93493,1.301919071E9,776110,776759
776662,18.408352,-68.93489,1.301919071E9,776110,776759
776662,18.408278,-68.93486,1.301919071E9,776110,776759
776662,18.408205,-68.93479,1.301919071E9,776110,776759
776662,18.408133,-68.934746,1.301919071E9,776110,776759
776662,18.408102,-68.934654,1.301919071E9,776110,776759
776662,18.408092,-68.93456,1.301919071E9,776110,776759
776662,18.408112,-68.93447,1.301919071E9,776110,776759
776662,18.408142,-68.93438,1.301919071E9,776110,776759
776662,18.408178,-68.934296,1.301919071E9,776110,776759
776662,18.40823,-68.934204,1.301919071E9,776110,776759
776662,18.408281,-68.93413,1.301919071E9,776110,776759
776662,18.408318,-68.93405,1.301919071E9,776110,776759
776662,18.408363,-68.933975,1.301919071E9,776110,776759
776662,18.408371,-68.93387,1.301919071E9,776110,776759
776662,18.408342,-68.93377,1.301919071E9,776110,776759
776662,18.408323,-68.93367,1.301919071E9,776110,776759
776662,18.408308,-68.93357,1.301919071E9,776110,776759
776662,18.408285,-68.93348,1.301919071E9,776110,776759
776662,18.408272,-68.93339,1.301919071E9,776110,776759
776662,18.40825,-68.933304,1.301919071E9,776110,776759
776662,18.408201,-68.9332,1.301919071E9,776110,776759
776662,18.40816,-68.93311,1.301919071E9,776110,776759
776662,18.4081,-68.93304,1.301919071E9,776110,776759
776662,18.408043,-68.93295,1.301919071E9,776110,776759
776662,18.407984,-68.93288,1.301919071E9,776110,776759
776662,18.40792,-68.932816,1.301919071E9,776110,776759
776662,18.407854,-68.932755,1.301919071E9,776110,776759
776662,18.407778,-68.93271,1.301919071E9,776110,776759
776662,18.407703,-68.932655,1.301919071E9,776110,776759
776662,18.407618,-68.93264,1.301919071E9,776110,776759
776662,18.40754,-68.93259,1.301919071E9,776110,776759
776662,18.407467,-68.93253,1.301919071E9,776110,776759
776662,18.407381,-68.93254,1.301919071E9,776110,776759
776662,18.407307,-68.932495,1.301919071E9,776110,776759
776662,18.40722,-68.932465,1.301919071E9,776110,776759
776662,18.407158,-68.9324,1.301919071E9,776110,776759
776662,18.407076,-68.93236,1.301919071E9,776110,776759
776662,18.407045,-68.932236,1.301919071E9,776110,776759
776662,18.40701,-68.93215,1.301919071E9,776110,776759
776662,18.406973,-68.93207,1.301919071E9,776110,776759
776662,18.407015,-68.93196,1.301919071E9,776110,776759
776662,18.407093,-68.9319,1.301919071E9,776110,776759
776662,18.407179,-68.93188,1.301919071E9,776110,776759
776662,18.407263,-68.93185,1.301919071E9,776110,776759
776662,18.407349,-68.93181,1.301919071E9,776110,776759
776662,18.407444,-68.9318,1.301919071E9,776110,776759
776662,18.407528,-68.931786,1.301919071E9,776110,776759
776662,18.407623,-68.931755,1.301919071E9,776110,776759
776662,18.407715,-68.93173,1.301919071E9,776110,776759
776662,18.407795,-68.93169,1.301919071E9,776110,776759
776662,18.40783,-68.9316,1.301919071E9,776110,776759
776662,18.40787,-68.93152,1.301919071E9,776110,776759
776662,18.407907,-68.93144,1.301919071E9,776110,776759
776662,18.40794,-68.93134,1.301919071E9,776110,776759
776662,18.407978,-68.931244,1.301919071E9,776110,776759
776662,18.407997,-68.93115,1.301919071E9,776110,776759
776662,18.4