19071E9,776110,776759
776662,37.389782,-121.96876,1.301919071E9,776110,776759
776662,37.38989,-121.96875,1.301919071E9,776110,776759
776662,37.389996,-121.96874,1.301919071E9,776110,776759
776662,37.3901,-121.968765,1.301919071E9,776110,776759
776662,37.390186,-121.96883,1.301919071E9,776110,776759
776662,37.39028,-121.96885,1.301919071E9,776110,776759
776662,37.39037,-121.96881,1.301919071E9,776110,776759
776662,37.390453,-121.96875,1.301919071E9,776110,776759
776662,37.39056,-121.968704,1.301919071E9,776110,776759
776662,37.39068,-121.96868,1.301919071E9,776110,776759
776662,37.390774,-121.96867,1.301919071E9,776110,776759
776662,37.390877,-121.96865,1.301919071E9,776110,776759
776662,37.390984,-121.968636,1.301919071E9,776110,776759
776662,37.39109,-121.96861,1.301919071E9,776110,776759
776662,37.391193,-121.9686,1.301919071E9,776110,776759
776662,37.391296,-121.96858,1.301919071E9,776110,776759
776662,37.39139,-121.96855,1.301919071E9,776110,776759
776662,37.391483,-121.96853,1.301919071E9,776110,776759
776662,37.391575,-121.96851,1.301919071E9,776110,776759
776662,37.391666,-121.9685,1.301919071E9,776110,776759
776662,37.39178,-121.96847,1.301919071E9,776110,776759
776662,37.391903,-121.96844,1.301919071E9,776110,776759
776662,37.39201,-121.96842,1.301919071E9,776110,776759
776662,37.392113,-121.96841,1.301919071E9,776110,776759
776662,37.39221,-121.96839,1.301919071E9,776110,776759
776662,37.392303,-121.968376,1.301919071E9,776110,776759
776662,37.392395,-121.96836,1.301919071E9,776110,776759
776662,37.39249,-121.968346,1.301919071E9,776110,776759
776662,37.392593,-121.96832,1.301919071E9,776110,776759
776662,37.392696,-121.9683,1.301919071E9,776110,776759
776662,37.392803,-121.96828,1.301919071E9,776110,776759
776662,37.392906,-121.968254,1.301919071E9,776110,776759
776662,37.392998,-121.96823,1.301919071E9,776110,776759
776662,37.39309,-121.96821,1.301919071E9,776110,776759
776662,37.393208,-121.968185,1.301919071E9,776110,776759
776662,37.393326,-121.96816,1.301919071E9,776110,776759
776662,37.393417,-121.96815,1.301919071E9,776110,776759
776662,37.39351,-121.96813,1.301919071E9,776110,776759
776662,37.39361,-121.96811,1.301919071E9,776110,776759
776662,37.393703,-121.96808,1.301919071E9,776110,776759
776662,37.393795,-121.968056,1.301919071E9,776110,776759
776662,37.393887,-121.96803,1.301919071E9,776110,776759
776662,37.393986,-121.968,1.301919071E9,776110,776759
776662,37.394104,-121.96797,1.301919071E9,776110,776759
776662,37.39423,-121.96796,1.301919071E9,776110,776759
776662,37.39436,-121.96795,1.301919071E9,776110,776759
776662,37.39448,-121.96796,1.301919071E9,776110,776759
776662,37.394596,-121.967964,1.301919071E9,776110,776759
776662,37.3947,-121.96797,1.301919071E9,776110,776759
776662,37.3948,-121.96799,1.301919071E9,776110,776759
776662,37.39489,-121.96801,1.301919071E9,776110,776759
776662,37.39498,-121.96804,1.301919071E9,776110,776759
776662,37.39507,-121.96808,1.301919071E9,776110,776759
776662,37.39518,-121.968124,1.301919071E9,776110,776759
776662,37.395287,-121.96818,1.301919071E9,776110,776759
776662,37.395397,-121.96823,1.301919071E9,776110,776759
776662,37.395485,-121.96828,1.301919071E9,776110,776759
776662,37.39557,-121.968315,1.301919071E9,776110,776759
776662,37.395653,-121.96836,1.301919071E9,776110,776759
776662,37.395737,-121.96841,1.301919071E9,776110,776759
776662,37.39582,-121.968445,1.301919071E9,776110,776759
776662,37.39591,-121.96849,1.301919071E9,776110,776759
776662,37.395996,-121.96853,1.301919071E9,776110,776759
776662,37.39609,-121.96857,1.301919071E9,776110,776759
776662,37.39618,-121.96861,1.301919071E9,776110,776759
776662,37.39627,-121.96865,1.301919071E9,776110,776759
776662,37.39637,-121.96869,1.301919071E9,776110,776759
776662,37.396473,-121.96874,1.301919071E9,776110,776759
776662,37.39657,-121.968796,1.301919071E9,776110,776759
776662,37.39666,-121.96885,1.301919071E9,776110,776759
776662,37.39676,-121.9689,1.301919071E9,776110,776759
776662,37.396873,-121.96896,1.301919071E9,776110,776759
776662,37.39699,-121.96901,1.301919071E9,776110,776759
776662,37.397106,-121.969055,1.301919071E9,776110,776759
776662,37.397217,-121.96909,1.301919071E9,776110,776759
776662,37.397324,-121.96914,1.301919071E9,776110,776759
776662,37.397415,-121.96918,1.301919071E9,776110,776759
776662,37.39751,-121.96922,1.301919071E9,776110,776759
776662,37.397602,-121.96927,1.301919071E9,776110,776759
776662,37.397694,-121.969315,1.301919071E9,776110,776759
776662,37.397785,-121.96935,1.301919071E9,776110,776759
776662,37.397877,-121.96939,1.301919071E9,776110,776759
776662,37.39798,-121.96944,1.301919071E9,776110,776759
776662,37.398067,-121.969475,1.301919071E9,776110,776759
776662,37.398163,-121.969505,1.301919071E9,776110,776759
776662,37.39826,-121.969536,1.301919071E9,776110,776759
776662,37.398342,-121.96957,1.301919071E9,776110,776759
776662,37.398464,-121.96961,1.301919071E9,776110,776759
776662,37.398563,-121.96965,1.301919071E9,776110,776759
776662,37.39866,-121.96969,1.301919071E9,776110,776759
776662,37.39876,-121.96973,1.301919071E9,776110,776759
776662,37.39886,-121.96977,1.301919071E9,776110,776759
776662,37.398952,-121.96981,1.301919071E9,776110,776759
776662,37.399044,-121.96986,1.301919071E9,776110,776759
776662,37.39913,-121.96991,1.301919071E9,776110,776759
776662,37.39922,-121.96996,1.301919071E9,776110,776759
776662,37.399303,-121.97002,1.301919071E9,776110,776759
776662,37.399406,-121.97008,1.301919071E9,776110,776759
776662,37.399517,-121.97012,1.301919071E9,776110,776759
776662,37.39961,-121.97016,1.301919071E9,776110,776759
776662,37.399715,-121.97019,1.301919071E9,776110,776759
776662,37.39983,-121.97023,1.301919071E9,776110,776759
776662,37.39994,-121.97027,1.301919071E9,776110,776759
776662,37.400043,-121.9703,1.301919071E9,776110,776759
776662,37.400146,-121.97034,1.301919071E9,776110,776759
776662,37.400246,-121.97037,1.301919071E9,776110,776759
776662,37.40035,-121.9704,1.301919071E9,776110,776759
776662,37.400448,-121.97043,1.301919071E9,776110,776759
776662,37.40055,-121.97047,1.301919071E9,776110,776759
776662,37.400646,-121.9705,1.301919071E9,776110,776759
776662,37.40074,-121.97053,1.301919071E9,776110,776759
776662,37.400837,-121.970566,1.301919071E9,776110,776759
776662,37.400932,-121.97061,1.301919071E9,776110,776759
776662,37.401016,-121.97065,1.301919071E9,776110,776759
776662,37.4011,-121.970695,1.301919071E9,776110,776759
776662,37.401184,-121.97074,1.301919071E9,776110,776759
776662,37.40127,-121.97079,1.301919071E9,776110,776759
776662,37.40136,-121.97084,1.301919071E9,776110,776759
776662,37.40144,-121.9709,1.301919071E9,776110,776759
776662,37.40152,-121.97096,1.301919071E9,776110,776759
776662,37.4016,-121.97102,1.301919071E9,776110,776759
776662,37.40168,-121.971085,1.301919071E9,776110,776759
776662,37.40176,-121.971146,1.301919071E9,776110,776759
776662,37.40184,-121.971214,1.301919071E9,776110,776759
776662,37.40192,-121.971275,1.301919071E9,776110,776759
776662,37.402004,-121.97134,1.301919071E9,776110,776759
776662,37.40209,-121.971405,1.301919071E9,776110,776759
776662,37.402164,-121.97147,1.301919071E9,776110,776759
776662,37.402252,-121.97154,1.301919071E9,776110,776759
776662,37.402348,-121.97161,1.301919071E9,776110,776759
776662,37.40245,-121.97168,1.301919071E9,776110,776759
776662,37.402557,-121.97175,1.301919071E9,776110,776759
776662,37.402653,-121.97182,1.301919071E9,776110,776759
776662,37.40275,-121.971886,1.301919071E9,776110,776759
776662,37.40284,-121.97194,1.301919071E9,776110,776759
776662,37.40293,-121.972,1.301919071E9,776110,776759
776662,37.40302,-121.97207,1.301919071E9,776110,776759
776662,37.40311,-121.972145,1.301919071E9,776110,776759
776662,37.40321,-121.97221,1.301919071E9,776110,776759
776662,37.403313,-121.97227,1.301919071E9,776110,776759
776662,37.403408,-121.97232,1.301919071E9,776110,776759
776662,37.403492,-121.97238,1.301919071E9,776110,776759
776662,37.403625,-121.97249,1.301919071E9,776110,776759
776662,37.40374,-121.9726,1