1E9,776110,776759
776662,37.399174,-122.10941,1.301919071E9,776110,776759
776662,37.39924,-122.109505,1.301919071E9,776110,776759
776662,37.39931,-122.10962,1.301919071E9,776110,776759
776662,37.399364,-122.109726,1.301919071E9,776110,776759
776662,37.399403,-122.109825,1.301919071E9,776110,776759
776662,37.399445,-122.10996,1.301919071E9,776110,776759
776662,37.399506,-122.11009,1.301919071E9,776110,776759
776662,37.399563,-122.110214,1.301919071E9,776110,776759
776662,37.399612,-122.11035,1.301919071E9,776110,776759
776662,37.39967,-122.11047,1.301919071E9,776110,776759
776662,37.39973,-122.11061,1.301919071E9,776110,776759
776662,37.399776,-122.110725,1.301919071E9,776110,776759
776662,37.399822,-122.11084,1.301919071E9,776110,776759
776662,37.39987,-122.11094,1.301919071E9,776110,776759
776662,37.399925,-122.11104,1.301919071E9,776110,776759
776662,37.39999,-122.11115,1.301919071E9,776110,776759
776662,37.40004,-122.11125,1.301919071E9,776110,776759
776662,37.4001,-122.11134,1.301919071E9,776110,776759
776662,37.400166,-122.111435,1.301919071E9,776110,776759
776662,37.400227,-122.11153,1.301919071E9,776110,776759
776662,37.400288,-122.11166,1.301919071E9,776110,776759
776662,37.400352,-122.11178,1.301919071E9,776110,776759
776662,37.400417,-122.1119,1.301919071E9,776110,776759
776662,37.400482,-122.11202,1.301919071E9,776110,776759
776662,37.400555,-122.112144,1.301919071E9,776110,776759
776662,37.400635,-122.112236,1.301919071E9,776110,776759
776662,37.4007,-122.11233,1.301919071E9,776110,776759
776662,37.400764,-122.11245,1.301919071E9,776110,776759
776662,37.40083,-122.11257,1.301919071E9,776110,776759
776662,37.40089,-122.11269,1.301919071E9,776110,776759
776662,37.400936,-122.11279,1.301919071E9,776110,776759
776662,37.400997,-122.11292,1.301919071E9,776110,776759
776662,37.401054,-122.113045,1.301919071E9,776110,776759
776662,37.40112,-122.11317,1.301919071E9,776110,776759
776662,37.40121,-122.11325,1.301919071E9,776110,776759
776662,37.401295,-122.113304,1.301919071E9,776110,776759
776662,37.401375,-122.113365,1.301919071E9,776110,776759
776662,37.401474,-122.11343,1.301919071E9,776110,776759
776662,37.401524,-122.11354,1.301919071E9,776110,776759
776662,37.401497,-122.11367,1.301919071E9,776110,776759
776662,37.40152,-122.113785,1.301919071E9,776110,776759
776662,37.40156,-122.1139,1.301919071E9,776110,776759
776662,37.401615,-122.11401,1.301919071E9,776110,776759
776662,37.40167,-122.11411,1.301919071E9,776110,776759
776662,37.401726,-122.114204,1.301919071E9,776110,776759
776662,37.40178,-122.1143,1.301919071E9,776110,776759
776662,37.401836,-122.11442,1.301919071E9,776110,776759
776662,37.401894,-122.11453,1.301919071E9,776110,776759
776662,37.401955,-122.114655,1.301919071E9,776110,776759
776662,37.402023,-122.11478,1.301919071E9,776110,776759
776662,37.40208,-122.11487,1.301919071E9,776110,776759
776662,37.402153,-122.11499,1.301919071E9,776110,776759
776662,37.402206,-122.11508,1.301919071E9,776110,776759
776662,37.402256,-122.11517,1.301919071E9,776110,776759
776662,37.402325,-122.11529,1.301919071E9,776110,776759
776662,37.40239,-122.1154,1.301919071E9,776110,776759
776662,37.402466,-122.11551,1.301919071E9,776110,776759
776662,37.402534,-122.1156,1.301919071E9,776110,776759
776662,37.402603,-122.115685,1.301919071E9,776110,776759
776662,37.40267,-122.11576,1.301919071E9,776110,776759
776662,37.40276,-122.11586,1.301919071E9,776110,776759
776662,37.40282,-122.115944,1.301919071E9,776110,776759
776662,37.402897,-122.11605,1.301919071E9,776110,776759
776662,37.402966,-122.11616,1.301919071E9,776110,776759
776662,37.403034,-122.116264,1.301919071E9,776110,776759
776662,37.403114,-122.11637,1.301919071E9,776110,776759
776662,37.4032,-122.11648,1.301919071E9,776110,776759
776662,37.40329,-122.11658,1.301919071E9,776110,776759
776662,37.40336,-122.116646,1.301919071E9,776110,776759
776662,37.403446,-122.116745,1.301919071E9,776110,776759
776662,37.403515,-122.11683,1.301919071E9,776110,776759
776662,37.403576,-122.11691,1.301919071E9,776110,776759
776662,37.40366,-122.11701,1.301919071E9,776110,776759
776662,37.403744,-122.11711,1.301919071E9,776110,776759
776662,37.403828,-122.11721,1.301919071E9,776110,776759
776662,37.403908,-122.11731,1.301919071E9,776110,776759
776662,37.403988,-122.11741,1.301919071E9,776110,776759
776662,37.40407,-122.1175,1.301919071E9,776110,776759
776662,37.404137,-122.117584,1.301919071E9,776110,776759
776662,37.4042,-122.11767,1.301919071E9,776110,776759
776662,37.40427,-122.11775,1.301919071E9,776110,776759
776662,37.40433,-122.11784,1.301919071E9,776110,776759
776662,37.4044,-122.11792,1.301919071E9,776110,776759
776662,37.40447,-122.118,1.301919071E9,776110,776759
776662,37.40455,-122.11808,1.301919071E9,776110,776759
776662,37.404617,-122.118164,1.301919071E9,776110,776759
776662,37.404682,-122.11824,1.301919071E9,776110,776759
776662,37.404778,-122.11834,1.301919071E9,776110,776759
776662,37.404854,-122.1184,1.301919071E9,776110,776759
776662,37.40495,-122.118484,1.301919071E9,776110,776759
776662,37.405045,-122.118576,1.301919071E9,776110,776759
776662,37.405132,-122.118675,1.301919071E9,776110,776759
776662,37.40521,-122.11875,1.301919071E9,776110,776759
776662,37.405285,-122.118835,1.301919071E9,776110,776759
776662,37.405365,-122.11894,1.301919071E9,776110,776759
776662,37.405437,-122.11904,1.301919071E9,776110,776759
776662,37.405506,-122.11914,1.301919071E9,776110,776759
776662,37.405575,-122.11923,1.301919071E9,776110,776759
776662,37.405663,-122.11932,1.301919071E9,776110,776759
776662,37.405754,-122.11939,1.301919071E9,776110,776759
776662,37.40585,-122.11948,1.301919071E9,776110,776759
776662,37.405933,-122.11955,1.301919071E9,776110,776759
776662,37.406017,-122.11962,1.301919071E9,776110,776759
776662,37.406097,-122.11969,1.301919071E9,776110,776759
776662,37.40619,-122.11976,1.301919071E9,776110,776759
776662,37.406273,-122.11983,1.301919071E9,776110,776759
776662,37.40634,-122.119896,1.301919071E9,776110,776759
776662,37.40644,-122.11999,1.301919071E9,776110,776759
776662,37.406517,-122.12005,1.301919071E9,776110,776759
776662,37.406612,-122.12013,1.301919071E9,776110,776759
776662,37.406708,-122.12021,1.301919071E9,776110,776759
776662,37.4068,-122.1203,1.301919071E9,776110,776759
776662,37.40689,-122.120384,1.301919071E9,776110,776759
776662,37.406982,-122.12046,1.301919071E9,776110,776759
776662,37.40708,-122.12054,1.301919071E9,776110,776759
776662,37.407166,-122.12061,1.301919071E9,776110,776759
776662,37.407265,-122.1207,1.301919071E9,776110,776759
776662,37.407345,-122.120766,1.301919071E9,776110,776759
776662,37.407433,-122.120834,1.301919071E9,776110,776759
776662,37.407536,-122.1209,1.301919071E9,776110,776759
776662,37.407642,-122.120964,1.301919071E9,776110,776759
776662,37.407745,-122.121025,1.301919071E9,776110,776759
776662,37.40784,-122.12107,1.301919071E9,776110,776759
776662,37.40794,-122.12114,1.301919071E9,776110,776759
776662,37.408028,-122.12121,1.301919071E9,776110,776759
776662,37.4081,-122.12128,1.301919071E9,776110,776759
776662,37.408184,-122.12135,1.301919071E9,776110,776759
776662,37.408268,-122.12143,1.301919071E9,776110,776759
776662,37.40835,-122.12149,1.301919071E9,776110,776759
776662,37.408432,-122.12155,1.301919071E9,776110,776759
776662,37.408524,-122.12163,1.301919071E9,776110,776759
776662,37.408615,-122.12169,1.301919071E9,776110,776759
776662,37.4087,-122.12175,1.301919071E9,776110,776759
776662,37.408802,-122.121826,1.301919071E9,776110,776759
776662,37.408894,-122.121895,1.301919071E9,776110,776759
776662,37.408985,-122.12196,1.301919071E9,776110,776759
776662,37.409084,-122.122025,1.301919071E9,776110,776759
776662,37.40917,-122.12207,1.301919071E9,776110,776759
776662,37.40927,-122.12214,1.301919071E9,776110,776759
776662,37.409348,-122.12221,1.301919071E9,776110,776759
776662,37.409424,-122.122284,1.301919071E9,776110,776759
776662,37.4095,-122.122345,1.301919071E9,776110,776759
776662,37.409584,-122.122406,1.301919071E9,776110,776759
776662,3