,776110,776759
776662,20.931742,-156.69197,1.301919071E9,776110,776759
776662,20.931702,-156.69206,1.301919071E9,776110,776759
776662,20.931658,-156.69215,1.301919071E9,776110,776759
776662,20.931658,-156.69226,1.301919071E9,776110,776759
776662,20.931604,-156.69237,1.301919071E9,776110,776759
776662,20.931524,-156.69244,1.301919071E9,776110,776759
776662,20.93143,-156.69252,1.301919071E9,776110,776759
776662,20.931332,-156.69258,1.301919071E9,776110,776759
776662,20.931242,-156.69263,1.301919071E9,776110,776759
776662,20.931158,-156.69267,1.301919071E9,776110,776759
776662,20.931063,-156.69272,1.301919071E9,776110,776759
776662,20.930965,-156.69275,1.301919071E9,776110,776759
776662,20.930876,-156.69278,1.301919071E9,776110,776759
776662,20.9308,-156.69283,1.301919071E9,776110,776759
776662,20.93073,-156.6929,1.301919071E9,776110,776759
776662,20.930668,-156.69301,1.301919071E9,776110,776759
776662,20.930628,-156.69312,1.301919071E9,776110,776759
776662,20.930489,-156.69312,1.301919071E9,776110,776759
776662,20.93038,-156.69315,1.301919071E9,776110,776759
776662,20.930286,-156.69319,1.301919071E9,776110,776759
776662,20.930204,-156.69324,1.301919071E9,776110,776759
776662,20.930124,-156.6933,1.301919071E9,776110,776759
776662,20.93005,-156.69337,1.301919071E9,776110,776759
776662,20.929968,-156.69345,1.301919071E9,776110,776759
776662,20.929886,-156.69351,1.301919071E9,776110,776759
776662,20.929796,-156.69356,1.301919071E9,776110,776759
776662,20.929699,-156.69362,1.301919071E9,776110,776759
776662,20.929619,-156.6937,1.301919071E9,776110,776759
776662,20.929531,-156.69376,1.301919071E9,776110,776759
776662,20.929441,-156.69382,1.301919071E9,776110,776759
776662,20.929358,-156.69388,1.301919071E9,776110,776759
776662,20.929276,-156.69395,1.301919071E9,776110,776759
776662,20.929201,-156.69402,1.301919071E9,776110,776759
776662,20.92913,-156.69409,1.301919071E9,776110,776759
776662,20.929058,-156.69418,1.301919071E9,776110,776759
776662,20.928997,-156.69427,1.301919071E9,776110,776759
776662,20.92893,-156.69438,1.301919071E9,776110,776759
776662,20.928864,-156.69447,1.301919071E9,776110,776759
776662,20.92881,-156.69455,1.301919071E9,776110,776759
776662,20.928745,-156.69464,1.301919071E9,776110,776759
776662,20.928654,-156.6947,1.301919071E9,776110,776759
776662,20.928558,-156.69475,1.301919071E9,776110,776759
776662,20.928455,-156.69473,1.301919071E9,776110,776759
776662,20.928383,-156.69466,1.301919071E9,776110,776759
776662,20.928335,-156.69455,1.301919071E9,776110,776759
776662,20.928299,-156.69444,1.301919071E9,776110,776759
776662,20.92827,-156.69434,1.301919071E9,776110,776759
776662,20.928238,-156.69421,1.301919071E9,776110,776759
776662,20.928185,-156.69429,1.301919071E9,776110,776759
776662,20.928185,-156.69441,1.301919071E9,776110,776759
776662,20.928194,-156.69452,1.301919071E9,776110,776759
776662,20.928198,-156.69463,1.301919071E9,776110,776759
776662,20.928204,-156.69473,1.301919071E9,776110,776759
776662,20.928234,-156.69484,1.301919071E9,776110,776759
776662,20.928263,-156.69493,1.301919071E9,776110,776759
776662,20.928291,-156.69502,1.301919071E9,776110,776759
776662,20.928316,-156.69513,1.301919071E9,776110,776759
776662,20.928347,-156.69522,1.301919071E9,776110,776759
776662,20.928358,-156.69533,1.301919071E9,776110,776759
776662,20.928308,-156.69543,1.301919071E9,776110,776759
776662,20.928146,-156.69554,1.301919071E9,776110,776759
776662,20.928059,-156.6956,1.301919071E9,776110,776759
776662,20.927906,-156.69574,1.301919071E9,776110,776759
776662,20.927818,-156.69577,1.301919071E9,776110,776759
776662,20.927729,-156.69588,1.301919071E9,776110,776759
776662,20.927662,-156.69594,1.301919071E9,776110,776759
776662,20.927515,-156.69603,1.301919071E9,776110,776759
776662,20.927412,-156.69608,1.301919071E9,776110,776759
776662,20.92748,-156.69614,1.301919071E9,776110,776759
776662,20.927578,-156.69612,1.301919071E9,776110,776759
776662,20.927618,-156.69603,1.301919071E9,776110,776759
776662,20.927662,-156.69592,1.301919071E9,776110,776759
776662,20.927713,-156.69583,1.301919071E9,776110,776759
776662,20.927778,-156.69576,1.301919071E9,776110,776759
776662,20.927883,-156.69572,1.301919071E9,776110,776759
776662,20.927977,-156.69572,1.301919071E9,776110,776759
776662,20.928078,-156.69571,1.301919071E9,776110,776759
776662,20.928154,-156.69563,1.301919071E9,776110,776759
776662,20.928211,-156.69554,1.301919071E9,776110,776759
776662,20.928232,-156.69543,1.301919071E9,776110,776759
776662,20.928223,-156.69533,1.301919071E9,776110,776759
776662,20.92821,-156.69522,1.301919071E9,776110,776759
776662,20.928192,-156.69511,1.301919071E9,776110,776759
776662,20.92819,-156.695,1.301919071E9,776110,776759
776662,20.928194,-156.6949,1.301919071E9,776110,776759
776662,20.92819,-156.6948,1.301919071E9,776110,776759
776662,20.928186,-156.69469,1.301919071E9,776110,776759
776662,20.928171,-156.69458,1.301919071E9,776110,776759
776662,20.92815,-156.69447,1.301919071E9,776110,776759
776662,20.928127,-156.69437,1.301919071E9,776110,776759
776662,20.9281,-156.69426,1.301919071E9,776110,776759
776662,20.928164,-156.69435,1.301919071E9,776110,776759
776662,20.928183,-156.69446,1.301919071E9,776110,776759
776662,20.928217,-156.69455,1.301919071E9,776110,776759
776662,20.928265,-156.69464,1.301919071E9,776110,776759
776662,20.928347,-156.6947,1.301919071E9,776110,776759
776662,20.928436,-156.69467,1.301919071E9,776110,776759
776662,20.928532,-156.69463,1.301919071E9,776110,776759
776662,20.928596,-156.69455,1.301919071E9,776110,776759
776662,20.928652,-156.69446,1.301919071E9,776110,776759
776662,20.928705,-156.69437,1.301919071E9,776110,776759
776662,20.928757,-156.69426,1.301919071E9,776110,776759
776662,20.928812,-156.69417,1.301919071E9,776110,776759
776662,20.92888,-156.69409,1.301919071E9,776110,776759
776662,20.928959,-156.69402,1.301919071E9,776110,776759
776662,20.929037,-156.69394,1.301919071E9,776110,776759
776662,20.929115,-156.6939,1.301919071E9,776110,776759
776662,20.929197,-156.69385,1.301919071E9,776110,776759
776662,20.929277,-156.69379,1.301919071E9,776110,776759
776662,20.92936,-156.69373,1.301919071E9,776110,776759
776662,20.929445,-156.69368,1.301919071E9,776110,776759
776662,20.929537,-156.69362,1.301919071E9,776110,776759
776662,20.929626,-156.69356,1.301919071E9,776110,776759
776662,20.929714,-156.69348,1.301919071E9,776110,776759
776662,20.929794,-156.69342,1.301919071E9,776110,776759
776662,20.929878,-156.69336,1.301919071E9,776110,776759
776662,20.929964,-156.6933,1.301919071E9,776110,776759
776662,20.93005,-156.69324,1.301919071E9,776110,776759
776662,20.930143,-156.69322,1.301919071E9,776110,776759
776662,20.93025,-156.69324,1.301919071E9,776110,776759
776662,20.930323,-156.69316,1.301919071E9,776110,776759
776662,20.930347,-156.69305,1.301919071E9,776110,776759
776662,20.930393,-156.69295,1.301919071E9,776110,776759
776662,20.930475,-156.69289,1.301919071E9,776110,776759
776662,20.930573,-156.69286,1.301919071E9,776110,776759
776662,20.930672,-156.6928,1.301919071E9,776110,776759
776662,20.930765,-156.69276,1.301919071E9,776110,776759
776662,20.930847,-156.69269,1.301919071E9,776110,776759
776662,20.930944,-156.69264,1.301919071E9,776110,776759
776662,20.931108,-156.69261,1.301919071E9,776110,776759
776662,20.931217,-156.69257,1.301919071E9,776110,776759
776662,20.931328,-156.69252,1.301919071E9,776110,776759
776662,20.931416,-156.69247,1.301919071E9,776110,776759
776662,20.931501,-156.69238,1.301919071E9,776110,776759
776662,20.93155,-156.6923,1.301919071E9,776110,776759
776662,20.931585,-156.6922,1.301919071E9,776110,776759
776662,20.931608,-156.69211,1.301919071E9,776110,776759
776662,20.931635,-156.69197,1.301919071E9,776110,776759
776662,20.931679,-156.6919,1.301919071E9,776110,776759
776662,20.931768,-156.69183,1.301919071E9,776110,776759
776662,20.93187,-156.69182,1.301919071E9,776110,776759
776662,20.931969,-156.69183,1.301919071E9,776110,776759
776662,20.932076,-156.69185,1.301919071E9,776110,776759
776662,20.93218,