9,776110,776759
776662,41.13661,1.2543031,1.301919071E9,776110,776759
776662,41.136513,1.2542931,1.301919071E9,776110,776759
776662,41.13641,1.2542921,1.301919071E9,776110,776759
776662,41.136303,1.2542951,1.301919071E9,776110,776759
776662,41.136047,1.2543287,1.301919071E9,776110,776759
776662,41.135876,1.2542452,1.301919071E9,776110,776759
776662,41.13574,1.2541528,1.301919071E9,776110,776759
776662,41.135654,1.2541136,1.301919071E9,776110,776759
776662,41.13551,1.254082,1.301919071E9,776110,776759
776662,41.135403,1.2540609,1.301919071E9,776110,776759
776662,41.13529,1.2540423,1.301919071E9,776110,776759
776662,41.135185,1.2540355,1.301919071E9,776110,776759
776662,41.135075,1.2540394,1.301919071E9,776110,776759
776662,41.134968,1.2540326,1.301919071E9,776110,776759
776662,41.134884,1.2540224,1.301919071E9,776110,776759
776662,41.134846,1.2539262,1.301919071E9,776110,776759
776662,41.134888,1.2538242,1.301919071E9,776110,776759
776662,41.13492,1.2536986,1.301919071E9,776110,776759
776662,41.1349,1.2535586,1.301919071E9,776110,776759
776662,41.13489,1.2534406,1.301919071E9,776110,776759
776662,41.134846,1.2533358,1.301919071E9,776110,776759
776662,41.134758,1.2532724,1.301919071E9,776110,776759
776662,41.134674,1.2532827,1.301919071E9,776110,776759
776662,41.134575,1.2532613,1.301919071E9,776110,776759
776662,41.134457,1.2532437,1.301919071E9,776110,776759
776662,41.13437,1.2532138,1.301919071E9,776110,776759
776662,41.134285,1.2531793,1.301919071E9,776110,776759
776662,41.1342,1.2531462,1.301919071E9,776110,776759
776662,41.134087,1.2531146,1.301919071E9,776110,776759
776662,41.134,1.2530942,1.301919071E9,776110,776759
776662,41.13399,1.2528071,1.301919071E9,776110,776759
776662,41.133934,1.2527195,1.301919071E9,776110,776759
776662,41.133858,1.2526304,1.301919071E9,776110,776759
776662,41.133736,1.2526363,1.301919071E9,776110,776759
776662,41.133648,1.2526994,1.301919071E9,776110,776759
776662,41.13354,1.2527469,1.301919071E9,776110,776759
776662,41.133434,1.2528137,1.301919071E9,776110,776759
776662,41.13334,1.2528287,1.301919071E9,776110,776759
776662,41.133232,1.2528015,1.301919071E9,776110,776759
776662,41.1332,1.2526761,1.301919071E9,776110,776759
776662,41.133106,1.2526243,1.301919071E9,776110,776759
776662,41.133057,1.252521,1.301919071E9,776110,776759
776662,41.133015,1.2524109,1.301919071E9,776110,776759
776662,41.13296,1.2523099,1.301919071E9,776110,776759
776662,41.13287,1.2522418,1.301919071E9,776110,776759
776662,41.1328,1.2521664,1.301919071E9,776110,776759
776662,41.132732,1.25209,1.301919071E9,776110,776759
776662,41.13266,1.2520268,1.301919071E9,776110,776759
776662,41.13257,1.2519224,1.301919071E9,776110,776759
776662,41.1325,1.2518432,1.301919071E9,776110,776759
776662,41.13243,1.2517631,1.301919071E9,776110,776759
776662,41.13234,1.2516736,1.301919071E9,776110,776759
776662,41.132263,1.251556,1.301919071E9,776110,776759
776662,41.132187,1.2514596,1.301919071E9,776110,776759
776662,41.132175,1.251299,1.301919071E9,776110,776759
776662,41.132175,1.2511096,1.301919071E9,776110,776759
776662,41.132156,1.250908,1.301919071E9,776110,776759
776662,41.132137,1.250702,1.301919071E9,776110,776759
776662,41.13212,1.250498,1.301919071E9,776110,776759
776662,41.1321,1.2503144,1.301919071E9,776110,776759
776662,41.132122,1.2501694,1.301919071E9,776110,776759
776662,41.13216,1.2500513,1.301919071E9,776110,776759
776662,41.13214,1.2499276,1.301919071E9,776110,776759
776662,41.13214,1.249776,1.301919071E9,776110,776759
776662,41.132156,1.2496326,1.301919071E9,776110,776759
776662,41.132175,1.2494999,1.301919071E9,776110,776759
776662,41.13219,1.2493858,1.301919071E9,776110,776759
776662,41.132202,1.2492653,1.301919071E9,776110,776759
776662,41.132214,1.2491522,1.301919071E9,776110,776759
776662,41.132233,1.2490152,1.301919071E9,776110,776759
776662,41.13224,1.2488788,1.301919071E9,776110,776759
776662,41.1322,1.2487583,1.301919071E9,776110,776759
776662,41.13215,1.2486323,1.301919071E9,776110,776759
776662,41.132095,1.2485279,1.301919071E9,776110,776759
776662,41.13203,1.2484155,1.301919071E9,776110,776759
776662,41.13198,1.2483088,1.301919071E9,776110,776759
776662,41.131927,1.248202,1.301919071E9,776110,776759
776662,41.13187,1.2481077,1.301919071E9,776110,776759
776662,41.13179,1.2479821,1.301919071E9,776110,776759
776662,41.13175,1.2478498,1.301919071E9,776110,776759
776662,41.131695,1.2477005,1.301919071E9,776110,776759
776662,41.13163,1.2475386,1.301919071E9,776110,776759
776662,41.131546,1.2473781,1.301919071E9,776110,776759
776662,41.13144,1.247212,1.301919071E9,776110,776759
776662,41.131386,1.2471203,1.301919071E9,776110,776759
776662,41.131325,1.2470205,1.301919071E9,776110,776759
776662,41.131268,1.2469219,1.301919071E9,776110,776759
776662,41.131207,1.2468381,1.301919071E9,776110,776759
776662,41.131134,1.246757,1.301919071E9,776110,776759
776662,41.131058,1.2466714,1.301919071E9,776110,776759
776662,41.130985,1.2465976,1.301919071E9,776110,776759
776662,41.1309,1.2465371,1.301919071E9,776110,776759
776662,41.130836,1.2464408,1.301919071E9,776110,776759
776662,41.130764,1.246367,1.301919071E9,776110,776759
776662,41.130695,1.2463,1.301919071E9,776110,776759
776662,41.130627,1.2462189,1.301919071E9,776110,776759
776662,41.130554,1.2461379,1.301919071E9,776110,776759
776662,41.130486,1.246057,1.301919071E9,776110,776759
776662,41.13041,1.2459726,1.301919071E9,776110,776759
776662,41.13033,1.2458897,1.301919071E9,776110,776759
776662,41.130257,1.2457981,1.301919071E9,776110,776759
776662,41.13018,1.2457211,1.301919071E9,776110,776759
776662,41.130108,1.2456378,1.301919071E9,776110,776759
776662,41.130047,1.2455592,1.301919071E9,776110,776759
776662,41.129974,1.2454859,1.301919071E9,776110,776759
776662,41.129906,1.2454112,1.301919071E9,776110,776759
776662,41.129837,1.2453414,1.301919071E9,776110,776759
776662,41.129715,1.2452078,1.301919071E9,776110,776759
776662,41.129635,1.2451774,1.301919071E9,776110,776759
776662,41.1295,1.2450697,1.301919071E9,776110,776759
776662,41.129417,1.2450435,1.301919071E9,776110,776759
776662,41.129322,1.2450122,1.301919071E9,776110,776759
776662,41.129234,1.2449765,1.301919071E9,776110,776759
776662,41.129147,1.2449389,1.301919071E9,776110,776759
776662,41.12905,1.2448913,1.301919071E9,776110,776759
776662,41.128952,1.244852,1.301919071E9,776110,776759
776662,41.128857,1.2448133,1.301919071E9,776110,776759
776662,41.12876,1.2447717,1.301919071E9,776110,776759
776662,41.12867,1.2447325,1.301919071E9,776110,776759
776662,41.12858,1.2446917,1.301919071E9,776110,776759
776662,41.128487,1.2446555,1.301919071E9,776110,776759
776662,41.128387,1.2446271,1.301919071E9,776110,776759
776662,41.128284,1.2445834,1.301919071E9,776110,776759
776662,41.128185,1.2445484,1.301919071E9,776110,776759
776662,41.12808,1.2445047,1.301919071E9,776110,776759
776662,41.127987,1.2444521,1.301919071E9,776110,776759
776662,41.127888,1.2444112,1.301919071E9,776110,776759
776662,41.127792,1.2443696,1.301919071E9,776110,776759
776662,41.127705,1.2443388,1.301919071E9,776110,776759
776662,41.127613,1.2443103,1.301919071E9,776110,776759
776662,41.127533,1.2442888,1.301919071E9,776110,776759
776662,41.12739,1.2442741,1.301919071E9,776110,776759
776662,41.127316,1.2442411,1.301919071E9,776110,776759
776662,41.127224,1.2441919,1.301919071E9,776110,776759
776662,41.12712,1.2441841,1.301919071E9,776110,776759
776662,41.126987,1.2441725,1.301919071E9,776110,776759
776662,41.12688,1.2441436,1.301919071E9,776110,776759
776662,41.12676,1.2441362,1.301919071E9,776110,776759
776662,41.126656,1.2441232,1.301919071E9,776110,776759
776662,41.12655,1.2441195,1.301919071E9,776110,776759
776662,41.126465,1.2441175,1.301919071E9,776110,776759
776662,41.126377,1.2441107,1.301919071E9,776110,776759
776662,41.12629,1.2441007,1.301919071E9,776110,776759
776662,41.126198,1.2440985,1.301919071E9,776110,776759
776662,41.12609,1.2441131,1.301919071E9,776110,776759
776662,41.125996,1.2441945,1.301919071E9,776110,776759
776662,41.125916,1.2443166,1.301919071E9