.775667,-156.53572,1.301919071E9,776110,776759
776662,20.77563,-156.53583,1.301919071E9,776110,776759
776662,20.7756,-156.53593,1.301919071E9,776110,776759
776662,20.775568,-156.53603,1.301919071E9,776110,776759
776662,20.775543,-156.53612,1.301919071E9,776110,776759
776662,20.775505,-156.53622,1.301919071E9,776110,776759
776662,20.775486,-156.53633,1.301919071E9,776110,776759
776662,20.77547,-156.53644,1.301919071E9,776110,776759
776662,20.775461,-156.53656,1.301919071E9,776110,776759
776662,20.77546,-156.53667,1.301919071E9,776110,776759
776662,20.775461,-156.53679,1.301919071E9,776110,776759
776662,20.775476,-156.5369,1.301919071E9,776110,776759
776662,20.775492,-156.537,1.301919071E9,776110,776759
776662,20.775515,-156.5371,1.301919071E9,776110,776759
776662,20.775537,-156.5372,1.301919071E9,776110,776759
776662,20.775574,-156.53731,1.301919071E9,776110,776759
776662,20.775616,-156.53741,1.301919071E9,776110,776759
776662,20.775667,-156.5375,1.301919071E9,776110,776759
776662,20.775724,-156.53761,1.301919071E9,776110,776759
776662,20.775793,-156.5377,1.301919071E9,776110,776759
776662,20.77585,-156.5378,1.301919071E9,776110,776759
776662,20.775917,-156.53789,1.301919071E9,776110,776759
776662,20.775984,-156.53798,1.301919071E9,776110,776759
776662,20.776045,-156.53807,1.301919071E9,776110,776759
776662,20.77611,-156.53816,1.301919071E9,776110,776759
776662,20.776184,-156.53824,1.301919071E9,776110,776759
776662,20.77625,-156.53833,1.301919071E9,776110,776759
776662,20.776321,-156.5384,1.301919071E9,776110,776759
776662,20.776384,-156.5385,1.301919071E9,776110,776759
776662,20.776445,-156.53859,1.301919071E9,776110,776759
776662,20.77651,-156.53868,1.301919071E9,776110,776759
776662,20.776579,-156.53874,1.301919071E9,776110,776759
776662,20.77665,-156.53882,1.301919071E9,776110,776759
776662,20.776714,-156.5389,1.301919071E9,776110,776759
776662,20.77678,-156.53899,1.301919071E9,776110,776759
776662,20.776846,-156.53906,1.301919071E9,776110,776759
776662,20.776907,-156.53914,1.301919071E9,776110,776759
776662,20.77697,-156.53923,1.301919071E9,776110,776759
776662,20.777018,-156.53932,1.301919071E9,776110,776759
776662,20.777082,-156.53941,1.301919071E9,776110,776759
776662,20.777136,-156.5395,1.301919071E9,776110,776759
776662,20.777203,-156.53958,1.301919071E9,776110,776759
776662,20.777287,-156.53966,1.301919071E9,776110,776759
776662,20.777367,-156.53972,1.301919071E9,776110,776759
776662,20.777435,-156.53978,1.301919071E9,776110,776759
776662,20.77751,-156.53984,1.301919071E9,776110,776759
776662,20.777592,-156.53992,1.301919071E9,776110,776759
776662,20.77766,-156.54,1.301919071E9,776110,776759
776662,20.777733,-156.54007,1.301919071E9,776110,776759
776662,20.77781,-156.54015,1.301919071E9,776110,776759
776662,20.77789,-156.5402,1.301919071E9,776110,776759
776662,20.77798,-156.54027,1.301919071E9,776110,776759
776662,20.778057,-156.54033,1.301919071E9,776110,776759
776662,20.778133,-156.54037,1.301919071E9,776110,776759
776662,20.778204,-156.54045,1.301919071E9,776110,776759
776662,20.778294,-156.54051,1.301919071E9,776110,776759
776662,20.778374,-156.54057,1.301919071E9,776110,776759
776662,20.778454,-156.54063,1.301919071E9,776110,776759
776662,20.778538,-156.5407,1.301919071E9,776110,776759
776662,20.778603,-156.54077,1.301919071E9,776110,776759
776662,20.778687,-156.54083,1.301919071E9,776110,776759
776662,20.778778,-156.54088,1.301919071E9,776110,776759
776662,20.778862,-156.54094,1.301919071E9,776110,776759
776662,20.778955,-156.541,1.301919071E9,776110,776759
776662,20.779049,-156.54106,1.301919071E9,776110,776759
776662,20.77913,-156.54112,1.301919071E9,776110,776759
776662,20.7792,-156.54121,1.301919071E9,776110,776759
776662,20.779272,-156.5413,1.301919071E9,776110,776759
776662,20.779335,-156.54138,1.301919071E9,776110,776759
776662,20.7794,-156.54144,1.301919071E9,776110,776759
776662,20.779465,-156.54153,1.301919071E9,776110,776759
776662,20.779509,-156.54164,1.301919071E9,776110,776759
776662,20.779552,-156.54173,1.301919071E9,776110,776759
776662,20.779596,-156.54182,1.301919071E9,776110,776759
776662,20.779633,-156.54192,1.301919071E9,776110,776759
776662,20.77966,-156.54204,1.301919071E9,776110,776759
776662,20.779703,-156.54213,1.301919071E9,776110,776759
776662,20.779755,-156.54224,1.301919071E9,776110,776759
776662,20.779806,-156.54233,1.301919071E9,776110,776759
776662,20.77986,-156.54242,1.301919071E9,776110,776759
776662,20.779922,-156.54253,1.301919071E9,776110,776759
776662,20.779978,-156.54262,1.301919071E9,776110,776759
776662,20.78004,-156.54271,1.301919071E9,776110,776759
776662,20.78011,-156.54277,1.301919071E9,776110,776759
776662,20.780176,-156.54286,1.301919071E9,776110,776759
776662,20.780237,-156.54294,1.301919071E9,776110,776759
776662,20.780315,-156.543,1.301919071E9,776110,776759
776662,20.780396,-156.54308,1.301919071E9,776110,776759
776662,20.780472,-156.54314,1.301919071E9,776110,776759
776662,20.78056,-156.5432,1.301919071E9,776110,776759
776662,20.78064,-156.54327,1.301919071E9,776110,776759
776662,20.780718,-156.54333,1.301919071E9,776110,776759
776662,20.780792,-156.54341,1.301919071E9,776110,776759
776662,20.780865,-156.5435,1.301919071E9,776110,776759
776662,20.780931,-156.54358,1.301919071E9,776110,776759
776662,20.780989,-156.54367,1.301919071E9,776110,776759
776662,20.781034,-156.54378,1.301919071E9,776110,776759
776662,20.781067,-156.54387,1.301919071E9,776110,776759
776662,20.78109,-156.54396,1.301919071E9,776110,776759
776662,20.781101,-156.54407,1.301919071E9,776110,776759
776662,20.781124,-156.54417,1.301919071E9,776110,776759
776662,20.781137,-156.54428,1.301919071E9,776110,776759
776662,20.781141,-156.54439,1.301919071E9,776110,776759
776662,20.781137,-156.5445,1.301919071E9,776110,776759
776662,20.78113,-156.5446,1.301919071E9,776110,776759
776662,20.781122,-156.54471,1.301919071E9,776110,776759
776662,20.781118,-156.54482,1.301919071E9,776110,776759
776662,20.78111,-156.54494,1.301919071E9,776110,776759
776662,20.781103,-156.54503,1.301919071E9,776110,776759
776662,20.78111,-156.54514,1.301919071E9,776110,776759
776662,20.781115,-156.54526,1.301919071E9,776110,776759
776662,20.781126,-156.54536,1.301919071E9,776110,776759
776662,20.781157,-156.54549,1.301919071E9,776110,776759
776662,20.781197,-156.5456,1.301919071E9,776110,776759
776662,20.78125,-156.5457,1.301919071E9,776110,776759
776662,20.781294,-156.54579,1.301919071E9,776110,776759
776662,20.781368,-156.54587,1.301919071E9,776110,776759
776662,20.781454,-156.54594,1.301919071E9,776110,776759
776662,20.781548,-156.546,1.301919071E9,776110,776759
776662,20.781633,-156.54607,1.301919071E9,776110,776759
776662,20.78172,-156.54613,1.301919071E9,776110,776759
776662,20.781796,-156.5462,1.301919071E9,776110,776759
776662,20.781874,-156.54628,1.301919071E9,776110,776759
776662,20.781942,-156.54634,1.301919071E9,776110,776759
776662,20.782022,-156.5464,1.301919071E9,776110,776759
776662,20.78213,-156.54642,1.301919071E9,776110,776759
776662,20.782223,-156.54646,1.301919071E9,776110,776759
776662,20.782316,-156.54652,1.301919071E9,776110,776759
776662,20.782383,-156.54662,1.301919071E9,776110,776759
776662,20.782434,-156.5467,1.301919071E9,776110,776759
776662,20.782497,-156.5468,1.301919071E9,776110,776759
776662,20.782543,-156.5469,1.301919071E9,776110,776759
776662,20.782574,-156.547,1.301919071E9,776110,776759
776662,20.782604,-156.5471,1.301919071E9,776110,776759
776662,20.782627,-156.54721,1.301919071E9,776110,776759
776662,20.782644,-156.54732,1.301919071E9,776110,776759
776662,20.782654,-156.54742,1.301919071E9,776110,776759
776662,20.78267,-156.54753,1.301919071E9,776110,776759
776662,20.782688,-156.54764,1.301919071E9,776110,776759
776662,20.782719,-156.54774,1.301919071E9,776110,776759
776662,20.782757,-156.54787,1.301919071E9,776110,776759
776662,20.782793,-156.54796,1.301919071E9,776110,776759
776662,20.782845,-156.54807,1.301919071E9,776110,776759
776662,20.78289,-156.54816,1.301919071E9,776110,776759
776662,20.782936,-15