1E9,776110,776759
776662,41.240208,1.258216,1.301919071E9,776110,776759
776662,41.240303,1.258272,1.301919071E9,776110,776759
776662,41.240395,1.258322,1.301919071E9,776110,776759
776662,41.24049,1.258376,1.301919071E9,776110,776759
776662,41.24059,1.258425,1.301919071E9,776110,776759
776662,41.240677,1.258478,1.301919071E9,776110,776759
776662,41.240765,1.258528,1.301919071E9,776110,776759
776662,41.240852,1.258574,1.301919071E9,776110,776759
776662,41.240948,1.258623,1.301919071E9,776110,776759
776662,41.24104,1.258665,1.301919071E9,776110,776759
776662,41.241135,1.258702,1.301919071E9,776110,776759
776662,41.241226,1.258742,1.301919071E9,776110,776759
776662,41.241318,1.258772,1.301919071E9,776110,776759
776662,41.241432,1.258798,1.301919071E9,776110,776759
776662,41.241512,1.258822,1.301919071E9,776110,776759
776662,41.241623,1.258851,1.301919071E9,776110,776759
776662,41.24173,1.25888,1.301919071E9,776110,776759
776662,41.241844,1.258919,1.301919071E9,776110,776759
776662,41.241962,1.25895,1.301919071E9,776110,776759
776662,41.24208,1.258983,1.301919071E9,776110,776759
776662,41.242195,1.259008,1.301919071E9,776110,776759
776662,41.24231,1.258987,1.301919071E9,776110,776759
776662,41.24241,1.258957,1.301919071E9,776110,776759
776662,41.242493,1.25894,1.301919071E9,776110,776759
776662,41.242603,1.258933,1.301919071E9,776110,776759
776662,41.242687,1.25893,1.301919071E9,776110,776759
776662,41.24277,1.258944,1.301919071E9,776110,776759
776662,41.24285,1.258985,1.301919071E9,776110,776759
776662,41.242935,1.259016,1.301919071E9,776110,776759
776662,41.243023,1.259044,1.301919071E9,776110,776759
776662,41.243114,1.259061,1.301919071E9,776110,776759
776662,41.24321,1.259077,1.301919071E9,776110,776759
776662,41.243305,1.259089,1.301919071E9,776110,776759
776662,41.243404,1.259104,1.301919071E9,776110,776759
776662,41.243496,1.259133,1.301919071E9,776110,776759
776662,41.243584,1.259175,1.301919071E9,776110,776759
776662,41.243675,1.259211,1.301919071E9,776110,776759
776662,41.243763,1.259253,1.301919071E9,776110,776759
776662,41.243847,1.259293,1.301919071E9,776110,776759
776662,41.243923,1.259329,1.301919071E9,776110,776759
776662,41.244007,1.259361,1.301919071E9,776110,776759
776662,41.244095,1.259397,1.301919071E9,776110,776759
776662,41.24417,1.259436,1.301919071E9,776110,776759
776662,41.244255,1.259481,1.301919071E9,776110,776759
776662,41.24433,1.259524,1.301919071E9,776110,776759
776662,41.24442,1.259555,1.301919071E9,776110,776759
776662,41.24451,1.259588,1.301919071E9,776110,776759
776662,41.2446,1.259625,1.301919071E9,776110,776759
776662,41.24468,1.259662,1.301919071E9,776110,776759
776662,41.24476,1.259685,1.301919071E9,776110,776759
776662,41.24484,1.259714,1.301919071E9,776110,776759
776662,41.244926,1.259739,1.301919071E9,776110,776759
776662,41.245014,1.259753,1.301919071E9,776110,776759
776662,41.245102,1.259769,1.301919071E9,776110,776759
776662,41.245197,1.259778,1.301919071E9,776110,776759
776662,41.24528,1.2598,1.301919071E9,776110,776759
776662,41.245346,1.259871,1.301919071E9,776110,776759
776662,41.24538,1.259974,1.301919071E9,776110,776759
776662,41.245403,1.260088,1.301919071E9,776110,776759
776662,41.24541,1.260205,1.301919071E9,776110,776759
776662,41.24542,1.260321,1.301919071E9,776110,776759
776662,41.24543,1.260438,1.301919071E9,776110,776759
776662,41.245434,1.260559,1.301919071E9,776110,776759
776662,41.245457,1.260684,1.301919071E9,776110,776759
776662,41.24548,1.260804,1.301919071E9,776110,776759
776662,41.245506,1.260917,1.301919071E9,776110,776759
776662,41.24555,1.261032,1.301919071E9,776110,776759
776662,41.245594,1.261136,1.301919071E9,776110,776759
776662,41.245647,1.26122,1.301919071E9,776110,776759
776662,41.245705,1.261297,1.301919071E9,776110,776759
776662,41.245773,1.261388,1.301919071E9,776110,776759
776662,41.245827,1.261486,1.301919071E9,776110,776759
776662,41.24591,1.261572,1.301919071E9,776110,776759
776662,41.245968,1.261653,1.301919071E9,776110,776759
776662,41.246048,1.261734,1.301919071E9,776110,776759
776662,41.24611,1.261808,1.301919071E9,776110,776759
776662,41.246178,1.261907,1.301919071E9,776110,776759
776662,41.24623,1.26199,1.301919071E9,776110,776759
776662,41.246277,1.262087,1.301919071E9,776110,776759
776662,41.24632,1.262202,1.301919071E9,776110,776759
776662,41.246353,1.262318,1.301919071E9,776110,776759
776662,41.246403,1.262434,1.301919071E9,776110,776759
776662,41.246456,1.262551,1.301919071E9,776110,776759
776662,41.246525,1.262662,1.301919071E9,776110,776759
776662,41.246597,1.262769,1.301919071E9,776110,776759
776662,41.24668,1.262858,1.301919071E9,776110,776759
776662,41.24676,1.262938,1.301919071E9,776110,776759
776662,41.24685,1.263009,1.301919071E9,776110,776759
776662,41.24694,1.263095,1.301919071E9,776110,776759
776662,41.24702,1.263186,1.301919071E9,776110,776759
776662,41.24709,1.263287,1.301919071E9,776110,776759
776662,41.247154,1.263382,1.301919071E9,776110,776759
776662,41.247215,1.263472,1.301919071E9,776110,776759
776662,41.24726,1.263564,1.301919071E9,776110,776759
776662,41.247314,1.263646,1.301919071E9,776110,776759
776662,41.247387,1.263743,1.301919071E9,776110,776759
776662,41.24744,1.263854,1.301919071E9,776110,776759
776662,41.247498,1.263969,1.301919071E9,776110,776759
776662,41.247555,1.264067,1.301919071E9,776110,776759
776662,41.247604,1.264174,1.301919071E9,776110,776759
776662,41.24766,1.264283,1.301919071E9,776110,776759
776662,41.247726,1.2644,1.301919071E9,776110,776759
776662,41.247757,1.264519,1.301919071E9,776110,776759
776662,41.247807,1.264626,1.301919071E9,776110,776759
776662,41.247852,1.264747,1.301919071E9,776110,776759
776662,41.247913,1.264853,1.301919071E9,776110,776759
776662,41.247974,1.264953,1.301919071E9,776110,776759
776662,41.248016,1.265048,1.301919071E9,776110,776759
776662,41.248074,1.265132,1.301919071E9,776110,776759
776662,41.248146,1.265216,1.301919071E9,776110,776759
776662,41.248222,1.265288,1.301919071E9,776110,776759
776662,41.248302,1.265363,1.301919071E9,776110,776759
776662,41.248375,1.265432,1.301919071E9,776110,776759
776662,41.248444,1.265506,1.301919071E9,776110,776759
776662,41.248512,1.265579,1.301919071E9,776110,776759
776662,41.24859,1.265662,1.301919071E9,776110,776759
776662,41.24866,1.265754,1.301919071E9,776110,776759
776662,41.24871,1.265856,1.301919071E9,776110,776759
776662,41.24876,1.265964,1.301919071E9,776110,776759
776662,41.248814,1.266095,1.301919071E9,776110,776759
776662,41.248863,1.266217,1.301919071E9,776110,776759
776662,41.248924,1.266318,1.301919071E9,776110,776759
776662,41.24902,1.266399,1.301919071E9,776110,776759
776662,41.249096,1.266443,1.301919071E9,776110,776759
776662,41.249187,1.266512,1.301919071E9,776110,776759
776662,41.24928,1.266568,1.301919071E9,776110,776759
776662,41.24935,1.26662,1.301919071E9,776110,776759
776662,41.24944,1.266714,1.301919071E9,776110,776759
776662,41.2495,1.266806,1.301919071E9,776110,776759
776662,41.249554,1.266898,1.301919071E9,776110,776759
776662,41.249603,1.266988,1.301919071E9,776110,776759
776662,41.24964,1.267083,1.301919071E9,776110,776759
776662,41.2497,1.26718,1.301919071E9,776110,776759
776662,41.249775,1.267262,1.301919071E9,776110,776759
776662,41.249844,1.267339,1.301919071E9,776110,776759
776662,41.249912,1.267417,1.301919071E9,776110,776759
776662,41.250008,1.267515,1.301919071E9,776110,776759
776662,41.2501,1.267603,1.301919071E9,776110,776759
776662,41.25019,1.267705,1.301919071E9,776110,776759
776662,41.250282,1.267802,1.301919071E9,776110,776759
776662,41.25038,1.2679,1.301919071E9,776110,776759
776662,41.250473,1.268,1.301919071E9,776110,776759
776662,41.250557,1.268081,1.301919071E9,776110,776759
776662,41.250637,1.268153,1.301919071E9,776110,776759
776662,41.250725,1.268246,1.301919071E9,776110,776759
776662,41.25081,1.268338,1.301919071E9,776110,776759
776662,41.250893,1.268425,1.301919071E9,776110,776759
776662,41.250965,1.268518,1.301919071E9,776110,776759
776662,41.251022,1.268648,1.301919071E9,776110,776759
776662,41.