01919071E9,776110,776759
776662,48.861355,2.324014,1.301919071E9,776110,776759
776662,48.861404,2.323864,1.301919071E9,776110,776759
776662,48.861454,2.323737,1.301919071E9,776110,776759
776662,48.8615,2.323611,1.301919071E9,776110,776759
776662,48.861546,2.323447,1.301919071E9,776110,776759
776662,48.86158,2.323316,1.301919071E9,776110,776759
776662,48.861614,2.323187,1.301919071E9,776110,776759
776662,48.86165,2.323045,1.301919071E9,776110,776759
776662,48.861687,2.322911,1.301919071E9,776110,776759
776662,48.86173,2.322764,1.301919071E9,776110,776759
776662,48.861763,2.322634,1.301919071E9,776110,776759
776662,48.8618,2.322508,1.301919071E9,776110,776759
776662,48.86184,2.322343,1.301919071E9,776110,776759
776662,48.86187,2.32221,1.301919071E9,776110,776759
776662,48.861904,2.322071,1.301919071E9,776110,776759
776662,48.861946,2.321936,1.301919071E9,776110,776759
776662,48.861984,2.321805,1.301919071E9,776110,776759
776662,48.862015,2.321663,1.301919071E9,776110,776759
776662,48.86207,2.321496,1.301919071E9,776110,776759
776662,48.862114,2.321373,1.301919071E9,776110,776759
776662,48.862164,2.321242,1.301919071E9,776110,776759
776662,48.86221,2.321113,1.301919071E9,776110,776759
776662,48.86226,2.320966,1.301919071E9,776110,776759
776662,48.862316,2.32081,1.301919071E9,776110,776759
776662,48.862373,2.320661,1.301919071E9,776110,776759
776662,48.862434,2.320514,1.301919071E9,776110,776759
776662,48.862484,2.320368,1.301919071E9,776110,776759
776662,48.862522,2.320193,1.301919071E9,776110,776759
776662,48.862568,2.320044,1.301919071E9,776110,776759
776662,48.862617,2.319912,1.301919071E9,776110,776759
776662,48.86266,2.319754,1.301919071E9,776110,776759
776662,48.862698,2.319597,1.301919071E9,776110,776759
776662,48.862736,2.319417,1.301919071E9,776110,776759
776662,48.862732,2.319276,1.301919071E9,776110,776759
776662,48.86271,2.319119,1.301919071E9,776110,776759
776662,48.8627,2.318972,1.301919071E9,776110,776759
776662,48.86273,2.318816,1.301919071E9,776110,776759
776662,48.862816,2.318707,1.301919071E9,776110,776759
776662,48.862885,2.318573,1.301919071E9,776110,776759
776662,48.862953,2.318469,1.301919071E9,776110,776759
776662,48.86302,2.318329,1.301919071E9,776110,776759
776662,48.86307,2.318174,1.301919071E9,776110,776759
776662,48.8631,2.318013,1.301919071E9,776110,776759
776662,48.863125,2.317874,1.301919071E9,776110,776759
776662,48.863148,2.317704,1.301919071E9,776110,776759
776662,48.86316,2.317566,1.301919071E9,776110,776759
776662,48.86317,2.317406,1.301919071E9,776110,776759
776662,48.86318,2.317239,1.301919071E9,776110,776759
776662,48.863186,2.317099,1.301919071E9,776110,776759
776662,48.863182,2.316958,1.301919071E9,776110,776759
776662,48.86319,2.316799,1.301919071E9,776110,776759
776662,48.8632,2.316638,1.301919071E9,776110,776759
776662,48.863186,2.316492,1.301919071E9,776110,776759
776662,48.86316,2.316335,1.301919071E9,776110,776759
776662,48.86316,2.31619,1.301919071E9,776110,776759
776662,48.863155,2.316027,1.301919071E9,776110,776759
776662,48.863155,2.315886,1.301919071E9,776110,776759
776662,48.86315,2.315739,1.301919071E9,776110,776759
776662,48.86315,2.315594,1.301919071E9,776110,776759
776662,48.863144,2.315416,1.301919071E9,776110,776759
776662,48.86313,2.315276,1.301919071E9,776110,776759
776662,48.863117,2.315134,1.301919071E9,776110,776759
776662,48.863117,2.314991,1.301919071E9,776110,776759
776662,48.863113,2.314809,1.301919071E9,776110,776759
776662,48.86313,2.314657,1.301919071E9,776110,776759
776662,48.86314,2.314507,1.301919071E9,776110,776759
776662,48.863136,2.314326,1.301919071E9,776110,776759
776662,48.863132,2.314181,1.301919071E9,776110,776759
776662,48.8631,2.314046,1.301919071E9,776110,776759
776662,48.863102,2.313893,1.301919071E9,776110,776759
776662,48.86309,2.313733,1.301919071E9,776110,776759
776662,48.863064,2.313576,1.301919071E9,776110,776759
776662,48.863068,2.313436,1.301919071E9,776110,776759
776662,48.863087,2.313292,1.301919071E9,776110,776759
776662,48.863087,2.3131,1.301919071E9,776110,776759
776662,48.86308,2.312959,1.301919071E9,776110,776759
776662,48.86307,2.312795,1.301919071E9,776110,776759
776662,48.86307,2.312645,1.301919071E9,776110,776759
776662,48.86306,2.312494,1.301919071E9,776110,776759
776662,48.863056,2.312354,1.301919071E9,776110,776759
776662,48.863064,2.31219,1.301919071E9,776110,776759
776662,48.86307,2.312052,1.301919071E9,776110,776759
776662,48.863056,2.311909,1.301919071E9,776110,776759
776662,48.86305,2.31173,1.301919071E9,776110,776759
776662,48.86305,2.311586,1.301919071E9,776110,776759
776662,48.863052,2.311429,1.301919071E9,776110,776759
776662,48.863068,2.311294,1.301919071E9,776110,776759
776662,48.863068,2.311118,1.301919071E9,776110,776759
776662,48.86307,2.31096,1.301919071E9,776110,776759
776662,48.863068,2.310786,1.301919071E9,776110,776759
776662,48.863064,2.310632,1.301919071E9,776110,776759
776662,48.863052,2.310467,1.301919071E9,776110,776759
776662,48.863052,2.310303,1.301919071E9,776110,776759
776662,48.863037,2.310139,1.301919071E9,776110,776759
776662,48.863026,2.309981,1.301919071E9,776110,776759
776662,48.863003,2.309816,1.301919071E9,776110,776759
776662,48.862995,2.309679,1.301919071E9,776110,776759
776662,48.862995,2.309505,1.301919071E9,776110,776759
776662,48.86301,2.309335,1.301919071E9,776110,776759
776662,48.863014,2.30919,1.301919071E9,776110,776759
776662,48.86302,2.30902,1.301919071E9,776110,776759
776662,48.863014,2.308878,1.301919071E9,776110,776759
776662,48.863,2.308723,1.301919071E9,776110,776759
776662,48.86297,2.308579,1.301919071E9,776110,776759
776662,48.86297,2.308404,1.301919071E9,776110,776759
776662,48.86297,2.308219,1.301919071E9,776110,776759
776662,48.862972,2.308072,1.301919071E9,776110,776759
776662,48.86297,2.307925,1.301919071E9,776110,776759
776662,48.862965,2.307742,1.301919071E9,776110,776759
776662,48.86294,2.307578,1.301919071E9,776110,776759
776662,48.862926,2.307415,1.301919071E9,776110,776759
776662,48.862923,2.307249,1.301919071E9,776110,776759
776662,48.86291,2.307107,1.301919071E9,776110,776759
776662,48.8629,2.306954,1.301919071E9,776110,776759
776662,48.86289,2.306799,1.301919071E9,776110,776759
776662,48.862885,2.306637,1.301919071E9,776110,776759
776662,48.86288,2.306495,1.301919071E9,776110,776759
776662,48.86289,2.306335,1.301919071E9,776110,776759
776662,48.86288,2.306192,1.301919071E9,776110,776759
776662,48.862877,2.306043,1.301919071E9,776110,776759
776662,48.86289,2.305899,1.301919071E9,776110,776759
776662,48.86292,2.305737,1.301919071E9,776110,776759
776662,48.862934,2.305556,1.301919071E9,776110,776759
776662,48.86294,2.305381,1.301919071E9,776110,776759
776662,48.862953,2.305216,1.301919071E9,776110,776759
776662,48.862965,2.305063,1.301919071E9,776110,776759
776662,48.862965,2.304882,1.301919071E9,776110,776759
776662,48.862965,2.304731,1.301919071E9,776110,776759
776662,48.862953,2.30456,1.301919071E9,776110,776759
776662,48.862934,2.304402,1.301919071E9,776110,776759
776662,48.86293,2.304227,1.301919071E9,776110,776759
776662,48.86293,2.304058,1.301919071E9,776110,776759
776662,48.862926,2.303885,1.301919071E9,776110,776759
776662,48.86289,2.303721,1.301919071E9,776110,776759
776662,48.862865,2.303553,1.301919071E9,776110,776759
776662,48.86287,2.30341,1.301919071E9,776110,776759
776662,48.862873,2.303271,1.301919071E9,776110,776759
776662,48.862858,2.303133,1.301919071E9,776110,776759
776662,48.86286,2.302993,1.301919071E9,776110,776759
776662,48.862877,2.302815,1.301919071E9,776110,776759
776662,48.862873,2.302651,1.301919071E9,776110,776759
776662,48.86288,2.3025,1.301919071E9,776110,776759
776662,48.86289,2.302359,1.301919071E9,776110,776759
776662,48.862926,2.302158,1.301919071E9,776110,776759
776662,48.862934,2.30202,1.301919071E9,776110,776759
776662,48.86292,2.301853,1.301919071E9,776110,776759
776662,48.862896,2.301713,1.301919071E9,776110,776759
776662,48.862885,2.30156,1.301919071E9,776110,776759
776662,48.86286,2.301372,1.301919071E9,776110,776759
776662,48.86286,2.3