759
776662,48.86422,2.328776,1.301919071E9,776110,776759
776662,48.864273,2.328638,1.301919071E9,776110,776759
776662,48.864334,2.328478,1.301919071E9,776110,776759
776662,48.864376,2.328347,1.301919071E9,776110,776759
776662,48.864418,2.328224,1.301919071E9,776110,776759
776662,48.86449,2.328089,1.301919071E9,776110,776759
776662,48.86454,2.327922,1.301919071E9,776110,776759
776662,48.86459,2.327779,1.301919071E9,776110,776759
776662,48.86465,2.327648,1.301919071E9,776110,776759
776662,48.86471,2.327499,1.301919071E9,776110,776759
776662,48.86478,2.327358,1.301919071E9,776110,776759
776662,48.864826,2.327212,1.301919071E9,776110,776759
776662,48.86488,2.327077,1.301919071E9,776110,776759
776662,48.86494,2.32693,1.301919071E9,776110,776759
776662,48.864998,2.326762,1.301919071E9,776110,776759
776662,48.86504,2.326616,1.301919071E9,776110,776759
776662,48.865086,2.326431,1.301919071E9,776110,776759
776662,48.865135,2.326287,1.301919071E9,776110,776759
776662,48.86518,2.326111,1.301919071E9,776110,776759
776662,48.865215,2.325953,1.301919071E9,776110,776759
776662,48.865257,2.325809,1.301919071E9,776110,776759
776662,48.865303,2.325664,1.301919071E9,776110,776759
776662,48.865337,2.325522,1.301919071E9,776110,776759
776662,48.86536,2.325374,1.301919071E9,776110,776759
776662,48.86529,2.325254,1.301919071E9,776110,776759
776662,48.865192,2.325211,1.301919071E9,776110,776759
776662,48.865074,2.325165,1.301919071E9,776110,776759
776662,48.864964,2.325174,1.301919071E9,776110,776759
776662,48.86489,2.325259,1.301919071E9,776110,776759
776662,48.864826,2.325397,1.301919071E9,776110,776759
776662,48.86478,2.325538,1.301919071E9,776110,776759
776662,48.864735,2.325671,1.301919071E9,776110,776759
776662,48.86469,2.325792,1.301919071E9,776110,776759
776662,48.86465,2.325956,1.301919071E9,776110,776759
776662,48.86461,2.326098,1.301919071E9,776110,776759
776662,48.86457,2.326239,1.301919071E9,776110,776759
776662,48.864513,2.32639,1.301919071E9,776110,776759
776662,48.864456,2.326531,1.301919071E9,776110,776759
776662,48.86439,2.326703,1.301919071E9,776110,776759
776662,48.864346,2.326862,1.301919071E9,776110,776759
776662,48.864304,2.327016,1.301919071E9,776110,776759
776662,48.86426,2.327153,1.301919071E9,776110,776759
776662,48.864204,2.327354,1.301919071E9,776110,776759
776662,48.864162,2.327502,1.301919071E9,776110,776759
776662,48.864113,2.327635,1.301919071E9,776110,776759
776662,48.86404,2.327783,1.301919071E9,776110,776759
776662,48.864,2.327921,1.301919071E9,776110,776759
776662,48.86395,2.328048,1.301919071E9,776110,776759
776662,48.8639,2.328183,1.301919071E9,776110,776759
776662,48.86386,2.328337,1.301919071E9,776110,776759
776662,48.86383,2.328486,1.301919071E9,776110,776759
776662,48.863796,2.328613,1.301919071E9,776110,776759
776662,48.863728,2.328752,1.301919071E9,776110,776759
776662,48.863667,2.328892,1.301919071E9,776110,776759
776662,48.863613,2.329048,1.301919071E9,776110,776759
776662,48.863567,2.329204,1.301919071E9,776110,776759
776662,48.863518,2.329344,1.301919071E9,776110,776759
776662,48.863483,2.329477,1.301919071E9,776110,776759
776662,48.863438,2.329618,1.301919071E9,776110,776759
776662,48.863403,2.329752,1.301919071E9,776110,776759
776662,48.863358,2.329885,1.301919071E9,776110,776759
776662,48.863316,2.330012,1.301919071E9,776110,776759
776662,48.863262,2.330177,1.301919071E9,776110,776759
776662,48.86324,2.330278,1.301919071E9,776110,776759
776662,48.86343,2.331473,1.301919071E9,776110,776759
776662,48.863476,2.331313,1.301919071E9,776110,776759
776662,48.86351,2.331182,1.301919071E9,776110,776759
776662,48.863537,2.331042,1.301919071E9,776110,776759
776662,48.86357,2.330904,1.301919071E9,776110,776759
776662,48.86363,2.330747,1.301919071E9,776110,776759
776662,48.863667,2.330616,1.301919071E9,776110,776759
776662,48.86369,2.33045,1.301919071E9,776110,776759
776662,48.86372,2.330297,1.301919071E9,776110,776759
776662,48.863754,2.33015,1.301919071E9,776110,776759
776662,48.86379,2.330015,1.301919071E9,776110,776759
776662,48.863827,2.32988,1.301919071E9,776110,776759
776662,48.863853,2.329748,1.301919071E9,776110,776759
776662,48.863903,2.329616,1.301919071E9,776110,776759
776662,48.863956,2.329474,1.301919071E9,776110,776759
776662,48.86401,2.329329,1.301919071E9,776110,776759
776662,48.86407,2.329213,1.301919071E9,776110,776759
776662,48.86413,2.329106,1.301919071E9,776110,776759
776662,48.864166,2.328968,1.301919071E9,776110,776759
776662,48.864216,2.328786,1.301919071E9,776110,776759
776662,48.86433,2.328651,1.301919071E9,776110,776759
776662,48.86436,2.328505,1.301919071E9,776110,776759
776662,48.86439,2.328354,1.301919071E9,776110,776759
776662,48.864433,2.32822,1.301919071E9,776110,776759
776662,48.8645,2.328118,1.301919071E9,776110,776759
776662,48.864548,2.327991,1.301919071E9,776110,776759
776662,48.864594,2.327845,1.301919071E9,776110,776759
776662,48.864643,2.327707,1.301919071E9,776110,776759
776662,48.864693,2.327545,1.301919071E9,776110,776759
776662,48.86473,2.327417,1.301919071E9,776110,776759
776662,48.864777,2.327273,1.301919071E9,776110,776759
776662,48.8648,2.327116,1.301919071E9,776110,776759
776662,48.864838,2.326974,1.301919071E9,776110,776759
776662,48.864895,2.32684,1.301919071E9,776110,776759
776662,48.86495,2.326715,1.301919071E9,776110,776759
776662,48.864975,2.326571,1.301919071E9,776110,776759
776662,48.86504,2.326425,1.301919071E9,776110,776759
776662,48.86508,2.326292,1.301919071E9,776110,776759
776662,48.865124,2.326143,1.301919071E9,776110,776759
776662,48.865166,2.325972,1.301919071E9,776110,776759
776662,48.865215,2.32582,1.301919071E9,776110,776759
776662,48.865257,2.325652,1.301919071E9,776110,776759
776662,48.865314,2.32549,1.301919071E9,776110,776759
776662,48.865334,2.325352,1.301919071E9,776110,776759
776662,48.865276,2.325217,1.301919071E9,776110,776759
776662,48.865177,2.325172,1.301919071E9,776110,776759
776662,48.86508,2.325149,1.301919071E9,776110,776759
776662,48.864967,2.325204,1.301919071E9,776110,776759
776662,48.864887,2.325314,1.301919071E9,776110,776759
776662,48.864815,2.325425,1.301919071E9,776110,776759
776662,48.86475,2.32556,1.301919071E9,776110,776759
776662,48.86468,2.32571,1.301919071E9,776110,776759
776662,48.86463,2.325844,1.301919071E9,776110,776759
776662,48.864597,2.325973,1.301919071E9,776110,776759
776662,48.864544,2.326121,1.301919071E9,776110,776759
776662,48.864506,2.326255,1.301919071E9,776110,776759
776662,48.864468,2.326392,1.301919071E9,776110,776759
776662,48.86442,2.32652,1.301919071E9,776110,776759
776662,48.864384,2.326665,1.301919071E9,776110,776759
776662,48.86435,2.326793,1.301919071E9,776110,776759
776662,48.864304,2.326965,1.301919071E9,776110,776759
776662,48.864273,2.327094,1.301919071E9,776110,776759
776662,48.864227,2.32722,1.301919071E9,776110,776759
776662,48.86418,2.327341,1.301919071E9,776110,776759
776662,48.864124,2.327487,1.301919071E9,776110,776759
776662,48.864082,2.327639,1.301919071E9,776110,776759
776662,48.864037,2.327801,1.301919071E9,776110,776759
776662,48.863976,2.328009,1.301919071E9,776110,776759
776662,48.863922,2.328173,1.301919071E9,776110,776759
776662,48.863873,2.328314,1.301919071E9,776110,776759
776662,48.86382,2.328468,1.301919071E9,776110,776759
776662,48.863777,2.32862,1.301919071E9,776110,776759
776662,48.86373,2.328758,1.301919071E9,776110,776759
776662,48.863686,2.328879,1.301919071E9,776110,776759
776662,48.863617,2.329026,1.301919071E9,776110,776759
776662,48.863575,2.329173,1.301919071E9,776110,776759
776662,48.863525,2.329339,1.301919071E9,776110,776759
776662,48.863487,2.329464,1.301919071E9,776110,776759
776662,48.863438,2.329596,1.301919071E9,776110,776759
776662,48.86338,2.329748,1.301919071E9,776110,776759
776662,48.86333,2.329891,1.301919071E9,776110,776759
776662,48.86328,2.330059,1.301919071E9,776110,776759
776662,48.863235,2.330193,1.301919071E9,776110,776759
776662,48.863216,2.330248,1.301919071E9,776110,776759
776662,48.863403,2.331373,1.301919071E9,776110,776759
776662,48.86346,2.331287,1.3