71.07843,1.301919071E9,776110,776759
776662,42.361916,-71.07857,1.301919071E9,776110,776759
776662,42.36195,-71.07866,1.301919071E9,776110,776759
776662,42.36195,-71.07866,1.301919071E9,776110,776759
776662,42.36195,-71.07866,1.301919071E9,776110,776759
776662,42.394604,-71.14137,1.301919071E9,776110,776759
776662,42.394535,-71.1413,1.301919071E9,776110,776759
776662,42.394474,-71.14118,1.301919071E9,776110,776759
776662,42.394417,-71.141075,1.301919071E9,776110,776759
776662,42.39436,-71.14097,1.301919071E9,776110,776759
776662,42.394318,-71.14085,1.301919071E9,776110,776759
776662,42.394276,-71.14074,1.301919071E9,776110,776759
776662,42.39418,-71.14065,1.301919071E9,776110,776759
776662,42.39408,-71.14064,1.301919071E9,776110,776759
776662,42.393986,-71.14061,1.301919071E9,776110,776759
776662,42.39387,-71.1406,1.301919071E9,776110,776759
776662,42.39377,-71.140656,1.301919071E9,776110,776759
776662,42.393677,-71.140686,1.301919071E9,776110,776759
776662,42.393578,-71.14069,1.301919071E9,776110,776759
776662,42.39348,-71.14072,1.301919071E9,776110,776759
776662,42.39338,-71.140755,1.301919071E9,776110,776759
776662,42.39328,-71.14079,1.301919071E9,776110,776759
776662,42.393166,-71.140816,1.301919071E9,776110,776759
776662,42.393078,-71.14084,1.301919071E9,776110,776759
776662,42.392975,-71.14088,1.301919071E9,776110,776759
776662,42.39289,-71.14092,1.301919071E9,776110,776759
776662,42.3928,-71.14096,1.301919071E9,776110,776759
776662,42.392704,-71.14099,1.301919071E9,776110,776759
776662,42.392605,-71.14103,1.301919071E9,776110,776759
776662,42.392506,-71.14106,1.301919071E9,776110,776759
776662,42.392395,-71.14109,1.301919071E9,776110,776759
776662,42.3923,-71.14112,1.301919071E9,776110,776759
776662,42.39221,-71.14115,1.301919071E9,776110,776759
776662,42.392113,-71.141174,1.301919071E9,776110,776759
776662,42.392006,-71.14122,1.301919071E9,776110,776759
776662,42.39191,-71.14124,1.301919071E9,776110,776759
776662,42.391815,-71.14127,1.301919071E9,776110,776759
776662,42.391724,-71.14131,1.301919071E9,776110,776759
776662,42.39162,-71.14135,1.301919071E9,776110,776759
776662,42.39153,-71.14139,1.301919071E9,776110,776759
776662,42.39141,-71.141426,1.301919071E9,776110,776759
776662,42.391315,-71.14144,1.301919071E9,776110,776759
776662,42.39122,-71.14148,1.301919071E9,776110,776759
776662,42.391106,-71.14153,1.301919071E9,776110,776759
776662,42.391006,-71.14159,1.301919071E9,776110,776759
776662,42.390903,-71.141655,1.301919071E9,776110,776759
776662,42.390816,-71.1417,1.301919071E9,776110,776759
776662,42.390728,-71.14176,1.301919071E9,776110,776759
776662,42.390663,-71.141846,1.301919071E9,776110,776759
776662,42.39059,-71.141945,1.301919071E9,776110,776759
776662,42.390503,-71.14204,1.301919071E9,776110,776759
776662,42.390427,-71.14211,1.301919071E9,776110,776759
776662,42.390347,-71.1422,1.301919071E9,776110,776759
776662,42.390266,-71.142265,1.301919071E9,776110,776759
776662,42.39021,-71.14238,1.301919071E9,776110,776759
776662,42.39009,-71.14237,1.301919071E9,776110,776759
776662,42.389988,-71.142395,1.301919071E9,776110,776759
776662,42.389904,-71.14246,1.301919071E9,776110,776759
776662,42.38983,-71.14254,1.301919071E9,776110,776759
776662,42.389744,-71.142624,1.301919071E9,776110,776759
776662,42.389652,-71.1427,1.301919071E9,776110,776759
776662,42.389565,-71.14278,1.301919071E9,776110,776759
776662,42.38947,-71.14287,1.301919071E9,776110,776759
776662,42.389378,-71.142944,1.301919071E9,776110,776759
776662,42.389294,-71.14301,1.301919071E9,776110,776759
776662,42.389214,-71.14308,1.301919071E9,776110,776759
776662,42.389122,-71.14315,1.301919071E9,776110,776759
776662,42.389034,-71.143234,1.301919071E9,776110,776759
776662,42.38896,-71.14335,1.301919071E9,776110,776759
776662,42.388897,-71.14345,1.301919071E9,776110,776759
776662,42.388844,-71.143555,1.301919071E9,776110,776759
776662,42.38879,-71.14366,1.301919071E9,776110,776759
776662,42.388718,-71.14377,1.301919071E9,776110,776759
776662,42.38871,-71.14391,1.301919071E9,776110,776759
776662,42.388752,-71.14407,1.301919071E9,776110,776759
776662,42.38879,-71.14421,1.301919071E9,776110,776759
776662,42.38881,-71.14435,1.301919071E9,776110,776759
776662,42.388798,-71.14447,1.301919071E9,776110,776759
776662,42.3887,-71.14453,1.301919071E9,776110,776759
776662,42.38861,-71.1445,1.301919071E9,776110,776759
776662,42.38851,-71.14448,1.301919071E9,776110,776759
776662,42.38842,-71.14451,1.301919071E9,776110,776759
776662,42.388344,-71.14459,1.301919071E9,776110,776759
776662,42.3883,-71.14472,1.301919071E9,776110,776759
776662,42.388252,-71.14485,1.301919071E9,776110,776759
776662,42.388165,-71.14492,1.301919071E9,776110,776759
776662,42.388054,-71.144905,1.301919071E9,776110,776759
776662,42.387974,-71.14484,1.301919071E9,776110,776759
776662,42.387882,-71.14474,1.301919071E9,776110,776759
776662,42.3878,-71.14468,1.301919071E9,776110,776759
776662,42.387688,-71.144615,1.301919071E9,776110,776759
776662,42.387596,-71.144585,1.301919071E9,776110,776759
776662,42.387493,-71.14457,1.301919071E9,776110,776759
776662,42.387383,-71.14455,1.301919071E9,776110,776759
776662,42.387283,-71.14449,1.301919071E9,776110,776759
776662,42.387207,-71.144394,1.301919071E9,776110,776759
776662,42.38712,-71.14437,1.301919071E9,776110,776759
776662,42.38705,-71.14446,1.301919071E9,776110,776759
776662,42.387043,-71.14459,1.301919071E9,776110,776759
776662,42.387054,-71.144714,1.301919071E9,776110,776759
776662,42.38706,-71.144875,1.301919071E9,776110,776759
776662,42.387043,-71.145004,1.301919071E9,776110,776759
776662,42.387024,-71.14515,1.301919071E9,776110,776759
776662,42.387005,-71.14529,1.301919071E9,776110,776759
776662,42.386986,-71.145424,1.301919071E9,776110,776759
776662,42.386948,-71.14556,1.301919071E9,776110,776759
776662,42.386883,-71.1457,1.301919071E9,776110,776759
776662,42.386814,-71.14582,1.301919071E9,776110,776759
776662,42.38676,-71.14592,1.301919071E9,776110,776759
776662,42.386707,-71.146065,1.301919071E9,776110,776759
776662,42.386673,-71.14619,1.301919071E9,776110,776759
776662,42.386616,-71.14632,1.301919071E9,776110,776759
776662,42.386555,-71.14643,1.301919071E9,776110,776759
776662,42.3865,-71.146545,1.301919071E9,776110,776759
776662,42.386482,-71.14667,1.301919071E9,776110,776759
776662,42.38646,-71.14679,1.301919071E9,776110,776759
776662,42.386433,-71.14692,1.301919071E9,776110,776759
776662,42.38644,-71.14705,1.301919071E9,776110,776759
776662,42.38647,-71.14719,1.301919071E9,776110,776759
776662,42.386513,-71.1473,1.301919071E9,776110,776759
776662,42.386574,-71.14741,1.301919071E9,776110,776759
776662,42.38664,-71.14752,1.301919071E9,776110,776759
776662,42.38671,-71.14762,1.301919071E9,776110,776759
776662,42.38678,-71.14771,1.301919071E9,776110,776759
776662,42.386864,-71.14781,1.301919071E9,776110,776759
776662,42.386944,-71.14788,1.301919071E9,776110,776759
776662,42.38703,-71.14797,1.301919071E9,776110,776759
776662,42.3871,-71.14807,1.301919071E9,776110,776759
776662,42.38716,-71.14818,1.301919071E9,776110,776759
776662,42.38722,-71.148285,1.301919071E9,776110,776759
776662,42.387287,-71.1484,1.301919071E9,776110,776759
776662,42.387356,-71.14849,1.301919071E9,776110,776759
776662,42.387432,-71.14857,1.301919071E9,776110,776759
776662,42.387512,-71.14867,1.301919071E9,776110,776759
776662,42.387592,-71.148735,1.301919071E9,776110,776759
776662,42.387676,-71.14881,1.301919071E9,776110,776759
776662,42.38777,-71.1489,1.301919071E9,776110,776759
776662,42.387856,-71.148994,1.301919071E9,776110,776759
776662,42.387928,-71.1491,1.301919071E9,776110,776759
776662,42.388,-71.1492,1.301919071E9,776110,776759
776662,42.388077,-71.14932,1.301919071E9,776110,776759
776662,42.388134,-71.14943,1.301919071E9,776110,776759
776662,42.38819,-71.14954,1.301919071E9,776110,776759
776662,42.38825,-71.14967,1.301919071E9,776110,776759
776662,42.38829,-71.149796,1.301919071E9,776110,776759
776662,42.38835,-71.14991,1.301919071E9,776110,776759
776662,42.388412,-71.15004,1.3019190