4,1.301919071E9,776110,776759
776662,48.8557,2.327494,1.301919071E9,776110,776759
776662,48.85577,2.32738,1.301919071E9,776110,776759
776662,48.85584,2.327261,1.301919071E9,776110,776759
776662,48.85593,2.327258,1.301919071E9,776110,776759
776662,48.856014,2.327318,1.301919071E9,776110,776759
776662,48.856113,2.327334,1.301919071E9,776110,776759
776662,48.856213,2.327257,1.301919071E9,776110,776759
776662,48.856316,2.327159,1.301919071E9,776110,776759
776662,48.85639,2.327027,1.301919071E9,776110,776759
776662,48.856457,2.32689,1.301919071E9,776110,776759
776662,48.856525,2.326785,1.301919071E9,776110,776759
776662,48.856525,2.326785,1.301919071E9,776110,776759
776662,48.87061,2.30473,1.301919071E9,776110,776759
776662,48.87053,2.304861,1.301919071E9,776110,776759
776662,48.870415,2.304891,1.301919071E9,776110,776759
776662,48.870304,2.304834,1.301919071E9,776110,776759
776662,48.87021,2.30481,1.301919071E9,776110,776759
776662,48.870087,2.304808,1.301919071E9,776110,776759
776662,48.869972,2.304792,1.301919071E9,776110,776759
776662,48.869877,2.304764,1.301919071E9,776110,776759
776662,48.869793,2.304704,1.301919071E9,776110,776759
776662,48.869694,2.304595,1.301919071E9,776110,776759
776662,48.869663,2.304452,1.301919071E9,776110,776759
776662,48.86961,2.304308,1.301919071E9,776110,776759
776662,48.869534,2.304192,1.301919071E9,776110,776759
776662,48.869473,2.304083,1.301919071E9,776110,776759
776662,48.869396,2.303974,1.301919071E9,776110,776759
776662,48.86933,2.303869,1.301919071E9,776110,776759
776662,48.86929,2.303735,1.301919071E9,776110,776759
776662,48.869232,2.303603,1.301919071E9,776110,776759
776662,48.86915,2.303484,1.301919071E9,776110,776759
776662,48.869057,2.303394,1.301919071E9,776110,776759
776662,48.86897,2.303308,1.301919071E9,776110,776759
776662,48.868916,2.303174,1.301919071E9,776110,776759
776662,48.86894,2.303035,1.301919071E9,776110,776759
776662,48.86898,2.302892,1.301919071E9,776110,776759
776662,48.86902,2.302769,1.301919071E9,776110,776759
776662,48.869087,2.302637,1.301919071E9,776110,776759
776662,48.869118,2.302492,1.301919071E9,776110,776759
776662,48.86908,2.302349,1.301919071E9,776110,776759
776662,48.868996,2.302235,1.301919071E9,776110,776759
776662,48.868908,2.302152,1.301919071E9,776110,776759
776662,48.86881,2.302106,1.301919071E9,776110,776759
776662,48.868732,2.302032,1.301919071E9,776110,776759
776662,48.868652,2.301922,1.301919071E9,776110,776759
776662,48.868584,2.301764,1.301919071E9,776110,776759
776662,48.868584,2.301578,1.301919071E9,776110,776759
776662,48.86852,2.301462,1.301919071E9,776110,776759
776662,48.868423,2.301444,1.301919071E9,776110,776759
776662,48.86832,2.301418,1.301919071E9,776110,776759
776662,48.868202,2.301379,1.301919071E9,776110,776759
776662,48.8681,2.301337,1.301919071E9,776110,776759
776662,48.867992,2.301286,1.301919071E9,776110,776759
776662,48.867897,2.301218,1.301919071E9,776110,776759
776662,48.867813,2.301123,1.301919071E9,776110,776759
776662,48.867725,2.301069,1.301919071E9,776110,776759
776662,48.867638,2.301007,1.301919071E9,776110,776759
776662,48.86758,2.301156,1.301919071E9,776110,776759
776662,48.86748,2.301223,1.301919071E9,776110,776759
776662,48.86739,2.301249,1.301919071E9,776110,776759
776662,48.8673,2.301207,1.301919071E9,776110,776759
776662,48.8672,2.301216,1.301919071E9,776110,776759
776662,48.867107,2.301216,1.301919071E9,776110,776759
776662,48.86701,2.301246,1.301919071E9,776110,776759
776662,48.866917,2.301254,1.301919071E9,776110,776759
776662,48.866825,2.301224,1.301919071E9,776110,776759
776662,48.86673,2.301244,1.301919071E9,776110,776759
776662,48.866627,2.301228,1.301919071E9,776110,776759
776662,48.86653,2.30121,1.301919071E9,776110,776759
776662,48.866432,2.301199,1.301919071E9,776110,776759
776662,48.86633,2.30122,1.301919071E9,776110,776759
776662,48.866253,2.301344,1.301919071E9,776110,776759
776662,48.86616,2.301388,1.301919071E9,776110,776759
776662,48.86607,2.301419,1.301919071E9,776110,776759
776662,48.865974,2.301457,1.301919071E9,776110,776759
776662,48.865875,2.301499,1.301919071E9,776110,776759
776662,48.86577,2.301552,1.301919071E9,776110,776759
776662,48.86567,2.301497,1.301919071E9,776110,776759
776662,48.865562,2.30145,1.301919071E9,776110,776759
776662,48.865467,2.301455,1.301919071E9,776110,776759
776662,48.86536,2.301499,1.301919071E9,776110,776759
776662,48.865246,2.301546,1.301919071E9,776110,776759
776662,48.865154,2.30157,1.301919071E9,776110,776759
776662,48.865067,2.301607,1.301919071E9,776110,776759
776662,48.864956,2.301673,1.301919071E9,776110,776759
776662,48.86494,2.301664,1.301919071E9,776110,776759
776662,48.86424,2.301182,1.301919071E9,776110,776759
776662,48.864853,2.301556,1.301919071E9,776110,776759
776662,48.86478,2.301421,1.301919071E9,776110,776759
776662,48.86456,2.301104,1.301919071E9,776110,776759
776662,48.86434,2.300949,1.301919071E9,776110,776759
776662,48.864243,2.300991,1.301919071E9,776110,776759
776662,48.86417,2.301115,1.301919071E9,776110,776759
776662,48.864166,2.301266,1.301919071E9,776110,776759
776662,48.864147,2.301403,1.301919071E9,776110,776759
776662,48.864056,2.301496,1.301919071E9,776110,776759
776662,48.86395,2.301532,1.301919071E9,776110,776759
776662,48.863853,2.301529,1.301919071E9,776110,776759
776662,48.863758,2.30153,1.301919071E9,776110,776759
776662,48.863655,2.301548,1.301919071E9,776110,776759
776662,48.863564,2.301568,1.301919071E9,776110,776759
776662,48.863464,2.301591,1.301919071E9,776110,776759
776662,48.86336,2.301602,1.301919071E9,776110,776759
776662,48.86326,2.301611,1.301919071E9,776110,776759
776662,48.863167,2.301616,1.301919071E9,776110,776759
776662,48.863056,2.301605,1.301919071E9,776110,776759
776662,48.862965,2.301588,1.301919071E9,776110,776759
776662,48.862854,2.301563,1.301919071E9,776110,776759
776662,48.862762,2.30153,1.301919071E9,776110,776759
776662,48.86267,2.30148,1.301919071E9,776110,776759
776662,48.86262,2.301349,1.301919071E9,776110,776759
776662,48.86262,2.301192,1.301919071E9,776110,776759
776662,48.862595,2.301053,1.301919071E9,776110,776759
776662,48.862633,2.300929,1.301919071E9,776110,776759
776662,48.862633,2.30091,1.301919071E9,776110,776759
776662,48.862633,2.300762,1.301919071E9,776110,776759
776662,48.862617,2.300617,1.301919071E9,776110,776759
776662,48.862595,2.300481,1.301919071E9,776110,776759
776662,48.86258,2.300334,1.301919071E9,776110,776759
776662,48.862568,2.300173,1.301919071E9,776110,776759
776662,48.86257,2.300082,1.301919071E9,776110,776759
776662,48.862583,2.300214,1.301919071E9,776110,776759
776662,48.862587,2.300308,1.301919071E9,776110,776759
776662,48.86259,2.300452,1.301919071E9,776110,776759
776662,48.8626,2.3006,1.301919071E9,776110,776759
776662,48.862602,2.300417,1.301919071E9,776110,776759
776662,48.86259,2.300274,1.301919071E9,776110,776759
776662,48.862617,2.300423,1.301919071E9,776110,776759
776662,48.86262,2.300594,1.301919071E9,776110,776759
776662,48.86262,2.300447,1.301919071E9,776110,776759
776662,48.862595,2.300276,1.301919071E9,776110,776759
776662,48.862595,2.300129,1.301919071E9,776110,776759
776662,48.86263,2.300279,1.301919071E9,776110,776759
776662,48.86265,2.300418,1.301919071E9,776110,776759
776662,48.86265,2.300585,1.301919071E9,776110,776759
776662,48.8626,2.300453,1.301919071E9,776110,776759
776662,48.8626,2.300297,1.301919071E9,776110,776759
776662,48.862602,2.300147,1.301919071E9,776110,776759
776662,48.862637,2.300288,1.301919071E9,776110,776759
776662,48.862648,2.300461,1.301919071E9,776110,776759
776662,48.862663,2.300609,1.301919071E9,776110,776759
776662,48.862644,2.300442,1.301919071E9,776110,776759
776662,48.862625,2.300293,1.301919071E9,776110,776759
776662,48.862625,2.300439,1.301919071E9,776110,776759
776662,48.86265,2.300597,1.301919071E9,776110,776759
776662,48.86258,2.300467,1.301919071E9,776110,776759
776662,48.86257,2.300328,1.301919071E9,776110,776759
776662,48.862587,2.300184,1.301919071E9,776110,776759
776662,48.862648,2.300288,1.301919071E9,776110,776759
776662,