776662,56.278,43.94401,1.301919071E9,776110,776759
776662,56.27798,43.943893,1.301919071E9,776110,776759
776662,56.27792,43.943768,1.301919071E9,776110,776759
776662,56.277843,43.94366,1.301919071E9,776110,776759
776662,56.27776,43.943573,1.301919071E9,776110,776759
776662,56.27767,43.943474,1.301919071E9,776110,776759
776662,56.277603,43.94336,1.301919071E9,776110,776759
776662,56.277546,43.943226,1.301919071E9,776110,776759
776662,56.27752,43.943058,1.301919071E9,776110,776759
776662,56.277542,43.942898,1.301919071E9,776110,776759
776662,56.27757,43.94272,1.301919071E9,776110,776759
776662,56.277603,43.942554,1.301919071E9,776110,776759
776662,56.277603,43.94237,1.301919071E9,776110,776759
776662,56.277557,43.942196,1.301919071E9,776110,776759
776662,56.277527,43.942024,1.301919071E9,776110,776759
776662,56.277485,43.941837,1.301919071E9,776110,776759
776662,56.277435,43.941696,1.301919071E9,776110,776759
776662,56.277386,43.94155,1.301919071E9,776110,776759
776662,56.277344,43.941357,1.301919071E9,776110,776759
776662,56.27728,43.941208,1.301919071E9,776110,776759
776662,56.277233,43.94103,1.301919071E9,776110,776759
776662,56.277195,43.94084,1.301919071E9,776110,776759
776662,56.277157,43.940685,1.301919071E9,776110,776759
776662,56.277096,43.94054,1.301919071E9,776110,776759
776662,56.277035,43.940372,1.301919071E9,776110,776759
776662,56.276974,43.940228,1.301919071E9,776110,776759
776662,56.2769,43.940067,1.301919071E9,776110,776759
776662,56.276794,43.939697,1.301919071E9,776110,776759
776662,56.276756,43.939503,1.301919071E9,776110,776759
776662,56.27673,43.939346,1.301919071E9,776110,776759
776662,56.276695,43.939175,1.301919071E9,776110,776759
776662,56.276646,43.938995,1.301919071E9,776110,776759
776662,56.276638,43.93882,1.301919071E9,776110,776759
776662,56.27672,43.938744,1.301919071E9,776110,776759
776662,56.27681,43.93881,1.301919071E9,776110,776759
776662,56.276886,43.938908,1.301919071E9,776110,776759
776662,56.27697,43.939034,1.301919071E9,776110,776759
776662,56.277042,43.939133,1.301919071E9,776110,776759
776662,56.277115,43.939278,1.301919071E9,776110,776759
776662,56.27719,43.9394,1.301919071E9,776110,776759
776662,56.27728,43.93952,1.301919071E9,776110,776759
776662,56.277363,43.939648,1.301919071E9,776110,776759
776662,56.27744,43.93979,1.301919071E9,776110,776759
776662,56.27751,43.939922,1.301919071E9,776110,776759
776662,56.277596,43.940044,1.301919071E9,776110,776759
776662,56.27767,43.940174,1.301919071E9,776110,776759
776662,56.277744,43.9403,1.301919071E9,776110,776759
776662,56.277824,43.940422,1.301919071E9,776110,776759
776662,56.27791,43.94054,1.301919071E9,776110,776759
776662,56.278008,43.940605,1.301919071E9,776110,776759
776662,56.278038,43.940456,1.301919071E9,776110,776759
776662,56.278137,43.940353,1.301919071E9,776110,776759
776662,56.278217,43.940247,1.301919071E9,776110,776759
776662,56.278297,43.94013,1.301919071E9,776110,776759
776662,56.27839,43.940044,1.301919071E9,776110,776759
776662,56.278484,43.940014,1.301919071E9,776110,776759
776662,56.278584,43.939957,1.301919071E9,776110,776759
776662,56.278664,43.939877,1.301919071E9,776110,776759
776662,56.278706,43.94006,1.301919071E9,776110,776759
776662,56.278748,43.940296,1.301919071E9,776110,776759
776662,56.27879,43.940453,1.301919071E9,776110,776759
776662,56.278824,43.9406,1.301919071E9,776110,776759
776662,56.278885,43.940777,1.301919071E9,776110,776759
776662,56.278965,43.940907,1.301919071E9,776110,776759
776662,56.279057,43.940964,1.301919071E9,776110,776759
776662,56.279133,43.941093,1.301919071E9,776110,776759
776662,56.27916,43.941277,1.301919071E9,776110,776759
776662,56.27925,43.941357,1.301919071E9,776110,776759
776662,56.279366,43.941414,1.301919071E9,776110,776759
776662,56.27947,43.941475,1.301919071E9,776110,776759
776662,56.279556,43.941525,1.301919071E9,776110,776759
776662,56.27962,43.94168,1.301919071E9,776110,776759
776662,56.279602,43.941856,1.301919071E9,776110,776759
776662,56.279583,43.94205,1.301919071E9,776110,776759
776662,56.27956,43.942223,1.301919071E9,776110,776759
776662,56.2795,43.94237,1.301919071E9,776110,776759
776662,56.279438,43.9425,1.301919071E9,776110,776759
776662,56.279343,43.94249,1.301919071E9,776110,776759
776662,56.279243,43.942413,1.301919071E9,776110,776759
776662,56.279152,43.942337,1.301919071E9,776110,776759
776662,56.27907,43.942238,1.301919071E9,776110,776759
776662,56.278988,43.942146,1.301919071E9,776110,776759
776662,56.27891,43.94201,1.301919071E9,776110,776759
776662,56.27885,43.94187,1.301919071E9,776110,776759
776662,56.278763,43.941753,1.301919071E9,776110,776759
776662,56.278675,43.94163,1.301919071E9,776110,776759
776662,56.27859,43.941475,1.301919071E9,776110,776759
776662,56.27851,43.941326,1.301919071E9,776110,776759
776662,56.27845,43.941196,1.301919071E9,776110,776759
776662,56.278427,43.94103,1.301919071E9,776110,776759
776662,56.27841,43.94085,1.301919071E9,776110,776759
776662,56.278378,43.94067,1.301919071E9,776110,776759
776662,56.278343,43.9405,1.301919071E9,776110,776759
776662,56.278316,43.940334,1.301919071E9,776110,776759
776662,56.278362,43.940186,1.301919071E9,776110,776759
776662,56.27846,43.940144,1.301919071E9,776110,776759
776662,56.27855,43.940094,1.301919071E9,776110,776759
776662,56.27864,43.940044,1.301919071E9,776110,776759
776662,56.278732,43.939976,1.301919071E9,776110,776759
776662,56.278824,43.939915,1.301919071E9,776110,776759
776662,56.27879,43.939747,1.301919071E9,776110,776759
776662,56.27864,43.93966,1.301919071E9,776110,776759
776662,56.27855,43.939617,1.301919071E9,776110,776759
776662,56.27846,43.939556,1.301919071E9,776110,776759
776662,56.278378,43.93947,1.301919071E9,776110,776759
776662,56.278286,43.93936,1.301919071E9,776110,776759
776662,56.27821,43.939278,1.301919071E9,776110,776759
776662,56.278122,43.939198,1.301919071E9,776110,776759
776662,56.278038,43.939114,1.301919071E9,776110,776759
776662,56.27795,43.939045,1.301919071E9,776110,776759
776662,56.27786,43.93897,1.301919071E9,776110,776759
776662,56.277744,43.93887,1.301919071E9,776110,776759
776662,56.277653,43.938797,1.301919071E9,776110,776759
776662,56.27755,43.93872,1.301919071E9,776110,776759
776662,56.277462,43.938663,1.301919071E9,776110,776759
776662,56.27738,43.93858,1.301919071E9,776110,776759
776662,56.277294,43.93851,1.301919071E9,776110,776759
776662,56.277184,43.93841,1.301919071E9,776110,776759
776662,56.277084,43.938354,1.301919071E9,776110,776759
776662,56.27699,43.938297,1.301919071E9,776110,776759
776662,56.276897,43.938255,1.301919071E9,776110,776759
776662,56.276806,43.938286,1.301919071E9,776110,776759
776662,56.27672,43.938343,1.301919071E9,776110,776759
776662,56.2766,43.938423,1.301919071E9,776110,776759
776662,56.276493,43.9385,1.301919071E9,776110,776759
776662,56.276432,43.93864,1.301919071E9,776110,776759
776662,56.276325,43.938786,1.301919071E9,776110,776759
776662,56.27614,43.939003,1.301919071E9,776110,776759
776662,56.276047,43.939022,1.301919071E9,776110,776759
776662,56.275997,43.93916,1.301919071E9,776110,776759
776662,56.275963,43.939327,1.301919071E9,776110,776759
776662,56.275913,43.939476,1.301919071E9,776110,776759
776662,56.275837,43.93958,1.301919071E9,776110,776759
776662,56.275745,43.939606,1.301919071E9,776110,776759
776662,56.27567,43.939697,1.301919071E9,776110,776759
776662,56.275654,43.939865,1.301919071E9,776110,776759
776662,56.275616,43.940044,1.301919071E9,776110,776759
776662,56.27555,43.940216,1.301919071E9,776110,776759
776662,56.275463,43.94031,1.301919071E9,776110,776759
776662,56.27537,43.940342,1.301919071E9,776110,776759
776662,56.27528,43.940376,1.301919071E9,776110,776759
776662,56.275185,43.940403,1.301919071E9,776110,776759
776662,56.275093,43.940414,1.301919071E9,776110,776759
776662,56.274998,43.940403,1.301919071E9,776110,776759
776662,56.274906,43.940426,1.301919071E9,776110,776759
776662,56.274807,43.94052,1.301919071E9,776110,776759
776662,56.274727,43.940605,1.301919071E9,776110,776759
776662,56.27464,43.94069,1