,776110,776759
776662,45.599434,-122.60797,1.301919071E9,776110,776759
776662,45.599407,-122.607735,1.301919071E9,776110,776759
776662,45.599396,-122.60751,1.301919071E9,776110,776759
776662,45.599377,-122.60729,1.301919071E9,776110,776759
776662,45.599365,-122.60716,1.301919071E9,776110,776759
776662,45.59934,-122.60698,1.301919071E9,776110,776759
776662,45.599327,-122.60675,1.301919071E9,776110,776759
776662,45.59932,-122.60651,1.301919071E9,776110,776759
776662,45.599277,-122.606346,1.301919071E9,776110,776759
776662,45.599243,-122.60615,1.301919071E9,776110,776759
776662,45.599213,-122.605934,1.301919071E9,776110,776759
776662,45.599197,-122.60571,1.301919071E9,776110,776759
776662,45.599182,-122.605484,1.301919071E9,776110,776759
776662,45.599163,-122.605286,1.301919071E9,776110,776759
776662,45.599133,-122.60508,1.301919071E9,776110,776759
776662,45.599102,-122.60487,1.301919071E9,776110,776759
776662,45.59907,-122.604645,1.301919071E9,776110,776759
776662,45.59903,-122.60445,1.301919071E9,776110,776759
776662,45.599007,-122.60424,1.301919071E9,776110,776759
776662,45.598988,-122.604034,1.301919071E9,776110,776759
776662,45.598965,-122.60383,1.301919071E9,776110,776759
776662,45.598946,-122.603615,1.301919071E9,776110,776759
776662,45.598915,-122.60341,1.301919071E9,776110,776759
776662,45.598892,-122.60319,1.301919071E9,776110,776759
776662,45.59887,-122.60298,1.301919071E9,776110,776759
776662,45.598858,-122.60277,1.301919071E9,776110,776759
776662,45.59885,-122.60257,1.301919071E9,776110,776759
776662,45.59881,-122.60236,1.301919071E9,776110,776759
776662,45.59877,-122.602165,1.301919071E9,776110,776759
776662,45.598766,-122.60196,1.301919071E9,776110,776759
776662,45.59874,-122.60175,1.301919071E9,776110,776759
776662,45.598717,-122.60153,1.301919071E9,776110,776759
776662,45.598686,-122.60128,1.301919071E9,776110,776759
776662,45.598656,-122.6011,1.301919071E9,776110,776759
776662,45.59863,-122.60088,1.301919071E9,776110,776759
776662,45.5986,-122.60068,1.301919071E9,776110,776759
776662,45.59858,-122.60047,1.301919071E9,776110,776759
776662,45.598557,-122.600266,1.301919071E9,776110,776759
776662,45.59853,-122.60004,1.301919071E9,776110,776759
776662,45.5985,-122.59984,1.301919071E9,776110,776759
776662,45.59847,-122.59963,1.301919071E9,776110,776759
776662,45.598454,-122.59942,1.301919071E9,776110,776759
776662,45.598415,-122.5992,1.301919071E9,776110,776759
776662,45.598377,-122.598976,1.301919071E9,776110,776759
776662,45.598328,-122.598755,1.301919071E9,776110,776759
776662,45.598267,-122.5986,1.301919071E9,776110,776759
776662,45.5982,-122.598434,1.301919071E9,776110,776759
776662,45.598145,-122.59826,1.301919071E9,776110,776759
776662,45.598087,-122.598076,1.301919071E9,776110,776759
776662,45.598026,-122.597885,1.301919071E9,776110,776759
776662,45.59798,-122.5977,1.301919071E9,776110,776759
776662,45.59792,-122.5975,1.301919071E9,776110,776759
776662,45.597878,-122.597305,1.301919071E9,776110,776759
776662,45.59783,-122.597115,1.301919071E9,776110,776759
776662,45.597775,-122.59695,1.301919071E9,776110,776759
776662,45.59774,-122.59673,1.301919071E9,776110,776759
776662,45.59768,-122.59655,1.301919071E9,776110,776759
776662,45.597626,-122.59637,1.301919071E9,776110,776759
776662,45.597572,-122.59617,1.301919071E9,776110,776759
776662,45.597523,-122.596016,1.301919071E9,776110,776759
776662,45.597454,-122.59586,1.301919071E9,776110,776759
776662,45.597393,-122.59569,1.301919071E9,776110,776759
776662,45.59731,-122.595535,1.301919071E9,776110,776759
776662,45.59725,-122.59536,1.301919071E9,776110,776759
776662,45.597187,-122.5952,1.301919071E9,776110,776759
776662,45.597115,-122.59503,1.301919071E9,776110,776759
776662,45.59705,-122.5949,1.301919071E9,776110,776759
776662,45.59699,-122.59474,1.301919071E9,776110,776759
776662,45.596928,-122.59458,1.301919071E9,776110,776759
776662,45.596848,-122.59442,1.301919071E9,776110,776759
776662,45.596764,-122.59421,1.301919071E9,776110,776759
776662,45.5967,-122.59405,1.301919071E9,776110,776759
776662,45.596634,-122.59391,1.301919071E9,776110,776759
776662,45.596596,-122.59369,1.301919071E9,776110,776759
776662,45.596546,-122.59347,1.301919071E9,776110,776759
776662,45.59647,-122.59332,1.301919071E9,776110,776759
776662,45.596413,-122.593155,1.301919071E9,776110,776759
776662,45.59631,-122.59301,1.301919071E9,776110,776759
776662,45.596233,-122.59285,1.301919071E9,776110,776759
776662,45.59617,-122.59266,1.301919071E9,776110,776759
776662,45.596096,-122.592476,1.301919071E9,776110,776759
776662,45.596035,-122.5923,1.301919071E9,776110,776759
776662,45.595966,-122.592125,1.301919071E9,776110,776759
776662,45.59591,-122.59196,1.301919071E9,776110,776759
776662,45.595856,-122.59172,1.301919071E9,776110,776759
776662,45.595814,-122.591515,1.301919071E9,776110,776759
776662,45.59574,-122.591385,1.301919071E9,776110,776759
776662,45.59565,-122.591194,1.301919071E9,776110,776759
776662,45.595596,-122.590996,1.301919071E9,776110,776759
776662,45.59552,-122.59082,1.301919071E9,776110,776759
776662,45.595463,-122.59066,1.301919071E9,776110,776759
776662,45.595394,-122.590485,1.301919071E9,776110,776759
776662,45.595325,-122.59031,1.301919071E9,776110,776759
776662,45.59525,-122.59014,1.301919071E9,776110,776759
776662,45.595177,-122.589966,1.301919071E9,776110,776759
776662,45.59511,-122.58979,1.301919071E9,776110,776759
776662,45.595043,-122.58962,1.301919071E9,776110,776759
776662,45.594982,-122.58942,1.301919071E9,776110,776759
776662,45.594917,-122.589264,1.301919071E9,776110,776759
776662,45.594833,-122.58913,1.301919071E9,776110,776759
776662,45.594826,-122.58898,1.301919071E9,776110,776759
776662,45.594738,-122.588844,1.301919071E9,776110,776759
776662,45.594685,-122.58867,1.301919071E9,776110,776759
776662,45.594624,-122.58845,1.301919071E9,776110,776759
776662,45.594555,-122.58824,1.301919071E9,776110,776759
776662,45.5945,-122.58801,1.301919071E9,776110,776759
776662,45.59446,-122.587814,1.301919071E9,776110,776759
776662,45.594387,-122.587585,1.301919071E9,776110,776759
776662,45.59433,-122.58737,1.301919071E9,776110,776759
776662,45.594227,-122.58722,1.301919071E9,776110,776759
776662,45.594135,-122.58704,1.301919071E9,776110,776759
776662,45.594032,-122.586876,1.301919071E9,776110,776759
776662,45.593998,-122.58672,1.301919071E9,776110,776759
776662,45.593918,-122.58654,1.301919071E9,776110,776759
776662,45.59385,-122.58633,1.301919071E9,776110,776759
776662,45.593758,-122.586105,1.301919071E9,776110,776759
776662,45.59374,-122.585884,1.301919071E9,776110,776759
776662,45.593647,-122.58574,1.301919071E9,776110,776759
776662,45.59357,-122.58554,1.301919071E9,776110,776759
776662,45.593506,-122.585396,1.301919071E9,776110,776759
776662,45.593403,-122.58516,1.301919071E9,776110,776759
776662,45.59334,-122.58496,1.301919071E9,776110,776759
776662,45.593224,-122.58485,1.301919071E9,776110,776759
776662,45.593136,-122.584656,1.301919071E9,776110,776759
776662,45.59305,-122.58451,1.301919071E9,776110,776759
776662,45.592953,-122.58435,1.301919071E9,776110,776759
776662,45.592896,-122.58413,1.301919071E9,776110,776759
776662,45.592827,-122.58394,1.301919071E9,776110,776759
776662,45.59276,-122.58376,1.301919071E9,776110,776759
776662,45.592686,-122.58352,1.301919071E9,776110,776759
776662,45.59262,-122.583305,1.301919071E9,776110,776759
776662,45.592545,-122.58309,1.301919071E9,776110,776759
776662,45.592457,-122.582825,1.301919071E9,776110,776759
776662,45.59242,-122.58263,1.301919071E9,776110,776759
776662,45.592346,-122.58243,1.301919071E9,776110,776759
776662,45.592365,-122.58224,1.301919071E9,776110,776759
776662,45.592297,-122.58204,1.301919071E9,776110,776759
776662,45.592175,-122.58195,1.301919071E9,776110,776759
776662,45.592045,-122.58184,1.301919071E9,776110,776759
776662,45.59198,-122.58164,1.301919071E9,776110,776759
776662,45.591904,-122.58147,1.301919071E9,776110,776759
776662,45.59183,-122.58129,1.301919071E9,776110,776759
776662,45.59176,-122.58111,1.301919071E9,776110,776759
