,776110,776759
776662,38.766827,-90.54092,1.301919071E9,776110,776759
776662,38.76673,-90.54097,1.301919071E9,776110,776759
776662,38.766647,-90.54104,1.301919071E9,776110,776759
776662,38.766556,-90.54113,1.301919071E9,776110,776759
776662,38.766495,-90.54124,1.301919071E9,776110,776759
776662,38.766445,-90.54134,1.301919071E9,776110,776759
776662,38.76638,-90.541466,1.301919071E9,776110,776759
776662,38.766327,-90.54157,1.301919071E9,776110,776759
776662,38.76627,-90.541664,1.301919071E9,776110,776759
776662,38.766193,-90.54176,1.301919071E9,776110,776759
776662,38.76613,-90.54187,1.301919071E9,776110,776759
776662,38.766075,-90.54197,1.301919071E9,776110,776759
776662,38.76602,-90.54208,1.301919071E9,776110,776759
776662,38.765965,-90.542175,1.301919071E9,776110,776759
776662,38.76589,-90.54225,1.301919071E9,776110,776759
776662,38.765835,-90.542366,1.301919071E9,776110,776759
776662,38.765804,-90.54249,1.301919071E9,776110,776759
776662,38.76575,-90.5426,1.301919071E9,776110,776759
776662,38.765686,-90.54271,1.301919071E9,776110,776759
776662,38.765614,-90.54282,1.301919071E9,776110,776759
776662,38.76555,-90.542915,1.301919071E9,776110,776759
776662,38.76548,-90.54301,1.301919071E9,776110,776759
776662,38.765392,-90.54308,1.301919071E9,776110,776759
776662,38.76532,-90.54315,1.301919071E9,776110,776759
776662,38.765224,-90.54322,1.301919071E9,776110,776759
776662,38.76514,-90.5433,1.301919071E9,776110,776759
776662,38.76507,-90.54338,1.301919071E9,776110,776759
776662,38.76502,-90.54348,1.301919071E9,776110,776759
776662,38.765022,-90.54335,1.301919071E9,776110,776759
776662,38.765095,-90.54327,1.301919071E9,776110,776759
776662,38.765175,-90.543205,1.301919071E9,776110,776759
776662,38.765263,-90.543144,1.301919071E9,776110,776759
776662,38.76534,-90.543076,1.301919071E9,776110,776759
776662,38.76541,-90.54301,1.301919071E9,776110,776759
776662,38.765488,-90.54292,1.301919071E9,776110,776759
776662,38.765564,-90.54282,1.301919071E9,776110,776759
776662,38.76562,-90.54273,1.301919071E9,776110,776759
776662,38.76568,-90.542625,1.301919071E9,776110,776759
776662,38.765766,-90.54258,1.301919071E9,776110,776759
776662,38.765865,-90.542564,1.301919071E9,776110,776759
776662,38.76592,-90.54245,1.301919071E9,776110,776759
776662,38.76596,-90.54234,1.301919071E9,776110,776759
776662,38.766014,-90.54224,1.301919071E9,776110,776759
776662,38.76609,-90.542114,1.301919071E9,776110,776759
776662,38.766167,-90.54201,1.301919071E9,776110,776759
776662,38.766235,-90.54189,1.301919071E9,776110,776759
776662,38.76628,-90.541794,1.301919071E9,776110,776759
776662,38.766346,-90.54169,1.301919071E9,776110,776759
776662,38.766415,-90.541565,1.301919071E9,776110,776759
776662,38.766468,-90.54146,1.301919071E9,776110,776759
776662,38.766537,-90.54134,1.301919071E9,776110,776759
776662,38.766605,-90.54124,1.301919071E9,776110,776759
776662,38.766693,-90.54116,1.301919071E9,776110,776759
776662,38.76678,-90.54108,1.301919071E9,776110,776759
776662,38.76686,-90.54101,1.301919071E9,776110,776759
776662,38.766964,-90.54094,1.301919071E9,776110,776759
776662,38.76707,-90.540924,1.301919071E9,776110,776759
776662,38.767185,-90.540924,1.301919071E9,776110,776759
776662,38.767284,-90.5409,1.301919071E9,776110,776759
776662,38.767395,-90.54089,1.301919071E9,776110,776759
776662,38.767494,-90.54083,1.301919071E9,776110,776759
776662,38.767586,-90.54075,1.301919071E9,776110,776759
776662,38.767666,-90.54066,1.301919071E9,776110,776759
776662,38.767735,-90.540565,1.301919071E9,776110,776759
776662,38.767807,-90.54046,1.301919071E9,776110,776759
776662,38.767868,-90.54037,1.301919071E9,776110,776759
776662,38.76792,-90.540276,1.301919071E9,776110,776759
776662,38.76801,-90.54017,1.301919071E9,776110,776759
776662,38.76809,-90.54007,1.301919071E9,776110,776759
776662,38.76817,-90.53999,1.301919071E9,776110,776759
776662,38.76827,-90.53992,1.301919071E9,776110,776759
776662,38.768364,-90.539856,1.301919071E9,776110,776759
776662,38.76845,-90.53982,1.301919071E9,776110,776759
776662,38.76855,-90.53977,1.301919071E9,776110,776759
776662,38.768658,-90.53971,1.301919071E9,776110,776759
776662,38.76877,-90.53969,1.301919071E9,776110,776759
776662,38.768864,-90.53965,1.301919071E9,776110,776759
776662,38.76895,-90.539604,1.301919071E9,776110,776759
776662,38.769054,-90.53956,1.301919071E9,776110,776759
776662,38.76915,-90.53948,1.301919071E9,776110,776759
776662,38.769238,-90.53941,1.301919071E9,776110,776759
776662,38.76932,-90.539345,1.301919071E9,776110,776759
776662,38.769382,-90.53926,1.301919071E9,776110,776759
776662,38.769455,-90.53915,1.301919071E9,776110,776759
776662,38.76952,-90.53904,1.301919071E9,776110,776759
776662,38.76958,-90.53891,1.301919071E9,776110,776759
776662,38.769634,-90.53881,1.301919071E9,776110,776759
776662,38.769684,-90.5387,1.301919071E9,776110,776759
776662,38.76974,-90.53857,1.301919071E9,776110,776759
776662,38.7698,-90.53845,1.301919071E9,776110,776759
776662,38.769867,-90.53832,1.301919071E9,776110,776759
776662,38.769917,-90.538216,1.301919071E9,776110,776759
776662,38.76997,-90.5381,1.301919071E9,776110,776759
776662,38.770027,-90.53798,1.301919071E9,776110,776759
776662,38.770077,-90.53785,1.301919071E9,776110,776759
776662,38.770126,-90.53775,1.301919071E9,776110,776759
776662,38.7702,-90.53764,1.301919071E9,776110,776759
776662,38.770264,-90.53751,1.301919071E9,776110,776759
776662,38.77031,-90.53741,1.301919071E9,776110,776759
776662,38.770363,-90.537285,1.301919071E9,776110,776759
776662,38.770416,-90.53717,1.301919071E9,776110,776759
776662,38.77046,-90.53706,1.301919071E9,776110,776759
776662,38.770515,-90.53695,1.301919071E9,776110,776759
776662,38.77059,-90.53684,1.301919071E9,776110,776759
776662,38.770653,-90.53673,1.301919071E9,776110,776759
776662,38.7707,-90.536606,1.301919071E9,776110,776759
776662,38.77075,-90.536476,1.301919071E9,776110,776759
776662,38.77079,-90.536354,1.301919071E9,776110,776759
776662,38.77082,-90.53624,1.301919071E9,776110,776759
776662,38.770836,-90.5361,1.301919071E9,776110,776759
776662,38.77082,-90.53596,1.301919071E9,776110,776759
776662,38.7708,-90.53583,1.301919071E9,776110,776759
776662,38.77079,-90.53571,1.301919071E9,776110,776759
776662,38.770775,-90.53559,1.301919071E9,776110,776759
776662,38.770756,-90.53545,1.301919071E9,776110,776759
776662,38.770718,-90.53534,1.301919071E9,776110,776759
776662,38.77067,-90.53521,1.301919071E9,776110,776759
776662,38.770622,-90.53508,1.301919071E9,776110,776759
776662,38.77057,-90.53497,1.301919071E9,776110,776759
776662,38.7705,-90.53486,1.301919071E9,776110,776759
776662,38.770447,-90.53477,1.301919071E9,776110,776759
776662,38.770382,-90.534676,1.301919071E9,776110,776759
776662,38.77032,-90.53457,1.301919071E9,776110,776759
776662,38.770252,-90.534454,1.301919071E9,776110,776759
776662,38.7702,-90.534355,1.301919071E9,776110,776759
776662,38.770123,-90.53424,1.301919071E9,776110,776759
776662,38.770046,-90.534164,1.301919071E9,776110,776759
776662,38.769962,-90.53409,1.301919071E9,776110,776759
776662,38.769886,-90.53401,1.301919071E9,776110,776759
776662,38.769802,-90.53395,1.301919071E9,776110,776759
776662,38.76972,-90.533875,1.301919071E9,776110,776759
776662,38.769638,-90.53379,1.301919071E9,776110,776759
776662,38.76956,-90.533714,1.301919071E9,776110,776759
776662,38.769485,-90.53363,1.301919071E9,776110,776759
776662,38.769398,-90.533554,1.301919071E9,776110,776759
776662,38.769306,-90.53349,1.301919071E9,776110,776759
776662,38.769222,-90.533424,1.301919071E9,776110,776759
776662,38.76913,-90.53335,1.301919071E9,776110,776759
776662,38.76906,-90.53324,1.301919071E9,776110,776759
776662,38.769,-90.53313,1.301919071E9,776110,776759
776662,38.768948,-90.53302,1.301919071E9,776110,776759
776662,38.768913,-90.532906,1.301919071E9,776110,776759
776662,38.768887,-90.53276,1.301919071E9,776110,776759
776662,38.76888,-90.532646,1.301919071E9,776110,776759
776662,38.768894,-90.53251,1.301919071E9,776110,776759
776662,38.76892,-90.53237,1.301919071E9,776110,7767