3694,1.301919071E9,776110,776759
776662,48.84712,2.333463,1.301919071E9,776110,776759
776662,48.847115,2.333383,1.301919071E9,776110,776759
776662,48.84712,2.333116,1.301919071E9,776110,776759
776662,48.84711,2.332855,1.301919071E9,776110,776759
776662,48.84708,2.332716,1.301919071E9,776110,776759
776662,48.84694,2.332592,1.301919071E9,776110,776759
776662,48.84679,2.332512,1.301919071E9,776110,776759
776662,48.84647,2.332438,1.301919071E9,776110,776759
776662,48.84593,2.332284,1.301919071E9,776110,776759
776662,48.845394,2.332186,1.301919071E9,776110,776759
776662,48.84488,2.332089,1.301919071E9,776110,776759
776662,48.84461,2.331363,1.301919071E9,776110,776759
776662,48.84421,2.330786,1.301919071E9,776110,776759
776662,48.843784,2.330876,1.301919071E9,776110,776759
776662,48.843605,2.331214,1.301919071E9,776110,776759
776662,48.843452,2.331358,1.301919071E9,776110,776759
776662,48.84311,2.331699,1.301919071E9,776110,776759
776662,48.842922,2.331778,1.301919071E9,776110,776759
776662,48.842728,2.331801,1.301919071E9,776110,776759
776662,48.842728,2.331801,1.301919071E9,776110,776759
776662,48.84248,2.331979,1.301919071E9,776110,776759
776662,48.84197,2.332267,1.301919071E9,776110,776759
776662,48.84186,2.332266,1.301919071E9,776110,776759
776662,48.841675,2.332238,1.301919071E9,776110,776759
776662,48.84148,2.331938,1.301919071E9,776110,776759
776662,48.841236,2.331954,1.301919071E9,776110,776759
776662,48.84075,2.332965,1.301919071E9,776110,776759
776662,48.840797,2.33213,1.301919071E9,776110,776759
776662,48.841137,2.331552,1.301919071E9,776110,776759
776662,48.84167,2.33133,1.301919071E9,776110,776759
776662,48.842102,2.33189,1.301919071E9,776110,776759
776662,48.842636,2.331684,1.301919071E9,776110,776759
776662,48.843002,2.331593,1.301919071E9,776110,776759
776662,48.843174,2.331448,1.301919071E9,776110,776759
776662,48.843323,2.331278,1.301919071E9,776110,776759
776662,48.843487,2.331121,1.301919071E9,776110,776759
776662,48.84366,2.330977,1.301919071E9,776110,776759
776662,48.843826,2.330727,1.301919071E9,776110,776759
776662,48.843994,2.330574,1.301919071E9,776110,776759
776662,48.844135,2.330449,1.301919071E9,776110,776759
776662,48.844326,2.330076,1.301919071E9,776110,776759
776662,48.844326,2.330076,1.301919071E9,776110,776759
776662,48.84442,2.329816,1.301919071E9,776110,776759
776662,48.844547,2.329599,1.301919071E9,776110,776759
776662,48.8447,2.329329,1.301919071E9,776110,776759
776662,48.844822,2.329071,1.301919071E9,776110,776759
776662,48.84493,2.328828,1.301919071E9,776110,776759
776662,48.84524,2.328539,1.301919071E9,776110,776759
776662,48.845333,2.328539,1.301919071E9,776110,776759
776662,48.84554,2.328561,1.301919071E9,776110,776759
776662,48.84582,2.328604,1.301919071E9,776110,776759
776662,48.84582,2.328604,1.301919071E9,776110,776759
776662,48.846016,2.328584,1.301919071E9,776110,776759
776662,48.846214,2.328548,1.301919071E9,776110,776759
776662,48.846355,2.32833,1.301919071E9,776110,776759
776662,48.846355,2.32833,1.301919071E9,776110,776759
776662,48.84658,2.328103,1.301919071E9,776110,776759
776662,48.84658,2.328103,1.301919071E9,776110,776759
776662,48.846924,2.327888,1.301919071E9,776110,776759
776662,48.84723,2.328067,1.301919071E9,776110,776759
776662,48.84742,2.328282,1.301919071E9,776110,776759
776662,48.84755,2.328508,1.301919071E9,776110,776759
776662,48.847633,2.328773,1.301919071E9,776110,776759
776662,48.847748,2.328998,1.301919071E9,776110,776759
776662,48.847763,2.329067,1.301919071E9,776110,776759
776662,48.847786,2.329189,1.301919071E9,776110,776759
776662,48.848083,2.329537,1.301919071E9,776110,776759
776662,48.84863,2.329264,1.301919071E9,776110,776759
776662,48.84889,2.328717,1.301919071E9,776110,776759
776662,48.84889,2.328717,1.301919071E9,776110,776759
776662,48.849075,2.32866,1.301919071E9,776110,776759
776662,48.84925,2.3285,1.301919071E9,776110,776759
776662,48.849384,2.328382,1.301919071E9,776110,776759
776662,48.849503,2.328262,1.301919071E9,776110,776759
776662,48.849594,2.328209,1.301919071E9,776110,776759
776662,48.84973,2.328128,1.301919071E9,776110,776759
776662,48.849873,2.328027,1.301919071E9,776110,776759
776662,48.849922,2.328012,1.301919071E9,776110,776759
776662,48.85002,2.327953,1.301919071E9,776110,776759
776662,48.85002,2.327953,1.301919071E9,776110,776759
776662,48.850117,2.327868,1.301919071E9,776110,776759
776662,48.85024,2.327793,1.301919071E9,776110,776759
776662,48.85033,2.327755,1.301919071E9,776110,776759
776662,48.850597,2.327867,1.301919071E9,776110,776759
776662,48.850937,2.32838,1.301919071E9,776110,776759
776662,48.85122,2.329008,1.301919071E9,776110,776759
776662,48.85145,2.329218,1.301919071E9,776110,776759
776662,48.851727,2.329391,1.301919071E9,776110,776759
776662,48.85193,2.329678,1.301919071E9,776110,776759
776662,48.85201,2.329968,1.301919071E9,776110,776759
776662,48.85219,2.33005,1.301919071E9,776110,776759
776662,48.852295,2.329973,1.301919071E9,776110,776759
776662,48.852425,2.329859,1.301919071E9,776110,776759
776662,48.852585,2.329504,1.301919071E9,776110,776759
776662,48.85266,2.32942,1.301919071E9,776110,776759
776662,48.852875,2.329178,1.301919071E9,776110,776759
776662,48.852932,2.329034,1.301919071E9,776110,776759
776662,48.853065,2.328742,1.301919071E9,776110,776759
776662,48.853188,2.328588,1.301919071E9,776110,776759
776662,48.853188,2.328588,1.301919071E9,776110,776759
776662,48.85334,2.328398,1.301919071E9,776110,776759
776662,48.853542,2.328074,1.301919071E9,776110,776759
776662,48.853794,2.327659,1.301919071E9,776110,776759
776662,48.853878,2.327348,1.301919071E9,776110,776759
776662,48.853878,2.327348,1.301919071E9,776110,776759
776662,48.853973,2.327062,1.301919071E9,776110,776759
776662,48.85407,2.326498,1.301919071E9,776110,776759
776662,48.85431,2.325734,1.301919071E9,776110,776759
776662,48.85431,2.325734,1.301919071E9,776110,776759
776662,48.85448,2.32577,1.301919071E9,776110,776759
776662,48.854664,2.32558,1.301919071E9,776110,776759
776662,48.854664,2.32558,1.301919071E9,776110,776759
776662,48.854816,2.325231,1.301919071E9,776110,776759
776662,48.85486,2.325068,1.301919071E9,776110,776759
776662,48.85491,2.32477,1.301919071E9,776110,776759
776662,48.85519,2.324669,1.301919071E9,776110,776759
776662,48.855537,2.325128,1.301919071E9,776110,776759
776662,48.85566,2.325365,1.301919071E9,776110,776759
776662,48.85576,2.325552,1.301919071E9,776110,776759
776662,48.85584,2.325791,1.301919071E9,776110,776759
776662,48.85603,2.325915,1.301919071E9,776110,776759
776662,48.85603,2.325915,1.301919071E9,776110,776759
776662,48.856243,2.325972,1.301919071E9,776110,776759
776662,48.856384,2.326158,1.301919071E9,776110,776759
776662,48.856506,2.326435,1.301919071E9,776110,776759
776662,48.856575,2.326694,1.301919071E9,776110,776759
776662,48.856575,2.326694,1.301919071E9,776110,776759
776662,48.856655,2.326978,1.301919071E9,776110,776759
776662,48.85673,2.327186,1.301919071E9,776110,776759
776662,48.85677,2.327297,1.301919071E9,776110,776759
776662,48.856903,2.327483,1.301919071E9,776110,776759
776662,48.856903,2.327483,1.301919071E9,776110,776759
776662,48.857048,2.327617,1.301919071E9,776110,776759
776662,48.857224,2.327827,1.301919071E9,776110,776759
776662,48.85736,2.327967,1.301919071E9,776110,776759
776662,48.857594,2.328044,1.301919071E9,776110,776759
776662,48.85777,2.328074,1.301919071E9,776110,776759
776662,48.85777,2.328074,1.301919071E9,776110,776759
776662,48.857967,2.328203,1.301919071E9,776110,776759
776662,48.85814,2.328335,1.301919071E9,776110,776759
776662,48.8583,2.328467,1.301919071E9,776110,776759
776662,48.85848,2.328592,1.301919071E9,776110,776759
776662,48.858677,2.328687,1.301919071E9,776110,776759
776662,48.858852,2.328724,1.301919071E9,776110,776759
776662,48.858864,2.328729,1.301919071E9,776110,776759
776662,48.859024,2.328881,1.301919071E9,776110,776759
776662,48.859173,2.329056,1.301919071E9,776110,776759
776662,48.859383,2.329211,1.301919071E9,776110,776759
776662,48.859447,2.329422,1.301919071E9,776110,776759
77666