2,1.301919071E9,776110,776759
776662,38.098133,-97.8854,1.301919071E9,776110,776759
776662,38.09801,-97.88542,1.301919071E9,776110,776759
776662,38.097885,-97.88543,1.301919071E9,776110,776759
776662,38.09776,-97.88544,1.301919071E9,776110,776759
776662,38.097626,-97.885445,1.301919071E9,776110,776759
776662,38.097492,-97.88546,1.301919071E9,776110,776759
776662,38.097347,-97.88548,1.301919071E9,776110,776759
776662,38.0972,-97.8855,1.301919071E9,776110,776759
776662,38.09704,-97.8855,1.301919071E9,776110,776759
776662,38.096874,-97.8855,1.301919071E9,776110,776759
776662,38.0967,-97.8855,1.301919071E9,776110,776759
776662,38.096542,-97.8855,1.301919071E9,776110,776759
776662,38.09639,-97.8855,1.301919071E9,776110,776759
776662,38.096226,-97.8855,1.301919071E9,776110,776759
776662,38.096146,-97.885506,1.301919071E9,776110,776759
776662,38.09606,-97.885506,1.301919071E9,776110,776759
776662,38.09598,-97.88551,1.301919071E9,776110,776759
776662,38.09589,-97.88551,1.301919071E9,776110,776759
776662,38.095802,-97.885506,1.301919071E9,776110,776759
776662,38.095722,-97.88551,1.301919071E9,776110,776759
776662,38.095642,-97.88552,1.301919071E9,776110,776759
776662,38.09556,-97.88552,1.301919071E9,776110,776759
776662,38.095406,-97.88551,1.301919071E9,776110,776759
776662,38.095245,-97.885506,1.301919071E9,776110,776759
776662,38.095085,-97.885506,1.301919071E9,776110,776759
776662,38.09493,-97.88551,1.301919071E9,776110,776759
776662,38.09476,-97.88554,1.301919071E9,776110,776759
776662,38.094604,-97.885574,1.301919071E9,776110,776759
776662,38.094524,-97.88558,1.301919071E9,776110,776759
776662,38.09444,-97.88559,1.301919071E9,776110,776759
776662,38.094284,-97.88559,1.301919071E9,776110,776759
776662,38.0942,-97.88558,1.301919071E9,776110,776759
776662,38.09404,-97.885574,1.301919071E9,776110,776759
776662,38.093887,-97.885574,1.301919071E9,776110,776759
776662,38.093723,-97.885574,1.301919071E9,776110,776759
776662,38.093563,-97.88556,1.301919071E9,776110,776759
776662,38.09342,-97.88555,1.301919071E9,776110,776759
776662,38.093338,-97.885544,1.301919071E9,776110,776759
776662,38.09325,-97.885544,1.301919071E9,776110,776759
776662,38.093094,-97.88554,1.301919071E9,776110,776759
776662,38.09294,-97.885544,1.301919071E9,776110,776759
776662,38.09278,-97.885544,1.301919071E9,776110,776759
776662,38.092693,-97.88553,1.301919071E9,776110,776759
776662,38.09261,-97.88553,1.301919071E9,776110,776759
776662,38.09252,-97.88552,1.301919071E9,776110,776759
776662,38.09243,-97.88552,1.301919071E9,776110,776759
776662,38.09234,-97.88553,1.301919071E9,776110,776759
776662,38.09225,-97.88552,1.301919071E9,776110,776759
776662,38.09208,-97.88552,1.301919071E9,776110,776759
776662,38.091908,-97.88554,1.301919071E9,776110,776759
776662,38.091747,-97.88554,1.301919071E9,776110,776759
776662,38.09162,-97.88555,1.301919071E9,776110,776759
776662,38.091507,-97.88558,1.301919071E9,776110,776759
776662,38.09146,-97.885704,1.301919071E9,776110,776759
776662,38.091476,-97.88582,1.301919071E9,776110,776759
776662,38.091515,-97.88594,1.301919071E9,776110,776759
776662,38.091583,-97.88606,1.301919071E9,776110,776759
776662,38.091652,-97.886185,1.301919071E9,776110,776759
776662,38.091743,-97.88639,1.301919071E9,776110,776759
776662,38.091805,-97.88653,1.301919071E9,776110,776759
776662,38.091866,-97.88666,1.301919071E9,776110,776759
776662,38.091923,-97.8868,1.301919071E9,776110,776759
776662,38.09198,-97.886925,1.301919071E9,776110,776759
776662,38.09203,-97.88703,1.301919071E9,776110,776759
776662,38.09207,-97.88715,1.301919071E9,776110,776759
776662,38.09211,-97.88728,1.301919071E9,776110,776759
776662,38.09214,-97.88744,1.301919071E9,776110,776759
776662,38.092163,-97.88761,1.301919071E9,776110,776759
776662,38.092175,-97.88788,1.301919071E9,776110,776759
776662,38.092175,-97.888054,1.301919071E9,776110,776759
776662,38.092186,-97.88822,1.301919071E9,776110,776759
776662,38.092194,-97.88841,1.301919071E9,776110,776759
776662,38.0922,-97.88861,1.301919071E9,776110,776759
776662,38.092205,-97.88872,1.301919071E9,776110,776759
776662,38.092205,-97.88892,1.301919071E9,776110,776759
776662,38.092213,-97.889114,1.301919071E9,776110,776759
776662,38.092224,-97.88922,1.301919071E9,776110,776759
776662,38.092228,-97.88942,1.301919071E9,776110,776759
776662,38.09223,-97.88953,1.301919071E9,776110,776759
776662,38.092224,-97.88965,1.301919071E9,776110,776759
776662,38.092228,-97.88985,1.301919071E9,776110,776759
776662,38.092228,-97.89004,1.301919071E9,776110,776759
776662,38.09222,-97.89022,1.301919071E9,776110,776759
776662,38.092224,-97.89039,1.301919071E9,776110,776759
776662,38.092236,-97.89055,1.301919071E9,776110,776759
776662,38.092236,-97.89075,1.301919071E9,776110,776759
776662,38.092228,-97.89094,1.301919071E9,776110,776759
776662,38.09224,-97.89112,1.301919071E9,776110,776759
776662,38.09224,-97.89129,1.301919071E9,776110,776759
776662,38.092255,-97.89146,1.301919071E9,776110,776759
776662,38.09221,-97.891594,1.301919071E9,776110,776759
776662,38.09203,-97.89164,1.301919071E9,776110,776759
776662,38.0919,-97.89164,1.301919071E9,776110,776759
776662,38.09177,-97.891655,1.301919071E9,776110,776759
776662,38.091644,-97.89167,1.301919071E9,776110,776759
776662,38.091515,-97.89169,1.301919071E9,776110,776759
776662,38.091423,-97.8917,1.301919071E9,776110,776759
776662,38.09134,-97.89171,1.301919071E9,776110,776759
776662,38.091183,-97.891716,1.301919071E9,776110,776759
776662,38.09103,-97.891716,1.301919071E9,776110,776759
776662,38.090855,-97.891716,1.301919071E9,776110,776759
776662,38.09077,-97.891716,1.301919071E9,776110,776759
776662,38.090675,-97.89172,1.301919071E9,776110,776759
776662,38.090538,-97.89172,1.301919071E9,776110,776759
776662,38.090446,-97.8918,1.301919071E9,776110,776759
776662,38.09042,-97.891945,1.301919071E9,776110,776759
776662,38.090416,-97.89208,1.301919071E9,776110,776759
776662,38.090412,-97.89223,1.301919071E9,776110,776759
776662,38.09041,-97.89238,1.301919071E9,776110,776759
776662,38.090405,-97.89253,1.301919071E9,776110,776759
776662,38.090416,-97.89268,1.301919071E9,776110,776759
776662,38.09042,-97.892845,1.301919071E9,776110,776759
776662,38.090435,-97.89308,1.301919071E9,776110,776759
776662,38.09044,-97.893265,1.301919071E9,776110,776759
776662,38.090454,-97.89345,1.301919071E9,776110,776759
776662,38.090454,-97.89363,1.301919071E9,776110,776759
776662,38.090443,-97.8938,1.301919071E9,776110,776759
776662,38.09043,-97.89396,1.301919071E9,776110,776759
776662,38.090424,-97.894104,1.301919071E9,776110,776759
776662,38.09042,-97.89424,1.301919071E9,776110,776759
776662,38.09042,-97.89437,1.301919071E9,776110,776759
776662,38.09038,-97.89454,1.301919071E9,776110,776759
776662,38.090347,-97.89469,1.301919071E9,776110,776759
776662,38.090336,-97.89486,1.301919071E9,776110,776759
776662,38.090324,-97.895035,1.301919071E9,776110,776759
776662,38.09031,-97.8952,1.301919071E9,776110,776759
776662,38.090298,-97.89536,1.301919071E9,776110,776759
776662,38.0903,-97.89552,1.301919071E9,776110,776759
776662,38.09031,-97.895676,1.301919071E9,776110,776759
776662,38.090363,-97.895805,1.301919071E9,776110,776759
776662,38.090477,-97.89584,1.301919071E9,776110,776759
776662,38.090603,-97.89585,1.301919071E9,776110,776759
776662,38.090714,-97.89584,1.301919071E9,776110,776759
776662,38.090828,-97.89585,1.301919071E9,776110,776759
776662,38.09094,-97.89584,1.301919071E9,776110,776759
776662,38.09106,-97.89584,1.301919071E9,776110,776759
776662,38.091175,-97.89585,1.301919071E9,776110,776759
776662,38.091297,-97.89585,1.301919071E9,776110,776759
776662,38.091404,-97.895874,1.301919071E9,776110,776759
776662,38.091496,-97.89588,1.301919071E9,776110,776759
776662,38.091564,-97.89582,1.301919071E9,776110,776759
776662,38.091564,-97.89582,1.301919071E9,776110,776759
776662,38.07525,-97.958405,1.301919071E9,776110,776759
776662,38.075085,-97.95844,1.301919071E9,776110,776759
776662,38.075035,-97.958336,1.301919071E9,776110,776759
776662,38.07498,-97.95824,1.301919071