E9,776110,776759
776662,45.571487,-122.54739,1.301919071E9,776110,776759
776662,45.5714,-122.54745,1.301919071E9,776110,776759
776662,45.571304,-122.5475,1.301919071E9,776110,776759
776662,45.57122,-122.54757,1.301919071E9,776110,776759
776662,45.57113,-122.54763,1.301919071E9,776110,776759
776662,45.571037,-122.54768,1.301919071E9,776110,776759
776662,45.570946,-122.54775,1.301919071E9,776110,776759
776662,45.570858,-122.54782,1.301919071E9,776110,776759
776662,45.570766,-122.54789,1.301919071E9,776110,776759
776662,45.570766,-122.54803,1.301919071E9,776110,776759
776662,45.570675,-122.54809,1.301919071E9,776110,776759
776662,45.570576,-122.54818,1.301919071E9,776110,776759
776662,45.57051,-122.54831,1.301919071E9,776110,776759
776662,45.570457,-122.54842,1.301919071E9,776110,776759
776662,45.570404,-122.54852,1.301919071E9,776110,776759
776662,45.570343,-122.54866,1.301919071E9,776110,776759
776662,45.570286,-122.548775,1.301919071E9,776110,776759
776662,45.570217,-122.54889,1.301919071E9,776110,776759
776662,45.57016,-122.54905,1.301919071E9,776110,776759
776662,45.570076,-122.54917,1.301919071E9,776110,776759
776662,45.57002,-122.54928,1.301919071E9,776110,776759
776662,45.57007,-122.549126,1.301919071E9,776110,776759
776662,45.570133,-122.54899,1.301919071E9,776110,776759
776662,45.570213,-122.548805,1.301919071E9,776110,776759
776662,45.570297,-122.54865,1.301919071E9,776110,776759
776662,45.57035,-122.54854,1.301919071E9,776110,776759
776662,45.57041,-122.54838,1.301919071E9,776110,776759
776662,45.570473,-122.548225,1.301919071E9,776110,776759
776662,45.570557,-122.548096,1.301919071E9,776110,776759
776662,45.570663,-122.54804,1.301919071E9,776110,776759
776662,45.570755,-122.54822,1.301919071E9,776110,776759
776662,45.570797,-122.54833,1.301919071E9,776110,776759
776662,45.57084,-122.54846,1.301919071E9,776110,776759
776662,45.57089,-122.54861,1.301919071E9,776110,776759
776662,45.57093,-122.548744,1.301919071E9,776110,776759
776662,45.570957,-122.548904,1.301919071E9,776110,776759
776662,45.570927,-122.54909,1.301919071E9,776110,776759
776662,45.57093,-122.54922,1.301919071E9,776110,776759
776662,45.570946,-122.549355,1.301919071E9,776110,776759
776662,45.571053,-122.549385,1.301919071E9,776110,776759
776662,45.571133,-122.549484,1.301919071E9,776110,776759
776662,45.57123,-122.54952,1.301919071E9,776110,776759
776662,45.571312,-122.549446,1.301919071E9,776110,776759
776662,45.57139,-122.549355,1.301919071E9,776110,776759
776662,45.571472,-122.54924,1.301919071E9,776110,776759
776662,45.57155,-122.54914,1.301919071E9,776110,776759
776662,45.57164,-122.549,1.301919071E9,776110,776759
776662,45.571705,-122.548904,1.301919071E9,776110,776759
776662,45.571796,-122.548775,1.301919071E9,776110,776759
776662,45.571888,-122.54866,1.301919071E9,776110,776759
776662,45.571976,-122.548546,1.301919071E9,776110,776759
776662,45.572063,-122.54844,1.301919071E9,776110,776759
776662,45.572163,-122.54833,1.301919071E9,776110,776759
776662,45.57225,-122.54821,1.301919071E9,776110,776759
776662,45.572342,-122.548096,1.301919071E9,776110,776759
776662,45.57245,-122.54799,1.301919071E9,776110,776759
776662,45.572563,-122.54788,1.301919071E9,776110,776759
776662,45.57264,-122.54781,1.301919071E9,776110,776759
776662,45.57275,-122.54771,1.301919071E9,776110,776759
776662,45.57287,-122.54759,1.301919071E9,776110,776759
776662,45.57297,-122.54748,1.301919071E9,776110,776759
776662,45.57306,-122.54737,1.301919071E9,776110,776759
776662,45.573147,-122.54732,1.301919071E9,776110,776759
776662,45.573254,-122.54721,1.301919071E9,776110,776759
776662,45.573357,-122.54712,1.301919071E9,776110,776759
776662,45.57346,-122.54701,1.301919071E9,776110,776759
776662,45.573555,-122.54692,1.301919071E9,776110,776759
776662,45.573673,-122.546844,1.301919071E9,776110,776759
776662,45.57375,-122.546776,1.301919071E9,776110,776759
776662,45.573837,-122.54671,1.301919071E9,776110,776759
776662,45.573933,-122.54664,1.301919071E9,776110,776759
776662,45.57402,-122.546555,1.301919071E9,776110,776759
776662,45.57413,-122.54646,1.301919071E9,776110,776759
776662,45.574245,-122.54637,1.301919071E9,776110,776759
776662,45.57436,-122.5463,1.301919071E9,776110,776759
776662,45.574474,-122.54622,1.301919071E9,776110,776759
776662,45.574554,-122.546165,1.301919071E9,776110,776759
776662,45.574673,-122.54608,1.301919071E9,776110,776759
776662,45.574768,-122.546036,1.301919071E9,776110,776759
776662,45.574883,-122.54597,1.301919071E9,776110,776759
776662,45.57498,-122.545876,1.301919071E9,776110,776759
776662,45.575073,-122.545815,1.301919071E9,776110,776759
776662,45.575195,-122.54579,1.301919071E9,776110,776759
776662,45.57528,-122.54571,1.301919071E9,776110,776759
776662,45.575386,-122.5456,1.301919071E9,776110,776759
776662,45.57549,-122.54556,1.301919071E9,776110,776759
776662,45.57561,-122.5455,1.301919071E9,776110,776759
776662,45.57573,-122.545425,1.301919071E9,776110,776759
776662,45.57581,-122.545364,1.301919071E9,776110,776759
776662,45.575897,-122.54531,1.301919071E9,776110,776759
776662,45.57602,-122.54523,1.301919071E9,776110,776759
776662,45.576103,-122.545166,1.301919071E9,776110,776759
776662,45.576202,-122.54513,1.301919071E9,776110,776759
776662,45.5763,-122.54509,1.301919071E9,776110,776759
776662,45.576385,-122.54504,1.301919071E9,776110,776759
776662,45.576485,-122.54498,1.301919071E9,776110,776759
776662,45.576576,-122.544945,1.301919071E9,776110,776759
776662,45.576675,-122.5449,1.301919071E9,776110,776759
776662,45.576767,-122.54482,1.301919071E9,776110,776759
776662,45.576862,-122.54477,1.301919071E9,776110,776759
776662,45.576992,-122.54472,1.301919071E9,776110,776759
776662,45.57712,-122.5447,1.301919071E9,776110,776759
776662,45.577244,-122.54463,1.301919071E9,776110,776759
776662,45.577354,-122.5446,1.301919071E9,776110,776759
776662,45.57748,-122.54453,1.301919071E9,776110,776759
776662,45.577568,-122.544495,1.301919071E9,776110,776759
776662,45.577663,-122.54444,1.301919071E9,776110,776759
776662,45.57777,-122.54442,1.301919071E9,776110,776759
776662,45.57787,-122.54437,1.301919071E9,776110,776759
776662,45.577976,-122.54433,1.301919071E9,776110,776759
776662,45.578083,-122.5443,1.301919071E9,776110,776759
776662,45.578182,-122.54426,1.301919071E9,776110,776759
776662,45.57829,-122.54423,1.301919071E9,776110,776759
776662,45.578396,-122.54421,1.301919071E9,776110,776759
776662,45.578506,-122.54419,1.301919071E9,776110,776759
776662,45.57862,-122.54418,1.301919071E9,776110,776759
776662,45.57872,-122.54415,1.301919071E9,776110,776759
776662,45.578827,-122.54411,1.301919071E9,776110,776759
776662,45.57893,-122.544075,1.301919071E9,776110,776759
776662,45.579037,-122.54402,1.301919071E9,776110,776759
776662,45.57914,-122.54399,1.301919071E9,776110,776759
776662,45.57925,-122.54398,1.301919071E9,776110,776759
776662,45.579357,-122.54395,1.301919071E9,776110,776759
776662,45.579464,-122.54394,1.301919071E9,776110,776759
776662,45.579594,-122.5439,1.301919071E9,776110,776759
776662,45.579712,-122.54389,1.301919071E9,776110,776759
776662,45.57982,-122.54386,1.301919071E9,776110,776759
776662,45.57993,-122.54384,1.301919071E9,776110,776759
776662,45.58004,-122.54383,1.301919071E9,776110,776759
776662,45.580147,-122.543816,1.301919071E9,776110,776759
776662,45.58025,-122.5438,1.301919071E9,776110,776759
776662,45.58034,-122.543785,1.301919071E9,776110,776759
776662,45.58045,-122.54376,1.301919071E9,776110,776759
776662,45.58057,-122.54376,1.301919071E9,776110,776759
776662,45.58068,-122.54372,1.301919071E9,776110,776759
776662,45.580784,-122.54368,1.301919071E9,776110,776759
776662,45.580906,-122.543655,1.301919071E9,776110,776759
776662,45.581017,-122.54363,1.301919071E9,776110,776759
776662,45.581135,-122.54366,1.301919071E9,776110,776759
776662,45.58125,-122.54368,1.301919071E9,776110,776759
776662,45.581375,-122.543655,1.301919071E9,776110,776759
776662,45.58149,-122.54367,1.301919071E9,776110,776759
776662,45.581604,-122.54366,1.301919071E9,776110,776759
776662,45.581