E9,776110,776759
776662,20.957386,-156.68483,1.301919071E9,776110,776759
776662,20.957478,-156.68478,1.301919071E9,776110,776759
776662,20.957561,-156.68474,1.301919071E9,776110,776759
776662,20.957645,-156.6847,1.301919071E9,776110,776759
776662,20.957737,-156.68465,1.301919071E9,776110,776759
776662,20.957825,-156.6846,1.301919071E9,776110,776759
776662,20.957916,-156.68454,1.301919071E9,776110,776759
776662,20.958012,-156.6845,1.301919071E9,776110,776759
776662,20.958113,-156.68445,1.301919071E9,776110,776759
776662,20.958212,-156.6844,1.301919071E9,776110,776759
776662,20.958288,-156.68436,1.301919071E9,776110,776759
776662,20.958376,-156.6843,1.301919071E9,776110,776759
776662,20.95847,-156.68425,1.301919071E9,776110,776759
776662,20.958563,-156.6842,1.301919071E9,776110,776759
776662,20.95865,-156.68417,1.301919071E9,776110,776759
776662,20.958736,-156.68413,1.301919071E9,776110,776759
776662,20.958832,-156.68408,1.301919071E9,776110,776759
776662,20.958927,-156.68402,1.301919071E9,776110,776759
776662,20.959011,-156.68398,1.301919071E9,776110,776759
776662,20.9591,-156.68394,1.301919071E9,776110,776759
776662,20.959198,-156.68388,1.301919071E9,776110,776759
776662,20.95929,-156.68384,1.301919071E9,776110,776759
776662,20.959389,-156.68378,1.301919071E9,776110,776759
776662,20.959478,-156.68372,1.301919071E9,776110,776759
776662,20.959574,-156.68367,1.301919071E9,776110,776759
776662,20.959665,-156.68364,1.301919071E9,776110,776759
776662,20.959763,-156.68361,1.301919071E9,776110,776759
776662,20.959875,-156.68361,1.301919071E9,776110,776759
776662,20.959978,-156.68358,1.301919071E9,776110,776759
776662,20.960075,-156.68358,1.301919071E9,776110,776759
776662,20.96017,-156.68358,1.301919071E9,776110,776759
776662,20.96027,-156.68356,1.301919071E9,776110,776759
776662,20.960363,-156.68358,1.301919071E9,776110,776759
776662,20.96046,-156.68356,1.301919071E9,776110,776759
776662,20.96055,-156.68355,1.301919071E9,776110,776759
776662,20.960644,-156.68353,1.301919071E9,776110,776759
776662,20.960737,-156.68353,1.301919071E9,776110,776759
776662,20.960836,-156.6835,1.301919071E9,776110,776759
776662,20.96094,-156.68347,1.301919071E9,776110,776759
776662,20.961042,-156.68344,1.301919071E9,776110,776759
776662,20.961145,-156.68343,1.301919071E9,776110,776759
776662,20.961243,-156.6834,1.301919071E9,776110,776759
776662,20.961334,-156.68336,1.301919071E9,776110,776759
776662,20.961428,-156.68333,1.301919071E9,776110,776759
776662,20.961521,-156.6833,1.301919071E9,776110,776759
776662,20.961618,-156.68326,1.301919071E9,776110,776759
776662,20.961718,-156.68324,1.301919071E9,776110,776759
776662,20.96182,-156.68321,1.301919071E9,776110,776759
776662,20.961918,-156.68318,1.301919071E9,776110,776759
776662,20.962015,-156.68315,1.301919071E9,776110,776759
776662,20.962107,-156.6831,1.301919071E9,776110,776759
776662,20.962196,-156.68307,1.301919071E9,776110,776759
776662,20.962254,-156.68306,1.301919071E9,776110,776759
776662,20.962364,-156.68297,1.301919071E9,776110,776759
776662,20.96227,-156.68294,1.301919071E9,776110,776759
776662,20.962168,-156.68297,1.301919071E9,776110,776759
776662,20.962063,-156.68303,1.301919071E9,776110,776759
776662,20.961956,-156.68307,1.301919071E9,776110,776759
776662,20.961853,-156.68312,1.301919071E9,776110,776759
776662,20.961754,-156.68315,1.301919071E9,776110,776759
776662,20.961641,-156.6832,1.301919071E9,776110,776759
776662,20.96153,-156.68323,1.301919071E9,776110,776759
776662,20.961426,-156.68326,1.301919071E9,776110,776759
776662,20.961327,-156.6833,1.301919071E9,776110,776759
776662,20.961231,-156.68335,1.301919071E9,776110,776759
776662,20.961143,-156.6834,1.301919071E9,776110,776759
776662,20.961054,-156.68344,1.301919071E9,776110,776759
776662,20.96095,-156.68346,1.301919071E9,776110,776759
776662,20.960857,-156.68347,1.301919071E9,776110,776759
776662,20.960749,-156.6835,1.301919071E9,776110,776759
776662,20.960638,-156.6835,1.301919071E9,776110,776759
776662,20.960531,-156.68349,1.301919071E9,776110,776759
776662,20.960423,-156.68349,1.301919071E9,776110,776759
776662,20.960321,-156.68349,1.301919071E9,776110,776759
776662,20.960218,-156.6835,1.301919071E9,776110,776759
776662,20.96012,-156.68352,1.301919071E9,776110,776759
776662,20.960012,-156.68352,1.301919071E9,776110,776759
776662,20.959902,-156.6835,1.301919071E9,776110,776759
776662,20.959787,-156.68352,1.301919071E9,776110,776759
776662,20.959688,-156.68355,1.301919071E9,776110,776759
776662,20.959595,-156.68356,1.301919071E9,776110,776759
776662,20.959488,-156.68361,1.301919071E9,776110,776759
776662,20.959394,-156.68367,1.301919071E9,776110,776759
776662,20.95931,-156.6837,1.301919071E9,776110,776759
776662,20.959227,-156.68376,1.301919071E9,776110,776759
776662,20.959137,-156.68382,1.301919071E9,776110,776759
776662,20.959044,-156.68387,1.301919071E9,776110,776759
776662,20.958944,-156.68391,1.301919071E9,776110,776759
776662,20.95885,-156.68396,1.301919071E9,776110,776759
776662,20.95875,-156.684,1.301919071E9,776110,776759
776662,20.958656,-156.68407,1.301919071E9,776110,776759
776662,20.958563,-156.68411,1.301919071E9,776110,776759
776662,20.958471,-156.68416,1.301919071E9,776110,776759
776662,20.95838,-156.68419,1.301919071E9,776110,776759
776662,20.958284,-156.68425,1.301919071E9,776110,776759
776662,20.958204,-156.6843,1.301919071E9,776110,776759
776662,20.95811,-156.68436,1.301919071E9,776110,776759
776662,20.95801,-156.68439,1.301919071E9,776110,776759
776662,20.957926,-156.68445,1.301919071E9,776110,776759
776662,20.957823,-156.68451,1.301919071E9,776110,776759
776662,20.957726,-156.68456,1.301919071E9,776110,776759
776662,20.957636,-156.68462,1.301919071E9,776110,776759
776662,20.957546,-156.68468,1.301919071E9,776110,776759
776662,20.957443,-156.68472,1.301919071E9,776110,776759
776662,20.957346,-156.68478,1.301919071E9,776110,776759
776662,20.95725,-156.68481,1.301919071E9,776110,776759
776662,20.957153,-156.68486,1.301919071E9,776110,776759
776662,20.95706,-156.68489,1.301919071E9,776110,776759
776662,20.956966,-156.68492,1.301919071E9,776110,776759
776662,20.956875,-156.68498,1.301919071E9,776110,776759
776662,20.956787,-156.68507,1.301919071E9,776110,776759
776662,20.956696,-156.68513,1.301919071E9,776110,776759
776662,20.956617,-156.6852,1.301919071E9,776110,776759
776662,20.956537,-156.68523,1.301919071E9,776110,776759
776662,20.956448,-156.68527,1.301919071E9,776110,776759
776662,20.956343,-156.6853,1.301919071E9,776110,776759
776662,20.95623,-156.68532,1.301919071E9,776110,776759
776662,20.956135,-156.68535,1.301919071E9,776110,776759
776662,20.956034,-156.68538,1.301919071E9,776110,776759
776662,20.955935,-156.68541,1.301919071E9,776110,776759
776662,20.955835,-156.68546,1.301919071E9,776110,776759
776662,20.955734,-156.6855,1.301919071E9,776110,776759
776662,20.955639,-156.68555,1.301919071E9,776110,776759
776662,20.95555,-156.68558,1.301919071E9,776110,776759
776662,20.95546,-156.68562,1.301919071E9,776110,776759
776662,20.955366,-156.68567,1.301919071E9,776110,776759
776662,20.95526,-156.68568,1.301919071E9,776110,776759
776662,20.955168,-156.68571,1.301919071E9,776110,776759
776662,20.955074,-156.68571,1.301919071E9,776110,776759
776662,20.954979,-156.68573,1.301919071E9,776110,776759
776662,20.954884,-156.68578,1.301919071E9,776110,776759
776662,20.954794,-156.6858,1.301919071E9,776110,776759
776662,20.954704,-156.68584,1.301919071E9,776110,776759
776662,20.954626,-156.68588,1.301919071E9,776110,776759
776662,20.954548,-156.68593,1.301919071E9,776110,776759
776662,20.954453,-156.68599,1.301919071E9,776110,776759
776662,20.954367,-156.68604,1.301919071E9,776110,776759
776662,20.95426,-156.68607,1.301919071E9,776110,776759
776662,20.95414,-156.6861,1.301919071E9,776110,776759
776662,20.95403,-156.68611,1.301919071E9,776110,776759
776662,20.95393,-156.68613,1.301919071E9,776110,776759
776662,20.953823,-156.68617,1.301919071E9,776110,776759
776662,20.953728,-156.68623,1.301919071E9,776110,776759
776662,20.953636,-156.6863,1.301