01919071E9,776110,776759
776662,38.708492,-90.488304,1.301919071E9,776110,776759
776662,38.708603,-90.48826,1.301919071E9,776110,776759
776662,38.70873,-90.48822,1.301919071E9,776110,776759
776662,38.708836,-90.488205,1.301919071E9,776110,776759
776662,38.708942,-90.48822,1.301919071E9,776110,776759
776662,38.709038,-90.48823,1.301919071E9,776110,776759
776662,38.70916,-90.48821,1.301919071E9,776110,776759
776662,38.70928,-90.48818,1.301919071E9,776110,776759
776662,38.709393,-90.48818,1.301919071E9,776110,776759
776662,38.709488,-90.48817,1.301919071E9,776110,776759
776662,38.709587,-90.48818,1.301919071E9,776110,776759
776662,38.70969,-90.488205,1.301919071E9,776110,776759
776662,38.70979,-90.48821,1.301919071E9,776110,776759
776662,38.709885,-90.4882,1.301919071E9,776110,776759
776662,38.709972,-90.48815,1.301919071E9,776110,776759
776662,38.710075,-90.48811,1.301919071E9,776110,776759
776662,38.710175,-90.48808,1.301919071E9,776110,776759
776662,38.71028,-90.48806,1.301919071E9,776110,776759
776662,38.71038,-90.488014,1.301919071E9,776110,776759
776662,38.710476,-90.48797,1.301919071E9,776110,776759
776662,38.71057,-90.48789,1.301919071E9,776110,776759
776662,38.710663,-90.487816,1.301919071E9,776110,776759
776662,38.71075,-90.487724,1.301919071E9,776110,776759
776662,38.71085,-90.48767,1.301919071E9,776110,776759
776662,38.710957,-90.48764,1.301919071E9,776110,776759
776662,38.7111,-90.48767,1.301919071E9,776110,776759
776662,38.7112,-90.48766,1.301919071E9,776110,776759
776662,38.711315,-90.487656,1.301919071E9,776110,776759
776662,38.711414,-90.48764,1.301919071E9,776110,776759
776662,38.711517,-90.48766,1.301919071E9,776110,776759
776662,38.711643,-90.487656,1.301919071E9,776110,776759
776662,38.711754,-90.48763,1.301919071E9,776110,776759
776662,38.711876,-90.487625,1.301919071E9,776110,776759
776662,38.71198,-90.487625,1.301919071E9,776110,776759
776662,38.712086,-90.487625,1.301919071E9,776110,776759
776662,38.71219,-90.487625,1.301919071E9,776110,776759
776662,38.712284,-90.487656,1.301919071E9,776110,776759
776662,38.712376,-90.48767,1.301919071E9,776110,776759
776662,38.712494,-90.48768,1.301919071E9,776110,776759
776662,38.71259,-90.487686,1.301919071E9,776110,776759
776662,38.71269,-90.48768,1.301919071E9,776110,776759
776662,38.7128,-90.48767,1.301919071E9,776110,776759
776662,38.712902,-90.48767,1.301919071E9,776110,776759
776662,38.71301,-90.48768,1.301919071E9,776110,776759
776662,38.71311,-90.48767,1.301919071E9,776110,776759
776662,38.713234,-90.48768,1.301919071E9,776110,776759
776662,38.713333,-90.48766,1.301919071E9,776110,776759
776662,38.713444,-90.48766,1.301919071E9,776110,776759
776662,38.713543,-90.48767,1.301919071E9,776110,776759
776662,38.713654,-90.487656,1.301919071E9,776110,776759
776662,38.713757,-90.48766,1.301919071E9,776110,776759
776662,38.71385,-90.48765,1.301919071E9,776110,776759
776662,38.71396,-90.487625,1.301919071E9,776110,776759
776662,38.71405,-90.48763,1.301919071E9,776110,776759
776662,38.714157,-90.48765,1.301919071E9,776110,776759
776662,38.714275,-90.48765,1.301919071E9,776110,776759
776662,38.714367,-90.48765,1.301919071E9,776110,776759
776662,38.714493,-90.48766,1.301919071E9,776110,776759
776662,38.7146,-90.48768,1.301919071E9,776110,776759
776662,38.714714,-90.4877,1.301919071E9,776110,776759
776662,38.7148,-90.487724,1.301919071E9,776110,776759
776662,38.71491,-90.48776,1.301919071E9,776110,776759
776662,38.71501,-90.48782,1.301919071E9,776110,776759
776662,38.715115,-90.487885,1.301919071E9,776110,776759
776662,38.7152,-90.48792,1.301919071E9,776110,776759
776662,38.7153,-90.48796,1.301919071E9,776110,776759
776662,38.715412,-90.48798,1.301919071E9,776110,776759
776662,38.71552,-90.48799,1.301919071E9,776110,776759
776662,38.715622,-90.48801,1.301919071E9,776110,776759
776662,38.71573,-90.48802,1.301919071E9,776110,776759
776662,38.715816,-90.48802,1.301919071E9,776110,776759
776662,38.715935,-90.48802,1.301919071E9,776110,776759
776662,38.71604,-90.48803,1.301919071E9,776110,776759
776662,38.716133,-90.488045,1.301919071E9,776110,776759
776662,38.716244,-90.48806,1.301919071E9,776110,776759
776662,38.716343,-90.48807,1.301919071E9,776110,776759
776662,38.716457,-90.48807,1.301919071E9,776110,776759
776662,38.716568,-90.48808,1.301919071E9,776110,776759
776662,38.71666,-90.48811,1.301919071E9,776110,776759
776662,38.716763,-90.48811,1.301919071E9,776110,776759
776662,38.716854,-90.48813,1.301919071E9,776110,776759
776662,38.71697,-90.48814,1.301919071E9,776110,776759
776662,38.71708,-90.488144,1.301919071E9,776110,776759
776662,38.717194,-90.488174,1.301919071E9,776110,776759
776662,38.717278,-90.48822,1.301919071E9,776110,776759
776662,38.71737,-90.48825,1.301919071E9,776110,776759
776662,38.71747,-90.48831,1.301919071E9,776110,776759
776662,38.717564,-90.48838,1.301919071E9,776110,776759
776662,38.717663,-90.48844,1.301919071E9,776110,776759
776662,38.717743,-90.4885,1.301919071E9,776110,776759
776662,38.717842,-90.48856,1.301919071E9,776110,776759
776662,38.717953,-90.48861,1.301919071E9,776110,776759
776662,38.71806,-90.48868,1.301919071E9,776110,776759
776662,38.71816,-90.48875,1.301919071E9,776110,776759
776662,38.71826,-90.4888,1.301919071E9,776110,776759
776662,38.71835,-90.48883,1.301919071E9,776110,776759
776662,38.718452,-90.48886,1.301919071E9,776110,776759
776662,38.718555,-90.4889,1.301919071E9,776110,776759
776662,38.718655,-90.48893,1.301919071E9,776110,776759
776662,38.71876,-90.48897,1.301919071E9,776110,776759
776662,38.718864,-90.48901,1.301919071E9,776110,776759
776662,38.718967,-90.489075,1.301919071E9,776110,776759
776662,38.71905,-90.489174,1.301919071E9,776110,776759
776662,38.71915,-90.48924,1.301919071E9,776110,776759
776662,38.719246,-90.489296,1.301919071E9,776110,776759
776662,38.719345,-90.489365,1.301919071E9,776110,776759
776662,38.719437,-90.48941,1.301919071E9,776110,776759
776662,38.719536,-90.48948,1.301919071E9,776110,776759
776662,38.71963,-90.48954,1.301919071E9,776110,776759
776662,38.719715,-90.48959,1.301919071E9,776110,776759
776662,38.719807,-90.489655,1.301919071E9,776110,776759
776662,38.71989,-90.48973,1.301919071E9,776110,776759
776662,38.71998,-90.489815,1.301919071E9,776110,776759
776662,38.72006,-90.48988,1.301919071E9,776110,776759
776662,38.720154,-90.48997,1.301919071E9,776110,776759
776662,38.72024,-90.49007,1.301919071E9,776110,776759
776662,38.720325,-90.490166,1.301919071E9,776110,776759
776662,38.720425,-90.490234,1.301919071E9,776110,776759
776662,38.7205,-90.490295,1.301919071E9,776110,776759
776662,38.720585,-90.49038,1.301919071E9,776110,776759
776662,38.72067,-90.49048,1.301919071E9,776110,776759
776662,38.72075,-90.49056,1.301919071E9,776110,776759
776662,38.72084,-90.490654,1.301919071E9,776110,776759
776662,38.720913,-90.49073,1.301919071E9,776110,776759
776662,38.72099,-90.49081,1.301919071E9,776110,776759
776662,38.721085,-90.49088,1.301919071E9,776110,776759
776662,38.721176,-90.49095,1.301919071E9,776110,776759
776662,38.72126,-90.49101,1.301919071E9,776110,776759
776662,38.72135,-90.49108,1.301919071E9,776110,776759
776662,38.721443,-90.49115,1.301919071E9,776110,776759
776662,38.72152,-90.49122,1.301919071E9,776110,776759
776662,38.7216,-90.49129,1.301919071E9,776110,776759
776662,38.721703,-90.491356,1.301919071E9,776110,776759
776662,38.721786,-90.49142,1.301919071E9,776110,776759
776662,38.721893,-90.49146,1.301919071E9,776110,776759
776662,38.722,-90.491516,1.301919071E9,776110,776759
776662,38.722107,-90.49158,1.301919071E9,776110,776759
776662,38.7222,-90.49163,1.301919071E9,776110,776759
776662,38.72229,-90.49169,1.301919071E9,776110,776759
776662,38.722385,-90.491745,1.301919071E9,776110,776759
776662,38.722473,-90.49179,1.301919071E9,776110,776759
776662,38.722565,-90.49184,1.301919071E9,776110,776759
776662,38.722652,-90.49189,1.301919071E9,776110,776759
776662,38.72275,-90.49197,1.301919071E9,776110,776759
776662,38.722836,-90.49204,1.301919071E9,776110,776759
776662,38.72291,-90.49212,1.301919071E9,7761