,1.301919071E9,776110,776759
776662,38.705162,-90.483574,1.301919071E9,776110,776759
776662,38.705063,-90.48362,1.301919071E9,776110,776759
776662,38.704964,-90.48364,1.301919071E9,776110,776759
776662,38.704872,-90.483696,1.301919071E9,776110,776759
776662,38.704792,-90.483795,1.301919071E9,776110,776759
776662,38.70472,-90.4839,1.301919071E9,776110,776759
776662,38.704636,-90.48397,1.301919071E9,776110,776759
776662,38.704556,-90.48403,1.301919071E9,776110,776759
776662,38.70447,-90.484085,1.301919071E9,776110,776759
776662,38.704372,-90.4841,1.301919071E9,776110,776759
776662,38.704266,-90.48414,1.301919071E9,776110,776759
776662,38.70417,-90.48415,1.301919071E9,776110,776759
776662,38.704082,-90.48421,1.301919071E9,776110,776759
776662,38.703995,-90.48428,1.301919071E9,776110,776759
776662,38.703907,-90.48433,1.301919071E9,776110,776759
776662,38.70382,-90.48436,1.301919071E9,776110,776759
776662,38.703716,-90.4844,1.301919071E9,776110,776759
776662,38.703644,-90.48447,1.301919071E9,776110,776759
776662,38.703583,-90.484566,1.301919071E9,776110,776759
776662,38.703503,-90.48466,1.301919071E9,776110,776759
776662,38.70342,-90.484764,1.301919071E9,776110,776759
776662,38.703335,-90.484856,1.301919071E9,776110,776759
776662,38.703255,-90.48491,1.301919071E9,776110,776759
776662,38.70317,-90.484985,1.301919071E9,776110,776759
776662,38.703106,-90.48509,1.301919071E9,776110,776759
776662,38.703022,-90.48519,1.301919071E9,776110,776759
776662,38.702927,-90.48524,1.301919071E9,776110,776759
776662,38.70286,-90.48532,1.301919071E9,776110,776759
776662,38.702774,-90.48538,1.301919071E9,776110,776759
776662,38.702675,-90.485466,1.301919071E9,776110,776759
776662,38.70259,-90.48552,1.301919071E9,776110,776759
776662,38.702503,-90.485565,1.301919071E9,776110,776759
776662,38.702404,-90.485634,1.301919071E9,776110,776759
776662,38.702328,-90.4857,1.301919071E9,776110,776759
776662,38.70225,-90.48578,1.301919071E9,776110,776759
776662,38.702183,-90.48589,1.301919071E9,776110,776759
776662,38.702106,-90.485985,1.301919071E9,776110,776759
776662,38.70205,-90.48608,1.301919071E9,776110,776759
776662,38.70196,-90.48612,1.301919071E9,776110,776759
776662,38.701862,-90.48619,1.301919071E9,776110,776759
776662,38.70177,-90.486244,1.301919071E9,776110,776759
776662,38.701687,-90.486305,1.301919071E9,776110,776759
776662,38.70158,-90.48638,1.301919071E9,776110,776759
776662,38.70149,-90.48643,1.301919071E9,776110,776759
776662,38.7014,-90.48648,1.301919071E9,776110,776759
776662,38.701347,-90.48659,1.301919071E9,776110,776759
776662,38.70131,-90.486694,1.301919071E9,776110,776759
776662,38.701225,-90.486786,1.301919071E9,776110,776759
776662,38.701115,-90.48682,1.301919071E9,776110,776759
776662,38.701027,-90.48686,1.301919071E9,776110,776759
776662,38.700954,-90.48693,1.301919071E9,776110,776759
776662,38.70087,-90.487015,1.301919071E9,776110,776759
776662,38.70081,-90.48711,1.301919071E9,776110,776759
776662,38.70072,-90.48719,1.301919071E9,776110,776759
776662,38.700626,-90.487236,1.301919071E9,776110,776759
776662,38.700527,-90.48729,1.301919071E9,776110,776759
776662,38.70042,-90.48737,1.301919071E9,776110,776759
776662,38.70033,-90.48744,1.301919071E9,776110,776759
776662,38.700253,-90.48753,1.301919071E9,776110,776759
776662,38.700188,-90.48761,1.301919071E9,776110,776759
776662,38.70011,-90.487686,1.301919071E9,776110,776759
776662,38.700047,-90.48779,1.301919071E9,776110,776759
776662,38.699974,-90.487946,1.301919071E9,776110,776759
776662,38.699894,-90.48804,1.301919071E9,776110,776759
776662,38.699795,-90.48811,1.301919071E9,776110,776759
776662,38.699696,-90.48817,1.301919071E9,776110,776759
776662,38.69961,-90.48823,1.301919071E9,776110,776759
776662,38.69953,-90.488304,1.301919071E9,776110,776759
776662,38.699448,-90.48839,1.301919071E9,776110,776759
776662,38.699345,-90.488434,1.301919071E9,776110,776759
776662,38.69924,-90.48848,1.301919071E9,776110,776759
776662,38.69917,-90.48856,1.301919071E9,776110,776759
776662,38.699074,-90.4887,1.301919071E9,776110,776759
776662,38.699,-90.488785,1.301919071E9,776110,776759
776662,38.69893,-90.48885,1.301919071E9,776110,776759
776662,38.69884,-90.4889,1.301919071E9,776110,776759
776662,38.698757,-90.48896,1.301919071E9,776110,776759
776662,38.69868,-90.48907,1.301919071E9,776110,776759
776662,38.69858,-90.489174,1.301919071E9,776110,776759
776662,38.698513,-90.48926,1.301919071E9,776110,776759
776662,38.69842,-90.48932,1.301919071E9,776110,776759
776662,38.698334,-90.48937,1.301919071E9,776110,776759
776662,38.69825,-90.48943,1.301919071E9,776110,776759
776662,38.698166,-90.48952,1.301919071E9,776110,776759
776662,38.698074,-90.4896,1.301919071E9,776110,776759
776662,38.69799,-90.48966,1.301919071E9,776110,776759
776662,38.697903,-90.48971,1.301919071E9,776110,776759
776662,38.697838,-90.489784,1.301919071E9,776110,776759
776662,38.697773,-90.48989,1.301919071E9,776110,776759
776662,38.697697,-90.48996,1.301919071E9,776110,776759
776662,38.697594,-90.489975,1.301919071E9,776110,776759
776662,38.697506,-90.49,1.301919071E9,776110,776759
776662,38.697445,-90.490105,1.301919071E9,776110,776759
776662,38.6974,-90.49021,1.301919071E9,776110,776759
776662,38.697323,-90.490295,1.301919071E9,776110,776759
776662,38.697235,-90.49036,1.301919071E9,776110,776759
776662,38.69718,-90.49049,1.301919071E9,776110,776759
776662,38.69709,-90.49054,1.301919071E9,776110,776759
776662,38.69701,-90.4906,1.301919071E9,776110,776759
776662,38.696903,-90.49066,1.301919071E9,776110,776759
776662,38.696804,-90.490715,1.301919071E9,776110,776759
776662,38.696712,-90.49077,1.301919071E9,776110,776759
776662,38.696632,-90.490845,1.301919071E9,776110,776759
776662,38.696556,-90.49093,1.301919071E9,776110,776759
776662,38.69647,-90.49101,1.301919071E9,776110,776759
776662,38.696377,-90.49109,1.301919071E9,776110,776759
776662,38.696293,-90.491135,1.301919071E9,776110,776759
776662,38.696182,-90.491196,1.301919071E9,776110,776759
776662,38.696083,-90.49123,1.301919071E9,776110,776759
776662,38.695976,-90.49126,1.301919071E9,776110,776759
776662,38.695892,-90.49132,1.301919071E9,776110,776759
776662,38.695805,-90.491356,1.301919071E9,776110,776759
776662,38.695694,-90.4914,1.301919071E9,776110,776759
776662,38.695602,-90.49145,1.301919071E9,776110,776759
776662,38.69549,-90.49149,1.301919071E9,776110,776759
776662,38.69539,-90.491554,1.301919071E9,776110,776759
776662,38.695316,-90.49164,1.301919071E9,776110,776759
776662,38.695244,-90.49171,1.301919071E9,776110,776759
776662,38.69515,-90.49176,1.301919071E9,776110,776759
776662,38.69506,-90.491806,1.301919071E9,776110,776759
776662,38.694958,-90.49182,1.301919071E9,776110,776759
776662,38.694874,-90.491875,1.301919071E9,776110,776759
776662,38.694756,-90.49187,1.301919071E9,776110,776759
776662,38.694668,-90.49195,1.301919071E9,776110,776759
776662,38.694572,-90.49201,1.301919071E9,776110,776759
776662,38.69449,-90.49211,1.301919071E9,776110,776759
776662,38.69441,-90.49217,1.301919071E9,776110,776759
776662,38.69434,-90.49229,1.301919071E9,776110,776759
776662,38.69427,-90.49238,1.301919071E9,776110,776759
776662,38.694206,-90.49246,1.301919071E9,776110,776759
776662,38.69414,-90.49255,1.301919071E9,776110,776759
776662,38.69408,-90.49265,1.301919071E9,776110,776759
776662,38.694008,-90.49276,1.301919071E9,776110,776759
776662,38.69396,-90.49287,1.301919071E9,776110,776759
776662,38.693905,-90.49296,1.301919071E9,776110,776759
776662,38.69383,-90.49304,1.301919071E9,776110,776759
776662,38.693745,-90.49313,1.301919071E9,776110,776759
776662,38.693687,-90.49323,1.301919071E9,776110,776759
776662,38.693638,-90.49335,1.301919071E9,776110,776759
776662,38.693653,-90.4935,1.301919071E9,776110,776759
776662,38.693707,-90.49363,1.301919071E9,776110,776759
776662,38.693783,-90.49374,1.301919071E9,776110,776759
776662,38.69387,-90.4938,1.301919071E9,776110,776759
776662,38.69395,-90.49387,1.301919071E9,776110,776759
776662,38.69405,-90.493935,1.301919071E9,776110,776759
776662,38.694134,-90.49397,1.30