0,776759
776662,51.381714,-2.36308,1.301919071E9,776110,776759
776662,51.381645,-2.362988,1.301919071E9,776110,776759
776662,51.381573,-2.362881,1.301919071E9,776110,776759
776662,51.381516,-2.362769,1.301919071E9,776110,776759
776662,51.38145,-2.362665,1.301919071E9,776110,776759
776662,51.381382,-2.362552,1.301919071E9,776110,776759
776662,51.38129,-2.362532,1.301919071E9,776110,776759
776662,51.381184,-2.362566,1.301919071E9,776110,776759
776662,51.381096,-2.362529,1.301919071E9,776110,776759
776662,51.381004,-2.36254,1.301919071E9,776110,776759
776662,51.380913,-2.3625,1.301919071E9,776110,776759
776662,51.38082,-2.362431,1.301919071E9,776110,776759
776662,51.38073,-2.362395,1.301919071E9,776110,776759
776662,51.380623,-2.362342,1.301919071E9,776110,776759
776662,51.380527,-2.362273,1.301919071E9,776110,776759
776662,51.380455,-2.362186,1.301919071E9,776110,776759
776662,51.38037,-2.362093,1.301919071E9,776110,776759
776662,51.380314,-2.36198,1.301919071E9,776110,776759
776662,51.38024,-2.361864,1.301919071E9,776110,776759
776662,51.38016,-2.361779,1.301919071E9,776110,776759
776662,51.380093,-2.361675,1.301919071E9,776110,776759
776662,51.38001,-2.361585,1.301919071E9,776110,776759
776662,51.379936,-2.361479,1.301919071E9,776110,776759
776662,51.379845,-2.361437,1.301919071E9,776110,776759
776662,51.379772,-2.361334,1.301919071E9,776110,776759
776662,51.379715,-2.361221,1.301919071E9,776110,776759
776662,51.37963,-2.361122,1.301919071E9,776110,776759
776662,51.379562,-2.360998,1.301919071E9,776110,776759
776662,51.379475,-2.360923,1.301919071E9,776110,776759
776662,51.379383,-2.360881,1.301919071E9,776110,776759
776662,51.379307,-2.360776,1.301919071E9,776110,776759
776662,51.379246,-2.360665,1.301919071E9,776110,776759
776662,51.37915,-2.360644,1.301919071E9,776110,776759
776662,51.37906,-2.360617,1.301919071E9,776110,776759
776662,51.379,-2.360503,1.301919071E9,776110,776759
776662,51.378952,-2.360376,1.301919071E9,776110,776759
776662,51.37887,-2.360286,1.301919071E9,776110,776759
776662,51.378784,-2.360228,1.301919071E9,776110,776759
776662,51.378708,-2.360138,1.301919071E9,776110,776759
776662,51.378613,-2.360132,1.301919071E9,776110,776759
776662,51.37853,-2.360081,1.301919071E9,776110,776759
776662,51.37846,-2.359964,1.301919071E9,776110,776759
776662,51.37839,-2.359844,1.301919071E9,776110,776759
776662,51.37831,-2.359757,1.301919071E9,776110,776759
776662,51.378216,-2.359716,1.301919071E9,776110,776759
776662,51.378124,-2.359734,1.301919071E9,776110,776759
776662,51.37802,-2.359761,1.301919071E9,776110,776759
776662,51.37794,-2.359847,1.301919071E9,776110,776759
776662,51.377857,-2.35992,1.301919071E9,776110,776759
776662,51.377758,-2.359944,1.301919071E9,776110,776759
776662,51.377686,-2.359834,1.301919071E9,776110,776759
776662,51.377644,-2.359703,1.301919071E9,776110,776759
776662,51.37754,-2.359694,1.301919071E9,776110,776759
776662,51.377445,-2.35969,1.301919071E9,776110,776759
776662,51.377354,-2.35965,1.301919071E9,776110,776759
776662,51.377262,-2.359631,1.301919071E9,776110,776759
776662,51.377186,-2.359508,1.301919071E9,776110,776759
776662,51.37713,-2.359376,1.301919071E9,776110,776759
776662,51.37709,-2.359237,1.301919071E9,776110,776759
776662,51.376972,-2.35907,1.301919071E9,776110,776759
776662,51.376896,-2.359195,1.301919071E9,776110,776759
776662,51.37682,-2.359299,1.301919071E9,776110,776759
776662,51.37676,-2.359416,1.301919071E9,776110,776759
776662,51.37678,-2.359565,1.301919071E9,776110,776759
776662,51.376842,-2.359679,1.301919071E9,776110,776759
776662,51.376896,-2.359813,1.301919071E9,776110,776759
776662,51.37693,-2.359959,1.301919071E9,776110,776759
776662,51.377014,-2.360072,1.301919071E9,776110,776759
776662,51.377014,-2.360234,1.301919071E9,776110,776759
776662,51.37696,-2.360358,1.301919071E9,776110,776759
776662,51.376884,-2.360468,1.301919071E9,776110,776759
776662,51.376804,-2.360547,1.301919071E9,776110,776759
776662,51.376724,-2.360625,1.301919071E9,776110,776759
776662,51.37667,-2.360757,1.301919071E9,776110,776759
776662,51.37666,-2.360922,1.301919071E9,776110,776759
776662,51.37664,-2.361068,1.301919071E9,776110,776759
776662,51.3766,-2.361202,1.301919071E9,776110,776759
776662,51.376575,-2.361363,1.301919071E9,776110,776759
776662,51.376545,-2.361504,1.301919071E9,776110,776759
776662,51.376503,-2.361632,1.301919071E9,776110,776759
776662,51.376434,-2.361738,1.301919071E9,776110,776759
776662,51.376354,-2.361838,1.301919071E9,776110,776759
776662,51.37634,-2.361995,1.301919071E9,776110,776759
776662,51.376286,-2.362127,1.301919071E9,776110,776759
776662,51.376232,-2.362258,1.301919071E9,776110,776759
776662,51.37623,-2.362423,1.301919071E9,776110,776759
776662,51.37623,-2.362585,1.301919071E9,776110,776759
776662,51.37619,-2.362735,1.301919071E9,776110,776759
776662,51.376175,-2.362887,1.301919071E9,776110,776759
776662,51.37614,-2.363024,1.301919071E9,776110,776759
776662,51.376095,-2.363148,1.301919071E9,776110,776759
776662,51.37605,-2.36328,1.301919071E9,776110,776759
776662,51.375973,-2.363379,1.301919071E9,776110,776759
776662,51.37592,-2.36352,1.301919071E9,776110,776759
776662,51.37589,-2.363672,1.301919071E9,776110,776759
776662,51.37586,-2.36382,1.301919071E9,776110,776759
776662,51.37586,-2.363972,1.301919071E9,776110,776759
776662,51.375877,-2.364121,1.301919071E9,776110,776759
776662,51.37588,-2.364277,1.301919071E9,776110,776759
776662,51.37586,-2.364433,1.301919071E9,776110,776759
776662,51.37581,-2.364575,1.301919071E9,776110,776759
776662,51.37579,-2.364733,1.301919071E9,776110,776759
776662,51.375767,-2.364876,1.301919071E9,776110,776759
776662,51.37578,-2.365023,1.301919071E9,776110,776759
776662,51.37576,-2.36517,1.301919071E9,776110,776759
776662,51.37569,-2.365267,1.301919071E9,776110,776759
776662,51.375603,-2.365332,1.301919071E9,776110,776759
776662,51.37551,-2.365354,1.301919071E9,776110,776759
776662,51.37542,-2.365321,1.301919071E9,776110,776759
776662,51.375347,-2.365414,1.301919071E9,776110,776759
776662,51.375336,-2.365567,1.301919071E9,776110,776759
776662,51.37528,-2.365692,1.301919071E9,776110,776759
776662,51.375214,-2.365798,1.301919071E9,776110,776759
776662,51.375156,-2.365922,1.301919071E9,776110,776759
776662,51.37508,-2.366017,1.301919071E9,776110,776759
776662,51.374992,-2.366057,1.301919071E9,776110,776759
776662,51.374905,-2.366122,1.301919071E9,776110,776759
776662,51.374805,-2.366135,1.301919071E9,776110,776759
776662,51.374725,-2.366199,1.301919071E9,776110,776759
776662,51.37467,-2.366315,1.301919071E9,776110,776759
776662,51.37458,-2.366271,1.301919071E9,776110,776759
776662,51.374474,-2.366253,1.301919071E9,776110,776759
776662,51.374363,-2.366225,1.301919071E9,776110,776759
776662,51.374268,-2.36621,1.301919071E9,776110,776759
776662,51.37418,-2.366281,1.301919071E9,776110,776759
776662,51.374134,-2.366408,1.301919071E9,776110,776759
776662,51.37417,-2.366549,1.301919071E9,776110,776759
776662,51.37425,-2.366628,1.301919071E9,776110,776759
776662,51.37428,-2.366766,1.301919071E9,776110,776759
776662,51.374184,-2.366803,1.301919071E9,776110,776759
776662,51.374096,-2.366777,1.301919071E9,776110,776759
776662,51.374023,-2.366694,1.301919071E9,776110,776759
776662,51.37393,-2.366657,1.301919071E9,776110,776759
776662,51.37382,-2.366648,1.301919071E9,776110,776759
776662,51.373745,-2.366729,1.301919071E9,776110,776759
776662,51.37375,-2.3669,1.301919071E9,776110,776759
776662,51.37374,-2.367047,1.301919071E9,776110,776759
776662,51.373722,-2.367202,1.301919071E9,776110,776759
776662,51.37365,-2.367295,1.301919071E9,776110,776759
776662,51.373554,-2.367355,1.301919071E9,776110,776759
776662,51.37346,-2.367394,1.301919071E9,776110,776759
776662,51.373356,-2.367427,1.301919071E9,776110,776759
776662,51.37326,-2.367436,1.301919071E9,776110,776759
776662,51.373165,-2.367453,1.301919071E9,776110,776759
776662,51.373074,-2.367503,1.301919071E9,776110,776759
776662,51.373013,-2.367606,1.301919071E9,776110,776759
776662,51.373016,-2.36777,1.301919071E9,77611