71E9,776110,776759
776662,18.366442,-66.12318,1.301919071E9,776110,776759
776662,18.366358,-66.12333,1.301919071E9,776110,776759
776662,18.366196,-66.12339,1.301919071E9,776110,776759
776662,18.366034,-66.123375,1.301919071E9,776110,776759
776662,18.365847,-66.1234,1.301919071E9,776110,776759
776662,18.365688,-66.12342,1.301919071E9,776110,776759
776662,18.365665,-66.12341,1.301919071E9,776110,776759
776662,18.365587,-66.12337,1.301919071E9,776110,776759
776662,18.365486,-66.123245,1.301919071E9,776110,776759
776662,18.365372,-66.12313,1.301919071E9,776110,776759
776662,18.365217,-66.123146,1.301919071E9,776110,776759
776662,18.36533,-66.12304,1.301919071E9,776110,776759
776662,18.365496,-66.12304,1.301919071E9,776110,776759
776662,18.36559,-66.12304,1.301919071E9,776110,776759
776662,18.365679,-66.12303,1.301919071E9,776110,776759
776662,18.365765,-66.12302,1.301919071E9,776110,776759
776662,18.365927,-66.12298,1.301919071E9,776110,776759
776662,18.366093,-66.12295,1.301919071E9,776110,776759
776662,18.366121,-66.12295,1.301919071E9,776110,776759
776662,18.366203,-66.12294,1.301919071E9,776110,776759
776662,18.366318,-66.123,1.301919071E9,776110,776759
776662,18.366352,-66.1231,1.301919071E9,776110,776759
776662,18.366371,-66.12324,1.301919071E9,776110,776759
776662,18.366343,-66.12333,1.301919071E9,776110,776759
776662,18.366278,-66.12338,1.301919071E9,776110,776759
776662,18.366089,-66.12339,1.301919071E9,776110,776759
776662,18.365898,-66.12342,1.301919071E9,776110,776759
776662,18.365728,-66.123436,1.301919071E9,776110,776759
776662,18.365728,-66.123436,1.301919071E9,776110,776759
776662,18.365582,-66.12335,1.301919071E9,776110,776759
776662,18.365492,-66.123215,1.301919071E9,776110,776759
776662,18.36544,-66.12314,1.301919071E9,776110,776759
776662,18.36528,-66.12313,1.301919071E9,776110,776759
776662,18.365269,-66.12313,1.301919071E9,776110,776759
776662,18.365196,-66.123085,1.301919071E9,776110,776759
776662,18.365244,-66.12301,1.301919071E9,776110,776759
776662,18.365414,-66.12301,1.301919071E9,776110,776759
776662,18.365568,-66.12301,1.301919071E9,776110,776759
776662,18.365597,-66.12301,1.301919071E9,776110,776759
776662,18.3657,-66.12301,1.301919071E9,776110,776759
776662,18.365805,-66.122986,1.301919071E9,776110,776759
776662,18.365978,-66.12295,1.301919071E9,776110,776759
776662,18.36615,-66.12291,1.301919071E9,776110,776759
776662,18.366314,-66.12294,1.301919071E9,776110,776759
776662,18.366377,-66.1231,1.301919071E9,776110,776759
776662,18.366379,-66.12312,1.301919071E9,776110,776759
776662,18.366377,-66.12324,1.301919071E9,776110,776759
776662,18.36632,-66.12332,1.301919071E9,776110,776759
776662,18.366135,-66.12335,1.301919071E9,776110,776759
776662,18.365934,-66.12338,1.301919071E9,776110,776759
776662,18.365768,-66.12341,1.301919071E9,776110,776759
776662,18.365614,-66.12337,1.301919071E9,776110,776759
776662,18.365498,-66.123245,1.301919071E9,776110,776759
776662,18.365396,-66.12312,1.301919071E9,776110,776759
776662,18.365282,-66.12312,1.301919071E9,776110,776759
776662,18.365202,-66.12315,1.301919071E9,776110,776759
776662,18.365267,-66.123,1.301919071E9,776110,776759
776662,18.365448,-66.12301,1.301919071E9,776110,776759
776662,18.365616,-66.123,1.301919071E9,776110,776759
776662,18.365791,-66.12297,1.301919071E9,776110,776759
776662,18.365944,-66.12294,1.301919071E9,776110,776759
776662,18.365969,-66.12294,1.301919071E9,776110,776759
776662,18.366137,-66.12291,1.301919071E9,776110,776759
776662,18.366209,-66.12291,1.301919071E9,776110,776759
776662,18.366302,-66.12295,1.301919071E9,776110,776759
776662,18.36633,-66.12304,1.301919071E9,776110,776759
776662,18.366327,-66.123215,1.301919071E9,776110,776759
776662,18.366323,-66.123276,1.301919071E9,776110,776759
776662,18.36627,-66.123344,1.301919071E9,776110,776759
776662,18.366112,-66.123344,1.301919071E9,776110,776759
776662,18.365917,-66.12339,1.301919071E9,776110,776759
776662,18.365868,-66.12339,1.301919071E9,776110,776759
776662,18.365726,-66.1234,1.301919071E9,776110,776759
776662,18.365572,-66.12336,1.301919071E9,776110,776759
776662,18.365484,-66.12326,1.301919071E9,776110,776759
776662,18.365438,-66.12318,1.301919071E9,776110,776759
776662,18.365286,-66.12314,1.301919071E9,776110,776759
776662,18.365236,-66.12316,1.301919071E9,776110,776759
776662,18.365149,-66.12319,1.301919071E9,776110,776759
776662,18.364971,-66.1232,1.301919071E9,776110,776759
776662,18.364836,-66.123116,1.301919071E9,776110,776759
776662,18.36482,-66.1231,1.301919071E9,776110,776759
776662,18.364738,-66.12307,1.301919071E9,776110,776759
776662,18.364582,-66.123055,1.301919071E9,776110,776759
776662,18.364424,-66.12304,1.301919071E9,776110,776759
776662,18.364265,-66.12301,1.301919071E9,776110,776759
776662,18.364113,-66.12296,1.301919071E9,776110,776759
776662,18.364056,-66.12281,1.301919071E9,776110,776759
776662,18.364105,-66.12265,1.301919071E9,776110,776759
776662,18.364265,-66.12259,1.301919071E9,776110,776759
776662,18.364271,-66.12259,1.301919071E9,776110,776759
776662,18.364431,-66.122604,1.301919071E9,776110,776759
776662,18.364588,-66.12262,1.301919071E9,776110,776759
776662,18.364704,-66.122734,1.301919071E9,776110,776759
776662,18.364714,-66.122894,1.301919071E9,776110,776759
776662,18.364784,-66.12305,1.301919071E9,776110,776759
776662,18.364956,-66.12305,1.301919071E9,776110,776759
776662,18.36511,-66.12303,1.301919071E9,776110,776759
776662,18.365284,-66.12302,1.301919071E9,776110,776759
776662,18.365438,-66.12302,1.301919071E9,776110,776759
776662,18.365608,-66.12302,1.301919071E9,776110,776759
776662,18.365786,-66.12298,1.301919071E9,776110,776759
776662,18.365942,-66.12294,1.301919071E9,776110,776759
776662,18.36602,-66.12292,1.301919071E9,776110,776759
776662,18.36611,-66.1229,1.301919071E9,776110,776759
776662,18.366268,-66.12292,1.301919071E9,776110,776759
776662,18.36629,-66.12293,1.301919071E9,776110,776759
776662,18.366362,-66.123085,1.301919071E9,776110,776759
776662,18.366367,-66.12325,1.301919071E9,776110,776759
776662,18.36628,-66.12337,1.301919071E9,776110,776759
776662,18.366117,-66.123405,1.301919071E9,776110,776759
776662,18.36595,-66.123405,1.301919071E9,776110,776759
776662,18.365753,-66.12343,1.301919071E9,776110,776759
776662,18.36569,-66.12343,1.301919071E9,776110,776759
776662,18.365618,-66.123375,1.301919071E9,776110,776759
776662,18.365618,-66.123375,1.301919071E9,776110,776759
776662,18.365553,-66.12329,1.301919071E9,776110,776759
776662,18.365553,-66.12329,1.301919071E9,776110,776759
776662,18.365524,-66.12324,1.301919071E9,776110,776759
776662,18.365414,-66.123146,1.301919071E9,776110,776759
776662,18.365173,-66.12312,1.301919071E9,776110,776759
776662,18.365173,-66.12312,1.301919071E9,776110,776759
776662,18.364931,-66.12311,1.301919071E9,776110,776759
776662,18.364798,-66.12303,1.301919071E9,776110,776759
776662,18.364614,-66.12302,1.301919071E9,776110,776759
776662,18.364437,-66.12296,1.301919071E9,776110,776759
776662,18.3643,-66.122925,1.301919071E9,776110,776759
776662,18.364174,-66.1229,1.301919071E9,776110,776759
776662,18.364058,-66.122795,1.301919071E9,776110,776759
776662,18.364174,-66.12268,1.301919071E9,776110,776759
776662,18.364326,-66.12266,1.301919071E9,776110,776759
776662,18.364483,-66.12264,1.301919071E9,776110,776759
776662,18.36464,-66.12265,1.301919071E9,776110,776759
776662,18.364723,-66.12279,1.301919071E9,776110,776759
776662,18.364716,-66.122955,1.301919071E9,776110,776759
776662,18.364819,-66.12309,1.301919071E9,776110,776759
776662,18.364971,-66.12312,1.301919071E9,776110,776759
776662,18.365124,-66.12306,1.301919071E9,776110,776759
776662,18.365349,-66.12304,1.301919071E9,776110,776759
776662,18.365377,-66.12304,1.301919071E9,776110,776759
776662,18.365555,-66.12304,1.301919071E9,776110,776759
776662,18.365725,-66.123024,1.301919071E9,776110,776759
776662,18.365887,-66.12301,1.301919071E9,776110,776759
776662,18.366062,-66.122986,1.301919071E9,776110,776759
776662,18.366425,-66.12323,1.301919071E9,776110,776759
776662,18.36