6110,776759
776662,51.436863,5.420624,1.301919071E9,776110,776759
776662,51.43686,5.420471,1.301919071E9,776110,776759
776662,51.436825,5.4203396,1.301919071E9,776110,776759
776662,51.436802,5.4201684,1.301919071E9,776110,776759
776662,51.436775,5.4200196,1.301919071E9,776110,776759
776662,51.436756,5.4198465,1.301919071E9,776110,776759
776662,51.436737,5.4197006,1.301919071E9,776110,776759
776662,51.43672,5.4195447,1.301919071E9,776110,776759
776662,51.436684,5.4193463,1.301919071E9,776110,776759
776662,51.436665,5.41916,1.301919071E9,776110,776759
776662,51.436626,5.418978,1.301919071E9,776110,776759
776662,51.43659,5.4188275,1.301919071E9,776110,776759
776662,51.436554,5.418615,1.301919071E9,776110,776759
776662,51.43653,5.4184647,1.301919071E9,776110,776759
776662,51.43649,5.418298,1.301919071E9,776110,776759
776662,51.436478,5.4181123,1.301919071E9,776110,776759
776662,51.43647,5.4179506,1.301919071E9,776110,776759
776662,51.436462,5.417798,1.301919071E9,776110,776759
776662,51.436455,5.417631,1.301919071E9,776110,776759
776662,51.436424,5.417424,1.301919071E9,776110,776759
776662,51.4364,5.4172797,1.301919071E9,776110,776759
776662,51.436382,5.417123,1.301919071E9,776110,776759
776662,51.436356,5.4169326,1.301919071E9,776110,776759
776662,51.436344,5.416776,1.301919071E9,776110,776759
776662,51.436317,5.416608,1.301919071E9,776110,776759
776662,51.43629,5.4164586,1.301919071E9,776110,776759
776662,51.43625,5.4163213,1.301919071E9,776110,776759
776662,51.43622,5.416171,1.301919071E9,776110,776759
776662,51.43621,5.416031,1.301919071E9,776110,776759
776662,51.436226,5.4158816,1.301919071E9,776110,776759
776662,51.436264,5.4157352,1.301919071E9,776110,776759
776662,51.43623,5.4155946,1.301919071E9,776110,776759
776662,51.436184,5.415449,1.301919071E9,776110,776759
776662,51.43616,5.415252,1.301919071E9,776110,776759
776662,51.436123,5.415085,1.301919071E9,776110,776759
776662,51.43607,5.4148736,1.301919071E9,776110,776759
776662,51.436047,5.4147058,1.301919071E9,776110,776759
776662,51.436028,5.41456,1.301919071E9,776110,776759
776662,51.43602,5.41441,1.301919071E9,776110,776759
776662,51.435993,5.4142504,1.301919071E9,776110,776759
776662,51.435963,5.414105,1.301919071E9,776110,776759
776662,51.435955,5.4139423,1.301919071E9,776110,776759
776662,51.435955,5.4138017,1.301919071E9,776110,776759
776662,51.435905,5.4135947,1.301919071E9,776110,776759
776662,51.43588,5.4134545,1.301919071E9,776110,776759
776662,51.43586,5.4132667,1.301919071E9,776110,776759
776662,51.435818,5.4131308,1.301919071E9,776110,776759
776662,51.435818,5.4129806,1.301919071E9,776110,776759
776662,51.435818,5.4127855,1.301919071E9,776110,776759
776662,51.435783,5.412603,1.301919071E9,776110,776759
776662,51.435787,5.4124527,1.301919071E9,776110,776759
776662,51.435776,5.4122787,1.301919071E9,776110,776759
776662,51.435757,5.4121118,1.301919071E9,776110,776759
776662,51.43568,5.411937,1.301919071E9,776110,776759
776662,51.43565,5.411752,1.301919071E9,776110,776759
776662,51.435623,5.4115987,1.301919071E9,776110,776759
776662,51.43558,5.4112144,1.301919071E9,776110,776759
776662,51.435547,5.411078,1.301919071E9,776110,776759
776662,51.435516,5.4108644,1.301919071E9,776110,776759
776662,51.435497,5.410678,1.301919071E9,776110,776759
776662,51.435448,5.410445,1.301919071E9,776110,776759
776662,51.435394,5.4102955,1.301919071E9,776110,776759
776662,51.435333,5.4100976,1.301919071E9,776110,776759
776662,51.43529,5.409968,1.301919071E9,776110,776759
776662,51.435238,5.4098053,1.301919071E9,776110,776759
776662,51.435196,5.4096627,1.301919071E9,776110,776759
776662,51.435143,5.4095206,1.301919071E9,776110,776759
776662,51.435078,5.4093804,1.301919071E9,776110,776759
776662,51.435024,5.409247,1.301919071E9,776110,776759
776662,51.434994,5.4091253,1.301919071E9,776110,776759
776662,51.434937,5.408996,1.301919071E9,776110,776759
776662,51.434998,5.4091907,1.301919071E9,776110,776759
776662,51.43504,5.4093223,1.301919071E9,776110,776759
776662,51.4351,5.4094253,1.301919071E9,776110,776759
776662,51.435165,5.4095626,1.301919071E9,776110,776759
776662,51.435204,5.409767,1.301919071E9,776110,776759
776662,51.435287,5.410001,1.301919071E9,776110,776759
776662,51.435333,5.4101987,1.301919071E9,776110,776759
776662,51.435394,5.4103527,1.301919071E9,776110,776759
776662,51.435497,5.410235,1.301919071E9,776110,776759
776662,51.435673,5.410059,1.301919071E9,776110,776759
776662,51.435802,5.409916,1.301919071E9,776110,776759
776662,51.435883,5.4098,1.301919071E9,776110,776759
776662,51.435966,5.4096518,1.301919071E9,776110,776759
776662,51.43607,5.4095316,1.301919071E9,776110,776759
776662,51.436195,5.409449,1.301919071E9,776110,776759
776662,51.436337,5.409392,1.301919071E9,776110,776759
776662,51.43642,5.4094214,1.301919071E9,776110,776759
776662,51.43656,5.409477,1.301919071E9,776110,776759
776662,51.43663,5.4095984,1.301919071E9,776110,776759
776662,51.436764,5.4096937,1.301919071E9,776110,776759
776662,51.43684,5.409734,1.301919071E9,776110,776759
776662,51.436928,5.409772,1.301919071E9,776110,776759
776662,51.43702,5.4097576,1.301919071E9,776110,776759
776662,51.4371,5.4097037,1.301919071E9,776110,776759
776662,51.437187,5.409633,1.301919071E9,776110,776759
776662,51.43726,5.4095263,1.301919071E9,776110,776759
776662,51.43734,5.40945,1.301919071E9,776110,776759
776662,51.437428,5.409293,1.301919071E9,776110,776759
776662,51.4375,5.4091997,1.301919071E9,776110,776759
776662,51.437576,5.4091463,1.301919071E9,776110,776759
776662,51.43774,5.409064,1.301919071E9,776110,776759
776662,51.437843,5.4090695,1.301919071E9,776110,776759
776662,51.43799,5.409068,1.301919071E9,776110,776759
776662,51.43814,5.408952,1.301919071E9,776110,776759
776662,51.43822,5.4088707,1.301919071E9,776110,776759
776662,51.438297,5.4088025,1.301919071E9,776110,776759
776662,51.438396,5.4087524,1.301919071E9,776110,776759
776662,51.43852,5.4086185,1.301919071E9,776110,776759
776662,51.43862,5.408475,1.301919071E9,776110,776759
776662,51.43867,5.4083023,1.301919071E9,776110,776759
776662,51.438744,5.4081287,1.301919071E9,776110,776759
776662,51.43881,5.4078484,1.301919071E9,776110,776759
776662,51.438854,5.4077053,1.301919071E9,776110,776759
776662,51.43892,5.4075055,1.301919071E9,776110,776759
776662,51.438957,5.4073625,1.301919071E9,776110,776759
776662,51.438976,5.4071336,1.301919071E9,776110,776759
776662,51.43892,5.4069567,1.301919071E9,776110,776759
776662,51.438866,5.406829,1.301919071E9,776110,776759
776662,51.438786,5.4067426,1.301919071E9,776110,776759
776662,51.43871,5.406625,1.301919071E9,776110,776759
776662,51.438656,5.406485,1.301919071E9,776110,776759
776662,51.43857,5.406335,1.301919071E9,776110,776759
776662,51.438484,5.40621,1.301919071E9,776110,776759
776662,51.438408,5.406111,1.301919071E9,776110,776759
776662,51.438324,5.4059935,1.301919071E9,776110,776759
776662,51.438225,5.4058805,1.301919071E9,776110,776759
776662,51.438152,5.405787,1.301919071E9,776110,776759
776662,51.43808,5.405665,1.301919071E9,776110,776759
776662,51.437996,5.4055643,1.301919071E9,776110,776759
776662,51.43791,5.405453,1.301919071E9,776110,776759
776662,51.43784,5.4052424,1.301919071E9,776110,776759
776662,51.4377,5.405138,1.301919071E9,776110,776759
776662,51.437603,5.4051323,1.301919071E9,776110,776759
776662,51.437508,5.4050317,1.301919071E9,776110,776759
776662,51.43739,5.404977,1.301919071E9,776110,776759
776662,51.437366,5.4047923,1.301919071E9,776110,776759
776662,51.43728,5.404761,1.301919071E9,776110,776759
776662,51.43715,5.4046803,1.301919071E9,776110,776759
776662,51.43707,5.404614,1.301919071E9,776110,776759
776662,51.43698,5.404543,1.301919071E9,776110,776759
776662,51.436882,5.4044557,1.301919071E9,776110,776759
776662,51.43679,5.404364,1.301919071E9,776110,776759
776662,51.4367,5.4042897,1.301919071E9,776110,776759
776662,51.43662,5.4042215,1.301919071E9,776110,776759
776662,51.436527,5.4041643,1.301919071E9,776110,776759
776662,51.43643,5.404065,1.301919071E9,776110,776759
776662,51.436317,5.403968,1.301919071