E9,776110,776759
776662,45.335693,-85.23129,1.301919071E9,776110,776759
776662,45.33579,-85.23129,1.301919071E9,776110,776759
776662,45.33588,-85.23129,1.301919071E9,776110,776759
776662,45.335976,-85.23129,1.301919071E9,776110,776759
776662,45.336067,-85.23129,1.301919071E9,776110,776759
776662,45.33617,-85.23131,1.301919071E9,776110,776759
776662,45.33626,-85.23132,1.301919071E9,776110,776759
776662,45.336365,-85.23133,1.301919071E9,776110,776759
776662,45.33646,-85.23134,1.301919071E9,776110,776759
776662,45.33655,-85.23132,1.301919071E9,776110,776759
776662,45.336643,-85.23131,1.301919071E9,776110,776759
776662,45.33674,-85.23129,1.301919071E9,776110,776759
776662,45.336838,-85.2313,1.301919071E9,776110,776759
776662,45.336945,-85.23133,1.301919071E9,776110,776759
776662,45.337032,-85.23132,1.301919071E9,776110,776759
776662,45.33713,-85.231316,1.301919071E9,776110,776759
776662,45.337227,-85.231316,1.301919071E9,776110,776759
776662,45.337334,-85.2313,1.301919071E9,776110,776759
776662,45.337437,-85.23129,1.301919071E9,776110,776759
776662,45.337555,-85.231255,1.301919071E9,776110,776759
776662,45.33765,-85.23126,1.301919071E9,776110,776759
776662,45.337753,-85.231255,1.301919071E9,776110,776759
776662,45.337856,-85.23124,1.301919071E9,776110,776759
776662,45.337948,-85.23125,1.301919071E9,776110,776759
776662,45.33805,-85.23125,1.301919071E9,776110,776759
776662,45.33814,-85.23129,1.301919071E9,776110,776759
776662,45.338234,-85.231285,1.301919071E9,776110,776759
776662,45.338337,-85.231285,1.301919071E9,776110,776759
776662,45.338467,-85.23131,1.301919071E9,776110,776759
776662,45.33856,-85.23131,1.301919071E9,776110,776759
776662,45.338665,-85.23134,1.301919071E9,776110,776759
776662,45.3388,-85.23137,1.301919071E9,776110,776759
776662,45.33889,-85.23136,1.301919071E9,776110,776759
776662,45.338997,-85.23139,1.301919071E9,776110,776759
776662,45.339115,-85.23142,1.301919071E9,776110,776759
776662,45.339214,-85.231384,1.301919071E9,776110,776759
776662,45.339317,-85.23138,1.301919071E9,776110,776759
776662,45.339417,-85.23135,1.301919071E9,776110,776759
776662,45.339516,-85.231346,1.301919071E9,776110,776759
776662,45.339626,-85.23133,1.301919071E9,776110,776759
776662,45.339725,-85.231316,1.301919071E9,776110,776759
776662,45.339844,-85.23133,1.301919071E9,776110,776759
776662,45.33995,-85.23133,1.301919071E9,776110,776759
776662,45.34005,-85.23133,1.301919071E9,776110,776759
776662,45.340145,-85.2313,1.301919071E9,776110,776759
776662,45.340237,-85.231316,1.301919071E9,776110,776759
776662,45.34034,-85.231316,1.301919071E9,776110,776759
776662,45.340435,-85.23132,1.301919071E9,776110,776759
776662,45.340527,-85.23133,1.301919071E9,776110,776759
776662,45.340614,-85.231316,1.301919071E9,776110,776759
776662,45.34071,-85.231224,1.301919071E9,776110,776759
776662,45.340786,-85.23115,1.301919071E9,776110,776759
776662,45.34089,-85.23109,1.301919071E9,776110,776759
776662,45.340942,-85.23098,1.301919071E9,776110,776759
776662,45.340977,-85.23084,1.301919071E9,776110,776759
776662,45.341,-85.230705,1.301919071E9,776110,776759
776662,45.341034,-85.230576,1.301919071E9,776110,776759
776662,45.34107,-85.23043,1.301919071E9,776110,776759
776662,45.341118,-85.2303,1.301919071E9,776110,776759
776662,45.341175,-85.23019,1.301919071E9,776110,776759
776662,45.341232,-85.23009,1.301919071E9,776110,776759
776662,45.341297,-85.22998,1.301919071E9,776110,776759
776662,45.34135,-85.22986,1.301919071E9,776110,776759
776662,45.341396,-85.22973,1.301919071E9,776110,776759
776662,45.341434,-85.22961,1.301919071E9,776110,776759
776662,45.341476,-85.229485,1.301919071E9,776110,776759
776662,45.34152,-85.22936,1.301919071E9,776110,776759
776662,45.34154,-85.229225,1.301919071E9,776110,776759
776662,45.341568,-85.22908,1.301919071E9,776110,776759
776662,45.341606,-85.22895,1.301919071E9,776110,776759
776662,45.34165,-85.228806,1.301919071E9,776110,776759
776662,45.341686,-85.22869,1.301919071E9,776110,776759
776662,45.341743,-85.228584,1.301919071E9,776110,776759
776662,45.341812,-85.22849,1.301919071E9,776110,776759
776662,45.34188,-85.22841,1.301919071E9,776110,776759
776662,45.34197,-85.22832,1.301919071E9,776110,776759
776662,45.342037,-85.228226,1.301919071E9,776110,776759
776662,45.342113,-85.228134,1.301919071E9,776110,776759
776662,45.342197,-85.22805,1.301919071E9,776110,776759
776662,45.342274,-85.22798,1.301919071E9,776110,776759
776662,45.342346,-85.22788,1.301919071E9,776110,776759
776662,45.342422,-85.22779,1.301919071E9,776110,776759
776662,45.342495,-85.22769,1.301919071E9,776110,776759
776662,45.342552,-85.227585,1.301919071E9,776110,776759
776662,45.34262,-85.22749,1.301919071E9,776110,776759
776662,45.34269,-85.227394,1.301919071E9,776110,776759
776662,45.342766,-85.22724,1.301919071E9,776110,776759
776662,45.34281,-85.22713,1.301919071E9,776110,776759
776662,45.34287,-85.22701,1.301919071E9,776110,776759
776662,45.342934,-85.22692,1.301919071E9,776110,776759
776662,45.342987,-85.2268,1.301919071E9,776110,776759
776662,45.34304,-85.226685,1.301919071E9,776110,776759
776662,45.343105,-85.22657,1.301919071E9,776110,776759
776662,45.343174,-85.22647,1.301919071E9,776110,776759
776662,45.34323,-85.22637,1.301919071E9,776110,776759
776662,45.343296,-85.22629,1.301919071E9,776110,776759
776662,45.343372,-85.2262,1.301919071E9,776110,776759
776662,45.34343,-85.22608,1.301919071E9,776110,776759
776662,45.343487,-85.225975,1.301919071E9,776110,776759
776662,45.34354,-85.22587,1.301919071E9,776110,776759
776662,45.343594,-85.22575,1.301919071E9,776110,776759
776662,45.34364,-85.225624,1.301919071E9,776110,776759
776662,45.343655,-85.22547,1.301919071E9,776110,776759
776662,45.34369,-85.22533,1.301919071E9,776110,776759
776662,45.34373,-85.225204,1.301919071E9,776110,776759
776662,45.343792,-85.2251,1.301919071E9,776110,776759
776662,45.343845,-85.22499,1.301919071E9,776110,776759
776662,45.34389,-85.22488,1.301919071E9,776110,776759
776662,45.343945,-85.22476,1.301919071E9,776110,776759
776662,45.343994,-85.22465,1.301919071E9,776110,776759
776662,45.344048,-85.224525,1.301919071E9,776110,776759
776662,45.344074,-85.2244,1.301919071E9,776110,776759
776662,45.344112,-85.22428,1.301919071E9,776110,776759
776662,45.34418,-85.22418,1.301919071E9,776110,776759
776662,45.34428,-85.224174,1.301919071E9,776110,776759
776662,45.344364,-85.224205,1.301919071E9,776110,776759
776662,45.34445,-85.22429,1.301919071E9,776110,776759
776662,45.344536,-85.224365,1.301919071E9,776110,776759
776662,45.34462,-85.22444,1.301919071E9,776110,776759
776662,45.34462,-85.22444,1.301919071E9,776110,776759
776662,33.786453,-84.38485,1.301919071E9,776110,776759
776662,33.78642,-84.37762,1.301919071E9,776110,776759
776662,33.786312,-84.3775,1.301919071E9,776110,776759
776662,33.78567,-84.37745,1.301919071E9,776110,776759
776662,33.78512,-84.37726,1.301919071E9,776110,776759
776662,33.78485,-84.377235,1.301919071E9,776110,776759
776662,33.784527,-84.377304,1.301919071E9,776110,776759
776662,33.784298,-84.37764,1.301919071E9,776110,776759
776662,33.784264,-84.37842,1.301919071E9,776110,776759
776662,33.784264,-84.37891,1.301919071E9,776110,776759
776662,33.781677,-84.3806,1.301919071E9,776110,776759
776662,33.782833,-84.38023,1.301919071E9,776110,776759
776662,33.783478,-84.379585,1.301919071E9,776110,776759
776662,33.784737,-84.37855,1.301919071E9,776110,776759
776662,33.785473,-84.37818,1.301919071E9,776110,776759
776662,33.787632,-84.37785,1.301919071E9,776110,776759
776662,33.787796,-84.37772,1.301919071E9,776110,776759
776662,33.795,-84.37127,1.301919071E9,776110,776759
776662,33.797123,-84.36893,1.301919071E9,776110,776759
776662,33.79534,-84.36755,1.301919071E9,776110,776759
776662,33.791508,-84.36702,1.301919071E9,776110,776759
776662,33.787064,-84.36708,1.301919071E9,776110,776759
776662,33.783535,-84.36786,1.301919071E9,776110,776759
776662,33.78175,-84.368416,1.301919071E9,776110,776759
776662,33.78175,-84.38035,1.301919071E9,776110,776759
776662,33.783607,-84.3794,1.301919071E9,