1.301919071E9,776110,776759
776662,38.705997,-90.48978,1.301919071E9,776110,776759
776662,38.706013,-90.48992,1.301919071E9,776110,776759
776662,38.7061,-90.48998,1.301919071E9,776110,776759
776662,38.706207,-90.49001,1.301919071E9,776110,776759
776662,38.706303,-90.49003,1.301919071E9,776110,776759
776662,38.706406,-90.490036,1.301919071E9,776110,776759
776662,38.70651,-90.490005,1.301919071E9,776110,776759
776662,38.706585,-90.48994,1.301919071E9,776110,776759
776662,38.70666,-90.48982,1.301919071E9,776110,776759
776662,38.7067,-90.489716,1.301919071E9,776110,776759
776662,38.70673,-90.4896,1.301919071E9,776110,776759
776662,38.706753,-90.48946,1.301919071E9,776110,776759
776662,38.706753,-90.48934,1.301919071E9,776110,776759
776662,38.706795,-90.489235,1.301919071E9,776110,776759
776662,38.70686,-90.48913,1.301919071E9,776110,776759
776662,38.70691,-90.48902,1.301919071E9,776110,776759
776662,38.706974,-90.48894,1.301919071E9,776110,776759
776662,38.70706,-90.48888,1.301919071E9,776110,776759
776662,38.70715,-90.48883,1.301919071E9,776110,776759
776662,38.707256,-90.488785,1.301919071E9,776110,776759
776662,38.707336,-90.48874,1.301919071E9,776110,776759
776662,38.707424,-90.4887,1.301919071E9,776110,776759
776662,38.707508,-90.488655,1.301919071E9,776110,776759
776662,38.707615,-90.48859,1.301919071E9,776110,776759
776662,38.70771,-90.48855,1.301919071E9,776110,776759
776662,38.707806,-90.4885,1.301919071E9,776110,776759
776662,38.707897,-90.48847,1.301919071E9,776110,776759
776662,38.70799,-90.48841,1.301919071E9,776110,776759
776662,38.70809,-90.48836,1.301919071E9,776110,776759
776662,38.708187,-90.4883,1.301919071E9,776110,776759
776662,38.7083,-90.48825,1.301919071E9,776110,776759
776662,38.70839,-90.488205,1.301919071E9,776110,776759
776662,38.708485,-90.488174,1.301919071E9,776110,776759
776662,38.70858,-90.48815,1.301919071E9,776110,776759
776662,38.708687,-90.488144,1.301919071E9,776110,776759
776662,38.7088,-90.48812,1.301919071E9,776110,776759
776662,38.708897,-90.4881,1.301919071E9,776110,776759
776662,38.708996,-90.48809,1.301919071E9,776110,776759
776662,38.709087,-90.488075,1.301919071E9,776110,776759
776662,38.709198,-90.488075,1.301919071E9,776110,776759
776662,38.709286,-90.48809,1.301919071E9,776110,776759
776662,38.70939,-90.48809,1.301919071E9,776110,776759
776662,38.709488,-90.48809,1.301919071E9,776110,776759
776662,38.70958,-90.4881,1.301919071E9,776110,776759
776662,38.709686,-90.48813,1.301919071E9,776110,776759
776662,38.70978,-90.48814,1.301919071E9,776110,776759
776662,38.709873,-90.488144,1.301919071E9,776110,776759
776662,38.709972,-90.488144,1.301919071E9,776110,776759
776662,38.710068,-90.48809,1.301919071E9,776110,776759
776662,38.71017,-90.48804,1.301919071E9,776110,776759
776662,38.710266,-90.48799,1.301919071E9,776110,776759
776662,38.710373,-90.48796,1.301919071E9,776110,776759
776662,38.71047,-90.48791,1.301919071E9,776110,776759
776662,38.710564,-90.48786,1.301919071E9,776110,776759
776662,38.71066,-90.4878,1.301919071E9,776110,776759
776662,38.710747,-90.48772,1.301919071E9,776110,776759
776662,38.710823,-90.48763,1.301919071E9,776110,776759
776662,38.710907,-90.48755,1.301919071E9,776110,776759
776662,38.71099,-90.48749,1.301919071E9,776110,776759
776662,38.711094,-90.48747,1.301919071E9,776110,776759
776662,38.71119,-90.48747,1.301919071E9,776110,776759
776662,38.71129,-90.48751,1.301919071E9,776110,776759
776662,38.711395,-90.48754,1.301919071E9,776110,776759
776662,38.711506,-90.48755,1.301919071E9,776110,776759
776662,38.711605,-90.48756,1.301919071E9,776110,776759
776662,38.71171,-90.48756,1.301919071E9,776110,776759
776662,38.711803,-90.48757,1.301919071E9,776110,776759
776662,38.7119,-90.48756,1.301919071E9,776110,776759
776662,38.712017,-90.48756,1.301919071E9,776110,776759
776662,38.712112,-90.48755,1.301919071E9,776110,776759
776662,38.712204,-90.48754,1.301919071E9,776110,776759
776662,38.712322,-90.48756,1.301919071E9,776110,776759
776662,38.712418,-90.48755,1.301919071E9,776110,776759
776662,38.712517,-90.48753,1.301919071E9,776110,776759
776662,38.712627,-90.48752,1.301919071E9,776110,776759
776662,38.712727,-90.48751,1.301919071E9,776110,776759
776662,38.71283,-90.48751,1.301919071E9,776110,776759
776662,38.71292,-90.4875,1.301919071E9,776110,776759
776662,38.713028,-90.487495,1.301919071E9,776110,776759
776662,38.713135,-90.48748,1.301919071E9,776110,776759
776662,38.713226,-90.48746,1.301919071E9,776110,776759
776662,38.713326,-90.487434,1.301919071E9,776110,776759
776662,38.713444,-90.48742,1.301919071E9,776110,776759
776662,38.713543,-90.48741,1.301919071E9,776110,776759
776662,38.713634,-90.48745,1.301919071E9,776110,776759
776662,38.713753,-90.487465,1.301919071E9,776110,776759
776662,38.713844,-90.487465,1.301919071E9,776110,776759
776662,38.71396,-90.48748,1.301919071E9,776110,776759
776662,38.714058,-90.48751,1.301919071E9,776110,776759
776662,38.714172,-90.48752,1.301919071E9,776110,776759
776662,38.714287,-90.4875,1.301919071E9,776110,776759
776662,38.714394,-90.487495,1.301919071E9,776110,776759
776662,38.7145,-90.48751,1.301919071E9,776110,776759
776662,38.71459,-90.487526,1.301919071E9,776110,776759
776662,38.714687,-90.48754,1.301919071E9,776110,776759
776662,38.714783,-90.48757,1.301919071E9,776110,776759
776662,38.71489,-90.48761,1.301919071E9,776110,776759
776662,38.714993,-90.48768,1.301919071E9,776110,776759
776662,38.715084,-90.48773,1.301919071E9,776110,776759
776662,38.71517,-90.48779,1.301919071E9,776110,776759
776662,38.715275,-90.48784,1.301919071E9,776110,776759
776662,38.71537,-90.48788,1.301919071E9,776110,776759
776662,38.715466,-90.48791,1.301919071E9,776110,776759
776662,38.71557,-90.48793,1.301919071E9,776110,776759
776662,38.715668,-90.487976,1.301919071E9,776110,776759
776662,38.71567,-90.48811,1.301919071E9,776110,776759
776662,38.715633,-90.48826,1.301919071E9,776110,776759
776662,38.715603,-90.48839,1.301919071E9,776110,776759
776662,38.715557,-90.488525,1.301919071E9,776110,776759
776662,38.71552,-90.48863,1.301919071E9,776110,776759
776662,38.715477,-90.48877,1.301919071E9,776110,776759
776662,38.71544,-90.48891,1.301919071E9,776110,776759
776662,38.715424,-90.48904,1.301919071E9,776110,776759
776662,38.715416,-90.48916,1.301919071E9,776110,776759
776662,38.715427,-90.48929,1.301919071E9,776110,776759
776662,38.715443,-90.48942,1.301919071E9,776110,776759
776662,38.715454,-90.48955,1.301919071E9,776110,776759
776662,38.71547,-90.48968,1.301919071E9,776110,776759
776662,38.71548,-90.4898,1.301919071E9,776110,776759
776662,38.715504,-90.48994,1.301919071E9,776110,776759
776662,38.715527,-90.490074,1.301919071E9,776110,776759
776662,38.715553,-90.4902,1.301919071E9,776110,776759
776662,38.715576,-90.490326,1.301919071E9,776110,776759
776662,38.71559,-90.490456,1.301919071E9,776110,776759
776662,38.715595,-90.490585,1.301919071E9,776110,776759
776662,38.715607,-90.4907,1.301919071E9,776110,776759
776662,38.71562,-90.49083,1.301919071E9,776110,776759
776662,38.715633,-90.49095,1.301919071E9,776110,776759
776662,38.715652,-90.49109,1.301919071E9,776110,776759
776662,38.71568,-90.49121,1.301919071E9,776110,776759
776662,38.715763,-90.491295,1.301919071E9,776110,776759
776662,38.71587,-90.491325,1.301919071E9,776110,776759
776662,38.71592,-90.49145,1.301919071E9,776110,776759
776662,38.71594,-90.49158,1.301919071E9,776110,776759
776662,38.715954,-90.491714,1.301919071E9,776110,776759
776662,38.71597,-90.49185,1.301919071E9,776110,776759
776662,38.71598,-90.491974,1.301919071E9,776110,776759
776662,38.716,-90.49209,1.301919071E9,776110,776759
776662,38.716007,-90.49222,1.301919071E9,776110,776759
776662,38.71602,-90.49234,1.301919071E9,776110,776759
776662,38.716026,-90.49248,1.301919071E9,776110,776759
776662,38.716045,-90.49261,1.301919071E9,776110,776759
776662,38.716045,-90.49274,1.301919071E9,776110,776759
776662,38.715942,-90.492805,1.301919071E9,776110,776759
776662,38.7159,-90.49268,1.301919071E9,776110,776759
776662,38.71588,-90.492546,1.301919071E9