.322207,1.301919071E9,776110,776759
776662,48.86663,2.322272,1.301919071E9,776110,776759
776662,48.866734,2.322342,1.301919071E9,776110,776759
776662,48.86682,2.322322,1.301919071E9,776110,776759
776662,48.866913,2.322336,1.301919071E9,776110,776759
776662,48.867016,2.32239,1.301919071E9,776110,776759
776662,48.867115,2.322449,1.301919071E9,776110,776759
776662,48.86721,2.322464,1.301919071E9,776110,776759
776662,48.867317,2.322493,1.301919071E9,776110,776759
776662,48.867405,2.322555,1.301919071E9,776110,776759
776662,48.867496,2.322571,1.301919071E9,776110,776759
776662,48.86759,2.322608,1.301919071E9,776110,776759
776662,48.867683,2.322647,1.301919071E9,776110,776759
776662,48.867786,2.322731,1.301919071E9,776110,776759
776662,48.867867,2.32281,1.301919071E9,776110,776759
776662,48.867947,2.322878,1.301919071E9,776110,776759
776662,48.868027,2.322958,1.301919071E9,776110,776759
776662,48.868122,2.322989,1.301919071E9,776110,776759
776662,48.86823,2.323053,1.301919071E9,776110,776759
776662,48.86825,2.323213,1.301919071E9,776110,776759
776662,48.868347,2.323294,1.301919071E9,776110,776759
776662,48.868443,2.323325,1.301919071E9,776110,776759
776662,48.868557,2.323327,1.301919071E9,776110,776759
776662,48.868645,2.323357,1.301919071E9,776110,776759
776662,48.868748,2.323466,1.301919071E9,776110,776759
776662,48.868835,2.32356,1.301919071E9,776110,776759
776662,48.868916,2.323631,1.301919071E9,776110,776759
776662,48.869,2.323725,1.301919071E9,776110,776759
776662,48.869102,2.323858,1.301919071E9,776110,776759
776662,48.86916,2.324062,1.301919071E9,776110,776759
776662,48.86923,2.324172,1.301919071E9,776110,776759
776662,48.869244,2.324217,1.301919071E9,776110,776759
776662,48.869335,2.324286,1.301919071E9,776110,776759
776662,48.869427,2.324393,1.301919071E9,776110,776759
776662,48.869507,2.324504,1.301919071E9,776110,776759
776662,48.869606,2.324585,1.301919071E9,776110,776759
776662,48.869705,2.324686,1.301919071E9,776110,776759
776662,48.869816,2.324749,1.301919071E9,776110,776759
776662,48.869892,2.324834,1.301919071E9,776110,776759
776662,48.869984,2.324901,1.301919071E9,776110,776759
776662,48.870087,2.32497,1.301919071E9,776110,776759
776662,48.870186,2.32503,1.301919071E9,776110,776759
776662,48.8703,2.325082,1.301919071E9,776110,776759
776662,48.870388,2.32518,1.301919071E9,776110,776759
776662,48.87049,2.325286,1.301919071E9,776110,776759
776662,48.8706,2.325312,1.301919071E9,776110,776759
776662,48.87071,2.325282,1.301919071E9,776110,776759
776662,48.8708,2.325356,1.301919071E9,776110,776759
776662,48.87088,2.325282,1.301919071E9,776110,776759
776662,48.870983,2.325214,1.301919071E9,776110,776759
776662,48.87109,2.325172,1.301919071E9,776110,776759
776662,48.871197,2.325175,1.301919071E9,776110,776759
776662,48.87132,2.32518,1.301919071E9,776110,776759
776662,48.871433,2.325193,1.301919071E9,776110,776759
776662,48.871532,2.325258,1.301919071E9,776110,776759
776662,48.87162,2.325374,1.301919071E9,776110,776759
776662,48.87173,2.32553,1.301919071E9,776110,776759
776662,48.8718,2.325639,1.301919071E9,776110,776759
776662,48.871902,2.325746,1.301919071E9,776110,776759
776662,48.87202,2.325801,1.301919071E9,776110,776759
776662,48.872116,2.325899,1.301919071E9,776110,776759
776662,48.872185,2.325991,1.301919071E9,776110,776759
776662,48.872265,2.32606,1.301919071E9,776110,776759
776662,48.872383,2.326161,1.301919071E9,776110,776759
776662,48.87247,2.326255,1.301919071E9,776110,776759
776662,48.87256,2.326355,1.301919071E9,776110,776759
776662,48.87265,2.326441,1.301919071E9,776110,776759
776662,48.87274,2.32649,1.301919071E9,776110,776759
776662,48.872852,2.326532,1.301919071E9,776110,776759
776662,48.87295,2.326582,1.301919071E9,776110,776759
776662,48.87306,2.326625,1.301919071E9,776110,776759
776662,48.87313,2.326722,1.301919071E9,776110,776759
776662,48.873238,2.326773,1.301919071E9,776110,776759
776662,48.873363,2.32684,1.301919071E9,776110,776759
776662,48.87346,2.327072,1.301919071E9,776110,776759
776662,48.873547,2.327283,1.301919071E9,776110,776759
776662,48.873634,2.3274,1.301919071E9,776110,776759
776662,48.873726,2.327437,1.301919071E9,776110,776759
776662,48.873795,2.327421,1.301919071E9,776110,776759
776662,48.873875,2.32737,1.301919071E9,776110,776759
776662,48.87394,2.327291,1.301919071E9,776110,776759
776662,48.87394,2.327148,1.301919071E9,776110,776759
776662,48.874054,2.327132,1.301919071E9,776110,776759
776662,48.87414,2.32717,1.301919071E9,776110,776759
776662,48.87424,2.327093,1.301919071E9,776110,776759
776662,48.87431,2.326962,1.301919071E9,776110,776759
776662,48.874405,2.32685,1.301919071E9,776110,776759
776662,48.8745,2.326771,1.301919071E9,776110,776759
776662,48.874588,2.326727,1.301919071E9,776110,776759
776662,48.87469,2.326674,1.301919071E9,776110,776759
776662,48.874798,2.326621,1.301919071E9,776110,776759
776662,48.8749,2.326586,1.301919071E9,776110,776759
776662,48.87501,2.326572,1.301919071E9,776110,776759
776662,48.875134,2.326526,1.301919071E9,776110,776759
776662,48.875244,2.326494,1.301919071E9,776110,776759
776662,48.875366,2.326533,1.301919071E9,776110,776759
776662,48.875492,2.326723,1.301919071E9,776110,776759
776662,48.875553,2.326847,1.301919071E9,776110,776759
776662,48.875626,2.326956,1.301919071E9,776110,776759
776662,48.87572,2.326924,1.301919071E9,776110,776759
776662,48.87579,2.327012,1.301919071E9,776110,776759
776662,48.875866,2.327105,1.301919071E9,776110,776759
776662,48.87597,2.327182,1.301919071E9,776110,776759
776662,48.876057,2.327106,1.301919071E9,776110,776759
776662,48.876102,2.32693,1.301919071E9,776110,776759
776662,48.8762,2.326917,1.301919071E9,776110,776759
776662,48.87628,2.327002,1.301919071E9,776110,776759
776662,48.876392,2.327053,1.301919071E9,776110,776759
776662,48.876503,2.327002,1.301919071E9,776110,776759
776662,48.87667,2.326939,1.301919071E9,776110,776759
776662,48.876816,2.32697,1.301919071E9,776110,776759
776662,48.876934,2.327023,1.301919071E9,776110,776759
776662,48.876934,2.327023,1.301919071E9,776110,776759
776662,48.87072,2.304425,1.301919071E9,776110,776759
776662,48.870625,2.304483,1.301919071E9,776110,776759
776662,48.87057,2.304616,1.301919071E9,776110,776759
776662,48.870537,2.304759,1.301919071E9,776110,776759
776662,48.870544,2.304895,1.301919071E9,776110,776759
776662,48.870544,2.304895,1.301919071E9,776110,776759
776662,48.870632,2.304921,1.301919071E9,776110,776759
776662,48.870644,2.304978,1.301919071E9,776110,776759
776662,48.870724,2.305105,1.301919071E9,776110,776759
776662,48.87076,2.305235,1.301919071E9,776110,776759
776662,48.870743,2.305379,1.301919071E9,776110,776759
776662,48.87069,2.30551,1.301919071E9,776110,776759
776662,48.870678,2.305554,1.301919071E9,776110,776759
776662,48.870712,2.30567,1.301919071E9,776110,776759
776662,48.870735,2.305808,1.301919071E9,776110,776759
776662,48.870758,2.306041,1.301919071E9,776110,776759
776662,48.870834,2.306161,1.301919071E9,776110,776759
776662,48.870903,2.306275,1.301919071E9,776110,776759
776662,48.870975,2.306366,1.301919071E9,776110,776759
776662,48.87102,2.306501,1.301919071E9,776110,776759
776662,48.871048,2.306645,1.301919071E9,776110,776759
776662,48.87107,2.306832,1.301919071E9,776110,776759
776662,48.87115,2.30697,1.301919071E9,776110,776759
776662,48.87124,2.307049,1.301919071E9,776110,776759
776662,48.871296,2.307188,1.301919071E9,776110,776759
776662,48.87135,2.307326,1.301919071E9,776110,776759
776662,48.871456,2.307427,1.301919071E9,776110,776759
776662,48.87154,2.307531,1.301919071E9,776110,776759
776662,48.8716,2.307662,1.301919071E9,776110,776759
776662,48.871635,2.307791,1.301919071E9,776110,776759
776662,48.871655,2.307934,1.301919071E9,776110,776759
776662,48.87171,2.308084,1.301919071E9,776110,776759
776662,48.871777,2.308202,1.301919071E9,776110,776759
776662,48.87186,2.308301,1.301919071E9,776110,776759
776662,48.87191,2.30844,1.301919071E9,776110,776759
776662,48.871964,2.308552,1.301919071E9,776110,776759
776662,48.872005,2.308675,1.301919071E9,776110,776759
776662,4