66.15245,1.301919071E9,776110,776759
776662,18.408447,-66.15253,1.301919071E9,776110,776759
776662,18.40864,-66.1526,1.301919071E9,776110,776759
776662,18.409065,-66.152756,1.301919071E9,776110,776759
776662,18.409409,-66.15292,1.301919071E9,776110,776759
776662,18.40959,-66.15299,1.301919071E9,776110,776759
776662,18.40972,-66.15302,1.301919071E9,776110,776759
776662,18.409916,-66.15305,1.301919071E9,776110,776759
776662,18.41005,-66.15307,1.301919071E9,776110,776759
776662,18.410505,-66.15316,1.301919071E9,776110,776759
776662,18.410872,-66.153404,1.301919071E9,776110,776759
776662,18.411337,-66.15351,1.301919071E9,776110,776759
776662,18.411457,-66.153564,1.301919071E9,776110,776759
776662,18.411646,-66.15363,1.301919071E9,776110,776759
776662,18.411844,-66.1537,1.301919071E9,776110,776759
776662,18.412045,-66.153755,1.301919071E9,776110,776759
776662,18.412241,-66.15381,1.301919071E9,776110,776759
776662,18.412432,-66.153854,1.301919071E9,776110,776759
776662,18.41269,-66.153915,1.301919071E9,776110,776759
776662,18.412886,-66.15398,1.301919071E9,776110,776759
776662,18.413017,-66.154015,1.301919071E9,776110,776759
776662,18.413218,-66.154076,1.301919071E9,776110,776759
776662,18.41335,-66.15411,1.301919071E9,776110,776759
776662,18.413542,-66.15417,1.301919071E9,776110,776759
776662,18.413729,-66.15423,1.301919071E9,776110,776759
776662,18.413918,-66.15429,1.301919071E9,776110,776759
776662,18.41448,-66.154434,1.301919071E9,776110,776759
776662,18.414944,-66.154564,1.301919071E9,776110,776759
776662,18.415422,-66.15469,1.301919071E9,776110,776759
776662,18.415773,-66.15477,1.301919071E9,776110,776759
776662,18.41598,-66.15482,1.301919071E9,776110,776759
776662,18.416176,-66.15486,1.301919071E9,776110,776759
776662,18.416304,-66.15489,1.301919071E9,776110,776759
776662,18.4165,-66.15494,1.301919071E9,776110,776759
776662,18.416693,-66.15498,1.301919071E9,776110,776759
776662,18.416826,-66.155014,1.301919071E9,776110,776759
776662,18.41703,-66.15507,1.301919071E9,776110,776759
776662,18.417292,-66.155136,1.301919071E9,776110,776759
776662,18.417486,-66.1552,1.301919071E9,776110,776759
776662,18.417616,-66.155235,1.301919071E9,776110,776759
776662,18.417809,-66.15529,1.301919071E9,776110,776759
776662,18.418264,-66.155426,1.301919071E9,776110,776759
776662,18.418476,-66.15546,1.301919071E9,776110,776759
776662,18.418678,-66.1555,1.301919071E9,776110,776759
776662,18.418934,-66.15559,1.301919071E9,776110,776759
776662,18.419115,-66.15565,1.301919071E9,776110,776759
776662,18.419304,-66.15571,1.301919071E9,776110,776759
776662,18.41949,-66.15577,1.301919071E9,776110,776759
776662,18.419744,-66.155846,1.301919071E9,776110,776759
776662,18.419937,-66.15589,1.301919071E9,776110,776759
776662,18.420132,-66.155945,1.301919071E9,776110,776759
776662,18.420261,-66.155975,1.301919071E9,776110,776759
776662,18.42045,-66.15601,1.301919071E9,776110,776759
776662,18.420551,-66.156075,1.301919071E9,776110,776759
776662,18.420322,-66.15604,1.301919071E9,776110,776759
776662,18.420048,-66.155945,1.301919071E9,776110,776759
776662,18.419876,-66.15589,1.301919071E9,776110,776759
776662,18.41968,-66.15583,1.301919071E9,776110,776759
776662,18.419506,-66.15576,1.301919071E9,776110,776759
776662,18.419327,-66.1557,1.301919071E9,776110,776759
776662,18.419147,-66.15564,1.301919071E9,776110,776759
776662,18.41897,-66.15559,1.301919071E9,776110,776759
776662,18.418854,-66.15555,1.301919071E9,776110,776759
776662,18.418682,-66.155495,1.301919071E9,776110,776759
776662,18.418505,-66.15543,1.301919071E9,776110,776759
776662,18.418386,-66.1554,1.301919071E9,776110,776759
776662,18.418203,-66.15534,1.301919071E9,776110,776759
776662,18.418015,-66.15528,1.301919071E9,776110,776759
776662,18.417814,-66.15521,1.301919071E9,776110,776759
776662,18.417604,-66.15516,1.301919071E9,776110,776759
776662,18.4174,-66.155106,1.301919071E9,776110,776759
776662,18.41719,-66.155045,1.301919071E9,776110,776759
776662,18.41698,-66.154976,1.301919071E9,776110,776759
776662,18.416706,-66.154884,1.301919071E9,776110,776759
776662,18.416506,-66.15483,1.301919071E9,776110,776759
776662,18.416306,-66.154785,1.301919071E9,776110,776759
776662,18.416103,-66.15473,1.301919071E9,776110,776759
776662,18.415903,-66.154686,1.301919071E9,776110,776759
776662,18.4157,-66.15463,1.301919071E9,776110,776759
776662,18.415495,-66.15459,1.301919071E9,776110,776759
776662,18.41529,-66.15455,1.301919071E9,776110,776759
776662,18.415092,-66.154495,1.301919071E9,776110,776759
776662,18.4149,-66.15445,1.301919071E9,776110,776759
776662,18.414717,-66.15439,1.301919071E9,776110,776759
776662,18.414598,-66.154366,1.301919071E9,776110,776759
776662,18.414417,-66.15432,1.301919071E9,776110,776759
776662,18.414215,-66.15427,1.301919071E9,776110,776759
776662,18.413998,-66.154205,1.301919071E9,776110,776759
776662,18.413847,-66.15416,1.301919071E9,776110,776759
776662,18.4137,-66.15411,1.301919071E9,776110,776759
776662,18.413551,-66.15406,1.301919071E9,776110,776759
776662,18.413404,-66.15401,1.301919071E9,776110,776759
776662,18.413197,-66.15395,1.301919071E9,776110,776759
776662,18.412992,-66.15389,1.301919071E9,776110,776759
776662,18.412802,-66.15383,1.301919071E9,776110,776759
776662,18.412683,-66.15379,1.301919071E9,776110,776759
776662,18.41249,-66.15373,1.301919071E9,776110,776759
776662,18.412355,-66.153694,1.301919071E9,776110,776759
776662,18.412155,-66.15365,1.301919071E9,776110,776759
776662,18.411953,-66.15359,1.301919071E9,776110,776759
776662,18.411757,-66.15353,1.301919071E9,776110,776759
776662,18.41157,-66.15347,1.301919071E9,776110,776759
776662,18.411385,-66.15338,1.301919071E9,776110,776759
776662,18.411173,-66.15332,1.301919071E9,776110,776759
776662,18.410952,-66.153336,1.301919071E9,776110,776759
776662,18.410763,-66.15332,1.301919071E9,776110,776759
776662,18.41046,-66.15299,1.301919071E9,776110,776759
776662,18.410208,-66.15288,1.301919071E9,776110,776759
776662,18.410034,-66.15288,1.301919071E9,776110,776759
776662,18.409847,-66.15287,1.301919071E9,776110,776759
776662,18.409657,-66.15284,1.301919071E9,776110,776759
776662,18.409452,-66.15278,1.301919071E9,776110,776759
776662,18.409319,-66.15274,1.301919071E9,776110,776759
776662,18.409124,-66.152664,1.301919071E9,776110,776759
776662,18.408815,-66.15254,1.301919071E9,776110,776759
776662,18.40864,-66.15246,1.301919071E9,776110,776759
776662,18.408451,-66.15237,1.301919071E9,776110,776759
776662,18.408253,-66.152275,1.301919071E9,776110,776759
776662,18.40799,-66.152176,1.301919071E9,776110,776759
776662,18.407806,-66.15212,1.301919071E9,776110,776759
776662,18.407629,-66.152054,1.301919071E9,776110,776759
776662,18.407452,-66.15196,1.301919071E9,776110,776759
776662,18.407013,-66.15176,1.301919071E9,776110,776759
776662,18.406609,-66.15157,1.301919071E9,776110,776759
776662,18.406202,-66.15131,1.301919071E9,776110,776759
776662,18.405783,-66.15106,1.301919071E9,776110,776759
776662,18.405376,-66.15087,1.301919071E9,776110,776759
776662,18.40497,-66.15072,1.301919071E9,776110,776759
776662,18.404516,-66.15055,1.301919071E9,776110,776759
776662,18.404055,-66.15044,1.301919071E9,776110,776759
776662,18.403673,-66.15015,1.301919071E9,776110,776759
776662,18.403357,-66.14982,1.301919071E9,776110,776759
776662,18.40301,-66.14952,1.301919071E9,776110,776759
776662,18.40268,-66.14918,1.301919071E9,776110,776759
776662,18.402355,-66.14886,1.301919071E9,776110,776759
776662,18.402063,-66.14861,1.301919071E9,776110,776759
776662,18.40192,-66.1485,1.301919071E9,776110,776759
776662,18.401577,-66.14819,1.301919071E9,776110,776759
776662,18.401308,-66.147835,1.301919071E9,776110,776759
776662,18.401056,-66.14745,1.301919071E9,776110,776759
776662,18.400759,-66.14708,1.301919071E9,776110,776759
776662,18.400448,-66.14669,1.301919071E9,776110,776759
776662,18.400148,-66.1463,1.301919071E9,776110,776759
776662,18.399845,-66.145905,1.301919071E9,776110,776759
776662,18.39953,-66.14552,1.301919071E9,776110,776759
776662,18.399221,-66.14514,1.301919071E9,776110,77