76110,776759
776662,55.616463,13.046896,1.301919071E9,776110,776759
776662,55.61632,13.046607,1.301919071E9,776110,776759
776662,55.616222,13.046376,1.301919071E9,776110,776759
776662,55.61612,13.046174,1.301919071E9,776110,776759
776662,55.615906,13.045707,1.301919071E9,776110,776759
776662,55.61554,13.04502,1.301919071E9,776110,776759
776662,55.61519,13.044291,1.301919071E9,776110,776759
776662,55.6148,13.043443,1.301919071E9,776110,776759
776662,55.614433,13.042713,1.301919071E9,776110,776759
776662,55.614056,13.041941,1.301919071E9,776110,776759
776662,55.613693,13.04118,1.301919071E9,776110,776759
776662,55.613422,13.04054,1.301919071E9,776110,776759
776662,55.61319,13.040075,1.301919071E9,776110,776759
776662,55.613018,13.039721,1.301919071E9,776110,776759
776662,55.612915,13.039504,1.301919071E9,776110,776759
776662,55.612774,13.039222,1.301919071E9,776110,776759
776662,55.612762,13.0392,1.301919071E9,776110,776759
776662,55.61262,13.038926,1.301919071E9,776110,776759
776662,55.612488,13.03871,1.301919071E9,776110,776759
776662,55.612335,13.038428,1.301919071E9,776110,776759
776662,55.612206,13.038164,1.301919071E9,776110,776759
776662,55.611866,13.037393,1.301919071E9,776110,776759
776662,55.611504,13.03669,1.301919071E9,776110,776759
776662,55.61121,13.036095,1.301919071E9,776110,776759
776662,55.611153,13.035993,1.301919071E9,776110,776759
776662,55.611027,13.035779,1.301919071E9,776110,776759
776662,55.610905,13.03559,1.301919071E9,776110,776759
776662,55.610798,13.035373,1.301919071E9,776110,776759
776662,55.61072,13.035116,1.301919071E9,776110,776759
776662,55.610622,13.03488,1.301919071E9,776110,776759
776662,55.61051,13.034674,1.301919071E9,776110,776759
776662,55.610397,13.034462,1.301919071E9,776110,776759
776662,55.610287,13.034239,1.301919071E9,776110,776759
776662,55.610188,13.033972,1.301919071E9,776110,776759
776662,55.61009,13.033747,1.301919071E9,776110,776759
776662,55.609978,13.033548,1.301919071E9,776110,776759
776662,55.609955,13.033513,1.301919071E9,776110,776759
776662,55.609844,13.033244,1.301919071E9,776110,776759
776662,55.609684,13.032967,1.301919071E9,776110,776759
776662,55.60956,13.032806,1.301919071E9,776110,776759
776662,55.609444,13.032613,1.301919071E9,776110,776759
776662,55.60934,13.032374,1.301919071E9,776110,776759
776662,55.609222,13.032104,1.301919071E9,776110,776759
776662,55.609127,13.031884,1.301919071E9,776110,776759
776662,55.609024,13.031655,1.301919071E9,776110,776759
776662,55.608925,13.031442,1.301919071E9,776110,776759
776662,55.60879,13.031122,1.301919071E9,776110,776759
776662,55.608627,13.030758,1.301919071E9,776110,776759
776662,55.608402,13.030247,1.301919071E9,776110,776759
776662,55.6083,13.030354,1.301919071E9,776110,776759
776662,55.608162,13.030602,1.301919071E9,776110,776759
776662,55.608013,13.030836,1.301919071E9,776110,776759
776662,55.60787,13.031051,1.301919071E9,776110,776759
776662,55.60773,13.031265,1.301919071E9,776110,776759
776662,55.60761,13.031448,1.301919071E9,776110,776759
776662,55.607483,13.031663,1.301919071E9,776110,776759
776662,55.607372,13.031867,1.301919071E9,776110,776759
776662,55.607265,13.032043,1.301919071E9,776110,776759
776662,55.607124,13.032295,1.301919071E9,776110,776759
776662,55.60697,13.031967,1.301919071E9,776110,776759
776662,55.60688,13.031709,1.301919071E9,776110,776759
776662,55.60678,13.031472,1.301919071E9,776110,776759
776662,55.60669,13.031245,1.301919071E9,776110,776759
776662,55.60659,13.031024,1.301919071E9,776110,776759
776662,55.606487,13.030816,1.301919071E9,776110,776759
776662,55.60637,13.0306,1.301919071E9,776110,776759
776662,55.606274,13.030429,1.301919071E9,776110,776759
776662,55.60623,13.030247,1.301919071E9,776110,776759
776662,55.606037,13.0303,1.301919071E9,776110,776759
776662,55.60588,13.030165,1.301919071E9,776110,776759
776662,55.605816,13.030422,1.301919071E9,776110,776759
776662,55.605705,13.030805,1.301919071E9,776110,776759
776662,55.605614,13.031126,1.301919071E9,776110,776759
776662,55.60558,13.031255,1.301919071E9,776110,776759
776662,55.60544,13.031524,1.301919071E9,776110,776759
776662,55.605312,13.031716,1.301919071E9,776110,776759
776662,55.605312,13.031808,1.301919071E9,776110,776759
776662,55.60484,13.033047,1.301919071E9,776110,776759
776662,55.60393,13.034635,1.301919071E9,776110,776759
776662,55.60319,13.035299,1.301919071E9,776110,776759
776662,55.60227,13.035728,1.301919071E9,776110,776759
776662,55.60204,13.035601,1.301919071E9,776110,776759
776662,55.601494,13.037445,1.301919071E9,776110,776759
776662,55.60108,13.0392475,1.301919071E9,776110,776759
776662,55.601124,13.039752,1.301919071E9,776110,776759
776662,55.600906,13.040074,1.301919071E9,776110,776759
776662,55.600815,13.0405245,1.301919071E9,776110,776759
776662,55.600777,13.0407715,1.301919071E9,776110,776759
776662,55.60071,13.040911,1.301919071E9,776110,776759
776662,55.60067,13.041029,1.301919071E9,776110,776759
776662,55.60061,13.041319,1.301919071E9,776110,776759
776662,55.600395,13.042181,1.301919071E9,776110,776759
776662,55.600105,13.043256,1.301919071E9,776110,776759
776662,55.59993,13.043904,1.301919071E9,776110,776759
776662,55.59967,13.044658,1.301919071E9,776110,776759
776662,55.599495,13.045095,1.301919071E9,776110,776759
776662,55.599422,13.045299,1.301919071E9,776110,776759
776662,55.59934,13.045503,1.301919071E9,776110,776759
776662,55.599457,13.045728,1.301919071E9,776110,776759
776662,55.599567,13.045873,1.301919071E9,776110,776759
776662,55.599632,13.045986,1.301919071E9,776110,776759
776662,55.599724,13.046071,1.301919071E9,776110,776759
776662,55.599854,13.0462055,1.301919071E9,776110,776759
776662,55.60013,13.046479,1.301919071E9,776110,776759
776662,55.600296,13.046651,1.301919071E9,776110,776759
776662,55.600132,13.04707,1.301919071E9,776110,776759
776662,55.599888,13.04774,1.301919071E9,776110,776759
776662,55.599606,13.048459,1.301919071E9,776110,776759
776662,55.599373,13.049075,1.301919071E9,776110,776759
776662,55.599262,13.049338,1.301919071E9,776110,776759
776662,55.59915,13.049649,1.301919071E9,776110,776759
776662,55.599087,13.049821,1.301919071E9,776110,776759
776662,55.599014,13.050063,1.301919071E9,776110,776759
776662,55.598923,13.050309,1.301919071E9,776110,776759
776662,55.598804,13.050679,1.301919071E9,776110,776759
776662,55.59871,13.050932,1.301919071E9,776110,776759
776662,55.59861,13.0511675,1.301919071E9,776110,776759
776662,55.598537,13.051424,1.301919071E9,776110,776759
776662,55.598465,13.051639,1.301919071E9,776110,776759
776662,55.59837,13.05188,1.301919071E9,776110,776759
776662,55.59821,13.052268,1.301919071E9,776110,776759
776662,55.598114,13.052522,1.301919071E9,776110,776759
776662,55.59805,13.052772,1.301919071E9,776110,776759
776662,55.59801,13.053197,1.301919071E9,776110,776759
776662,55.598015,13.053471,1.301919071E9,776110,776759
776662,55.598026,13.053765,1.301919071E9,776110,776759
776662,55.598076,13.054027,1.301919071E9,776110,776759
776662,55.598194,13.054226,1.301919071E9,776110,776759
776662,55.598408,13.05425,1.301919071E9,776110,776759
776662,55.5986,13.054038,1.301919071E9,776110,776759
776662,55.598755,13.05396,1.301919071E9,776110,776759
776662,55.598923,13.053816,1.301919071E9,776110,776759
776662,55.598995,13.053723,1.301919071E9,776110,776759
776662,55.59907,13.053603,1.301919071E9,776110,776759
776662,55.599144,13.053469,1.301919071E9,776110,776759
776662,55.599182,13.053424,1.301919071E9,776110,776759
776662,55.59933,13.053301,1.301919071E9,776110,776759
776662,55.59949,13.053352,1.301919071E9,776110,776759
776662,55.59964,13.053439,1.301919071E9,776110,776759
776662,55.599785,13.05357,1.301919071E9,776110,776759
776662,55.59993,13.053721,1.301919071E9,776110,776759
776662,55.60007,13.053884,1.301919071E9,776110,776759
776662,55.60024,13.054043,1.301919071E9,776110,776759
776662,55.60052,13.054257,1.301919071E9,776110,776759
776662,55.60068,13.054343,1.301919071E9,776110,776759
776662,55.600853,13.05438,1.301919071E9,776110,776759
776662,55.60101,13.05438,1.301919