776110,776759
776662,18.366362,-66.122986,1.301919071E9,776110,776759
776662,18.366388,-66.12308,1.301919071E9,776110,776759
776662,18.36619,-66.12325,1.301919071E9,776110,776759
776662,18.366035,-66.12332,1.301919071E9,776110,776759
776662,18.365843,-66.12335,1.301919071E9,776110,776759
776662,18.365606,-66.123245,1.301919071E9,776110,776759
776662,18.365442,-66.12316,1.301919071E9,776110,776759
776662,18.365276,-66.123146,1.301919071E9,776110,776759
776662,18.365044,-66.12317,1.301919071E9,776110,776759
776662,18.364883,-66.1231,1.301919071E9,776110,776759
776662,18.364738,-66.123085,1.301919071E9,776110,776759
776662,18.36458,-66.12308,1.301919071E9,776110,776759
776662,18.364483,-66.123055,1.301919071E9,776110,776759
776662,18.364307,-66.12302,1.301919071E9,776110,776759
776662,18.364052,-66.122734,1.301919071E9,776110,776759
776662,18.364134,-66.12257,1.301919071E9,776110,776759
776662,18.36428,-66.1225,1.301919071E9,776110,776759
776662,18.364372,-66.12247,1.301919071E9,776110,776759
776662,18.364117,-66.12243,1.301919071E9,776110,776759
776662,18.364006,-66.122314,1.301919071E9,776110,776759
776662,18.363962,-66.12221,1.301919071E9,776110,776759
776662,18.363955,-66.12202,1.301919071E9,776110,776759
776662,18.363956,-66.121826,1.301919071E9,776110,776759
776662,18.363953,-66.12166,1.301919071E9,776110,776759
776662,18.363941,-66.121475,1.301919071E9,776110,776759
776662,18.363943,-66.121284,1.301919071E9,776110,776759
776662,18.363941,-66.121155,1.301919071E9,776110,776759
776662,18.363928,-66.12098,1.301919071E9,776110,776759
776662,18.363918,-66.12081,1.301919071E9,776110,776759
776662,18.36395,-66.12063,1.301919071E9,776110,776759
776662,18.36397,-66.12045,1.301919071E9,776110,776759
776662,18.363995,-66.12029,1.301919071E9,776110,776759
776662,18.363955,-66.120186,1.301919071E9,776110,776759
776662,18.3639,-66.11999,1.301919071E9,776110,776759
776662,18.363848,-66.1198,1.301919071E9,776110,776759
776662,18.363861,-66.11963,1.301919071E9,776110,776759
776662,18.363914,-66.11946,1.301919071E9,776110,776759
776662,18.363966,-66.119385,1.301919071E9,776110,776759
776662,18.36402,-66.11923,1.301919071E9,776110,776759
776662,18.364035,-66.11904,1.301919071E9,776110,776759
776662,18.364029,-66.118866,1.301919071E9,776110,776759
776662,18.364029,-66.11868,1.301919071E9,776110,776759
776662,18.364014,-66.1184,1.301919071E9,776110,776759
776662,18.364002,-66.118225,1.301919071E9,776110,776759
776662,18.36401,-66.11805,1.301919071E9,776110,776759
776662,18.364029,-66.11789,1.301919071E9,776110,776759
776662,18.364038,-66.11771,1.301919071E9,776110,776759
776662,18.364048,-66.11754,1.301919071E9,776110,776759
776662,18.364056,-66.11738,1.301919071E9,776110,776759
776662,18.364094,-66.11725,1.301919071E9,776110,776759
776662,18.364096,-66.11706,1.301919071E9,776110,776759
776662,18.364094,-66.11695,1.301919071E9,776110,776759
776662,18.36411,-66.11679,1.301919071E9,776110,776759
776662,18.364079,-66.1166,1.301919071E9,776110,776759
776662,18.36398,-66.116,1.301919071E9,776110,776759
776662,18.363878,-66.1155,1.301919071E9,776110,776759
776662,18.363771,-66.11506,1.301919071E9,776110,776759
776662,18.363712,-66.11488,1.301919071E9,776110,776759
776662,18.363647,-66.1147,1.301919071E9,776110,776759
776662,18.363585,-66.114555,1.301919071E9,776110,776759
776662,18.363508,-66.11439,1.301919071E9,776110,776759
776662,18.363428,-66.11422,1.301919071E9,776110,776759
776662,18.363207,-66.11381,1.301919071E9,776110,776759
776662,18.36316,-66.11369,1.301919071E9,776110,776759
776662,18.363092,-66.11353,1.301919071E9,776110,776759
776662,18.363008,-66.11337,1.301919071E9,776110,776759
776662,18.362947,-66.11321,1.301919071E9,776110,776759
776662,18.362873,-66.11306,1.301919071E9,776110,776759
776662,18.362814,-66.112915,1.301919071E9,776110,776759
776662,18.362753,-66.11275,1.301919071E9,776110,776759
776662,18.362585,-66.11231,1.301919071E9,776110,776759
776662,18.362389,-66.111885,1.301919071E9,776110,776759
776662,18.362316,-66.111755,1.301919071E9,776110,776759
776662,18.362226,-66.1116,1.301919071E9,776110,776759
776662,18.361996,-66.11141,1.301919071E9,776110,776759
776662,18.361849,-66.11136,1.301919071E9,776110,776759
776662,18.361609,-66.11166,1.301919071E9,776110,776759
776662,18.36156,-66.11184,1.301919071E9,776110,776759
776662,18.36148,-66.11229,1.301919071E9,776110,776759
776662,18.361357,-66.11273,1.301919071E9,776110,776759
776662,18.361286,-66.11296,1.301919071E9,776110,776759
776662,18.36124,-66.11312,1.301919071E9,776110,776759
776662,18.361216,-66.113235,1.301919071E9,776110,776759
776662,18.36118,-66.1134,1.301919071E9,776110,776759
776662,18.361134,-66.11358,1.301919071E9,776110,776759
776662,18.361107,-66.113754,1.301919071E9,776110,776759
776662,18.361073,-66.113914,1.301919071E9,776110,776759
776662,18.360981,-66.1142,1.301919071E9,776110,776759
776662,18.36094,-66.11437,1.301919071E9,776110,776759
776662,18.36091,-66.114555,1.301919071E9,776110,776759
776662,18.360891,-66.11474,1.301919071E9,776110,776759
776662,18.36087,-66.11504,1.301919071E9,776110,776759
776662,18.36087,-66.11521,1.301919071E9,776110,776759
776662,18.360876,-66.1154,1.301919071E9,776110,776759
776662,18.360888,-66.11557,1.301919071E9,776110,776759
776662,18.3609,-66.11568,1.301919071E9,776110,776759
776662,18.360922,-66.11587,1.301919071E9,776110,776759
776662,18.360937,-66.116005,1.301919071E9,776110,776759
776662,18.361027,-66.11615,1.301919071E9,776110,776759
776662,18.361128,-66.116135,1.301919071E9,776110,776759
776662,18.361284,-66.11608,1.301919071E9,776110,776759
776662,18.361458,-66.11607,1.301919071E9,776110,776759
776662,18.361547,-66.11609,1.301919071E9,776110,776759
776662,18.361708,-66.116104,1.301919071E9,776110,776759
776662,18.36188,-66.11612,1.301919071E9,776110,776759
776662,18.362036,-66.11616,1.301919071E9,776110,776759
776662,18.36221,-66.11621,1.301919071E9,776110,776759
776662,18.36238,-66.11624,1.301919071E9,776110,776759
776662,18.362543,-66.11628,1.301919071E9,776110,776759
776662,18.362701,-66.1163,1.301919071E9,776110,776759
776662,18.363142,-66.116425,1.301919071E9,776110,776759
776662,18.363386,-66.116516,1.301919071E9,776110,776759
776662,18.363548,-66.11658,1.301919071E9,776110,776759
776662,18.363722,-66.116615,1.301919071E9,776110,776759
776662,18.36402,-66.11641,1.301919071E9,776110,776759
776662,18.363987,-66.11622,1.301919071E9,776110,776759
776662,18.36395,-66.11605,1.301919071E9,776110,776759
776662,18.363882,-66.115585,1.301919071E9,776110,776759
776662,18.363766,-66.11513,1.301919071E9,776110,776759
776662,18.363655,-66.11468,1.301919071E9,776110,776759
776662,18.36356,-66.1144,1.301919071E9,776110,776759
776662,18.363506,-66.11425,1.301919071E9,776110,776759
776662,18.363302,-66.11391,1.301919071E9,776110,776759
776662,18.36321,-66.11375,1.301919071E9,776110,776759
776662,18.363132,-66.113594,1.301919071E9,776110,776759
776662,18.363056,-66.11344,1.301919071E9,776110,776759
776662,18.36297,-66.1132,1.301919071E9,776110,776759
776662,18.362904,-66.11304,1.301919071E9,776110,776759
776662,18.362864,-66.11293,1.301919071E9,776110,776759
776662,18.362785,-66.11277,1.301919071E9,776110,776759
776662,18.362633,-66.11251,1.301919071E9,776110,776759
776662,18.362558,-66.112366,1.301919071E9,776110,776759
776662,18.362394,-66.11193,1.301919071E9,776110,776759
776662,18.362318,-66.11179,1.301919071E9,776110,776759
776662,18.362234,-66.11165,1.301919071E9,776110,776759
776662,18.362085,-66.1114,1.301919071E9,776110,776759
776662,18.361938,-66.111305,1.301919071E9,776110,776759
776662,18.361837,-66.11128,1.301919071E9,776110,776759
776662,18.361675,-66.11128,1.301919071E9,776110,776759
776662,18.361612,-66.11144,1.301919071E9,776110,776759
776662,18.361586,-66.1116,1.301919071E9,776110,776759
776662,18.361563,-66.111786,1.301919071E9,776110,776759
776662,18.361536,-66.111916,1.301919071E9,776110,776759
776662,18.361498,-66.11209,1.301919071E9,776110,776759
776662,18.361462,-66.11225,1.301919071E9,776110,776759
776662,18.361416,-66.112