759
776662,41.76056,-91.60346,1.301919071E9,776110,776759
776662,41.76045,-91.60347,1.301919071E9,776110,776759
776662,41.760365,-91.60341,1.301919071E9,776110,776759
776662,41.76029,-91.60334,1.301919071E9,776110,776759
776662,41.760197,-91.603325,1.301919071E9,776110,776759
776662,41.760098,-91.60332,1.301919071E9,776110,776759
776662,41.76002,-91.60326,1.301919071E9,776110,776759
776662,41.75992,-91.603195,1.301919071E9,776110,776759
776662,41.759823,-91.60322,1.301919071E9,776110,776759
776662,41.759773,-91.6031,1.301919071E9,776110,776759
776662,41.759773,-91.60296,1.301919071E9,776110,776759
776662,41.75976,-91.60283,1.301919071E9,776110,776759
776662,41.759747,-91.6027,1.301919071E9,776110,776759
776662,41.759663,-91.60264,1.301919071E9,776110,776759
776662,41.75958,-91.6027,1.301919071E9,776110,776759
776662,41.759487,-91.602715,1.301919071E9,776110,776759
776662,41.75949,-91.60259,1.301919071E9,776110,776759
776662,41.759495,-91.60247,1.301919071E9,776110,776759
776662,41.75949,-91.60234,1.301919071E9,776110,776759
776662,41.75948,-91.6022,1.301919071E9,776110,776759
776662,41.75946,-91.602066,1.301919071E9,776110,776759
776662,41.75945,-91.60192,1.301919071E9,776110,776759
776662,41.75944,-91.60179,1.301919071E9,776110,776759
776662,41.75945,-91.60167,1.301919071E9,776110,776759
776662,41.759453,-91.60154,1.301919071E9,776110,776759
776662,41.759445,-91.60141,1.301919071E9,776110,776759
776662,41.759422,-91.60127,1.301919071E9,776110,776759
776662,41.759415,-91.60114,1.301919071E9,776110,776759
776662,41.75941,-91.601006,1.301919071E9,776110,776759
776662,41.75942,-91.600876,1.301919071E9,776110,776759
776662,41.759415,-91.60073,1.301919071E9,776110,776759
776662,41.759384,-91.60061,1.301919071E9,776110,776759
776662,41.759335,-91.6005,1.301919071E9,776110,776759
776662,41.759323,-91.60037,1.301919071E9,776110,776759
776662,41.7593,-91.60025,1.301919071E9,776110,776759
776662,41.759205,-91.60025,1.301919071E9,776110,776759
776662,41.7591,-91.60031,1.301919071E9,776110,776759
776662,41.759026,-91.6004,1.301919071E9,776110,776759
776662,41.758915,-91.60045,1.301919071E9,776110,776759
776662,41.758816,-91.600464,1.301919071E9,776110,776759
776662,41.75872,-91.60049,1.301919071E9,776110,776759
776662,41.758633,-91.60052,1.301919071E9,776110,776759
776662,41.758537,-91.60052,1.301919071E9,776110,776759
776662,41.758442,-91.600525,1.301919071E9,776110,776759
776662,41.75834,-91.60053,1.301919071E9,776110,776759
776662,41.758244,-91.60054,1.301919071E9,776110,776759
776662,41.75815,-91.60053,1.301919071E9,776110,776759
776662,41.75805,-91.60055,1.301919071E9,776110,776759
776662,41.757954,-91.60056,1.301919071E9,776110,776759
776662,41.757828,-91.60057,1.301919071E9,776110,776759
776662,41.757732,-91.60057,1.301919071E9,776110,776759
776662,41.757633,-91.60058,1.301919071E9,776110,776759
776662,41.75754,-91.60058,1.301919071E9,776110,776759
776662,41.75745,-91.600586,1.301919071E9,776110,776759
776662,41.75733,-91.60058,1.301919071E9,776110,776759
776662,41.757233,-91.60054,1.301919071E9,776110,776759
776662,41.757137,-91.60054,1.301919071E9,776110,776759
776662,41.75702,-91.60054,1.301919071E9,776110,776759
776662,41.756905,-91.600555,1.301919071E9,776110,776759
776662,41.756786,-91.60058,1.301919071E9,776110,776759
776662,41.756683,-91.6006,1.301919071E9,776110,776759
776662,41.75659,-91.60059,1.301919071E9,776110,776759
776662,41.756508,-91.60055,1.301919071E9,776110,776759
776662,41.756393,-91.600555,1.301919071E9,776110,776759
776662,41.756294,-91.60056,1.301919071E9,776110,776759
776662,41.756187,-91.60058,1.301919071E9,776110,776759
776662,41.756145,-91.600685,1.301919071E9,776110,776759
776662,41.75618,-91.6008,1.301919071E9,776110,776759
776662,41.756176,-91.60096,1.301919071E9,776110,776759
776662,41.75618,-91.601105,1.301919071E9,776110,776759
776662,41.75618,-91.60123,1.301919071E9,776110,776759
776662,41.756184,-91.60135,1.301919071E9,776110,776759
776662,41.7562,-91.60149,1.301919071E9,776110,776759
776662,41.7562,-91.601616,1.301919071E9,776110,776759
776662,41.756203,-91.60174,1.301919071E9,776110,776759
776662,41.756237,-91.60186,1.301919071E9,776110,776759
776662,41.75619,-91.601974,1.301919071E9,776110,776759
776662,41.75613,-91.60207,1.301919071E9,776110,776759
776662,41.756058,-91.60217,1.301919071E9,776110,776759
776662,41.75597,-91.60225,1.301919071E9,776110,776759
776662,41.75588,-91.60229,1.301919071E9,776110,776759
776662,41.755787,-91.60229,1.301919071E9,776110,776759
776662,41.75569,-91.60227,1.301919071E9,776110,776759
776662,41.755577,-91.60226,1.301919071E9,776110,776759
776662,41.755463,-91.602264,1.301919071E9,776110,776759
776662,41.755363,-91.60227,1.301919071E9,776110,776759
776662,41.75526,-91.602295,1.301919071E9,776110,776759
776662,41.755165,-91.60229,1.301919071E9,776110,776759
776662,41.755077,-91.60225,1.301919071E9,776110,776759
776662,41.755005,-91.60233,1.301919071E9,776110,776759
776662,41.75492,-91.60242,1.301919071E9,776110,776759
776662,41.754826,-91.60248,1.301919071E9,776110,776759
776662,41.754726,-91.60253,1.301919071E9,776110,776759
776662,41.754723,-91.60265,1.301919071E9,776110,776759
776662,41.754738,-91.60279,1.301919071E9,776110,776759
776662,41.75467,-91.60291,1.301919071E9,776110,776759
776662,41.754585,-91.60303,1.301919071E9,776110,776759
776662,41.75453,-91.603134,1.301919071E9,776110,776759
776662,41.754482,-91.60325,1.301919071E9,776110,776759
776662,41.75438,-91.603294,1.301919071E9,776110,776759
776662,41.754288,-91.603325,1.301919071E9,776110,776759
776662,41.754185,-91.60333,1.301919071E9,776110,776759
776662,41.754078,-91.603294,1.301919071E9,776110,776759
776662,41.754005,-91.60322,1.301919071E9,776110,776759
776662,41.753925,-91.60315,1.301919071E9,776110,776759
776662,41.753834,-91.60311,1.301919071E9,776110,776759
776662,41.75375,-91.60304,1.301919071E9,776110,776759
776662,41.753674,-91.60296,1.301919071E9,776110,776759
776662,41.75359,-91.60291,1.301919071E9,776110,776759
776662,41.753525,-91.60302,1.301919071E9,776110,776759
776662,41.753433,-91.60302,1.301919071E9,776110,776759
776662,41.753357,-91.60293,1.301919071E9,776110,776759
776662,41.753284,-91.60282,1.301919071E9,776110,776759
776662,41.75322,-91.60273,1.301919071E9,776110,776759
776662,41.753147,-91.602646,1.301919071E9,776110,776759
776662,41.75308,-91.60255,1.301919071E9,776110,776759
776662,41.752995,-91.60247,1.301919071E9,776110,776759
776662,41.75291,-91.6024,1.301919071E9,776110,776759
776662,41.752808,-91.602356,1.301919071E9,776110,776759
776662,41.752705,-91.602325,1.301919071E9,776110,776759
776662,41.752605,-91.6023,1.301919071E9,776110,776759
776662,41.752514,-91.60228,1.301919071E9,776110,776759
776662,41.752415,-91.602264,1.301919071E9,776110,776759
776662,41.75231,-91.602295,1.301919071E9,776110,776759
776662,41.75222,-91.602325,1.301919071E9,776110,776759
776662,41.752125,-91.602325,1.301919071E9,776110,776759
776662,41.752083,-91.60243,1.301919071E9,776110,776759
776662,41.75215,-91.60252,1.301919071E9,776110,776759
776662,41.752132,-91.602684,1.301919071E9,776110,776759
776662,41.75211,-91.6028,1.301919071E9,776110,776759
776662,41.752125,-91.60292,1.301919071E9,776110,776759
776662,41.75213,-91.60305,1.301919071E9,776110,776759
776662,41.752125,-91.60319,1.301919071E9,776110,776759
776662,41.752155,-91.60331,1.301919071E9,776110,776759
776662,41.752193,-91.60344,1.301919071E9,776110,776759
776662,41.75218,-91.60357,1.301919071E9,776110,776759
776662,41.752228,-91.6037,1.301919071E9,776110,776759
776662,41.752228,-91.60382,1.301919071E9,776110,776759
776662,41.75222,-91.603966,1.301919071E9,776110,776759
776662,41.75219,-91.6041,1.301919071E9,776110,776759
776662,41.752193,-91.60423,1.301919071E9,776110,776759
776662,41.7522,-91.60436,1.301919071E9,776110,776759
776662,41.75221,-91.604485,1.301919071E9,776110,776759
776662,41.7522,-91.60461,1.301919071E9,776110,776759
776662,41.7522,-91.604744,1.301919071E9,776110,776759
776662,41.752205,-91.604866,1.301919071E9,776110,776759
776662,41.75