035,-90.52804,1.301919071E9,776110,776759
776662,38.776134,-90.528114,1.301919071E9,776110,776759
776662,38.776222,-90.528145,1.301919071E9,776110,776759
776662,38.776295,-90.52823,1.301919071E9,776110,776759
776662,38.776382,-90.52831,1.301919071E9,776110,776759
776662,38.77646,-90.52839,1.301919071E9,776110,776759
776662,38.77654,-90.52846,1.301919071E9,776110,776759
776662,38.77663,-90.52854,1.301919071E9,776110,776759
776662,38.776714,-90.52862,1.301919071E9,776110,776759
776662,38.7768,-90.5287,1.301919071E9,776110,776759
776662,38.776882,-90.52879,1.301919071E9,776110,776759
776662,38.776962,-90.52886,1.301919071E9,776110,776759
776662,38.777046,-90.528946,1.301919071E9,776110,776759
776662,38.777134,-90.52902,1.301919071E9,776110,776759
776662,38.77721,-90.5291,1.301919071E9,776110,776759
776662,38.7773,-90.529175,1.301919071E9,776110,776759
776662,38.777393,-90.52924,1.301919071E9,776110,776759
776662,38.77747,-90.52931,1.301919071E9,776110,776759
776662,38.77755,-90.52936,1.301919071E9,776110,776759
776662,38.777622,-90.52944,1.301919071E9,776110,776759
776662,38.77769,-90.529526,1.301919071E9,776110,776759
776662,38.77777,-90.529625,1.301919071E9,776110,776759
776662,38.777855,-90.52972,1.301919071E9,776110,776759
776662,38.777946,-90.5298,1.301919071E9,776110,776759
776662,38.778034,-90.52988,1.301919071E9,776110,776759
776662,38.778114,-90.529945,1.301919071E9,776110,776759
776662,38.778175,-90.53006,1.301919071E9,776110,776759
776662,38.778202,-90.53019,1.301919071E9,776110,776759
776662,38.778255,-90.530304,1.301919071E9,776110,776759
776662,38.778255,-90.530304,1.301919071E9,776110,776759
776662,38.724903,-90.48593,1.301919071E9,776110,776759
776662,38.724888,-90.48572,1.301919071E9,776110,776759
776662,38.724876,-90.485596,1.301919071E9,776110,776759
776662,38.72485,-90.48548,1.301919071E9,776110,776759
776662,38.7248,-90.48537,1.301919071E9,776110,776759
776662,38.724735,-90.48527,1.301919071E9,776110,776759
776662,38.72466,-90.48519,1.301919071E9,776110,776759
776662,38.724586,-90.485115,1.301919071E9,776110,776759
776662,38.724518,-90.485,1.301919071E9,776110,776759
776662,38.72447,-90.48489,1.301919071E9,776110,776759
776662,38.724415,-90.48477,1.301919071E9,776110,776759
776662,38.724354,-90.484665,1.301919071E9,776110,776759
776662,38.72428,-90.48457,1.301919071E9,776110,776759
776662,38.72421,-90.484474,1.301919071E9,776110,776759
776662,38.724144,-90.48435,1.301919071E9,776110,776759
776662,38.724094,-90.484245,1.301919071E9,776110,776759
776662,38.724045,-90.48412,1.301919071E9,776110,776759
776662,38.72399,-90.48399,1.301919071E9,776110,776759
776662,38.72394,-90.48388,1.301919071E9,776110,776759
776662,38.7239,-90.48375,1.301919071E9,776110,776759
776662,38.72386,-90.48364,1.301919071E9,776110,776759
776662,38.723843,-90.48351,1.301919071E9,776110,776759
776662,38.72383,-90.483376,1.301919071E9,776110,776759
776662,38.723816,-90.48325,1.301919071E9,776110,776759
776662,38.72379,-90.48312,1.301919071E9,776110,776759
776662,38.723774,-90.48298,1.301919071E9,776110,776759
776662,38.723755,-90.482864,1.301919071E9,776110,776759
776662,38.723713,-90.48276,1.301919071E9,776110,776759
776662,38.723656,-90.48266,1.301919071E9,776110,776759
776662,38.72359,-90.482544,1.301919071E9,776110,776759
776662,38.72352,-90.48245,1.301919071E9,776110,776759
776662,38.72345,-90.482346,1.301919071E9,776110,776759
776662,38.723385,-90.482254,1.301919071E9,776110,776759
776662,38.723316,-90.48217,1.301919071E9,776110,776759
776662,38.723248,-90.482086,1.301919071E9,776110,776759
776662,38.72318,-90.48199,1.301919071E9,776110,776759
776662,38.72311,-90.48188,1.301919071E9,776110,776759
776662,38.72304,-90.48179,1.301919071E9,776110,776759
776662,38.72296,-90.48169,1.301919071E9,776110,776759
776662,38.72289,-90.48159,1.301919071E9,776110,776759
776662,38.722816,-90.48151,1.301919071E9,776110,776759
776662,38.72274,-90.4814,1.301919071E9,776110,776759
776662,38.722675,-90.48131,1.301919071E9,776110,776759
776662,38.7226,-90.48121,1.301919071E9,776110,776759
776662,38.72253,-90.481094,1.301919071E9,776110,776759
776662,38.722466,-90.481,1.301919071E9,776110,776759
776662,38.722385,-90.48091,1.301919071E9,776110,776759
776662,38.722313,-90.48081,1.301919071E9,776110,776759
776662,38.72225,-90.48072,1.301919071E9,776110,776759
776662,38.722168,-90.48062,1.301919071E9,776110,776759
776662,38.722103,-90.48053,1.301919071E9,776110,776759
776662,38.722034,-90.48043,1.301919071E9,776110,776759
776662,38.721966,-90.48033,1.301919071E9,776110,776759
776662,38.721874,-90.48023,1.301919071E9,776110,776759
776662,38.721786,-90.48013,1.301919071E9,776110,776759
776662,38.7217,-90.48005,1.301919071E9,776110,776759
776662,38.721607,-90.479965,1.301919071E9,776110,776759
776662,38.721523,-90.47987,1.301919071E9,776110,776759
776662,38.72144,-90.4798,1.301919071E9,776110,776759
776662,38.721355,-90.479744,1.301919071E9,776110,776759
776662,38.721256,-90.47969,1.301919071E9,776110,776759
776662,38.72115,-90.47963,1.301919071E9,776110,776759
776662,38.72106,-90.47956,1.301919071E9,776110,776759
776662,38.720966,-90.47951,1.301919071E9,776110,776759
776662,38.72087,-90.47945,1.301919071E9,776110,776759
776662,38.720776,-90.47939,1.301919071E9,776110,776759
776662,38.72068,-90.47933,1.301919071E9,776110,776759
776662,38.720596,-90.47927,1.301919071E9,776110,776759
776662,38.72049,-90.4792,1.301919071E9,776110,776759
776662,38.7204,-90.47916,1.301919071E9,776110,776759
776662,38.720306,-90.479095,1.301919071E9,776110,776759
776662,38.72022,-90.47905,1.301919071E9,776110,776759
776662,38.72013,-90.47901,1.301919071E9,776110,776759
776662,38.720043,-90.478966,1.301919071E9,776110,776759
776662,38.71994,-90.478905,1.301919071E9,776110,776759
776662,38.719852,-90.47884,1.301919071E9,776110,776759
776662,38.719757,-90.47878,1.301919071E9,776110,776759
776662,38.719654,-90.478714,1.301919071E9,776110,776759
776662,38.71957,-90.47866,1.301919071E9,776110,776759
776662,38.719463,-90.47861,1.301919071E9,776110,776759
776662,38.71937,-90.47855,1.301919071E9,776110,776759
776662,38.71927,-90.4785,1.301919071E9,776110,776759
776662,38.71917,-90.47846,1.301919071E9,776110,776759
776662,38.719055,-90.47842,1.301919071E9,776110,776759
776662,38.718967,-90.47838,1.301919071E9,776110,776759
776662,38.71887,-90.47835,1.301919071E9,776110,776759
776662,38.718765,-90.47832,1.301919071E9,776110,776759
776662,38.71865,-90.47829,1.301919071E9,776110,776759
776662,38.71856,-90.47826,1.301919071E9,776110,776759
776662,38.718452,-90.47822,1.301919071E9,776110,776759
776662,38.718346,-90.47818,1.301919071E9,776110,776759
776662,38.718235,-90.47815,1.301919071E9,776110,776759
776662,38.718132,-90.47813,1.301919071E9,776110,776759
776662,38.718044,-90.478096,1.301919071E9,776110,776759
776662,38.71795,-90.47807,1.301919071E9,776110,776759
776662,38.717846,-90.478035,1.301919071E9,776110,776759
776662,38.71773,-90.478004,1.301919071E9,776110,776759
776662,38.717617,-90.47799,1.301919071E9,776110,776759
776662,38.717506,-90.47796,1.301919071E9,776110,776759
776662,38.7174,-90.477936,1.301919071E9,776110,776759
776662,38.71729,-90.47791,1.301919071E9,776110,776759
776662,38.71717,-90.47792,1.301919071E9,776110,776759
776662,38.717052,-90.47791,1.301919071E9,776110,776759
776662,38.716953,-90.477936,1.301919071E9,776110,776759
776662,38.716843,-90.47797,1.301919071E9,776110,776759
776662,38.716743,-90.478,1.301919071E9,776110,776759
776662,38.716644,-90.47804,1.301919071E9,776110,776759
776662,38.716553,-90.47808,1.301919071E9,776110,776759
776662,38.716454,-90.47813,1.301919071E9,776110,776759
776662,38.71636,-90.47818,1.301919071E9,776110,776759
776662,38.71628,-90.478264,1.301919071E9,776110,776759
776662,38.716194,-90.47835,1.301919071E9,776110,776759
776662,38.7161,-90.47841,1.301919071E9,776110,776759
776662,38.71599,-90.47844,1.301919071E9,776110,776759
776662,38.715885,-90.47843,1.301919071E9,776110,776759
776662,38.71578,-90.47843,1.301919071E9,776110,776759
776662,38.715668,-90.47843,1.30191