-97.91897,1.301919071E9,776110,776759
776662,38.02135,-97.91911,1.301919071E9,776110,776759
776662,38.02144,-97.91925,1.301919071E9,776110,776759
776662,38.021526,-97.91937,1.301919071E9,776110,776759
776662,38.021626,-97.9195,1.301919071E9,776110,776759
776662,38.021774,-97.91969,1.301919071E9,776110,776759
776662,38.021877,-97.919815,1.301919071E9,776110,776759
776662,38.02198,-97.91993,1.301919071E9,776110,776759
776662,38.022083,-97.92007,1.301919071E9,776110,776759
776662,38.02219,-97.92018,1.301919071E9,776110,776759
776662,38.022293,-97.920296,1.301919071E9,776110,776759
776662,38.022392,-97.92041,1.301919071E9,776110,776759
776662,38.022507,-97.92052,1.301919071E9,776110,776759
776662,38.022606,-97.920616,1.301919071E9,776110,776759
776662,38.02271,-97.92072,1.301919071E9,776110,776759
776662,38.02281,-97.92082,1.301919071E9,776110,776759
776662,38.022915,-97.92093,1.301919071E9,776110,776759
776662,38.02302,-97.92104,1.301919071E9,776110,776759
776662,38.023136,-97.92115,1.301919071E9,776110,776759
776662,38.023235,-97.92124,1.301919071E9,776110,776759
776662,38.02333,-97.92132,1.301919071E9,776110,776759
776662,38.023426,-97.92141,1.301919071E9,776110,776759
776662,38.023525,-97.9215,1.301919071E9,776110,776759
776662,38.023624,-97.92159,1.301919071E9,776110,776759
776662,38.023724,-97.9217,1.301919071E9,776110,776759
776662,38.023823,-97.9218,1.301919071E9,776110,776759
776662,38.023922,-97.921906,1.301919071E9,776110,776759
776662,38.024025,-97.922,1.301919071E9,776110,776759
776662,38.02413,-97.922104,1.301919071E9,776110,776759
776662,38.024235,-97.9222,1.301919071E9,776110,776759
776662,38.024334,-97.922295,1.301919071E9,776110,776759
776662,38.02444,-97.922386,1.301919071E9,776110,776759
776662,38.02455,-97.922485,1.301919071E9,776110,776759
776662,38.02466,-97.92258,1.301919071E9,776110,776759
776662,38.02476,-97.92268,1.301919071E9,776110,776759
776662,38.024868,-97.92278,1.301919071E9,776110,776759
776662,38.024975,-97.92288,1.301919071E9,776110,776759
776662,38.025078,-97.92298,1.301919071E9,776110,776759
776662,38.02518,-97.92309,1.301919071E9,776110,776759
776662,38.02529,-97.923195,1.301919071E9,776110,776759
776662,38.02544,-97.92336,1.301919071E9,776110,776759
776662,38.025547,-97.92346,1.301919071E9,776110,776759
776662,38.025654,-97.92356,1.301919071E9,776110,776759
776662,38.02577,-97.92365,1.301919071E9,776110,776759
776662,38.025867,-97.92377,1.301919071E9,776110,776759
776662,38.025963,-97.92391,1.301919071E9,776110,776759
776662,38.02606,-97.924034,1.301919071E9,776110,776759
776662,38.02616,-97.92415,1.301919071E9,776110,776759
776662,38.02626,-97.924255,1.301919071E9,776110,776759
776662,38.026363,-97.92437,1.301919071E9,776110,776759
776662,38.026505,-97.92454,1.301919071E9,776110,776759
776662,38.0266,-97.92465,1.301919071E9,776110,776759
776662,38.02675,-97.92482,1.301919071E9,776110,776759
776662,38.026848,-97.92492,1.301919071E9,776110,776759
776662,38.026943,-97.924995,1.301919071E9,776110,776759
776662,38.027046,-97.92509,1.301919071E9,776110,776759
776662,38.027157,-97.92517,1.301919071E9,776110,776759
776662,38.027264,-97.92526,1.301919071E9,776110,776759
776662,38.02738,-97.92535,1.301919071E9,776110,776759
776662,38.02756,-97.92545,1.301919071E9,776110,776759
776662,38.02767,-97.92552,1.301919071E9,776110,776759
776662,38.02779,-97.9256,1.301919071E9,776110,776759
776662,38.02791,-97.92567,1.301919071E9,776110,776759
776662,38.02801,-97.92576,1.301919071E9,776110,776759
776662,38.028103,-97.92586,1.301919071E9,776110,776759
776662,38.028206,-97.92597,1.301919071E9,776110,776759
776662,38.02831,-97.926056,1.301919071E9,776110,776759
776662,38.028484,-97.92616,1.301919071E9,776110,776759
776662,38.0286,-97.92625,1.301919071E9,776110,776759
776662,38.02871,-97.92633,1.301919071E9,776110,776759
776662,38.028835,-97.92641,1.301919071E9,776110,776759
776662,38.028954,-97.92647,1.301919071E9,776110,776759
776662,38.029068,-97.92653,1.301919071E9,776110,776759
776662,38.029182,-97.92659,1.301919071E9,776110,776759
776662,38.029297,-97.92666,1.301919071E9,776110,776759
776662,38.02946,-97.926765,1.301919071E9,776110,776759
776662,38.029568,-97.92684,1.301919071E9,776110,776759
776662,38.029675,-97.9269,1.301919071E9,776110,776759
776662,38.02977,-97.926956,1.301919071E9,776110,776759
776662,38.029873,-97.92701,1.301919071E9,776110,776759
776662,38.029976,-97.92706,1.301919071E9,776110,776759
776662,38.03008,-97.92712,1.301919071E9,776110,776759
776662,38.030186,-97.92718,1.301919071E9,776110,776759
776662,38.030293,-97.92723,1.301919071E9,776110,776759
776662,38.030396,-97.92729,1.301919071E9,776110,776759
776662,38.030506,-97.92736,1.301919071E9,776110,776759
776662,38.03062,-97.92742,1.301919071E9,776110,776759
776662,38.030735,-97.92747,1.301919071E9,776110,776759
776662,38.03085,-97.9275,1.301919071E9,776110,776759
776662,38.030956,-97.927536,1.301919071E9,776110,776759
776662,38.03106,-97.92758,1.301919071E9,776110,776759
776662,38.0312,-97.92763,1.301919071E9,776110,776759
776662,38.03129,-97.92764,1.301919071E9,776110,776759
776662,38.03139,-97.92767,1.301919071E9,776110,776759
776662,38.0315,-97.927704,1.301919071E9,776110,776759
776662,38.031624,-97.927765,1.301919071E9,776110,776759
776662,38.03177,-97.92781,1.301919071E9,776110,776759
776662,38.031902,-97.927864,1.301919071E9,776110,776759
776662,38.032047,-97.92792,1.301919071E9,776110,776759
776662,38.03218,-97.927986,1.301919071E9,776110,776759
776662,38.032314,-97.928055,1.301919071E9,776110,776759
776662,38.032448,-97.92812,1.301919071E9,776110,776759
776662,38.03258,-97.9282,1.301919071E9,776110,776759
776662,38.032715,-97.928276,1.301919071E9,776110,776759
776662,38.03284,-97.92834,1.301919071E9,776110,776759
776662,38.032967,-97.92841,1.301919071E9,776110,776759
776662,38.033096,-97.928505,1.301919071E9,776110,776759
776662,38.033215,-97.92859,1.301919071E9,776110,776759
776662,38.03332,-97.92866,1.301919071E9,776110,776759
776662,38.033436,-97.92873,1.301919071E9,776110,776759
776662,38.033546,-97.928795,1.301919071E9,776110,776759
776662,38.033665,-97.92886,1.301919071E9,776110,776759
776662,38.03379,-97.928925,1.301919071E9,776110,776759
776662,38.03391,-97.92899,1.301919071E9,776110,776759
776662,38.03403,-97.92905,1.301919071E9,776110,776759
776662,38.034157,-97.929115,1.301919071E9,776110,776759
776662,38.03429,-97.92915,1.301919071E9,776110,776759
776662,38.03442,-97.92919,1.301919071E9,776110,776759
776662,38.03462,-97.929276,1.301919071E9,776110,776759
776662,38.034744,-97.92934,1.301919071E9,776110,776759
776662,38.03487,-97.92939,1.301919071E9,776110,776759
776662,38.035007,-97.929436,1.301919071E9,776110,776759
776662,38.03514,-97.92946,1.301919071E9,776110,776759
776662,38.035275,-97.92949,1.301919071E9,776110,776759
776662,38.035404,-97.92953,1.301919071E9,776110,776759
776662,38.035526,-97.92952,1.301919071E9,776110,776759
776662,38.03566,-97.929474,1.301919071E9,776110,776759
776662,38.03587,-97.92944,1.301919071E9,776110,776759
776662,38.036007,-97.929474,1.301919071E9,776110,776759
776662,38.03614,-97.92956,1.301919071E9,776110,776759
776662,38.036255,-97.929665,1.301919071E9,776110,776759
776662,38.036354,-97.929794,1.301919071E9,776110,776759
776662,38.036446,-97.92992,1.301919071E9,776110,776759
776662,38.036545,-97.930016,1.301919071E9,776110,776759
776662,38.03666,-97.930084,1.301919071E9,776110,776759
776662,38.036777,-97.930145,1.301919071E9,776110,776759
776662,38.03689,-97.930214,1.301919071E9,776110,776759
776662,38.036987,-97.9303,1.301919071E9,776110,776759
776662,38.03708,-97.93038,1.301919071E9,776110,776759
776662,38.037163,-97.93046,1.301919071E9,776110,776759
776662,38.03724,-97.93054,1.301919071E9,776110,776759
776662,38.037327,-97.93062,1.301919071E9,776110,776759
776662,38.037426,-97.93068,1.301919071E9,776110,776759
776662,38.03753,-97.930756,1.301919071E9,776110,776759
776662,38.03762,-97.93085,1.301919071E9,776110,776759
776662,38.03772,-97.93094,1.301919071E9,776110,776759
776662,38.03781,-97.93102,1.30