.451864,1.301919071E9,776110,776759
776662,51.39825,5.451995,1.301919071E9,776110,776759
776662,51.398296,5.4521475,1.301919071E9,776110,776759
776662,51.39833,5.4522753,1.301919071E9,776110,776759
776662,51.398376,5.452434,1.301919071E9,776110,776759
776662,51.39843,5.452588,1.301919071E9,776110,776759
776662,51.39849,5.452727,1.301919071E9,776110,776759
776662,51.398533,5.452893,1.301919071E9,776110,776759
776662,51.398594,5.4530187,1.301919071E9,776110,776759
776662,51.39864,5.453182,1.301919071E9,776110,776759
776662,51.3987,5.453322,1.301919071E9,776110,776759
776662,51.39875,5.453458,1.301919071E9,776110,776759
776662,51.398773,5.4536138,1.301919071E9,776110,776759
776662,51.39882,5.453748,1.301919071E9,776110,776759
776662,51.39888,5.453884,1.301919071E9,776110,776759
776662,51.398952,5.454043,1.301919071E9,776110,776759
776662,51.398987,5.4541683,1.301919071E9,776110,776759
776662,51.39909,5.4543233,1.301919071E9,776110,776759
776662,51.399166,5.4544654,1.301919071E9,776110,776759
776662,51.399204,5.454621,1.301919071E9,776110,776759
776662,51.39926,5.454756,1.301919071E9,776110,776759
776662,51.39932,5.454933,1.301919071E9,776110,776759
776662,51.399372,5.455123,1.301919071E9,776110,776759
776662,51.399418,5.455251,1.301919071E9,776110,776759
776662,51.39948,5.455388,1.301919071E9,776110,776759
776662,51.39951,5.4555674,1.301919071E9,776110,776759
776662,51.399548,5.4557357,1.301919071E9,776110,776759
776662,51.39957,5.4558625,1.301919071E9,776110,776759
776662,51.399643,5.4560676,1.301919071E9,776110,776759
776662,51.399673,5.4562354,1.301919071E9,776110,776759
776662,51.3997,5.456512,1.301919071E9,776110,776759
776662,51.399647,5.45673,1.301919071E9,776110,776759
776662,51.399544,5.4568667,1.301919071E9,776110,776759
776662,51.399467,5.4569473,1.301919071E9,776110,776759
776662,51.399406,5.4570765,1.301919071E9,776110,776759
776662,51.399307,5.457201,1.301919071E9,776110,776759
776662,51.39919,5.457246,1.301919071E9,776110,776759
776662,51.399025,5.457313,1.301919071E9,776110,776759
776662,51.398922,5.45738,1.301919071E9,776110,776759
776662,51.39884,5.457535,1.301919071E9,776110,776759
776662,51.39872,5.457652,1.301919071E9,776110,776759
776662,51.398678,5.4578757,1.301919071E9,776110,776759
776662,51.39858,5.4579687,1.301919071E9,776110,776759
776662,51.39846,5.4581337,1.301919071E9,776110,776759
776662,51.398365,5.4582615,1.301919071E9,776110,776759
776662,51.39827,5.4583697,1.301919071E9,776110,776759
776662,51.398136,5.4584403,1.301919071E9,776110,776759
776662,51.39801,5.4585824,1.301919071E9,776110,776759
776662,51.397865,5.45867,1.301919071E9,776110,776759
776662,51.397762,5.458774,1.301919071E9,776110,776759
776662,51.39766,5.4588685,1.301919071E9,776110,776759
776662,51.397526,5.458983,1.301919071E9,776110,776759
776662,51.397404,5.4590116,1.301919071E9,776110,776759
776662,51.39729,5.4590464,1.301919071E9,776110,776759
776662,51.39715,5.4591546,1.301919071E9,776110,776759
776662,51.39697,5.4592757,1.301919071E9,776110,776759
776662,51.39682,5.4592867,1.301919071E9,776110,776759
776662,51.396675,5.459283,1.301919071E9,776110,776759
776662,51.396523,5.4593816,1.301919071E9,776110,776759
776662,51.39643,5.4594064,1.301919071E9,776110,776759
776662,51.396297,5.4594526,1.301919071E9,776110,776759
776662,51.39617,5.459522,1.301919071E9,776110,776759
776662,51.396084,5.459648,1.301919071E9,776110,776759
776662,51.395954,5.4597435,1.301919071E9,776110,776759
776662,51.395836,5.4598484,1.301919071E9,776110,776759
776662,51.39572,5.4599967,1.301919071E9,776110,776759
776662,51.395615,5.460187,1.301919071E9,776110,776759
776662,51.395485,5.4603934,1.301919071E9,776110,776759
776662,51.39542,5.460478,1.301919071E9,776110,776759
776662,51.39526,5.4604287,1.301919071E9,776110,776759
776662,51.39512,5.4603624,1.301919071E9,776110,776759
776662,51.395058,5.4599657,1.301919071E9,776110,776759
776662,51.394993,5.4595866,1.301919071E9,776110,776759
776662,51.3948,5.459421,1.301919071E9,776110,776759
776662,51.39487,5.4593406,1.301919071E9,776110,776759
776662,51.39499,5.459299,1.301919071E9,776110,776759
776662,51.39513,5.459214,1.301919071E9,776110,776759
776662,51.395298,5.4590864,1.301919071E9,776110,776759
776662,51.395374,5.458958,1.301919071E9,776110,776759
776662,51.395493,5.4587708,1.301919071E9,776110,776759
776662,51.395588,5.4585943,1.301919071E9,776110,776759
776662,51.395622,5.4583426,1.301919071E9,776110,776759
776662,51.395664,5.457993,1.301919071E9,776110,776759
776662,51.39567,5.457742,1.301919071E9,776110,776759
776662,51.395508,5.457504,1.301919071E9,776110,776759
776662,51.395382,5.4572515,1.301919071E9,776110,776759
776662,51.39541,5.457006,1.301919071E9,776110,776759
776662,51.39534,5.4567356,1.301919071E9,776110,776759
776662,51.395214,5.45661,1.301919071E9,776110,776759
776662,51.39507,5.456526,1.301919071E9,776110,776759
776662,51.39491,5.4564395,1.301919071E9,776110,776759
776662,51.394764,5.4563866,1.301919071E9,776110,776759
776662,51.3946,5.4563184,1.301919071E9,776110,776759
776662,51.39442,5.4562554,1.301919071E9,776110,776759
776662,51.394222,5.456256,1.301919071E9,776110,776759
776662,51.39406,5.456203,1.301919071E9,776110,776759
776662,51.39385,5.456194,1.301919071E9,776110,776759
776662,51.393734,5.4561768,1.301919071E9,776110,776759
776662,51.393654,5.4560122,1.301919071E9,776110,776759
776662,51.39362,5.455758,1.301919071E9,776110,776759
776662,51.393513,5.4555984,1.301919071E9,776110,776759
776662,51.393356,5.4554167,1.301919071E9,776110,776759
776662,51.393246,5.455237,1.301919071E9,776110,776759
776662,51.393135,5.4549823,1.301919071E9,776110,776759
776662,51.39302,5.45484,1.301919071E9,776110,776759
776662,51.392906,5.4548388,1.301919071E9,776110,776759
776662,51.39277,5.4548244,1.301919071E9,776110,776759
776662,51.392654,5.4548516,1.301919071E9,776110,776759
776662,51.39248,5.454907,1.301919071E9,776110,776759
776662,51.392437,5.455021,1.301919071E9,776110,776759
776662,51.392334,5.4550657,1.301919071E9,776110,776759
776662,51.392212,5.4551167,1.301919071E9,776110,776759
776662,51.39205,5.455219,1.301919071E9,776110,776759
776662,51.391926,5.455407,1.301919071E9,776110,776759
776662,51.391785,5.4554644,1.301919071E9,776110,776759
776662,51.39164,5.4555807,1.301919071E9,776110,776759
776662,51.391453,5.455719,1.301919071E9,776110,776759
776662,51.39136,5.4557734,1.301919071E9,776110,776759
776662,51.39126,5.4558964,1.301919071E9,776110,776759
776662,51.391148,5.4560227,1.301919071E9,776110,776759
776662,51.39107,5.456155,1.301919071E9,776110,776759
776662,51.390938,5.4562097,1.301919071E9,776110,776759
776662,51.39086,5.456349,1.301919071E9,776110,776759
776662,51.39075,5.456369,1.301919071E9,776110,776759
776662,51.39066,5.456462,1.301919071E9,776110,776759
776662,51.390545,5.456519,1.301919071E9,776110,776759
776662,51.39045,5.456635,1.301919071E9,776110,776759
776662,51.390316,5.4567633,1.301919071E9,776110,776759
776662,51.39021,5.4568563,1.301919071E9,776110,776759
776662,51.390118,5.4569716,1.301919071E9,776110,776759
776662,51.390015,5.457055,1.301919071E9,776110,776759
776662,51.389904,5.4572005,1.301919071E9,776110,776759
776662,51.389793,5.4573226,1.301919071E9,776110,776759
776662,51.389675,5.4573865,1.301919071E9,776110,776759
776662,51.38959,5.457507,1.301919071E9,776110,776759
776662,51.389477,5.457301,1.301919071E9,776110,776759
776662,51.389465,5.4570055,1.301919071E9,776110,776759
776662,51.389435,5.456597,1.301919071E9,776110,776759
776662,51.38937,5.4562616,1.301919071E9,776110,776759
776662,51.38914,5.4561677,1.301919071E9,776110,776759
776662,51.38899,5.4558954,1.301919071E9,776110,776759
776662,51.389088,5.4554973,1.301919071E9,776110,776759
776662,51.389065,5.4551067,1.301919071E9,776110,776759
776662,51.38876,5.455075,1.301919071E9,776110,776759
776662,51.388573,5.4551167,1.301919071E9,776110,776759
776662,51.388474,5.455236,1.301919071E9,776110,776759
776662,51.388393,5.455431,1.301919071E9,776110,776759
776662,51.38833,5.4556284,1.301919071E9,776110,776759
776662,51.388313,5.455