6662,-37.873383,145.0317,1.301919071E9,776110,776759
776662,-37.873398,145.03183,1.301919071E9,776110,776759
776662,-37.87342,145.03195,1.301919071E9,776110,776759
776662,-37.873444,145.03207,1.301919071E9,776110,776759
776662,-37.873466,145.03218,1.301919071E9,776110,776759
776662,-37.873486,145.03232,1.301919071E9,776110,776759
776662,-37.873493,145.03247,1.301919071E9,776110,776759
776662,-37.87351,145.03261,1.301919071E9,776110,776759
776662,-37.873524,145.03271,1.301919071E9,776110,776759
776662,-37.873543,145.03284,1.301919071E9,776110,776759
776662,-37.87356,145.03296,1.301919071E9,776110,776759
776662,-37.873577,145.03308,1.301919071E9,776110,776759
776662,-37.873596,145.03322,1.301919071E9,776110,776759
776662,-37.873608,145.03336,1.301919071E9,776110,776759
776662,-37.87363,145.03348,1.301919071E9,776110,776759
776662,-37.873646,145.0336,1.301919071E9,776110,776759
776662,-37.87366,145.03374,1.301919071E9,776110,776759
776662,-37.87367,145.03386,1.301919071E9,776110,776759
776662,-37.87365,145.034,1.301919071E9,776110,776759
776662,-37.873634,145.03413,1.301919071E9,776110,776759
776662,-37.873623,145.03426,1.301919071E9,776110,776759
776662,-37.87355,145.03433,1.301919071E9,776110,776759
776662,-37.87336,145.03447,1.301919071E9,776110,776759
776662,-37.873272,145.0345,1.301919071E9,776110,776759
776662,-37.87314,145.03456,1.301919071E9,776110,776759
776662,-37.873055,145.03453,1.301919071E9,776110,776759
776662,-37.87294,145.03442,1.301919071E9,776110,776759
776662,-37.872852,145.03433,1.301919071E9,776110,776759
776662,-37.87278,145.03423,1.301919071E9,776110,776759
776662,-37.87272,145.03412,1.301919071E9,776110,776759
776662,-37.87264,145.03404,1.301919071E9,776110,776759
776662,-37.872555,145.03398,1.301919071E9,776110,776759
776662,-37.87229,145.03381,1.301919071E9,776110,776759
776662,-37.872192,145.03372,1.301919071E9,776110,776759
776662,-37.872116,145.03366,1.301919071E9,776110,776759
776662,-37.872025,145.0336,1.301919071E9,776110,776759
776662,-37.871937,145.03352,1.301919071E9,776110,776759
776662,-37.87184,145.03345,1.301919071E9,776110,776759
776662,-37.871754,145.03336,1.301919071E9,776110,776759
776662,-37.871677,145.0333,1.301919071E9,776110,776759
776662,-37.871597,145.03322,1.301919071E9,776110,776759
776662,-37.871517,145.03316,1.301919071E9,776110,776759
776662,-37.871433,145.03308,1.301919071E9,776110,776759
776662,-37.871334,145.03302,1.301919071E9,776110,776759
776662,-37.871235,145.03296,1.301919071E9,776110,776759
776662,-37.871147,145.03291,1.301919071E9,776110,776759
776662,-37.87104,145.03287,1.301919071E9,776110,776759
776662,-37.87093,145.03284,1.301919071E9,776110,776759
776662,-37.87083,145.03278,1.301919071E9,776110,776759
776662,-37.870773,145.03267,1.301919071E9,776110,776759
776662,-37.870735,145.03256,1.301919071E9,776110,776759
776662,-37.8707,145.03244,1.301919071E9,776110,776759
776662,-37.870674,145.03232,1.301919071E9,776110,776759
776662,-37.870647,145.03221,1.301919071E9,776110,776759
776662,-37.87063,145.03207,1.301919071E9,776110,776759
776662,-37.8706,145.03192,1.301919071E9,776110,776759
776662,-37.870583,145.03178,1.301919071E9,776110,776759
776662,-37.870567,145.03165,1.301919071E9,776110,776759
776662,-37.870556,145.03151,1.301919071E9,776110,776759
776662,-37.87055,145.03137,1.301919071E9,776110,776759
776662,-37.87052,145.03125,1.301919071E9,776110,776759
776662,-37.870502,145.03113,1.301919071E9,776110,776759
776662,-37.870476,145.03099,1.301919071E9,776110,776759
776662,-37.870453,145.03085,1.301919071E9,776110,776759
776662,-37.870434,145.03075,1.301919071E9,776110,776759
776662,-37.870415,145.03062,1.301919071E9,776110,776759
776662,-37.870396,145.0305,1.301919071E9,776110,776759
776662,-37.870365,145.03036,1.301919071E9,776110,776759
776662,-37.870346,145.03023,1.301919071E9,776110,776759
776662,-37.870304,145.0301,1.301919071E9,776110,776759
776662,-37.870266,145.02998,1.301919071E9,776110,776759
776662,-37.87023,145.02986,1.301919071E9,776110,776759
776662,-37.870224,145.02974,1.301919071E9,776110,776759
776662,-37.87022,145.0296,1.301919071E9,776110,776759
776662,-37.870182,145.02928,1.301919071E9,776110,776759
776662,-37.870167,145.02916,1.301919071E9,776110,776759
776662,-37.870144,145.02904,1.301919071E9,776110,776759
776662,-37.87012,145.02892,1.301919071E9,776110,776759
776662,-37.8701,145.02876,1.301919071E9,776110,776759
776662,-37.87009,145.02864,1.301919071E9,776110,776759
776662,-37.870083,145.0285,1.301919071E9,776110,776759
776662,-37.87007,145.02837,1.301919071E9,776110,776759
776662,-37.87006,145.02824,1.301919071E9,776110,776759
776662,-37.870037,145.02814,1.301919071E9,776110,776759
776662,-37.87001,145.02802,1.301919071E9,776110,776759
776662,-37.869995,145.02786,1.301919071E9,776110,776759
776662,-37.869976,145.02774,1.301919071E9,776110,776759
776662,-37.869926,145.02763,1.301919071E9,776110,776759
776662,-37.869904,145.02751,1.301919071E9,776110,776759
776662,-37.86987,145.02736,1.301919071E9,776110,776759
776662,-37.869854,145.02724,1.301919071E9,776110,776759
776662,-37.869823,145.02711,1.301919071E9,776110,776759
776662,-37.869797,145.02696,1.301919071E9,776110,776759
776662,-37.86978,145.02682,1.301919071E9,776110,776759
776662,-37.86978,145.02669,1.301919071E9,776110,776759
776662,-37.869785,145.02657,1.301919071E9,776110,776759
776662,-37.869785,145.02643,1.301919071E9,776110,776759
776662,-37.869778,145.02628,1.301919071E9,776110,776759
776662,-37.8698,145.02615,1.301919071E9,776110,776759
776662,-37.869835,145.02603,1.301919071E9,776110,776759
776662,-37.869865,145.02591,1.301919071E9,776110,776759
776662,-37.869884,145.02577,1.301919071E9,776110,776759
776662,-37.869934,145.02567,1.301919071E9,776110,776759
776662,-37.869995,145.02557,1.301919071E9,776110,776759
776662,-37.870083,145.0255,1.301919071E9,776110,776759
776662,-37.87018,145.02547,1.301919071E9,776110,776759
776662,-37.870266,145.02542,1.301919071E9,776110,776759
776662,-37.870358,145.0254,1.301919071E9,776110,776759
776662,-37.87046,145.02538,1.301919071E9,776110,776759
776662,-37.870556,145.02534,1.301919071E9,776110,776759
776662,-37.87066,145.02533,1.301919071E9,776110,776759
776662,-37.870766,145.0253,1.301919071E9,776110,776759
776662,-37.87087,145.02528,1.301919071E9,776110,776759
776662,-37.870964,145.02525,1.301919071E9,776110,776759
776662,-37.871075,145.02524,1.301919071E9,776110,776759
776662,-37.871185,145.0252,1.301919071E9,776110,776759
776662,-37.871277,145.02519,1.301919071E9,776110,776759
776662,-37.871387,145.0252,1.301919071E9,776110,776759
776662,-37.871483,145.02519,1.301919071E9,776110,776759
776662,-37.871624,145.02516,1.301919071E9,776110,776759
776662,-37.87172,145.02516,1.301919071E9,776110,776759
776662,-37.871822,145.02515,1.301919071E9,776110,776759
776662,-37.87194,145.02512,1.301919071E9,776110,776759
776662,-37.87204,145.02509,1.301919071E9,776110,776759
776662,-37.872147,145.02507,1.301919071E9,776110,776759
776662,-37.872265,145.02507,1.301919071E9,776110,776759
776662,-37.87237,145.02509,1.301919071E9,776110,776759
776662,-37.872456,145.02518,1.301919071E9,776110,776759
776662,-37.872517,145.02528,1.301919071E9,776110,776759
776662,-37.87257,145.02538,1.301919071E9,776110,776759
776662,-37.87261,145.0255,1.301919071E9,776110,776759
776662,-37.872646,145.0256,1.301919071E9,776110,776759
776662,-37.87266,145.02574,1.301919071E9,776110,776759
776662,-37.872684,145.02588,1.301919071E9,776110,776759
776662,-37.872707,145.02602,1.301919071E9,776110,776759
776662,-37.872723,145.02614,1.301919071E9,776110,776759
776662,-37.872734,145.02628,1.301919071E9,776110,776759
776662,-37.87274,145.0264,1.301919071E9,776110,776759
776662,-37.872776,145.02654,1.301919071E9,776110,776759
776662,-37.87279,145.02664,1.301919071E9,776110,776759
776662,-37.87283,145.02676,1.301919071E9,776110,776759
776662,-37.872852,145.0269,1.301919071E9,776110,776759
776662,-37.872864,145.02702,1.301919071E9,776110,776759
776662,-37.872883,145.02713,1.301919071E9,776110,776759
776662,-37.8