662,45.565018,-122.47308,1.301919071E9,776110,776759
776662,45.56502,-122.47323,1.301919071E9,776110,776759
776662,45.565037,-122.473366,1.301919071E9,776110,776759
776662,45.56504,-122.473495,1.301919071E9,776110,776759
776662,45.565002,-122.47362,1.301919071E9,776110,776759
776662,45.56503,-122.47375,1.301919071E9,776110,776759
776662,45.565063,-122.473885,1.301919071E9,776110,776759
776662,45.565067,-122.47402,1.301919071E9,776110,776759
776662,45.565083,-122.47415,1.301919071E9,776110,776759
776662,45.56506,-122.47429,1.301919071E9,776110,776759
776662,45.56507,-122.47443,1.301919071E9,776110,776759
776662,45.56505,-122.47456,1.301919071E9,776110,776759
776662,45.56505,-122.4747,1.301919071E9,776110,776759
776662,45.56509,-122.47484,1.301919071E9,776110,776759
776662,45.56513,-122.475006,1.301919071E9,776110,776759
776662,45.56514,-122.47515,1.301919071E9,776110,776759
776662,45.565147,-122.47529,1.301919071E9,776110,776759
776662,45.565144,-122.475426,1.301919071E9,776110,776759
776662,45.565144,-122.47557,1.301919071E9,776110,776759
776662,45.565132,-122.47571,1.301919071E9,776110,776759
776662,45.565147,-122.47584,1.301919071E9,776110,776759
776662,45.56515,-122.47599,1.301919071E9,776110,776759
776662,45.565132,-122.47612,1.301919071E9,776110,776759
776662,45.565125,-122.476265,1.301919071E9,776110,776759
776662,45.56515,-122.4764,1.301919071E9,776110,776759
776662,45.565125,-122.476555,1.301919071E9,776110,776759
776662,45.565094,-122.47668,1.301919071E9,776110,776759
776662,45.565086,-122.476814,1.301919071E9,776110,776759
776662,45.565083,-122.47696,1.301919071E9,776110,776759
776662,45.56508,-122.4771,1.301919071E9,776110,776759
776662,45.56508,-122.47723,1.301919071E9,776110,776759
776662,45.56508,-122.47736,1.301919071E9,776110,776759
776662,45.565094,-122.477516,1.301919071E9,776110,776759
776662,45.56509,-122.47766,1.301919071E9,776110,776759
776662,45.56507,-122.47778,1.301919071E9,776110,776759
776662,45.565056,-122.47791,1.301919071E9,776110,776759
776662,45.565056,-122.47806,1.301919071E9,776110,776759
776662,45.565063,-122.478195,1.301919071E9,776110,776759
776662,45.565056,-122.478325,1.301919071E9,776110,776759
776662,45.565075,-122.47847,1.301919071E9,776110,776759
776662,45.565037,-122.478615,1.301919071E9,776110,776759
776662,45.564983,-122.47874,1.301919071E9,776110,776759
776662,45.564938,-122.478874,1.301919071E9,776110,776759
776662,45.564922,-122.47901,1.301919071E9,776110,776759
776662,45.56489,-122.47915,1.301919071E9,776110,776759
776662,45.56486,-122.47928,1.301919071E9,776110,776759
776662,45.56485,-122.47942,1.301919071E9,776110,776759
776662,45.564823,-122.47956,1.301919071E9,776110,776759
776662,45.56476,-122.47966,1.301919071E9,776110,776759
776662,45.564728,-122.47979,1.301919071E9,776110,776759
776662,45.56473,-122.47993,1.301919071E9,776110,776759
776662,45.564713,-122.48006,1.301919071E9,776110,776759
776662,45.564724,-122.480194,1.301919071E9,776110,776759
776662,45.56471,-122.48033,1.301919071E9,776110,776759
776662,45.56468,-122.48047,1.301919071E9,776110,776759
776662,45.564625,-122.48058,1.301919071E9,776110,776759
776662,45.564594,-122.48071,1.301919071E9,776110,776759
776662,45.564598,-122.48085,1.301919071E9,776110,776759
776662,45.564552,-122.48097,1.301919071E9,776110,776759
776662,45.564518,-122.4811,1.301919071E9,776110,776759
776662,45.56453,-122.48123,1.301919071E9,776110,776759
776662,45.564503,-122.48137,1.301919071E9,776110,776759
776662,45.56447,-122.48149,1.301919071E9,776110,776759
776662,45.56445,-122.48163,1.301919071E9,776110,776759
776662,45.56442,-122.481766,1.301919071E9,776110,776759
776662,45.564396,-122.48189,1.301919071E9,776110,776759
776662,45.56438,-122.48204,1.301919071E9,776110,776759
776662,45.564365,-122.48217,1.301919071E9,776110,776759
776662,45.564354,-122.4823,1.301919071E9,776110,776759
776662,45.56435,-122.48244,1.301919071E9,776110,776759
776662,45.564316,-122.48258,1.301919071E9,776110,776759
776662,45.564297,-122.48271,1.301919071E9,776110,776759
776662,45.564285,-122.48284,1.301919071E9,776110,776759
776662,45.564274,-122.48298,1.301919071E9,776110,776759
776662,45.564262,-122.48312,1.301919071E9,776110,776759
776662,45.564228,-122.48326,1.301919071E9,776110,776759
776662,45.564175,-122.48337,1.301919071E9,776110,776759
776662,45.5641,-122.483444,1.301919071E9,776110,776759
776662,45.564026,-122.483536,1.301919071E9,776110,776759
776662,45.56393,-122.483536,1.301919071E9,776110,776759
776662,45.563835,-122.48355,1.301919071E9,776110,776759
776662,45.563774,-122.48345,1.301919071E9,776110,776759
776662,45.563736,-122.48333,1.301919071E9,776110,776759
776662,45.56369,-122.483215,1.301919071E9,776110,776759
776662,45.563633,-122.48309,1.301919071E9,776110,776759
776662,45.5636,-122.48297,1.301919071E9,776110,776759
776662,45.56354,-122.48286,1.301919071E9,776110,776759
776662,45.563503,-122.482735,1.301919071E9,776110,776759
776662,45.56349,-122.48261,1.301919071E9,776110,776759
776662,45.563484,-122.482475,1.301919071E9,776110,776759
776662,45.56346,-122.482346,1.301919071E9,776110,776759
776662,45.563435,-122.482216,1.301919071E9,776110,776759
776662,45.563393,-122.4821,1.301919071E9,776110,776759
776662,45.563362,-122.48197,1.301919071E9,776110,776759
776662,45.563324,-122.48186,1.301919071E9,776110,776759
776662,45.5633,-122.48172,1.301919071E9,776110,776759
776662,45.563286,-122.48159,1.301919071E9,776110,776759
776662,45.563267,-122.48146,1.301919071E9,776110,776759
776662,45.563225,-122.481346,1.301919071E9,776110,776759
776662,45.563213,-122.48121,1.301919071E9,776110,776759
776662,45.56323,-122.48109,1.301919071E9,776110,776759
776662,45.56319,-122.480965,1.301919071E9,776110,776759
776662,45.56315,-122.48084,1.301919071E9,776110,776759
776662,45.563114,-122.48073,1.301919071E9,776110,776759
776662,45.563053,-122.48062,1.301919071E9,776110,776759
776662,45.56301,-122.480515,1.301919071E9,776110,776759
776662,45.563023,-122.48038,1.301919071E9,776110,776759
776662,45.563038,-122.48025,1.301919071E9,776110,776759
776662,45.563004,-122.480125,1.301919071E9,776110,776759
776662,45.56296,-122.48,1.301919071E9,776110,776759
776662,45.562923,-122.47988,1.301919071E9,776110,776759
776662,45.562874,-122.47977,1.301919071E9,776110,776759
776662,45.562828,-122.47965,1.301919071E9,776110,776759
776662,45.562786,-122.47954,1.301919071E9,776110,776759
776662,45.562775,-122.4794,1.301919071E9,776110,776759
776662,45.562786,-122.47926,1.301919071E9,776110,776759
776662,45.562817,-122.47913,1.301919071E9,776110,776759
776662,45.56284,-122.47901,1.301919071E9,776110,776759
776662,45.562817,-122.47889,1.301919071E9,776110,776759
776662,45.5628,-122.47875,1.301919071E9,776110,776759
776662,45.562763,-122.47863,1.301919071E9,776110,776759
776662,45.56276,-122.4785,1.301919071E9,776110,776759
776662,45.562775,-122.47837,1.301919071E9,776110,776759
776662,45.56277,-122.478226,1.301919071E9,776110,776759
776662,45.56276,-122.4781,1.301919071E9,776110,776759
776662,45.56277,-122.47797,1.301919071E9,776110,776759
776662,45.5628,-122.477844,1.301919071E9,776110,776759
776662,45.56276,-122.477715,1.301919071E9,776110,776759
776662,45.562714,-122.47759,1.301919071E9,776110,776759
776662,45.562683,-122.47746,1.301919071E9,776110,776759
776662,45.56266,-122.47733,1.301919071E9,776110,776759
776662,45.562626,-122.47721,1.301919071E9,776110,776759
776662,45.56259,-122.47709,1.301919071E9,776110,776759
776662,45.56266,-122.477,1.301919071E9,776110,776759
776662,45.562626,-122.476875,1.301919071E9,776110,776759
776662,45.562595,-122.476746,1.301919071E9,776110,776759
776662,45.562584,-122.47661,1.301919071E9,776110,776759
776662,45.562576,-122.47647,1.301919071E9,776110,776759
776662,45.562584,-122.47634,1.301919071E9,776110,776759
776662,45.562565,-122.47621,1.301919071E9,776110,776759
776662,45.562523,-122.47609,1.301919071E9,776110,776759
776662,45.562496,-122.47596,1.301919071E9,776110,776759
776662,45.56248,-122.47582,1.301919071E9,776110,776759
776662,45.562435,-122.47571,1.3019190