110,776759
776662,-33.43603,-70.661125,1.301919071E9,776110,776759
776662,-33.43605,-70.661255,1.301919071E9,776110,776759
776662,-33.436077,-70.661575,1.301919071E9,776110,776759
776662,-33.43609,-70.661705,1.301919071E9,776110,776759
776662,-33.4361,-70.66182,1.301919071E9,776110,776759
776662,-33.436108,-70.661934,1.301919071E9,776110,776759
776662,-33.43612,-70.66206,1.301919071E9,776110,776759
776662,-33.43613,-70.662186,1.301919071E9,776110,776759
776662,-33.43614,-70.662315,1.301919071E9,776110,776759
776662,-33.43615,-70.66247,1.301919071E9,776110,776759
776662,-33.43616,-70.66261,1.301919071E9,776110,776759
776662,-33.43619,-70.66297,1.301919071E9,776110,776759
776662,-33.436207,-70.66315,1.301919071E9,776110,776759
776662,-33.43622,-70.66332,1.301919071E9,776110,776759
776662,-33.43623,-70.66345,1.301919071E9,776110,776759
776662,-33.436237,-70.663574,1.301919071E9,776110,776759
776662,-33.43625,-70.6637,1.301919071E9,776110,776759
776662,-33.43627,-70.663925,1.301919071E9,776110,776759
776662,-33.43628,-70.664055,1.301919071E9,776110,776759
776662,-33.436295,-70.66421,1.301919071E9,776110,776759
776662,-33.436302,-70.66432,1.301919071E9,776110,776759
776662,-33.436314,-70.664444,1.301919071E9,776110,776759
776662,-33.436436,-70.66445,1.301919071E9,776110,776759
776662,-33.436577,-70.66445,1.301919071E9,776110,776759
776662,-33.43676,-70.66446,1.301919071E9,776110,776759
776662,-33.43686,-70.66446,1.301919071E9,776110,776759
776662,-33.43697,-70.66446,1.301919071E9,776110,776759
776662,-33.43706,-70.66446,1.301919071E9,776110,776759
776662,-33.4372,-70.66446,1.301919071E9,776110,776759
776662,-33.437305,-70.66446,1.301919071E9,776110,776759
776662,-33.437416,-70.66446,1.301919071E9,776110,776759
776662,-33.43755,-70.66446,1.301919071E9,776110,776759
776662,-33.43764,-70.66446,1.301919071E9,776110,776759
776662,-33.43786,-70.664474,1.301919071E9,776110,776759
776662,-33.437958,-70.66449,1.301919071E9,776110,776759
776662,-33.43805,-70.66451,1.301919071E9,776110,776759
776662,-33.438156,-70.664536,1.301919071E9,776110,776759
776662,-33.438328,-70.66457,1.301919071E9,776110,776759
776662,-33.438477,-70.664604,1.301919071E9,776110,776759
776662,-33.438602,-70.66463,1.301919071E9,776110,776759
776662,-33.438698,-70.66465,1.301919071E9,776110,776759
776662,-33.43881,-70.66467,1.301919071E9,776110,776759
776662,-33.439007,-70.66471,1.301919071E9,776110,776759
776662,-33.43919,-70.66475,1.301919071E9,776110,776759
776662,-33.439297,-70.664764,1.301919071E9,776110,776759
776662,-33.43954,-70.66481,1.301919071E9,776110,776759
776662,-33.439663,-70.66483,1.301919071E9,776110,776759
776662,-33.439796,-70.664856,1.301919071E9,776110,776759
776662,-33.439903,-70.66488,1.301919071E9,776110,776759
776662,-33.44006,-70.6649,1.301919071E9,776110,776759
776662,-33.44016,-70.66496,1.301919071E9,776110,776759
776662,-33.44027,-70.665,1.301919071E9,776110,776759
776662,-33.440376,-70.66504,1.301919071E9,776110,776759
776662,-33.440502,-70.66506,1.301919071E9,776110,776759
776662,-33.44061,-70.66507,1.301919071E9,776110,776759
776662,-33.440704,-70.66507,1.301919071E9,776110,776759
776662,-33.4408,-70.66508,1.301919071E9,776110,776759
776662,-33.440895,-70.66508,1.301919071E9,776110,776759
776662,-33.44099,-70.665085,1.301919071E9,776110,776759
776662,-33.441082,-70.665085,1.301919071E9,776110,776759
776662,-33.44114,-70.664986,1.301919071E9,776110,776759
776662,-33.441223,-70.6647,1.301919071E9,776110,776759
776662,-33.441208,-70.66459,1.301919071E9,776110,776759
776662,-33.44113,-70.664505,1.301919071E9,776110,776759
776662,-33.441113,-70.66447,1.301919071E9,776110,776759
776662,-33.430195,-70.662025,1.301919071E9,776110,776759
776662,-33.430187,-70.6621,1.301919071E9,776110,776759
776662,-33.430134,-70.6622,1.301919071E9,776110,776759
776662,-33.43012,-70.66233,1.301919071E9,776110,776759
776662,-33.43009,-70.66245,1.301919071E9,776110,776759
776662,-33.43005,-70.66256,1.301919071E9,776110,776759
776662,-33.43001,-70.66267,1.301919071E9,776110,776759
776662,-33.429985,-70.66279,1.301919071E9,776110,776759
776662,-33.42995,-70.66291,1.301919071E9,776110,776759
776662,-33.42991,-70.66301,1.301919071E9,776110,776759
776662,-33.429863,-70.66311,1.301919071E9,776110,776759
776662,-33.429832,-70.66322,1.301919071E9,776110,776759
776662,-33.429806,-70.66335,1.301919071E9,776110,776759
776662,-33.429764,-70.66347,1.301919071E9,776110,776759
776662,-33.42973,-70.66359,1.301919071E9,776110,776759
776662,-33.429714,-70.6637,1.301919071E9,776110,776759
776662,-33.429672,-70.66382,1.301919071E9,776110,776759
776662,-33.42965,-70.663925,1.301919071E9,776110,776759
776662,-33.42964,-70.664055,1.301919071E9,776110,776759
776662,-33.429615,-70.664154,1.301919071E9,776110,776759
776662,-33.429546,-70.66424,1.301919071E9,776110,776759
776662,-33.429497,-70.66434,1.301919071E9,776110,776759
776662,-33.429455,-70.66445,1.301919071E9,776110,776759
776662,-33.429417,-70.66456,1.301919071E9,776110,776759
776662,-33.429367,-70.66466,1.301919071E9,776110,776759
776662,-33.429317,-70.66476,1.301919071E9,776110,776759
776662,-33.429283,-70.66487,1.301919071E9,776110,776759
776662,-33.429253,-70.66498,1.301919071E9,776110,776759
776662,-33.42923,-70.66511,1.301919071E9,776110,776759
776662,-33.42921,-70.66521,1.301919071E9,776110,776759
776662,-33.42917,-70.66533,1.301919071E9,776110,776759
776662,-33.429134,-70.66543,1.301919071E9,776110,776759
776662,-33.429127,-70.66554,1.301919071E9,776110,776759
776662,-33.42906,-70.66562,1.301919071E9,776110,776759
776662,-33.42906,-70.665726,1.301919071E9,776110,776759
776662,-33.429073,-70.66585,1.301919071E9,776110,776759
776662,-33.42904,-70.66596,1.301919071E9,776110,776759
776662,-33.428955,-70.66603,1.301919071E9,776110,776759
776662,-33.428925,-70.66614,1.301919071E9,776110,776759
776662,-33.428967,-70.66623,1.301919071E9,776110,776759
776662,-33.428932,-70.666336,1.301919071E9,776110,776759
776662,-33.42887,-70.66642,1.301919071E9,776110,776759
776662,-33.42883,-70.66654,1.301919071E9,776110,776759
776662,-33.428802,-70.66667,1.301919071E9,776110,776759
776662,-33.42877,-70.66679,1.301919071E9,776110,776759
776662,-33.42872,-70.6669,1.301919071E9,776110,776759
776662,-33.42866,-70.667,1.301919071E9,776110,776759
776662,-33.428616,-70.66711,1.301919071E9,776110,776759
776662,-33.428577,-70.66723,1.301919071E9,776110,776759
776662,-33.428524,-70.66732,1.301919071E9,776110,776759
776662,-33.42852,-70.667435,1.301919071E9,776110,776759
776662,-33.42849,-70.667564,1.301919071E9,776110,776759
776662,-33.428448,-70.667656,1.301919071E9,776110,776759
776662,-33.428432,-70.66778,1.301919071E9,776110,776759
776662,-33.428417,-70.667885,1.301919071E9,776110,776759
776662,-33.428406,-70.668015,1.301919071E9,776110,776759
776662,-33.428364,-70.668144,1.301919071E9,776110,776759
776662,-33.42834,-70.66827,1.301919071E9,776110,776759
776662,-33.428318,-70.66837,1.301919071E9,776110,776759
776662,-33.428257,-70.668465,1.301919071E9,776110,776759
776662,-33.42821,-70.66853,1.301919071E9,776110,776759
776662,-33.4282,-70.66856,1.301919071E9,776110,776759
776662,-33.428135,-70.66868,1.301919071E9,776110,776759
776662,-33.42813,-70.66879,1.301919071E9,776110,776759
776662,-33.428074,-70.66892,1.301919071E9,776110,776759
776662,-33.428017,-70.669044,1.301919071E9,776110,776759
776662,-33.42796,-70.66916,1.301919071E9,776110,776759
776662,-33.427906,-70.66929,1.301919071E9,776110,776759
776662,-33.427864,-70.66941,1.301919071E9,776110,776759
776662,-33.427814,-70.6695,1.301919071E9,776110,776759
776662,-33.42775,-70.66961,1.301919071E9,776110,776759
776662,-33.42768,-70.6697,1.301919071E9,776110,776759
776662,-33.427643,-70.669815,1.301919071E9,776110,776759
776662,-33.427597,-70.66992,1.301919071E9,776110,776759
776662,-33.427544,-70.67005,1.301919071E9,776110,776759
776662,-33.427494,-70.67019,1.301919071E9,776110,776759
776662,-33.42744,-70.67031,1.301919071E9,776110,776759
776662,-33.42741,-70.670425,1.301919071E9,776110,776759
776662,-33.4274,-70.67053,1.