9
776662,20.914244,-156.6952,1.301919071E9,776110,776759
776662,20.914328,-156.69527,1.301919071E9,776110,776759
776662,20.914402,-156.69533,1.301919071E9,776110,776759
776662,20.914486,-156.69537,1.301919071E9,776110,776759
776662,20.914568,-156.69543,1.301919071E9,776110,776759
776662,20.914646,-156.6955,1.301919071E9,776110,776759
776662,20.914724,-156.69557,1.301919071E9,776110,776759
776662,20.914806,-156.69565,1.301919071E9,776110,776759
776662,20.91488,-156.69571,1.301919071E9,776110,776759
776662,20.914957,-156.69577,1.301919071E9,776110,776759
776662,20.915033,-156.69583,1.301919071E9,776110,776759
776662,20.91512,-156.69589,1.301919071E9,776110,776759
776662,20.915215,-156.69595,1.301919071E9,776110,776759
776662,20.9153,-156.69601,1.301919071E9,776110,776759
776662,20.915382,-156.69606,1.301919071E9,776110,776759
776662,20.91547,-156.69612,1.301919071E9,776110,776759
776662,20.915564,-156.69617,1.301919071E9,776110,776759
776662,20.915651,-156.6962,1.301919071E9,776110,776759
776662,20.915737,-156.69624,1.301919071E9,776110,776759
776662,20.915825,-156.6963,1.301919071E9,776110,776759
776662,20.915903,-156.69637,1.301919071E9,776110,776759
776662,20.915998,-156.69641,1.301919071E9,776110,776759
776662,20.916075,-156.69649,1.301919071E9,776110,776759
776662,20.916166,-156.69653,1.301919071E9,776110,776759
776662,20.916264,-156.69653,1.301919071E9,776110,776759
776662,20.916367,-156.69653,1.301919071E9,776110,776759
776662,20.916464,-156.69656,1.301919071E9,776110,776759
776662,20.916573,-156.69658,1.301919071E9,776110,776759
776662,20.916674,-156.69658,1.301919071E9,776110,776759
776662,20.91677,-156.69661,1.301919071E9,776110,776759
776662,20.91686,-156.69667,1.301919071E9,776110,776759
776662,20.916958,-156.69673,1.301919071E9,776110,776759
776662,20.917034,-156.6968,1.301919071E9,776110,776759
776662,20.91711,-156.69685,1.301919071E9,776110,776759
776662,20.917194,-156.6969,1.301919071E9,776110,776759
776662,20.917288,-156.69696,1.301919071E9,776110,776759
776662,20.917376,-156.69699,1.301919071E9,776110,776759
776662,20.917475,-156.69699,1.301919071E9,776110,776759
776662,20.917578,-156.69696,1.301919071E9,776110,776759
776662,20.917679,-156.69693,1.301919071E9,776110,776759
776662,20.917767,-156.6969,1.301919071E9,776110,776759
776662,20.917852,-156.69685,1.301919071E9,776110,776759
776662,20.917953,-156.69682,1.301919071E9,776110,776759
776662,20.91804,-156.69678,1.301919071E9,776110,776759
776662,20.91813,-156.69673,1.301919071E9,776110,776759
776662,20.918226,-156.6967,1.301919071E9,776110,776759
776662,20.91832,-156.69666,1.301919071E9,776110,776759
776662,20.918415,-156.69662,1.301919071E9,776110,776759
776662,20.918444,-156.69662,1.301919071E9,776110,776759
776662,20.91865,-156.69641,1.301919071E9,776110,776759
776662,20.91868,-156.69644,1.301919071E9,776110,776759
776662,20.918776,-156.69649,1.301919071E9,776110,776759
776662,20.918882,-156.6965,1.301919071E9,776110,776759
776662,20.91899,-156.69649,1.301919071E9,776110,776759
776662,20.91908,-156.69646,1.301919071E9,776110,776759
776662,20.919191,-156.69644,1.301919071E9,776110,776759
776662,20.919308,-156.69641,1.301919071E9,776110,776759
776662,20.919416,-156.69638,1.301919071E9,776110,776759
776662,20.919518,-156.69637,1.301919071E9,776110,776759
776662,20.919622,-156.69633,1.301919071E9,776110,776759
776662,20.919744,-156.69632,1.301919071E9,776110,776759
776662,20.919846,-156.69629,1.301919071E9,776110,776759
776662,20.91996,-156.69627,1.301919071E9,776110,776759
776662,20.92005,-156.69626,1.301919071E9,776110,776759
776662,20.920166,-156.69624,1.301919071E9,776110,776759
776662,20.920263,-156.69623,1.301919071E9,776110,776759
776662,20.920366,-156.69621,1.301919071E9,776110,776759
776662,20.920485,-156.69621,1.301919071E9,776110,776759
776662,20.920607,-156.6962,1.301919071E9,776110,776759
776662,20.920717,-156.69617,1.301919071E9,776110,776759
776662,20.920813,-156.69615,1.301919071E9,776110,776759
776662,20.920921,-156.69615,1.301919071E9,776110,776759
776662,20.921036,-156.69614,1.301919071E9,776110,776759
776662,20.92114,-156.69612,1.301919071E9,776110,776759
776662,20.921234,-156.69609,1.301919071E9,776110,776759
776662,20.921358,-156.69608,1.301919071E9,776110,776759
776662,20.92145,-156.69606,1.301919071E9,776110,776759
776662,20.92154,-156.69604,1.301919071E9,776110,776759
776662,20.921635,-156.69603,1.301919071E9,776110,776759
776662,20.921741,-156.696,1.301919071E9,776110,776759
776662,20.921831,-156.69597,1.301919071E9,776110,776759
776662,20.921923,-156.69595,1.301919071E9,776110,776759
776662,20.92201,-156.69594,1.301919071E9,776110,776759
776662,20.922104,-156.69592,1.301919071E9,776110,776759
776662,20.9222,-156.69588,1.301919071E9,776110,776759
776662,20.92229,-156.69586,1.301919071E9,776110,776759
776662,20.92238,-156.69585,1.301919071E9,776110,776759
776662,20.92249,-156.69582,1.301919071E9,776110,776759
776662,20.922588,-156.69579,1.301919071E9,776110,776759
776662,20.922695,-156.69577,1.301919071E9,776110,776759
776662,20.92279,-156.69576,1.301919071E9,776110,776759
776662,20.922882,-156.69574,1.301919071E9,776110,776759
776662,20.922976,-156.69568,1.301919071E9,776110,776759
776662,20.923058,-156.69563,1.301919071E9,776110,776759
776662,20.923147,-156.6956,1.301919071E9,776110,776759
776662,20.923244,-156.6956,1.301919071E9,776110,776759
776662,20.92335,-156.69559,1.301919071E9,776110,776759
776662,20.923458,-156.69557,1.301919071E9,776110,776759
776662,20.923561,-156.69557,1.301919071E9,776110,776759
776662,20.923653,-156.69556,1.301919071E9,776110,776759
776662,20.923738,-156.6955,1.301919071E9,776110,776759
776662,20.923843,-156.6955,1.301919071E9,776110,776759
776662,20.923935,-156.6955,1.301919071E9,776110,776759
776662,20.924026,-156.69548,1.301919071E9,776110,776759
776662,20.924126,-156.69547,1.301919071E9,776110,776759
776662,20.924238,-156.69545,1.301919071E9,776110,776759
776662,20.924335,-156.69545,1.301919071E9,776110,776759
776662,20.92443,-156.69543,1.301919071E9,776110,776759
776662,20.924526,-156.69542,1.301919071E9,776110,776759
776662,20.924631,-156.69542,1.301919071E9,776110,776759
776662,20.924734,-156.69542,1.301919071E9,776110,776759
776662,20.924833,-156.69542,1.301919071E9,776110,776759
776662,20.92493,-156.69542,1.301919071E9,776110,776759
776662,20.925028,-156.69542,1.301919071E9,776110,776759
776662,20.925144,-156.69542,1.301919071E9,776110,776759
776662,20.92526,-156.6954,1.301919071E9,776110,776759
776662,20.925367,-156.69543,1.301919071E9,776110,776759
776662,20.92547,-156.69543,1.301919071E9,776110,776759
776662,20.925568,-156.69545,1.301919071E9,776110,776759
776662,20.925665,-156.69547,1.301919071E9,776110,776759
776662,20.92577,-156.69545,1.301919071E9,776110,776759
776662,20.92585,-156.6955,1.301919071E9,776110,776759
776662,20.925962,-156.69551,1.301919071E9,776110,776759
776662,20.926073,-156.69551,1.301919071E9,776110,776759
776662,20.926163,-156.69554,1.301919071E9,776110,776759
776662,20.926254,-156.69557,1.301919071E9,776110,776759
776662,20.926352,-156.69562,1.301919071E9,776110,776759
776662,20.926447,-156.69565,1.301919071E9,776110,776759
776662,20.926544,-156.6957,1.301919071E9,776110,776759
776662,20.926657,-156.69574,1.301919071E9,776110,776759
776662,20.926737,-156.69579,1.301919071E9,776110,776759
776662,20.926805,-156.69585,1.301919071E9,776110,776759
776662,20.926874,-156.69592,1.301919071E9,776110,776759
776662,20.926935,-156.696,1.301919071E9,776110,776759
776662,20.92698,-156.69609,1.301919071E9,776110,776759
776662,20.926949,-156.69598,1.301919071E9,776110,776759
776662,20.926903,-156.6959,1.301919071E9,776110,776759
776662,20.926828,-156.69583,1.301919071E9,776110,776759
776662,20.926756,-156.69577,1.301919071E9,776110,776759
776662,20.926659,-156.69571,1.301919071E9,776110,776759
776662,20.926556,-156.69566,1.301919071E9,776110,776759
776662,20.926464,-156.6956,1.301919071E9,776110,776759
776662,20.926378,-156.69559,1.301919071E9,776110,776759
776662,20.926287,-156.69556,1.301919071E9,776110,