6,1.301919071E9,776110,776759
776662,51.439476,5.4674015,1.301919071E9,776110,776759
776662,51.43936,5.467422,1.301919071E9,776110,776759
776662,51.439217,5.467455,1.301919071E9,776110,776759
776662,51.439053,5.4674487,1.301919071E9,776110,776759
776662,51.438957,5.4674573,1.301919071E9,776110,776759
776662,51.438873,5.4674406,1.301919071E9,776110,776759
776662,51.438778,5.46743,1.301919071E9,776110,776759
776662,51.438652,5.467441,1.301919071E9,776110,776759
776662,51.438606,5.4674397,1.301919071E9,776110,776759
776662,51.438496,5.4674735,1.301919071E9,776110,776759
776662,51.43839,5.4674726,1.301919071E9,776110,776759
776662,51.438282,5.467464,1.301919071E9,776110,776759
776662,51.438194,5.4674816,1.301919071E9,776110,776759
776662,51.4381,5.467446,1.301919071E9,776110,776759
776662,51.438004,5.4674687,1.301919071E9,776110,776759
776662,51.43791,5.467488,1.301919071E9,776110,776759
776662,51.437805,5.467482,1.301919071E9,776110,776759
776662,51.437706,5.467469,1.301919071E9,776110,776759
776662,51.43761,5.467453,1.301919071E9,776110,776759
776662,51.437527,5.467421,1.301919071E9,776110,776759
776662,51.437412,5.4673696,1.301919071E9,776110,776759
776662,51.43737,5.467209,1.301919071E9,776110,776759
776662,51.43735,5.467001,1.301919071E9,776110,776759
776662,51.437363,5.4668107,1.301919071E9,776110,776759
776662,51.43737,5.466652,1.301919071E9,776110,776759
776662,51.437363,5.4665112,1.301919071E9,776110,776759
776662,51.437363,5.4663453,1.301919071E9,776110,776759
776662,51.43737,5.4661655,1.301919071E9,776110,776759
776662,51.43737,5.4659452,1.301919071E9,776110,776759
776662,51.43738,5.465781,1.301919071E9,776110,776759
776662,51.437405,5.465651,1.301919071E9,776110,776759
776662,51.437397,5.4654803,1.301919071E9,776110,776759
776662,51.437325,5.4653735,1.301919071E9,776110,776759
776662,51.43726,5.465205,1.301919071E9,776110,776759
776662,51.437172,5.4650707,1.301919071E9,776110,776759
776662,51.43717,5.464839,1.301919071E9,776110,776759
776662,51.437057,5.464741,1.301919071E9,776110,776759
776662,51.43699,5.4645915,1.301919071E9,776110,776759
776662,51.436916,5.464466,1.301919071E9,776110,776759
776662,51.436794,5.464384,1.301919071E9,776110,776759
776662,51.436695,5.4642806,1.301919071E9,776110,776759
776662,51.436687,5.4640737,1.301919071E9,776110,776759
776662,51.436676,5.463915,1.301919071E9,776110,776759
776662,51.436634,5.463759,1.301919071E9,776110,776759
776662,51.436577,5.463666,1.301919071E9,776110,776759
776662,51.436512,5.4635296,1.301919071E9,776110,776759
776662,51.436443,5.4634004,1.301919071E9,776110,776759
776662,51.43635,5.4632835,1.301919071E9,776110,776759
776662,51.43622,5.4631705,1.301919071E9,776110,776759
776662,51.436127,5.463018,1.301919071E9,776110,776759
776662,51.43605,5.4628854,1.301919071E9,776110,776759
776662,51.436,5.462706,1.301919071E9,776110,776759
776662,51.435966,5.4625797,1.301919071E9,776110,776759
776662,51.435963,5.4623537,1.301919071E9,776110,776759
776662,51.43592,5.462172,1.301919071E9,776110,776759
776662,51.435955,5.4620147,1.301919071E9,776110,776759
776662,51.43601,5.461875,1.301919071E9,776110,776759
776662,51.435886,5.461677,1.301919071E9,776110,776759
776662,51.435867,5.4615507,1.301919071E9,776110,776759
776662,51.43583,5.4613457,1.301919071E9,776110,776759
776662,51.435806,5.4611716,1.301919071E9,776110,776759
776662,51.435734,5.461038,1.301919071E9,776110,776759
776662,51.435658,5.460949,1.301919071E9,776110,776759
776662,51.435562,5.4608874,1.301919071E9,776110,776759
776662,51.4355,5.4607506,1.301919071E9,776110,776759
776662,51.43543,5.4606853,1.301919071E9,776110,776759
776662,51.435337,5.4605865,1.301919071E9,776110,776759
776662,51.435265,5.460501,1.301919071E9,776110,776759
776662,51.435234,5.460352,1.301919071E9,776110,776759
776662,51.435143,5.4602,1.301919071E9,776110,776759
776662,51.435043,5.459996,1.301919071E9,776110,776759
776662,51.43496,5.4598026,1.301919071E9,776110,776759
776662,51.43491,5.459576,1.301919071E9,776110,776759
776662,51.434837,5.4594283,1.301919071E9,776110,776759
776662,51.4348,5.45927,1.301919071E9,776110,776759
776662,51.43475,5.4590583,1.301919071E9,776110,776759
776662,51.43465,5.4587903,1.301919071E9,776110,776759
776662,51.43455,5.458553,1.301919071E9,776110,776759
776662,51.43448,5.4582443,1.301919071E9,776110,776759
776662,51.434402,5.458078,1.301919071E9,776110,776759
776662,51.434357,5.457947,1.301919071E9,776110,776759
776662,51.434307,5.4578047,1.301919071E9,776110,776759
776662,51.434223,5.457694,1.301919071E9,776110,776759
776662,51.43418,5.457485,1.301919071E9,776110,776759
776662,51.43412,5.457347,1.301919071E9,776110,776759
776662,51.434055,5.4572163,1.301919071E9,776110,776759
776662,51.434032,5.457079,1.301919071E9,776110,776759
776662,51.433987,5.456901,1.301919071E9,776110,776759
776662,51.43392,5.456717,1.301919071E9,776110,776759
776662,51.433876,5.4565573,1.301919071E9,776110,776759
776662,51.43382,5.456401,1.301919071E9,776110,776759
776662,51.433746,5.4562583,1.301919071E9,776110,776759
776662,51.433662,5.4561214,1.301919071E9,776110,776759
776662,51.433582,5.4560165,1.301919071E9,776110,776759
776662,51.433525,5.4558873,1.301919071E9,776110,776759
776662,51.433372,5.4559164,1.301919071E9,776110,776759
776662,51.433254,5.4558935,1.301919071E9,776110,776759
776662,51.433193,5.455742,1.301919071E9,776110,776759
776662,51.43312,5.4556537,1.301919071E9,776110,776759
776662,51.43306,5.4555607,1.301919071E9,776110,776759
776662,51.432972,5.455431,1.301919071E9,776110,776759
776662,51.43281,5.455216,1.301919071E9,776110,776759
776662,51.4327,5.455119,1.301919071E9,776110,776759
776662,51.432667,5.455001,1.301919071E9,776110,776759
776662,51.432583,5.4548903,1.301919071E9,776110,776759
776662,51.43249,5.454768,1.301919071E9,776110,776759
776662,51.432396,5.4546404,1.301919071E9,776110,776759
776662,51.43233,5.4545064,1.301919071E9,776110,776759
776662,51.43224,5.45446,1.301919071E9,776110,776759
776662,51.432148,5.454456,1.301919071E9,776110,776759
776662,51.43205,5.454466,1.301919071E9,776110,776759
776662,51.43204,5.454612,1.301919071E9,776110,776759
776662,51.431946,5.454698,1.301919071E9,776110,776759
776662,51.43186,5.4547415,1.301919071E9,776110,776759
776662,51.431786,5.4546533,1.301919071E9,776110,776759
776662,51.43169,5.454593,1.301919071E9,776110,776759
776662,51.431602,5.454526,1.301919071E9,776110,776759
776662,51.431526,5.454451,1.301919071E9,776110,776759
776662,51.43144,5.454422,1.301919071E9,776110,776759
776662,51.431324,5.4543467,1.301919071E9,776110,776759
776662,51.431232,5.4542375,1.301919071E9,776110,776759
776662,51.431206,5.4540954,1.301919071E9,776110,776759
776662,51.43117,5.4539514,1.301919071E9,776110,776759
776662,51.43113,5.453812,1.301919071E9,776110,776759
776662,51.4311,5.4536905,1.301919071E9,776110,776759
776662,51.431076,5.4535236,1.301919071E9,776110,776759
776662,51.430965,5.453471,1.301919071E9,776110,776759
776662,51.430878,5.4534173,1.301919071E9,776110,776759
776662,51.430843,5.453254,1.301919071E9,776110,776759
776662,51.430805,5.4530897,1.301919071E9,776110,776759
776662,51.430775,5.452933,1.301919071E9,776110,776759
776662,51.430702,5.4528103,1.301919071E9,776110,776759
776662,51.430656,5.4526854,1.301919071E9,776110,776759
776662,51.430595,5.4525394,1.301919071E9,776110,776759
776662,51.430546,5.452398,1.301919071E9,776110,776759
776662,51.430496,5.452252,1.301919071E9,776110,776759
776662,51.430428,5.452106,1.301919071E9,776110,776759
776662,51.430363,5.4519567,1.301919071E9,776110,776759
776662,51.430363,5.451816,1.301919071E9,776110,776759
776662,51.430325,5.4516535,1.301919071E9,776110,776759
776662,51.43026,5.4514885,1.301919071E9,776110,776759
776662,51.430164,5.451265,1.301919071E9,776110,776759
776662,51.43009,5.4511976,1.301919071E9,776110,776759
776662,51.43003,5.4510345,1.301919071E9,776110,776759
776662,51.429977,5.4508963,1.301919071E9,776110,776759
776662,51.42992,5.4507318,1.301919071E9,776110,776759
776662,51.429848,5.450619,1.301919071E9,776110,776759
776662,51.429935,5.450