,776759
776662,37.375847,-122.060646,1.301919071E9,776110,776759
776662,37.375885,-122.06076,1.301919071E9,776110,776759
776662,37.375927,-122.060875,1.301919071E9,776110,776759
776662,37.375965,-122.06099,1.301919071E9,776110,776759
776662,37.376003,-122.061104,1.301919071E9,776110,776759
776662,37.376038,-122.06121,1.301919071E9,776110,776759
776662,37.376072,-122.06132,1.301919071E9,776110,776759
776662,37.376118,-122.06145,1.301919071E9,776110,776759
776662,37.37617,-122.06157,1.301919071E9,776110,776759
776662,37.376225,-122.06171,1.301919071E9,776110,776759
776662,37.376266,-122.06181,1.301919071E9,776110,776759
776662,37.376305,-122.061935,1.301919071E9,776110,776759
776662,37.37635,-122.06205,1.301919071E9,776110,776759
776662,37.376396,-122.062164,1.301919071E9,776110,776759
776662,37.37643,-122.06228,1.301919071E9,776110,776759
776662,37.376465,-122.0624,1.301919071E9,776110,776759
776662,37.376495,-122.06251,1.301919071E9,776110,776759
776662,37.37653,-122.06264,1.301919071E9,776110,776759
776662,37.376564,-122.062775,1.301919071E9,776110,776759
776662,37.376595,-122.0629,1.301919071E9,776110,776759
776662,37.376633,-122.063,1.301919071E9,776110,776759
776662,37.376675,-122.0631,1.301919071E9,776110,776759
776662,37.37673,-122.06319,1.301919071E9,776110,776759
776662,37.376827,-122.0632,1.301919071E9,776110,776759
776662,37.37693,-122.063194,1.301919071E9,776110,776759
776662,37.37703,-122.06319,1.301919071E9,776110,776759
776662,37.377136,-122.06317,1.301919071E9,776110,776759
776662,37.37724,-122.06316,1.301919071E9,776110,776759
776662,37.377346,-122.06321,1.301919071E9,776110,776759
776662,37.377357,-122.06333,1.301919071E9,776110,776759
776662,37.377274,-122.06339,1.301919071E9,776110,776759
776662,37.37716,-122.06343,1.301919071E9,776110,776759
776662,37.377068,-122.06345,1.301919071E9,776110,776759
776662,37.376953,-122.06348,1.301919071E9,776110,776759
776662,37.376865,-122.06353,1.301919071E9,776110,776759
776662,37.37687,-122.06366,1.301919071E9,776110,776759
776662,37.376923,-122.06378,1.301919071E9,776110,776759
776662,37.37698,-122.0639,1.301919071E9,776110,776759
776662,37.377026,-122.06404,1.301919071E9,776110,776759
776662,37.377068,-122.06416,1.301919071E9,776110,776759
776662,37.3771,-122.06427,1.301919071E9,776110,776759
776662,37.37714,-122.064384,1.301919071E9,776110,776759
776662,37.377182,-122.06451,1.301919071E9,776110,776759
776662,37.37722,-122.06463,1.301919071E9,776110,776759
776662,37.377266,-122.064735,1.301919071E9,776110,776759
776662,37.377316,-122.06485,1.301919071E9,776110,776759
776662,37.37736,-122.06497,1.301919071E9,776110,776759
776662,37.3774,-122.06507,1.301919071E9,776110,776759
776662,37.377445,-122.0652,1.301919071E9,776110,776759
776662,37.377487,-122.06532,1.301919071E9,776110,776759
776662,37.37754,-122.06545,1.301919071E9,776110,776759
776662,37.377594,-122.06557,1.301919071E9,776110,776759
776662,37.37765,-122.065704,1.301919071E9,776110,776759
776662,37.3777,-122.06583,1.301919071E9,776110,776759
776662,37.377743,-122.06595,1.301919071E9,776110,776759
776662,37.37779,-122.066086,1.301919071E9,776110,776759
776662,37.37781,-122.066216,1.301919071E9,776110,776759
776662,37.377846,-122.06634,1.301919071E9,776110,776759
776662,37.3779,-122.06647,1.301919071E9,776110,776759
776662,37.37795,-122.06659,1.301919071E9,776110,776759
776662,37.377995,-122.06671,1.301919071E9,776110,776759
776662,37.37813,-122.06694,1.301919071E9,776110,776759
776662,37.37817,-122.06705,1.301919071E9,776110,776759
776662,37.378227,-122.067154,1.301919071E9,776110,776759
776662,37.37826,-122.067276,1.301919071E9,776110,776759
776662,37.378304,-122.067406,1.301919071E9,776110,776759
776662,37.378338,-122.06753,1.301919071E9,776110,776759
776662,37.378372,-122.06765,1.301919071E9,776110,776759
776662,37.37841,-122.06777,1.301919071E9,776110,776759
776662,37.37844,-122.06789,1.301919071E9,776110,776759
776662,37.37848,-122.068,1.301919071E9,776110,776759
776662,37.37853,-122.06813,1.301919071E9,776110,776759
776662,37.378582,-122.06824,1.301919071E9,776110,776759
776662,37.37863,-122.06836,1.301919071E9,776110,776759
776662,37.378677,-122.06848,1.301919071E9,776110,776759
776662,37.37871,-122.06858,1.301919071E9,776110,776759
776662,37.378765,-122.0687,1.301919071E9,776110,776759
776662,37.378826,-122.06881,1.301919071E9,776110,776759
776662,37.378834,-122.068924,1.301919071E9,776110,776759
776662,37.378857,-122.069046,1.301919071E9,776110,776759
776662,37.378914,-122.06915,1.301919071E9,776110,776759
776662,37.37896,-122.06918,1.301919071E9,776110,776759
776662,37.378933,-122.06933,1.301919071E9,776110,776759
776662,37.379066,-122.06963,1.301919071E9,776110,776759
776662,37.37922,-122.06992,1.301919071E9,776110,776759
776662,37.379387,-122.070206,1.301919071E9,776110,776759
776662,37.37953,-122.070496,1.301919071E9,776110,776759
776662,37.37968,-122.07082,1.301919071E9,776110,776759
776662,37.379818,-122.07115,1.301919071E9,776110,776759
776662,37.379898,-122.07132,1.301919071E9,776110,776759
776662,37.379948,-122.07143,1.301919071E9,776110,776759
776662,37.379997,-122.071526,1.301919071E9,776110,776759
776662,37.380043,-122.07163,1.301919071E9,776110,776759
776662,37.380096,-122.071754,1.301919071E9,776110,776759
776662,37.38015,-122.071884,1.301919071E9,776110,776759
776662,37.380203,-122.07199,1.301919071E9,776110,776759
776662,37.380245,-122.07211,1.301919071E9,776110,776759
776662,37.380264,-122.07223,1.301919071E9,776110,776759
776662,37.380302,-122.072365,1.301919071E9,776110,776759
776662,37.380344,-122.072495,1.301919071E9,776110,776759
776662,37.380405,-122.07262,1.301919071E9,776110,776759
776662,37.380478,-122.072716,1.301919071E9,776110,776759
776662,37.380527,-122.07284,1.301919071E9,776110,776759
776662,37.38058,-122.07297,1.301919071E9,776110,776759
776662,37.380627,-122.07309,1.301919071E9,776110,776759
776662,37.38067,-122.07321,1.301919071E9,776110,776759
776662,37.380733,-122.07333,1.301919071E9,776110,776759
776662,37.380787,-122.07345,1.301919071E9,776110,776759
776662,37.380848,-122.07357,1.301919071E9,776110,776759
776662,37.380894,-122.07366,1.301919071E9,776110,776759
776662,37.380955,-122.07379,1.301919071E9,776110,776759
776662,37.381,-122.07389,1.301919071E9,776110,776759
776662,37.381042,-122.074,1.301919071E9,776110,776759
776662,37.3811,-122.07412,1.301919071E9,776110,776759
776662,37.381165,-122.07424,1.301919071E9,776110,776759
776662,37.381218,-122.07434,1.301919071E9,776110,776759
776662,37.381283,-122.07444,1.301919071E9,776110,776759
776662,37.38134,-122.07455,1.301919071E9,776110,776759
776662,37.381386,-122.074646,1.301919071E9,776110,776759
776662,37.381443,-122.074776,1.301919071E9,776110,776759
776662,37.381504,-122.0749,1.301919071E9,776110,776759
776662,37.381557,-122.07503,1.301919071E9,776110,776759
776662,37.381615,-122.07515,1.301919071E9,776110,776759
776662,37.381676,-122.07528,1.301919071E9,776110,776759
776662,37.381733,-122.0754,1.301919071E9,776110,776759
776662,37.38179,-122.07553,1.301919071E9,776110,776759
776662,37.38184,-122.07566,1.301919071E9,776110,776759
776662,37.381893,-122.07579,1.301919071E9,776110,776759
776662,37.381947,-122.07592,1.301919071E9,776110,776759
776662,37.382004,-122.07605,1.301919071E9,776110,776759
776662,37.38205,-122.07615,1.301919071E9,776110,776759
776662,37.3821,-122.07625,1.301919071E9,776110,776759
776662,37.38215,-122.07635,1.301919071E9,776110,776759
776662,37.38219,-122.07645,1.301919071E9,776110,776759
776662,37.382248,-122.07658,1.301919071E9,776110,776759
776662,37.38231,-122.0767,1.301919071E9,776110,776759
776662,37.38237,-122.07682,1.301919071E9,776110,776759
776662,37.382435,-122.076935,1.301919071E9,776110,776759
776662,37.382496,-122.07703,1.301919071E9,776110,776759
776662,37.382553,-122.077126,1.301919071E9,776110,776759
776662,37.382618,-122.077225,1.301919071E9,776110,776759
776662,37.38268,-122.077324,1.301919071E9,776110,776759
776662,37.38273,-122.07742,1.301919071E9,776110,776759
776662,37.382767,-122.07752,1