3,1.301919071E9,776110,776759
776662,18.36132,-66.11781,1.301919071E9,776110,776759
776662,18.361366,-66.11797,1.301919071E9,776110,776759
776662,18.36143,-66.11814,1.301919071E9,776110,776759
776662,18.3615,-66.118355,1.301919071E9,776110,776759
776662,18.361553,-66.11856,1.301919071E9,776110,776759
776662,18.361595,-66.11871,1.301919071E9,776110,776759
776662,18.361605,-66.118744,1.301919071E9,776110,776759
776662,18.361649,-66.118904,1.301919071E9,776110,776759
776662,18.361698,-66.11907,1.301919071E9,776110,776759
776662,18.361706,-66.119095,1.301919071E9,776110,776759
776662,18.361752,-66.11925,1.301919071E9,776110,776759
776662,18.361803,-66.119415,1.301919071E9,776110,776759
776662,18.36181,-66.11944,1.301919071E9,776110,776759
776662,18.361843,-66.119606,1.301919071E9,776110,776759
776662,18.361917,-66.119774,1.301919071E9,776110,776759
776662,18.362076,-66.11977,1.301919071E9,776110,776759
776662,18.362139,-66.11974,1.301919071E9,776110,776759
776662,18.362226,-66.11972,1.301919071E9,776110,776759
776662,18.362226,-66.11972,1.301919071E9,776110,776759
776662,18.362404,-66.119675,1.301919071E9,776110,776759
776662,18.36251,-66.119644,1.301919071E9,776110,776759
776662,18.362743,-66.119606,1.301919071E9,776110,776759
776662,18.362913,-66.11966,1.301919071E9,776110,776759
776662,18.362974,-66.11968,1.301919071E9,776110,776759
776662,18.363132,-66.1197,1.301919071E9,776110,776759
776662,18.3633,-66.11967,1.301919071E9,776110,776759
776662,18.36348,-66.119644,1.301919071E9,776110,776759
776662,18.363653,-66.11964,1.301919071E9,776110,776759
776662,18.363668,-66.11964,1.301919071E9,776110,776759
776662,18.363806,-66.11982,1.301919071E9,776110,776759
776662,18.363878,-66.12013,1.301919071E9,776110,776759
776662,18.363916,-66.12034,1.301919071E9,776110,776759
776662,18.363935,-66.12051,1.301919071E9,776110,776759
776662,18.363945,-66.12072,1.301919071E9,776110,776759
776662,18.363976,-66.12094,1.301919071E9,776110,776759
776662,18.363985,-66.12113,1.301919071E9,776110,776759
776662,18.363989,-66.12131,1.301919071E9,776110,776759
776662,18.363989,-66.1215,1.301919071E9,776110,776759
776662,18.363987,-66.121635,1.301919071E9,776110,776759
776662,18.364002,-66.121735,1.301919071E9,776110,776759
776662,18.36401,-66.12192,1.301919071E9,776110,776759
776662,18.36401,-66.12195,1.301919071E9,776110,776759
776662,18.364012,-66.122055,1.301919071E9,776110,776759
776662,18.364008,-66.12222,1.301919071E9,776110,776759
776662,18.364006,-66.12226,1.301919071E9,776110,776759
776662,18.363998,-66.12235,1.301919071E9,776110,776759
776662,18.364006,-66.12251,1.301919071E9,776110,776759
776662,18.36416,-66.12254,1.301919071E9,776110,776759
776662,18.36419,-66.12254,1.301919071E9,776110,776759
776662,18.364347,-66.122574,1.301919071E9,776110,776759
776662,18.364605,-66.122765,1.301919071E9,776110,776759
776662,18.364693,-66.122925,1.301919071E9,776110,776759
776662,18.364788,-66.12308,1.301919071E9,776110,776759
776662,18.364824,-66.1231,1.301919071E9,776110,776759
776662,18.365047,-66.12308,1.301919071E9,776110,776759
776662,18.365208,-66.12307,1.301919071E9,776110,776759
776662,18.365229,-66.12307,1.301919071E9,776110,776759
776662,18.365395,-66.12307,1.301919071E9,776110,776759
776662,18.365559,-66.12307,1.301919071E9,776110,776759
776662,18.365776,-66.12299,1.301919071E9,776110,776759
776662,18.365797,-66.122986,1.301919071E9,776110,776759
776662,18.365973,-66.12291,1.301919071E9,776110,776759
776662,18.36614,-66.122894,1.301919071E9,776110,776759
776662,18.366282,-66.12302,1.301919071E9,776110,776759
776662,18.366335,-66.12319,1.301919071E9,776110,776759
776662,18.366316,-66.12327,1.301919071E9,776110,776759
776662,18.366234,-66.12342,1.301919071E9,776110,776759
776662,18.366186,-66.12345,1.301919071E9,776110,776759
776662,18.391916,-66.138885,1.301919071E9,776110,776759
776662,18.39174,-66.13889,1.301919071E9,776110,776759
776662,18.391603,-66.13878,1.301919071E9,776110,776759
776662,18.39148,-66.13863,1.301919071E9,776110,776759
776662,18.391436,-66.13856,1.301919071E9,776110,776759
776662,18.391375,-66.138405,1.301919071E9,776110,776759
776662,18.391357,-66.13835,1.301919071E9,776110,776759
776662,18.391298,-66.13817,1.301919071E9,776110,776759
776662,18.391197,-66.13801,1.301919071E9,776110,776759
776662,18.391117,-66.13791,1.301919071E9,776110,776759
776662,18.390976,-66.137794,1.301919071E9,776110,776759
776662,18.390816,-66.13769,1.301919071E9,776110,776759
776662,18.390718,-66.13762,1.301919071E9,776110,776759
776662,18.390556,-66.13751,1.301919071E9,776110,776759
776662,18.390501,-66.13748,1.301919071E9,776110,776759
776662,18.390348,-66.13739,1.301919071E9,776110,776759
776662,18.390198,-66.13731,1.301919071E9,776110,776759
776662,18.390043,-66.137276,1.301919071E9,776110,776759
776662,18.389996,-66.13727,1.301919071E9,776110,776759
776662,18.389807,-66.137245,1.301919071E9,776110,776759
776662,18.389612,-66.13723,1.301919071E9,776110,776759
776662,18.389412,-66.137245,1.301919071E9,776110,776759
776662,18.389223,-66.13726,1.301919071E9,776110,776759
776662,18.389029,-66.137314,1.301919071E9,776110,776759
776662,18.388838,-66.13737,1.301919071E9,776110,776759
776662,18.388739,-66.1374,1.301919071E9,776110,776759
776662,18.388548,-66.13744,1.301919071E9,776110,776759
776662,18.388077,-66.13752,1.301919071E9,776110,776759
776662,18.38791,-66.13756,1.301919071E9,776110,776759
776662,18.387741,-66.13759,1.301919071E9,776110,776759
776662,18.387272,-66.137634,1.301919071E9,776110,776759
776662,18.387083,-66.13765,1.301919071E9,776110,776759
776662,18.386902,-66.13767,1.301919071E9,776110,776759
776662,18.386843,-66.13768,1.301919071E9,776110,776759
776662,18.386662,-66.13768,1.301919071E9,776110,776759
776662,18.386496,-66.13773,1.301919071E9,776110,776759
776662,18.386444,-66.13776,1.301919071E9,776110,776759
776662,18.386312,-66.13787,1.301919071E9,776110,776759
776662,18.386126,-66.13788,1.301919071E9,776110,776759
776662,18.38596,-66.13784,1.301919071E9,776110,776759
776662,18.385923,-66.13783,1.301919071E9,776110,776759
776662,18.385778,-66.137764,1.301919071E9,776110,776759
776662,18.385813,-66.137505,1.301919071E9,776110,776759
776662,18.385777,-66.13734,1.301919071E9,776110,776759
776662,18.385637,-66.13727,1.301919071E9,776110,776759
776662,18.385532,-66.13722,1.301919071E9,776110,776759
776662,18.385372,-66.13718,1.301919071E9,776110,776759
776662,18.385216,-66.137146,1.301919071E9,776110,776759
776662,18.385052,-66.1371,1.301919071E9,776110,776759
776662,18.3849,-66.137054,1.301919071E9,776110,776759
776662,18.384747,-66.13701,1.301919071E9,776110,776759
776662,18.38459,-66.13696,1.301919071E9,776110,776759
776662,18.384485,-66.136925,1.301919071E9,776110,776759
776662,18.384329,-66.13689,1.301919071E9,776110,776759
776662,18.384155,-66.13685,1.301919071E9,776110,776759
776662,18.383965,-66.136795,1.301919071E9,776110,776759
776662,18.383526,-66.136696,1.301919071E9,776110,776759
776662,18.383335,-66.13673,1.301919071E9,776110,776759
776662,18.38319,-66.13682,1.301919071E9,776110,776759
776662,18.383139,-66.13705,1.301919071E9,776110,776759
776662,18.383081,-66.13721,1.301919071E9,776110,776759
776662,18.383043,-66.13737,1.301919071E9,776110,776759
776662,18.38299,-66.137535,1.301919071E9,776110,776759
776662,18.382929,-66.13771,1.301919071E9,776110,776759
776662,18.382877,-66.13789,1.301919071E9,776110,776759
776662,18.382841,-66.13808,1.301919071E9,776110,776759
776662,18.382814,-66.13825,1.301919071E9,776110,776759
776662,18.382792,-66.13842,1.301919071E9,776110,776759
776662,18.382776,-66.13858,1.301919071E9,776110,776759
776662,18.382763,-66.13876,1.301919071E9,776110,776759
776662,18.382763,-66.138954,1.301919071E9,776110,776759
776662,18.382763,-66.13913,1.301919071E9,776110,776759
776662,18.382727,-66.13893,1.301919071E9,776110,776759
776662,18.382795,-66.13847,1.301919071E9,776110,776759
776662,18.38284,-66.138306,1.301919071E9,776110,776759
776662,18.382889,-66.13811,1.301919071E9,776110,776759
776662,18.382938,-66.137886,1.301919071E9,