-70.64158,1.301919071E9,776110,776759
776662,-33.43732,-70.64144,1.301919071E9,776110,776759
776662,-33.437294,-70.64133,1.301919071E9,776110,776759
776662,-33.437267,-70.6412,1.301919071E9,776110,776759
776662,-33.43724,-70.64109,1.301919071E9,776110,776759
776662,-33.437164,-70.640785,1.301919071E9,776110,776759
776662,-33.437122,-70.640625,1.301919071E9,776110,776759
776662,-33.437084,-70.64047,1.301919071E9,776110,776759
776662,-33.437042,-70.64033,1.301919071E9,776110,776759
776662,-33.43701,-70.64019,1.301919071E9,776110,776759
776662,-33.436943,-70.64001,1.301919071E9,776110,776759
776662,-33.436943,-70.63982,1.301919071E9,776110,776759
776662,-33.436947,-70.63965,1.301919071E9,776110,776759
776662,-33.43695,-70.63944,1.301919071E9,776110,776759
776662,-33.436825,-70.6392,1.301919071E9,776110,776759
776662,-33.436733,-70.639175,1.301919071E9,776110,776759
776662,-33.436638,-70.639145,1.301919071E9,776110,776759
776662,-33.436543,-70.63912,1.301919071E9,776110,776759
776662,-33.436428,-70.63909,1.301919071E9,776110,776759
776662,-33.4363,-70.63906,1.301919071E9,776110,776759
776662,-33.43618,-70.63903,1.301919071E9,776110,776759
776662,-33.43609,-70.63901,1.301919071E9,776110,776759
776662,-33.435986,-70.63898,1.301919071E9,776110,776759
776662,-33.435886,-70.638954,1.301919071E9,776110,776759
776662,-33.435787,-70.63892,1.301919071E9,776110,776759
776662,-33.43579,-70.63878,1.301919071E9,776110,776759
776662,-33.43582,-70.63865,1.301919071E9,776110,776759
776662,-33.43585,-70.63854,1.301919071E9,776110,776759
776662,-33.43587,-70.638435,1.301919071E9,776110,776759
776662,-33.43591,-70.638275,1.301919071E9,776110,776759
776662,-33.43594,-70.638145,1.301919071E9,776110,776759
776662,-33.43597,-70.63801,1.301919071E9,776110,776759
776662,-33.435997,-70.637886,1.301919071E9,776110,776759
776662,-33.43603,-70.63774,1.301919071E9,776110,776759
776662,-33.43606,-70.637596,1.301919071E9,776110,776759
776662,-33.436096,-70.63744,1.301919071E9,776110,776759
776662,-33.436123,-70.63734,1.301919071E9,776110,776759
776662,-33.436153,-70.63719,1.301919071E9,776110,776759
776662,-33.43619,-70.63703,1.301919071E9,776110,776759
776662,-33.436222,-70.636894,1.301919071E9,776110,776759
776662,-33.43625,-70.63678,1.301919071E9,776110,776759
776662,-33.436287,-70.63661,1.301919071E9,776110,776759
776662,-33.43633,-70.63643,1.301919071E9,776110,776759
776662,-33.43635,-70.636314,1.301919071E9,776110,776759
776662,-33.436375,-70.63621,1.301919071E9,776110,776759
776662,-33.436405,-70.63607,1.301919071E9,776110,776759
776662,-33.43643,-70.635956,1.301919071E9,776110,776759
776662,-33.436455,-70.63584,1.301919071E9,776110,776759
776662,-33.43657,-70.63572,1.301919071E9,776110,776759
776662,-33.436573,-70.63556,1.301919071E9,776110,776759
776662,-33.43654,-70.63545,1.301919071E9,776110,776759
776662,-33.43654,-70.63533,1.301919071E9,776110,776759
776662,-33.436447,-70.63528,1.301919071E9,776110,776759
776662,-33.43625,-70.63528,1.301919071E9,776110,776759
776662,-33.436104,-70.63531,1.301919071E9,776110,776759
776662,-33.435963,-70.63533,1.301919071E9,776110,776759
776662,-33.435818,-70.63533,1.301919071E9,776110,776759
776662,-33.43555,-70.63537,1.301919071E9,776110,776759
776662,-33.435383,-70.63538,1.301919071E9,776110,776759
776662,-33.4352,-70.635414,1.301919071E9,776110,776759
776662,-33.43506,-70.63544,1.301919071E9,776110,776759
776662,-33.434937,-70.63547,1.301919071E9,776110,776759
776662,-33.434734,-70.63543,1.301919071E9,776110,776759
776662,-33.434746,-70.635284,1.301919071E9,776110,776759
776662,-33.43479,-70.63513,1.301919071E9,776110,776759
776662,-33.43483,-70.63503,1.301919071E9,776110,776759
776662,-33.434845,-70.634895,1.301919071E9,776110,776759
776662,-33.434807,-70.634796,1.301919071E9,776110,776759
776662,-33.43478,-70.63469,1.301919071E9,776110,776759
776662,-33.434727,-70.63458,1.301919071E9,776110,776759
776662,-33.43464,-70.63452,1.301919071E9,776110,776759
776662,-33.434532,-70.63452,1.301919071E9,776110,776759
776662,-33.434425,-70.63456,1.301919071E9,776110,776759
776662,-33.434425,-70.63456,1.301919071E9,776110,776759
776662,-33.430218,-70.662125,1.301919071E9,776110,776759
776662,-33.43024,-70.66217,1.301919071E9,776110,776759
776662,-33.43022,-70.66231,1.301919071E9,776110,776759
776662,-33.430157,-70.6624,1.301919071E9,776110,776759
776662,-33.430096,-70.66251,1.301919071E9,776110,776759
776662,-33.43002,-70.66258,1.301919071E9,776110,776759
776662,-33.42996,-70.662674,1.301919071E9,776110,776759
776662,-33.429924,-70.66278,1.301919071E9,776110,776759
776662,-33.42991,-70.662895,1.301919071E9,776110,776759
776662,-33.429893,-70.663,1.301919071E9,776110,776759
776662,-33.42986,-70.66314,1.301919071E9,776110,776759
776662,-33.429832,-70.66326,1.301919071E9,776110,776759
776662,-33.429813,-70.66338,1.301919071E9,776110,776759
776662,-33.429768,-70.66348,1.301919071E9,776110,776759
776662,-33.429703,-70.66359,1.301919071E9,776110,776759
776662,-33.429672,-70.663704,1.301919071E9,776110,776759
776662,-33.429646,-70.66382,1.301919071E9,776110,776759
776662,-33.429596,-70.66394,1.301919071E9,776110,776759
776662,-33.42956,-70.66405,1.301919071E9,776110,776759
776662,-33.429543,-70.66416,1.301919071E9,776110,776759
776662,-33.429497,-70.66428,1.301919071E9,776110,776759
776662,-33.42945,-70.66438,1.301919071E9,776110,776759
776662,-33.4294,-70.664474,1.301919071E9,776110,776759
776662,-33.42935,-70.664566,1.301919071E9,776110,776759
776662,-33.429325,-70.66467,1.301919071E9,776110,776759
776662,-33.429317,-70.66478,1.301919071E9,776110,776759
776662,-33.429295,-70.66489,1.301919071E9,776110,776759
776662,-33.429268,-70.66501,1.301919071E9,776110,776759
776662,-33.42923,-70.66511,1.301919071E9,776110,776759
776662,-33.42921,-70.66523,1.301919071E9,776110,776759
776662,-33.429165,-70.66532,1.301919071E9,776110,776759
776662,-33.42912,-70.66542,1.301919071E9,776110,776759
776662,-33.429073,-70.66553,1.301919071E9,776110,776759
776662,-33.429058,-70.66565,1.301919071E9,776110,776759
776662,-33.429016,-70.665764,1.301919071E9,776110,776759
776662,-33.428955,-70.66585,1.301919071E9,776110,776759
776662,-33.428905,-70.66597,1.301919071E9,776110,776759
776662,-33.42888,-70.666084,1.301919071E9,776110,776759
776662,-33.42883,-70.66619,1.301919071E9,776110,776759
776662,-33.42879,-70.66631,1.301919071E9,776110,776759
776662,-33.428764,-70.66642,1.301919071E9,776110,776759
776662,-33.428745,-70.666534,1.301919071E9,776110,776759
776662,-33.428707,-70.66663,1.301919071E9,776110,776759
776662,-33.428673,-70.66673,1.301919071E9,776110,776759
776662,-33.42864,-70.66684,1.301919071E9,776110,776759
776662,-33.428604,-70.66696,1.301919071E9,776110,776759
776662,-33.428577,-70.667076,1.301919071E9,776110,776759
776662,-33.428543,-70.66719,1.301919071E9,776110,776759
776662,-33.428524,-70.66732,1.301919071E9,776110,776759
776662,-33.428486,-70.667435,1.301919071E9,776110,776759
776662,-33.42843,-70.66754,1.301919071E9,776110,776759
776662,-33.42836,-70.667656,1.301919071E9,776110,776759
776662,-33.428314,-70.66777,1.301919071E9,776110,776759
776662,-33.428288,-70.66789,1.301919071E9,776110,776759
776662,-33.42826,-70.668015,1.301919071E9,776110,776759
776662,-33.428234,-70.66814,1.301919071E9,776110,776759
776662,-33.428204,-70.66827,1.301919071E9,776110,776759
776662,-33.428154,-70.66838,1.301919071E9,776110,776759
776662,-33.428127,-70.668495,1.301919071E9,776110,776759
776662,-33.428085,-70.668594,1.301919071E9,776110,776759
776662,-33.428032,-70.66872,1.301919071E9,776110,776759
776662,-33.427975,-70.66881,1.301919071E9,776110,776759
776662,-33.42792,-70.66891,1.301919071E9,776110,776759
776662,-33.42789,-70.66903,1.301919071E9,776110,776759
776662,-33.427856,-70.66915,1.301919071E9,776110,776759
776662,-33.427837,-70.66919,1.301919071E9,776110,776759
776662,-33.42781,-70.66925,1.301919071E9,776110,776759
776662,-33.42778,-70.669365,1.301919071E9,776110,776759
776662,-33.427742,-70.66949,1.301919071E9,776110,776759
776662,-33.427708,-70.669586,1.301919071E