16,1.301919071E9,776110,776759
776662,37.728535,-122.45206,1.301919071E9,776110,776759
776662,37.728523,-122.45194,1.301919071E9,776110,776759
776662,37.728504,-122.45182,1.301919071E9,776110,776759
776662,37.728508,-122.45171,1.301919071E9,776110,776759
776662,37.72851,-122.45161,1.301919071E9,776110,776759
776662,37.7285,-122.451485,1.301919071E9,776110,776759
776662,37.728508,-122.45138,1.301919071E9,776110,776759
776662,37.72857,-122.45131,1.301919071E9,776110,776759
776662,37.728664,-122.45129,1.301919071E9,776110,776759
776662,37.728756,-122.45126,1.301919071E9,776110,776759
776662,37.728836,-122.45122,1.301919071E9,776110,776759
776662,37.728924,-122.451195,1.301919071E9,776110,776759
776662,37.729004,-122.45119,1.301919071E9,776110,776759
776662,37.72908,-122.451096,1.301919071E9,776110,776759
776662,37.729107,-122.451,1.301919071E9,776110,776759
776662,37.72912,-122.45087,1.301919071E9,776110,776759
776662,37.72913,-122.45074,1.301919071E9,776110,776759
776662,37.72913,-122.45061,1.301919071E9,776110,776759
776662,37.729137,-122.4505,1.301919071E9,776110,776759
776662,37.72915,-122.4504,1.301919071E9,776110,776759
776662,37.729145,-122.450294,1.301919071E9,776110,776759
776662,37.729137,-122.45017,1.301919071E9,776110,776759
776662,37.729134,-122.45005,1.301919071E9,776110,776759
776662,37.729137,-122.44991,1.301919071E9,776110,776759
776662,37.72913,-122.44981,1.301919071E9,776110,776759
776662,37.72911,-122.4497,1.301919071E9,776110,776759
776662,37.729103,-122.449585,1.301919071E9,776110,776759
776662,37.729122,-122.449455,1.301919071E9,776110,776759
776662,37.729122,-122.44933,1.301919071E9,776110,776759
776662,37.729122,-122.44921,1.301919071E9,776110,776759
776662,37.72912,-122.44908,1.301919071E9,776110,776759
776662,37.72918,-122.44899,1.301919071E9,776110,776759
776662,37.72927,-122.44895,1.301919071E9,776110,776759
776662,37.72938,-122.44895,1.301919071E9,776110,776759
776662,37.72948,-122.44895,1.301919071E9,776110,776759
776662,37.72958,-122.448944,1.301919071E9,776110,776759
776662,37.729664,-122.44895,1.301919071E9,776110,776759
776662,37.729767,-122.44895,1.301919071E9,776110,776759
776662,37.729874,-122.448975,1.301919071E9,776110,776759
776662,37.729984,-122.44902,1.301919071E9,776110,776759
776662,37.730087,-122.44905,1.301919071E9,776110,776759
776662,37.730194,-122.44906,1.301919071E9,776110,776759
776662,37.73029,-122.44906,1.301919071E9,776110,776759
776662,37.73039,-122.449066,1.301919071E9,776110,776759
776662,37.730473,-122.4491,1.301919071E9,776110,776759
776662,37.73058,-122.44908,1.301919071E9,776110,776759
776662,37.73067,-122.44907,1.301919071E9,776110,776759
776662,37.730766,-122.449066,1.301919071E9,776110,776759
776662,37.73087,-122.44903,1.301919071E9,776110,776759
776662,37.73095,-122.44901,1.301919071E9,776110,776759
776662,37.73105,-122.44899,1.301919071E9,776110,776759
776662,37.73114,-122.44898,1.301919071E9,776110,776759
776662,37.731224,-122.44899,1.301919071E9,776110,776759
776662,37.731308,-122.44899,1.301919071E9,776110,776759
776662,37.73141,-122.449005,1.301919071E9,776110,776759
776662,37.73147,-122.44907,1.301919071E9,776110,776759
776662,37.73157,-122.44908,1.301919071E9,776110,776759
776662,37.73157,-122.44908,1.301919071E9,776110,776759
776662,37.731556,-122.44883,1.301919071E9,776110,776759
776662,37.73156,-122.44855,1.301919071E9,776110,776759
776662,37.73156,-122.44834,1.301919071E9,776110,776759
776662,37.73156,-122.44785,1.301919071E9,776110,776759
776662,37.731552,-122.44734,1.301919071E9,776110,776759
776662,37.73156,-122.446976,1.301919071E9,776110,776759
776662,37.731556,-122.44677,1.301919071E9,776110,776759
776662,37.731567,-122.446365,1.301919071E9,776110,776759
776662,37.731567,-122.446045,1.301919071E9,776110,776759
776662,37.73156,-122.44571,1.301919071E9,776110,776759
776662,37.73155,-122.44533,1.301919071E9,776110,776759
776662,37.73155,-122.44517,1.301919071E9,776110,776759
776662,37.731552,-122.44501,1.301919071E9,776110,776759
776662,37.731556,-122.44485,1.301919071E9,776110,776759
776662,37.731564,-122.44448,1.301919071E9,776110,776759
776662,37.731564,-122.44415,1.301919071E9,776110,776759
776662,37.73157,-122.44377,1.301919071E9,776110,776759
776662,37.73156,-122.443436,1.301919071E9,776110,776759
776662,37.731556,-122.443016,1.301919071E9,776110,776759
776662,37.73156,-122.44266,1.301919071E9,776110,776759
776662,37.73157,-122.442314,1.301919071E9,776110,776759
776662,37.73158,-122.44217,1.301919071E9,776110,776759
776662,37.731583,-122.44189,1.301919071E9,776110,776759
776662,37.73158,-122.44161,1.301919071E9,776110,776759
776662,37.731583,-122.44115,1.301919071E9,776110,776759
776662,37.73159,-122.440895,1.301919071E9,776110,776759
776662,37.731586,-122.440475,1.301919071E9,776110,776759
776662,37.73159,-122.440056,1.301919071E9,776110,776759
776662,37.7316,-122.43986,1.301919071E9,776110,776759
776662,37.731606,-122.43964,1.301919071E9,776110,776759
776662,37.731617,-122.439285,1.301919071E9,776110,776759
776662,37.73163,-122.43892,1.301919071E9,776110,776759
776662,37.731632,-122.43851,1.301919071E9,776110,776759
776662,37.73164,-122.438156,1.301919071E9,776110,776759
776662,37.731632,-122.43771,1.301919071E9,776110,776759
776662,37.73164,-122.437355,1.301919071E9,776110,776759
776662,37.731647,-122.4372,1.301919071E9,776110,776759
776662,37.73165,-122.437,1.301919071E9,776110,776759
776662,37.73165,-122.437,1.301919071E9,776110,776759
776662,37.731625,-122.43674,1.301919071E9,776110,776759
776662,37.731754,-122.43637,1.301919071E9,776110,776759
776662,37.731922,-122.43599,1.301919071E9,776110,776759
776662,37.732113,-122.4355,1.301919071E9,776110,776759
776662,37.73228,-122.43507,1.301919071E9,776110,776759
776662,37.732357,-122.43486,1.301919071E9,776110,776759
776662,37.732357,-122.43486,1.301919071E9,776110,776759
776662,37.732426,-122.43472,1.301919071E9,776110,776759
776662,37.732533,-122.43453,1.301919071E9,776110,776759
776662,37.732758,-122.43443,1.301919071E9,776110,776759
776662,37.732758,-122.43443,1.301919071E9,776110,776759
776662,37.732883,-122.43432,1.301919071E9,776110,776759
776662,37.733173,-122.43421,1.301919071E9,776110,776759
776662,37.733208,-122.43401,1.301919071E9,776110,776759
776662,37.733276,-122.433685,1.301919071E9,776110,776759
776662,37.733276,-122.433685,1.301919071E9,776110,776759
776662,37.733276,-122.433685,1.301919071E9,776110,776759
776662,37.66822,-122.4144,1.301919071E9,776110,776759
776662,37.668213,-122.41424,1.301919071E9,776110,776759
776662,37.668118,-122.41391,1.301919071E9,776110,776759
776662,37.668037,-122.41357,1.301919071E9,776110,776759
776662,37.667988,-122.4133,1.301919071E9,776110,776759
776662,37.667896,-122.412964,1.301919071E9,776110,776759
776662,37.667774,-122.412544,1.301919071E9,776110,776759
776662,37.66768,-122.412224,1.301919071E9,776110,776759
776662,37.667572,-122.411835,1.301919071E9,776110,776759
776662,37.66752,-122.411644,1.301919071E9,776110,776759
776662,37.66746,-122.411446,1.301919071E9,776110,776759
776662,37.667347,-122.41106,1.301919071E9,776110,776759
776662,37.66724,-122.41069,1.301919071E9,776110,776759
776662,37.66714,-122.410355,1.301919071E9,776110,776759
776662,37.667084,-122.41015,1.301919071E9,776110,776759
776662,37.667023,-122.40995,1.301919071E9,776110,776759
776662,37.6669,-122.40954,1.301919071E9,776110,776759
776662,37.666782,-122.40911,1.301919071E9,776110,776759
776662,37.66673,-122.40891,1.301919071E9,776110,776759
776662,37.666626,-122.40854,1.301919071E9,776110,776759
776662,37.66654,-122.40819,1.301919071E9,776110,776759
776662,37.666454,-122.407875,1.301919071E9,776110,776759
776662,37.666367,-122.40758,1.301919071E9,776110,776759
776662,37.666264,-122.407196,1.301919071E9,776110,776759
776662,37.66621,-122.407005,1.301919071E9,776110,776759
776662,37.666153,-122.406815,1.301919071E9,776110,776759
776662,37.666096,-122.40661,1.301919071E9,776110,776759
776662,37.666027,-122.40636,1.301919071E9,776110,776759
776662,37.665955,-122.40602,1.301919071E9,776110,776759
7