19071E9,776110,776759
776662,20.961836,-156.68321,1.301919071E9,776110,776759
776662,20.961939,-156.68317,1.301919071E9,776110,776759
776662,20.96203,-156.68314,1.301919071E9,776110,776759
776662,20.96213,-156.6831,1.301919071E9,776110,776759
776662,20.962223,-156.68306,1.301919071E9,776110,776759
776662,20.962326,-156.68304,1.301919071E9,776110,776759
776662,20.96236,-156.68303,1.301919071E9,776110,776759
776662,20.962307,-156.68297,1.301919071E9,776110,776759
776662,20.962202,-156.68298,1.301919071E9,776110,776759
776662,20.96209,-156.68303,1.301919071E9,776110,776759
776662,20.961975,-156.68306,1.301919071E9,776110,776759
776662,20.961885,-156.68309,1.301919071E9,776110,776759
776662,20.961786,-156.68312,1.301919071E9,776110,776759
776662,20.961689,-156.68315,1.301919071E9,776110,776759
776662,20.961597,-156.6832,1.301919071E9,776110,776759
776662,20.961485,-156.68323,1.301919071E9,776110,776759
776662,20.961391,-156.68329,1.301919071E9,776110,776759
776662,20.961285,-156.68332,1.301919071E9,776110,776759
776662,20.96118,-156.68336,1.301919071E9,776110,776759
776662,20.961094,-156.6834,1.301919071E9,776110,776759
776662,20.96099,-156.68344,1.301919071E9,776110,776759
776662,20.960897,-156.68346,1.301919071E9,776110,776759
776662,20.960808,-156.68347,1.301919071E9,776110,776759
776662,20.960707,-156.68347,1.301919071E9,776110,776759
776662,20.96061,-156.68344,1.301919071E9,776110,776759
776662,20.960491,-156.68344,1.301919071E9,776110,776759
776662,20.960382,-156.68346,1.301919071E9,776110,776759
776662,20.960281,-156.68347,1.301919071E9,776110,776759
776662,20.960157,-156.68347,1.301919071E9,776110,776759
776662,20.960033,-156.6835,1.301919071E9,776110,776759
776662,20.959915,-156.68352,1.301919071E9,776110,776759
776662,20.959808,-156.68353,1.301919071E9,776110,776759
776662,20.959717,-156.68355,1.301919071E9,776110,776759
776662,20.959631,-156.68358,1.301919071E9,776110,776759
776662,20.95952,-156.68362,1.301919071E9,776110,776759
776662,20.959429,-156.68365,1.301919071E9,776110,776759
776662,20.959349,-156.68372,1.301919071E9,776110,776759
776662,20.959246,-156.68376,1.301919071E9,776110,776759
776662,20.959145,-156.6838,1.301919071E9,776110,776759
776662,20.959044,-156.68385,1.301919071E9,776110,776759
776662,20.958948,-156.68391,1.301919071E9,776110,776759
776662,20.958862,-156.68394,1.301919071E9,776110,776759
776662,20.958773,-156.68399,1.301919071E9,776110,776759
776662,20.958681,-156.68405,1.301919071E9,776110,776759
776662,20.958582,-156.68408,1.301919071E9,776110,776759
776662,20.958492,-156.68413,1.301919071E9,776110,776759
776662,20.958399,-156.68419,1.301919071E9,776110,776759
776662,20.958305,-156.68423,1.301919071E9,776110,776759
776662,20.9582,-156.68427,1.301919071E9,776110,776759
776662,20.958103,-156.68433,1.301919071E9,776110,776759
776662,20.95802,-156.68437,1.301919071E9,776110,776759
776662,20.957848,-156.68445,1.301919071E9,776110,776759
776662,20.95775,-156.68452,1.301919071E9,776110,776759
776662,20.957657,-156.6846,1.301919071E9,776110,776759
776662,20.95758,-156.68466,1.301919071E9,776110,776759
776662,20.957497,-156.68471,1.301919071E9,776110,776759
776662,20.957413,-156.68475,1.301919071E9,776110,776759
776662,20.957224,-156.68484,1.301919071E9,776110,776759
776662,20.957115,-156.68492,1.301919071E9,776110,776759
776662,20.957008,-156.685,1.301919071E9,776110,776759
776662,20.956905,-156.68507,1.301919071E9,776110,776759
776662,20.956758,-156.68515,1.301919071E9,776110,776759
776662,20.956667,-156.6852,1.301919071E9,776110,776759
776662,20.956532,-156.68526,1.301919071E9,776110,776759
776662,20.956417,-156.68532,1.301919071E9,776110,776759
776662,20.956308,-156.68535,1.301919071E9,776110,776759
776662,20.9562,-156.6854,1.301919071E9,776110,776759
776662,20.956106,-156.68541,1.301919071E9,776110,776759
776662,20.956009,-156.68546,1.301919071E9,776110,776759
776662,20.955906,-156.6855,1.301919071E9,776110,776759
776662,20.95582,-156.68555,1.301919071E9,776110,776759
776662,20.955717,-156.68558,1.301919071E9,776110,776759
776662,20.9556,-156.68561,1.301919071E9,776110,776759
776662,20.95551,-156.68564,1.301919071E9,776110,776759
776662,20.955389,-156.68565,1.301919071E9,776110,776759
776662,20.955276,-156.68565,1.301919071E9,776110,776759
776662,20.955183,-156.6857,1.301919071E9,776110,776759
776662,20.955086,-156.68571,1.301919071E9,776110,776759
776662,20.95499,-156.68573,1.301919071E9,776110,776759
776662,20.954903,-156.68576,1.301919071E9,776110,776759
776662,20.954805,-156.6858,1.301919071E9,776110,776759
776662,20.954721,-156.68587,1.301919071E9,776110,776759
776662,20.95464,-156.68591,1.301919071E9,776110,776759
776662,20.954512,-156.68596,1.301919071E9,776110,776759
776662,20.95442,-156.68599,1.301919071E9,776110,776759
776662,20.954323,-156.68604,1.301919071E9,776110,776759
776662,20.954212,-156.68608,1.301919071E9,776110,776759
776662,20.95411,-156.6861,1.301919071E9,776110,776759
776662,20.954012,-156.68613,1.301919071E9,776110,776759
776662,20.953926,-156.68617,1.301919071E9,776110,776759
776662,20.953833,-156.68622,1.301919071E9,776110,776759
776662,20.953741,-156.68626,1.301919071E9,776110,776759
776662,20.953657,-156.6863,1.301919071E9,776110,776759
776662,20.95355,-156.68634,1.301919071E9,776110,776759
776662,20.953447,-156.68637,1.301919071E9,776110,776759
776662,20.953358,-156.6864,1.301919071E9,776110,776759
776662,20.953266,-156.68645,1.301919071E9,776110,776759
776662,20.953163,-156.68648,1.301919071E9,776110,776759
776662,20.953056,-156.68652,1.301919071E9,776110,776759
776662,20.952957,-156.68657,1.301919071E9,776110,776759
776662,20.95285,-156.6866,1.301919071E9,776110,776759
776662,20.952723,-156.68663,1.301919071E9,776110,776759
776662,20.952623,-156.68666,1.301919071E9,776110,776759
776662,20.952528,-156.68669,1.301919071E9,776110,776759
776662,20.952435,-156.68674,1.301919071E9,776110,776759
776662,20.952341,-156.68678,1.301919071E9,776110,776759
776662,20.952244,-156.68681,1.301919071E9,776110,776759
776662,20.95214,-156.68686,1.301919071E9,776110,776759
776662,20.95205,-156.68689,1.301919071E9,776110,776759
776662,20.95195,-156.68692,1.301919071E9,776110,776759
776662,20.951859,-156.68698,1.301919071E9,776110,776759
776662,20.95175,-156.68703,1.301919071E9,776110,776759
776662,20.95166,-156.68703,1.301919071E9,776110,776759
776662,20.951565,-156.68706,1.301919071E9,776110,776759
776662,20.951475,-156.68707,1.301919071E9,776110,776759
776662,20.951385,-156.68709,1.301919071E9,776110,776759
776662,20.951288,-156.6871,1.301919071E9,776110,776759
776662,20.951195,-156.68713,1.301919071E9,776110,776759
776662,20.951101,-156.68716,1.301919071E9,776110,776759
776662,20.951002,-156.6872,1.301919071E9,776110,776759
776662,20.950909,-156.68723,1.301919071E9,776110,776759
776662,20.950825,-156.68726,1.301919071E9,776110,776759
776662,20.950735,-156.6873,1.301919071E9,776110,776759
776662,20.950655,-156.68736,1.301919071E9,776110,776759
776662,20.950575,-156.68741,1.301919071E9,776110,776759
776662,20.950478,-156.68745,1.301919071E9,776110,776759
776662,20.950388,-156.6875,1.301919071E9,776110,776759
776662,20.950283,-156.68755,1.301919071E9,776110,776759
776662,20.950193,-156.6876,1.301919071E9,776110,776759
776662,20.950115,-156.68767,1.301919071E9,776110,776759
776662,20.950018,-156.68771,1.301919071E9,776110,776759
776662,20.949924,-156.68777,1.301919071E9,776110,776759
776662,20.94985,-156.68784,1.301919071E9,776110,776759
776662,20.949781,-156.6879,1.301919071E9,776110,776759
776662,20.949692,-156.68794,1.301919071E9,776110,776759
776662,20.949608,-156.68799,1.301919071E9,776110,776759
776662,20.949524,-156.68803,1.301919071E9,776110,776759
776662,20.949442,-156.68806,1.301919071E9,776110,776759
776662,20.94934,-156.68811,1.301919071E9,776110,776759
776662,20.949247,-156.68811,1.301919071E9,776110,776759
776662,20.94914,-156.68811,1.301919071E9,776110,776759
776662,20.949036,-156.68814,1.301919071E9,776110,776759
776662,20.948948,-156.68816,1.301919071E9,776110,776759
776662,20.948847,-156.6882