E9,776110,776759
776662,45.557907,-122.46474,1.301919071E9,776110,776759
776662,45.55794,-122.4645,1.301919071E9,776110,776759
776662,45.55795,-122.46428,1.301919071E9,776110,776759
776662,45.557945,-122.46408,1.301919071E9,776110,776759
776662,45.557945,-122.463875,1.301919071E9,776110,776759
776662,45.557945,-122.463684,1.301919071E9,776110,776759
776662,45.557945,-122.463486,1.301919071E9,776110,776759
776662,45.557934,-122.463264,1.301919071E9,776110,776759
776662,45.557934,-122.46301,1.301919071E9,776110,776759
776662,45.557938,-122.46279,1.301919071E9,776110,776759
776662,45.557938,-122.46259,1.301919071E9,776110,776759
776662,45.55794,-122.46237,1.301919071E9,776110,776759
776662,45.5579,-122.462166,1.301919071E9,776110,776759
776662,45.55786,-122.461945,1.301919071E9,776110,776759
776662,45.557816,-122.46172,1.301919071E9,776110,776759
776662,45.557777,-122.46151,1.301919071E9,776110,776759
776662,45.557735,-122.4613,1.301919071E9,776110,776759
776662,45.557686,-122.4611,1.301919071E9,776110,776759
776662,45.557636,-122.460884,1.301919071E9,776110,776759
776662,45.55759,-122.460686,1.301919071E9,776110,776759
776662,45.55756,-122.46047,1.301919071E9,776110,776759
776662,45.557545,-122.46026,1.301919071E9,776110,776759
776662,45.557526,-122.46004,1.301919071E9,776110,776759
776662,45.557514,-122.459816,1.301919071E9,776110,776759
776662,45.557514,-122.4596,1.301919071E9,776110,776759
776662,45.55752,-122.45938,1.301919071E9,776110,776759
776662,45.55753,-122.459175,1.301919071E9,776110,776759
776662,45.557575,-122.45897,1.301919071E9,776110,776759
776662,45.557613,-122.45877,1.301919071E9,776110,776759
776662,45.55765,-122.458565,1.301919071E9,776110,776759
776662,45.557693,-122.45836,1.301919071E9,776110,776759
776662,45.557728,-122.45817,1.301919071E9,776110,776759
776662,45.557762,-122.45796,1.301919071E9,776110,776759
776662,45.557816,-122.45777,1.301919071E9,776110,776759
776662,45.557858,-122.45758,1.301919071E9,776110,776759
776662,45.5579,-122.45746,1.301919071E9,776110,776759
776662,45.557888,-122.45728,1.301919071E9,776110,776759
776662,45.557842,-122.45716,1.301919071E9,776110,776759
776662,45.55789,-122.45703,1.301919071E9,776110,776759
776662,45.55794,-122.4569,1.301919071E9,776110,776759
776662,45.557995,-122.4567,1.301919071E9,776110,776759
776662,45.558037,-122.456505,1.301919071E9,776110,776759
776662,45.55811,-122.45636,1.301919071E9,776110,776759
776662,45.558086,-122.4562,1.301919071E9,776110,776759
776662,45.558113,-122.456,1.301919071E9,776110,776759
776662,45.55815,-122.45577,1.301919071E9,776110,776759
776662,45.55816,-122.45556,1.301919071E9,776110,776759
776662,45.55818,-122.45535,1.301919071E9,776110,776759
776662,45.558197,-122.45515,1.301919071E9,776110,776759
776662,45.558197,-122.45491,1.301919071E9,776110,776759
776662,45.55821,-122.45469,1.301919071E9,776110,776759
776662,45.558228,-122.4545,1.301919071E9,776110,776759
776662,45.55822,-122.45428,1.301919071E9,776110,776759
776662,45.55823,-122.45407,1.301919071E9,776110,776759
776662,45.558247,-122.45387,1.301919071E9,776110,776759
776662,45.558258,-122.453674,1.301919071E9,776110,776759
776662,45.558277,-122.453476,1.301919071E9,776110,776759
776662,45.558296,-122.45328,1.301919071E9,776110,776759
776662,45.558308,-122.45308,1.301919071E9,776110,776759
776662,45.558327,-122.45288,1.301919071E9,776110,776759
776662,45.558342,-122.452675,1.301919071E9,776110,776759
776662,45.55837,-122.45247,1.301919071E9,776110,776759
776662,45.55839,-122.45227,1.301919071E9,776110,776759
776662,45.55842,-122.452065,1.301919071E9,776110,776759
776662,45.558437,-122.45187,1.301919071E9,776110,776759
776662,45.55845,-122.45169,1.301919071E9,776110,776759
776662,45.55846,-122.45151,1.301919071E9,776110,776759
776662,45.55847,-122.45133,1.301919071E9,776110,776759
776662,45.558483,-122.451164,1.301919071E9,776110,776759
776662,45.558514,-122.451,1.301919071E9,776110,776759
776662,45.55853,-122.45084,1.301919071E9,776110,776759
776662,45.55855,-122.450676,1.301919071E9,776110,776759
776662,45.558575,-122.45052,1.301919071E9,776110,776759
776662,45.558567,-122.45034,1.301919071E9,776110,776759
776662,45.55859,-122.4502,1.301919071E9,776110,776759
776662,45.55862,-122.45008,1.301919071E9,776110,776759
776662,45.558716,-122.45004,1.301919071E9,776110,776759
776662,45.55879,-122.45021,1.301919071E9,776110,776759
776662,45.558765,-122.450516,1.301919071E9,776110,776759
776662,45.558735,-122.450645,1.301919071E9,776110,776759
776662,45.558704,-122.45079,1.301919071E9,776110,776759
776662,45.558666,-122.45095,1.301919071E9,776110,776759
776662,45.558647,-122.45111,1.301919071E9,776110,776759
776662,45.558617,-122.4513,1.301919071E9,776110,776759
776662,45.5586,-122.451485,1.301919071E9,776110,776759
776662,45.558594,-122.451614,1.301919071E9,776110,776759
776662,45.55858,-122.45177,1.301919071E9,776110,776759
776662,45.55856,-122.451935,1.301919071E9,776110,776759
776662,45.558548,-122.45212,1.301919071E9,776110,776759
776662,45.55857,-122.45229,1.301919071E9,776110,776759
776662,45.558556,-122.45246,1.301919071E9,776110,776759
776662,45.558533,-122.45263,1.301919071E9,776110,776759
776662,45.55852,-122.45283,1.301919071E9,776110,776759
776662,45.558506,-122.452995,1.301919071E9,776110,776759
776662,45.55847,-122.45317,1.301919071E9,776110,776759
776662,45.558445,-122.45337,1.301919071E9,776110,776759
776662,45.55842,-122.45353,1.301919071E9,776110,776759
776662,45.55837,-122.45365,1.301919071E9,776110,776759
776662,45.558353,-122.45384,1.301919071E9,776110,776759
776662,45.558327,-122.45401,1.301919071E9,776110,776759
776662,45.558315,-122.45419,1.301919071E9,776110,776759
776662,45.558292,-122.45436,1.301919071E9,776110,776759
776662,45.55829,-122.45453,1.301919071E9,776110,776759
776662,45.558266,-122.454704,1.301919071E9,776110,776759
776662,45.55824,-122.45489,1.301919071E9,776110,776759
776662,45.558254,-122.45508,1.301919071E9,776110,776759
776662,45.558254,-122.45523,1.301919071E9,776110,776759
776662,45.558258,-122.4554,1.301919071E9,776110,776759
776662,45.558243,-122.455574,1.301919071E9,776110,776759
776662,45.558243,-122.455765,1.301919071E9,776110,776759
776662,45.558235,-122.45594,1.301919071E9,776110,776759
776662,45.558224,-122.45612,1.301919071E9,776110,776759
776662,45.558224,-122.4563,1.301919071E9,776110,776759
776662,45.558178,-122.45646,1.301919071E9,776110,776759
776662,45.55814,-122.45662,1.301919071E9,776110,776759
776662,45.558098,-122.45679,1.301919071E9,776110,776759
776662,45.558064,-122.45695,1.301919071E9,776110,776759
776662,45.55804,-122.457115,1.301919071E9,776110,776759
776662,45.558006,-122.457275,1.301919071E9,776110,776759
776662,45.55797,-122.45744,1.301919071E9,776110,776759
776662,45.557938,-122.45761,1.301919071E9,776110,776759
776662,45.557896,-122.45777,1.301919071E9,776110,776759
776662,45.55787,-122.45795,1.301919071E9,776110,776759
776662,45.55784,-122.458115,1.301919071E9,776110,776759
776662,45.557804,-122.45828,1.301919071E9,776110,776759
776662,45.557777,-122.458466,1.301919071E9,776110,776759
776662,45.55775,-122.458626,1.301919071E9,776110,776759
776662,45.557716,-122.458786,1.301919071E9,776110,776759
776662,45.55769,-122.458954,1.301919071E9,776110,776759
776662,45.55767,-122.459114,1.301919071E9,776110,776759
776662,45.55764,-122.458984,1.301919071E9,776110,776759
776662,45.557556,-122.45934,1.301919071E9,776110,776759
776662,45.557556,-122.45952,1.301919071E9,776110,776759
776662,45.55757,-122.45968,1.301919071E9,776110,776759
776662,45.55759,-122.45982,1.301919071E9,776110,776759
776662,45.55762,-122.459946,1.301919071E9,776110,776759
776662,45.55764,-122.460144,1.301919071E9,776110,776759
776662,45.557667,-122.460335,1.301919071E9,776110,776759
776662,45.55772,-122.46052,1.301919071E9,776110,776759
776662,45.557743,-122.46066,1.301919071E9,776110,776759
776662,45.55775,-122.460815,1.301919071E9,776110,776759
776662,45.55777,-122.461,1.301919071E9,776110,776759
776662,45.557777,-122.46114,1.301919071E9,776110,776759
776662,45.557