110,776759
776662,25.864717,-80.386826,1.301919071E9,776110,776759
776662,25.864853,-80.38683,1.301919071E9,776110,776759
776662,25.864996,-80.38683,1.301919071E9,776110,776759
776662,25.865133,-80.38684,1.301919071E9,776110,776759
776662,25.865261,-80.38684,1.301919071E9,776110,776759
776662,25.865398,-80.38685,1.301919071E9,776110,776759
776662,25.865522,-80.38685,1.301919071E9,776110,776759
776662,25.865667,-80.386856,1.301919071E9,776110,776759
776662,25.865797,-80.38686,1.301919071E9,776110,776759
776662,25.865938,-80.38686,1.301919071E9,776110,776759
776662,25.866077,-80.38687,1.301919071E9,776110,776759
776662,25.866207,-80.38687,1.301919071E9,776110,776759
776662,25.866343,-80.38688,1.301919071E9,776110,776759
776662,25.866476,-80.38688,1.301919071E9,776110,776759
776662,25.866617,-80.38689,1.301919071E9,776110,776759
776662,25.866741,-80.38689,1.301919071E9,776110,776759
776662,25.86688,-80.38689,1.301919071E9,776110,776759
776662,25.867012,-80.38689,1.301919071E9,776110,776759
776662,25.867146,-80.386894,1.301919071E9,776110,776759
776662,25.867287,-80.386894,1.301919071E9,776110,776759
776662,25.867418,-80.386894,1.301919071E9,776110,776759
776662,25.86755,-80.3869,1.301919071E9,776110,776759
776662,25.867668,-80.3869,1.301919071E9,776110,776759
776662,25.867807,-80.3869,1.301919071E9,776110,776759
776662,25.867931,-80.3869,1.301919071E9,776110,776759
776662,25.868076,-80.3869,1.301919071E9,776110,776759
776662,25.868208,-80.3869,1.301919071E9,776110,776759
776662,25.868353,-80.386894,1.301919071E9,776110,776759
776662,25.868492,-80.38687,1.301919071E9,776110,776759
776662,25.868647,-80.38683,1.301919071E9,776110,776759
776662,25.868776,-80.38677,1.301919071E9,776110,776759
776662,25.868889,-80.3867,1.301919071E9,776110,776759
776662,25.868996,-80.38662,1.301919071E9,776110,776759
776662,25.869108,-80.38651,1.301919071E9,776110,776759
776662,25.8692,-80.38639,1.301919071E9,776110,776759
776662,25.869278,-80.38628,1.301919071E9,776110,776759
776662,25.86933,-80.38617,1.301919071E9,776110,776759
776662,25.869392,-80.38603,1.301919071E9,776110,776759
776662,25.86945,-80.38589,1.301919071E9,776110,776759
776662,25.86949,-80.385735,1.301919071E9,776110,776759
776662,25.86951,-80.385605,1.301919071E9,776110,776759
776662,25.869522,-80.38547,1.301919071E9,776110,776759
776662,25.869528,-80.38534,1.301919071E9,776110,776759
776662,25.86953,-80.38519,1.301919071E9,776110,776759
776662,25.869532,-80.385056,1.301919071E9,776110,776759
776662,25.869534,-80.38492,1.301919071E9,776110,776759
776662,25.869535,-80.38478,1.301919071E9,776110,776759
776662,25.869537,-80.384636,1.301919071E9,776110,776759
776662,25.869537,-80.3845,1.301919071E9,776110,776759
776662,25.869537,-80.38436,1.301919071E9,776110,776759
776662,25.86954,-80.38423,1.301919071E9,776110,776759
776662,25.86954,-80.3841,1.301919071E9,776110,776759
776662,25.869541,-80.383965,1.301919071E9,776110,776759
776662,25.869543,-80.38383,1.301919071E9,776110,776759
776662,25.869545,-80.383705,1.301919071E9,776110,776759
776662,25.869547,-80.38356,1.301919071E9,776110,776759
776662,25.869543,-80.383446,1.301919071E9,776110,776759
776662,25.86953,-80.38333,1.301919071E9,776110,776759
776662,25.869501,-80.383194,1.301919071E9,776110,776759
776662,25.869446,-80.38307,1.301919071E9,776110,776759
776662,25.86937,-80.38295,1.301919071E9,776110,776759
776662,25.869282,-80.382835,1.301919071E9,776110,776759
776662,25.869192,-80.38274,1.301919071E9,776110,776759
776662,25.869104,-80.382645,1.301919071E9,776110,776759
776662,25.869019,-80.38255,1.301919071E9,776110,776759
776662,25.86892,-80.382454,1.301919071E9,776110,776759
776662,25.868832,-80.38236,1.301919071E9,776110,776759
776662,25.868753,-80.382286,1.301919071E9,776110,776759
776662,25.868668,-80.382195,1.301919071E9,776110,776759
776662,25.868586,-80.382095,1.301919071E9,776110,776759
776662,25.868517,-80.382,1.301919071E9,776110,776759
776662,25.86846,-80.381905,1.301919071E9,776110,776759
776662,25.86842,-80.381805,1.301919071E9,776110,776759
776662,25.8684,-80.3817,1.301919071E9,776110,776759
776662,25.868395,-80.38155,1.301919071E9,776110,776759
776662,25.868399,-80.38143,1.301919071E9,776110,776759
776662,25.8684,-80.3813,1.301919071E9,776110,776759
776662,25.868404,-80.38117,1.301919071E9,776110,776759
776662,25.868406,-80.38103,1.301919071E9,776110,776759
776662,25.86841,-80.3809,1.301919071E9,776110,776759
776662,25.86841,-80.380775,1.301919071E9,776110,776759
776662,25.86841,-80.380646,1.301919071E9,776110,776759
776662,25.868412,-80.3805,1.301919071E9,776110,776759
776662,25.868412,-80.38036,1.301919071E9,776110,776759
776662,25.868412,-80.38022,1.301919071E9,776110,776759
776662,25.868408,-80.38009,1.301919071E9,776110,776759
776662,25.868399,-80.37993,1.301919071E9,776110,776759
776662,25.868382,-80.37979,1.301919071E9,776110,776759
776662,25.868359,-80.379654,1.301919071E9,776110,776759
776662,25.868338,-80.379555,1.301919071E9,776110,776759
776662,25.868309,-80.379425,1.301919071E9,776110,776759
776662,25.867998,-80.37935,1.301919071E9,776110,776759
776662,25.867891,-80.37939,1.301919071E9,776110,776759
776662,25.86775,-80.37943,1.301919071E9,776110,776759
776662,25.867655,-80.37947,1.301919071E9,776110,776759
776662,25.86755,-80.37951,1.301919071E9,776110,776759
776662,25.867445,-80.37955,1.301919071E9,776110,776759
776662,25.867352,-80.379585,1.301919071E9,776110,776759
776662,25.867224,-80.37962,1.301919071E9,776110,776759
776662,25.867132,-80.379654,1.301919071E9,776110,776759
776662,25.86702,-80.379684,1.301919071E9,776110,776759
776662,25.866907,-80.379715,1.301919071E9,776110,776759
776662,25.866802,-80.37974,1.301919071E9,776110,776759
776662,25.866547,-80.37975,1.301919071E9,776110,776759
776662,25.866411,-80.37975,1.301919071E9,776110,776759
776662,25.866293,-80.37975,1.301919071E9,776110,776759
776662,25.866192,-80.379745,1.301919071E9,776110,776759
776662,25.866053,-80.379745,1.301919071E9,776110,776759
776662,25.865913,-80.379745,1.301919071E9,776110,776759
776662,25.865795,-80.37974,1.301919071E9,776110,776759
776662,25.86569,-80.37974,1.301919071E9,776110,776759
776662,25.86558,-80.37974,1.301919071E9,776110,776759
776662,25.865465,-80.37973,1.301919071E9,776110,776759
776662,25.865358,-80.37973,1.301919071E9,776110,776759
776662,25.865252,-80.37972,1.301919071E9,776110,776759
776662,25.865107,-80.37972,1.301919071E9,776110,776759
776662,25.864979,-80.379715,1.301919071E9,776110,776759
776662,25.864878,-80.379715,1.301919071E9,776110,776759
776662,25.864746,-80.37971,1.301919071E9,776110,776759
776662,25.86459,-80.37971,1.301919071E9,776110,776759
776662,25.864468,-80.3797,1.301919071E9,776110,776759
776662,25.864351,-80.3797,1.301919071E9,776110,776759
776662,25.86426,-80.37969,1.301919071E9,776110,776759
776662,25.864145,-80.37979,1.301919071E9,776110,776759
776662,25.864025,-80.379814,1.301919071E9,776110,776759
776662,25.863968,-80.379684,1.301919071E9,776110,776759
776662,25.863796,-80.37968,1.301919071E9,776110,776759
776662,25.863676,-80.37968,1.301919071E9,776110,776759
776662,25.863554,-80.37967,1.301919071E9,776110,776759
776662,25.863445,-80.37967,1.301919071E9,776110,776759
776662,25.863321,-80.37966,1.301919071E9,776110,776759
776662,25.863207,-80.37966,1.301919071E9,776110,776759
776662,25.863089,-80.37966,1.301919071E9,776110,776759
776662,25.862976,-80.379654,1.301919071E9,776110,776759
776662,25.862854,-80.37965,1.301919071E9,776110,776759
776662,25.862732,-80.37965,1.301919071E9,776110,776759
776662,25.862612,-80.37965,1.301919071E9,776110,776759
776662,25.862503,-80.37964,1.301919071E9,776110,776759
776662,25.862394,-80.37964,1.301919071E9,776110,776759
776662,25.862238,-80.37963,1.301919071E9,776110,776759
776662,25.862112,-80.37962,1.301919071E9,776110,776759
776662,25.861958,-80.37962,1.301919071E9,776110,776759
776662,25.861856,-80.379616,1.301919071E9,776110,776759
776662,25.861738,-80.379616,1.301919071E9,776110,776759
776662,25.861624,-80.37961,1.301919071E9,776110,776759
776662,25.861471,-80