59
776662,20.794815,-156.58035,1.301919071E9,776110,776759
776662,20.794827,-156.58041,1.301919071E9,776110,776759
776662,20.794838,-156.58049,1.301919071E9,776110,776759
776662,20.79485,-156.58057,1.301919071E9,776110,776759
776662,20.79486,-156.58063,1.301919071E9,776110,776759
776662,20.794882,-156.58076,1.301919071E9,776110,776759
776662,20.794893,-156.58084,1.301919071E9,776110,776759
776662,20.794907,-156.5809,1.301919071E9,776110,776759
776662,20.79493,-156.58105,1.301919071E9,776110,776759
776662,20.794962,-156.58119,1.301919071E9,776110,776759
776662,20.79498,-156.58125,1.301919071E9,776110,776759
776662,20.794996,-156.58133,1.301919071E9,776110,776759
776662,20.795013,-156.58139,1.301919071E9,776110,776759
776662,20.795029,-156.58147,1.301919071E9,776110,776759
776662,20.795046,-156.58153,1.301919071E9,776110,776759
776662,20.795061,-156.5816,1.301919071E9,776110,776759
776662,20.795078,-156.58167,1.301919071E9,776110,776759
776662,20.79511,-156.5818,1.301919071E9,776110,776759
776662,20.795126,-156.58186,1.301919071E9,776110,776759
776662,20.795141,-156.58194,1.301919071E9,776110,776759
776662,20.795158,-156.582,1.301919071E9,776110,776759
776662,20.795176,-156.58208,1.301919071E9,776110,776759
776662,20.795193,-156.58214,1.301919071E9,776110,776759
776662,20.79521,-156.58221,1.301919071E9,776110,776759
776662,20.795229,-156.58228,1.301919071E9,776110,776759
776662,20.795246,-156.58234,1.301919071E9,776110,776759
776662,20.795261,-156.58241,1.301919071E9,776110,776759
776662,20.795279,-156.58247,1.301919071E9,776110,776759
776662,20.795319,-156.58263,1.301919071E9,776110,776759
776662,20.795338,-156.5827,1.301919071E9,776110,776759
776662,20.79536,-156.58276,1.301919071E9,776110,776759
776662,20.795382,-156.58284,1.301919071E9,776110,776759
776662,20.795404,-156.58292,1.301919071E9,776110,776759
776662,20.795452,-156.58307,1.301919071E9,776110,776759
776662,20.795477,-156.58315,1.301919071E9,776110,776759
776662,20.7955,-156.58322,1.301919071E9,776110,776759
776662,20.795547,-156.58336,1.301919071E9,776110,776759
776662,20.79557,-156.58342,1.301919071E9,776110,776759
776662,20.79564,-156.58362,1.301919071E9,776110,776759
776662,20.795666,-156.58368,1.301919071E9,776110,776759
776662,20.795689,-156.58374,1.301919071E9,776110,776759
776662,20.795713,-156.5838,1.301919071E9,776110,776759
776662,20.795736,-156.58386,1.301919071E9,776110,776759
776662,20.79576,-156.58392,1.301919071E9,776110,776759
776662,20.795782,-156.58398,1.301919071E9,776110,776759
776662,20.795832,-156.58412,1.301919071E9,776110,776759
776662,20.795858,-156.58418,1.301919071E9,776110,776759
776662,20.795883,-156.58424,1.301919071E9,776110,776759
776662,20.79591,-156.5843,1.301919071E9,776110,776759
776662,20.795937,-156.58437,1.301919071E9,776110,776759
776662,20.79599,-156.58449,1.301919071E9,776110,776759
776662,20.796019,-156.58455,1.301919071E9,776110,776759
776662,20.796047,-156.58461,1.301919071E9,776110,776759
776662,20.796104,-156.58475,1.301919071E9,776110,776759
776662,20.796162,-156.58487,1.301919071E9,776110,776759
776662,20.79619,-156.58493,1.301919071E9,776110,776759
776662,20.796247,-156.58505,1.301919071E9,776110,776759
776662,20.796307,-156.58517,1.301919071E9,776110,776759
776662,20.79637,-156.5853,1.301919071E9,776110,776759
776662,20.796432,-156.58542,1.301919071E9,776110,776759
776662,20.796465,-156.58548,1.301919071E9,776110,776759
776662,20.796526,-156.5856,1.301919071E9,776110,776759
776662,20.796556,-156.58566,1.301919071E9,776110,776759
776662,20.796583,-156.58572,1.301919071E9,776110,776759
776662,20.796638,-156.58585,1.301919071E9,776110,776759
776662,20.79667,-156.5859,1.301919071E9,776110,776759
776662,20.7967,-156.58597,1.301919071E9,776110,776759
776662,20.796759,-156.58609,1.301919071E9,776110,776759
776662,20.79679,-156.58617,1.301919071E9,776110,776759
776662,20.79682,-156.58623,1.301919071E9,776110,776759
776662,20.79685,-156.58629,1.301919071E9,776110,776759
776662,20.796883,-156.58635,1.301919071E9,776110,776759
776662,20.796911,-156.58641,1.301919071E9,776110,776759
776662,20.796944,-156.58646,1.301919071E9,776110,776759
776662,20.796974,-156.58652,1.301919071E9,776110,776759
776662,20.797005,-156.5866,1.301919071E9,776110,776759
776662,20.797066,-156.58672,1.301919071E9,776110,776759
776662,20.797094,-156.58678,1.301919071E9,776110,776759
776662,20.797125,-156.58684,1.301919071E9,776110,776759
776662,20.797153,-156.5869,1.301919071E9,776110,776759
776662,20.797213,-156.58702,1.301919071E9,776110,776759
776662,20.797272,-156.58713,1.301919071E9,776110,776759
776662,20.797304,-156.5872,1.301919071E9,776110,776759
776662,20.797337,-156.58727,1.301919071E9,776110,776759
776662,20.797367,-156.58733,1.301919071E9,776110,776759
776662,20.797428,-156.58745,1.301919071E9,776110,776759
776662,20.797459,-156.58751,1.301919071E9,776110,776759
776662,20.79749,-156.58757,1.301919071E9,776110,776759
776662,20.79752,-156.58765,1.301919071E9,776110,776759
776662,20.797583,-156.58777,1.301919071E9,776110,776759
776662,20.797642,-156.58789,1.301919071E9,776110,776759
776662,20.79767,-156.58797,1.301919071E9,776110,776759
776662,20.7977,-156.58803,1.301919071E9,776110,776759
776662,20.797764,-156.58815,1.301919071E9,776110,776759
776662,20.797794,-156.58821,1.301919071E9,776110,776759
776662,20.797857,-156.58833,1.301919071E9,776110,776759
776662,20.797888,-156.5884,1.301919071E9,776110,776759
776662,20.797947,-156.58852,1.301919071E9,776110,776759
776662,20.797976,-156.58858,1.301919071E9,776110,776759
776662,20.798004,-156.58864,1.301919071E9,776110,776759
776662,20.79803,-156.5887,1.301919071E9,776110,776759
776662,20.798088,-156.58884,1.301919071E9,776110,776759
776662,20.798117,-156.5889,1.301919071E9,776110,776759
776662,20.798174,-156.58902,1.301919071E9,776110,776759
776662,20.798231,-156.58914,1.301919071E9,776110,776759
776662,20.798262,-156.58919,1.301919071E9,776110,776759
776662,20.798292,-156.58925,1.301919071E9,776110,776759
776662,20.798323,-156.58931,1.301919071E9,776110,776759
776662,20.798388,-156.58942,1.301919071E9,776110,776759
776662,20.798422,-156.58948,1.301919071E9,776110,776759
776662,20.798489,-156.58958,1.301919071E9,776110,776759
776662,20.798525,-156.58963,1.301919071E9,776110,776759
776662,20.798594,-156.58974,1.301919071E9,776110,776759
776662,20.798628,-156.58978,1.301919071E9,776110,776759
776662,20.798697,-156.58987,1.301919071E9,776110,776759
776662,20.79873,-156.58994,1.301919071E9,776110,776759
776662,20.798803,-156.59004,1.301919071E9,776110,776759
776662,20.798838,-156.59009,1.301919071E9,776110,776759
776662,20.798906,-156.59018,1.301919071E9,776110,776759
776662,20.79894,-156.59024,1.301919071E9,776110,776759
776662,20.799007,-156.59033,1.301919071E9,776110,776759
776662,20.799044,-156.59038,1.301919071E9,776110,776759
776662,20.799124,-156.59047,1.301919071E9,776110,776759
776662,20.799164,-156.59053,1.301919071E9,776110,776759
776662,20.7992,-156.59058,1.301919071E9,776110,776759
776662,20.799238,-156.59062,1.301919071E9,776110,776759
776662,20.799309,-156.59073,1.301919071E9,776110,776759
776662,20.799345,-156.59077,1.301919071E9,776110,776759
776662,20.799416,-156.59088,1.301919071E9,776110,776759
776662,20.799484,-156.59099,1.301919071E9,776110,776759
776662,20.799519,-156.59105,1.301919071E9,776110,776759
776662,20.799555,-156.5911,1.301919071E9,776110,776759
776662,20.799625,-156.59122,1.301919071E9,776110,776759
776662,20.799662,-156.59126,1.301919071E9,776110,776759
776662,20.799732,-156.59137,1.301919071E9,776110,776759
776662,20.799767,-156.59142,1.301919071E9,776110,776759
776662,20.799828,-156.59149,1.301919071E9,776110,776759
776662,20.799856,-156.59154,1.301919071E9,776110,776759
776662,20.799917,-156.59164,1.301919071E9,776110,776759
776662,20.799948,-156.59169,1.301919071E9,776110,776759
776662,20.800016,-156.59178,1.301919071E9,776110,776759
776662,20.800053,-156.59183,1.301919071E9,776110,776759
776662,20.80009,-156.59189,1.301919071E9,776110,776759
776662,20.800129,-156.59193,1.301919071E