776110,776759
776662,48.43404,-68.547226,1.301919071E9,776110,776759
776662,48.433994,-68.547455,1.301919071E9,776110,776759
776662,48.433937,-68.54759,1.301919071E9,776110,776759
776662,48.43388,-68.54776,1.301919071E9,776110,776759
776662,48.43384,-68.547905,1.301919071E9,776110,776759
776662,48.433792,-68.54801,1.301919071E9,776110,776759
776662,48.433727,-68.54811,1.301919071E9,776110,776759
776662,48.43367,-68.54823,1.301919071E9,776110,776759
776662,48.433643,-68.54837,1.301919071E9,776110,776759
776662,48.433628,-68.54853,1.301919071E9,776110,776759
776662,48.4336,-68.54868,1.301919071E9,776110,776759
776662,48.433556,-68.54883,1.301919071E9,776110,776759
776662,48.4335,-68.54898,1.301919071E9,776110,776759
776662,48.43347,-68.549126,1.301919071E9,776110,776759
776662,48.43344,-68.54929,1.301919071E9,776110,776759
776662,48.4334,-68.54942,1.301919071E9,776110,776759
776662,48.433334,-68.54955,1.301919071E9,776110,776759
776662,48.43329,-68.54972,1.301919071E9,776110,776759
776662,48.433258,-68.549866,1.301919071E9,776110,776759
776662,48.433224,-68.55003,1.301919071E9,776110,776759
776662,48.433174,-68.5502,1.301919071E9,776110,776759
776662,48.43311,-68.55034,1.301919071E9,776110,776759
776662,48.43305,-68.550476,1.301919071E9,776110,776759
776662,48.432983,-68.55058,1.301919071E9,776110,776759
776662,48.432926,-68.55069,1.301919071E9,776110,776759
776662,48.432865,-68.55081,1.301919071E9,776110,776759
776662,48.4328,-68.55094,1.301919071E9,776110,776759
776662,48.432735,-68.55106,1.301919071E9,776110,776759
776662,48.43265,-68.55119,1.301919071E9,776110,776759
776662,48.432568,-68.55126,1.301919071E9,776110,776759
776662,48.43246,-68.55132,1.301919071E9,776110,776759
776662,48.432373,-68.551384,1.301919071E9,776110,776759
776662,48.43228,-68.55145,1.301919071E9,776110,776759
776662,48.432186,-68.551506,1.301919071E9,776110,776759
776662,48.432068,-68.55153,1.301919071E9,776110,776759
776662,48.43197,-68.55152,1.301919071E9,776110,776759
776662,48.431854,-68.55148,1.301919071E9,776110,776759
776662,48.43176,-68.551414,1.301919071E9,776110,776759
776662,48.431667,-68.551315,1.301919071E9,776110,776759
776662,48.4316,-68.55117,1.301919071E9,776110,776759
776662,48.431538,-68.55106,1.301919071E9,776110,776759
776662,48.431454,-68.55101,1.301919071E9,776110,776759
776662,48.431343,-68.550964,1.301919071E9,776110,776759
776662,48.43126,-68.55087,1.301919071E9,776110,776759
776662,48.431187,-68.55077,1.301919071E9,776110,776759
776662,48.431114,-68.55066,1.301919071E9,776110,776759
776662,48.43104,-68.55052,1.301919071E9,776110,776759
776662,48.43096,-68.550415,1.301919071E9,776110,776759
776662,48.430866,-68.55038,1.301919071E9,776110,776759
776662,48.430737,-68.55041,1.301919071E9,776110,776759
776662,48.43063,-68.55042,1.301919071E9,776110,776759
776662,48.43053,-68.550446,1.301919071E9,776110,776759
776662,48.43043,-68.550446,1.301919071E9,776110,776759
776662,48.430336,-68.55045,1.301919071E9,776110,776759
776662,48.430225,-68.55045,1.301919071E9,776110,776759
776662,48.430122,-68.55044,1.301919071E9,776110,776759
776662,48.430016,-68.55042,1.301919071E9,776110,776759
776662,48.42991,-68.550385,1.301919071E9,776110,776759
776662,48.429813,-68.55036,1.301919071E9,776110,776759
776662,48.42971,-68.550385,1.301919071E9,776110,776759
776662,48.429585,-68.55044,1.301919071E9,776110,776759
776662,48.429462,-68.55051,1.301919071E9,776110,776759
776662,48.429363,-68.55062,1.301919071E9,776110,776759
776662,48.429264,-68.550735,1.301919071E9,776110,776759
776662,48.429173,-68.5508,1.301919071E9,776110,776759
776662,48.429054,-68.55086,1.301919071E9,776110,776759
776662,48.42896,-68.550896,1.301919071E9,776110,776759
776662,48.428844,-68.55096,1.301919071E9,776110,776759
776662,48.428757,-68.551,1.301919071E9,776110,776759
776662,48.42864,-68.55102,1.301919071E9,776110,776759
776662,48.42854,-68.55103,1.301919071E9,776110,776759
776662,48.428448,-68.551056,1.301919071E9,776110,776759
776662,48.428352,-68.55108,1.301919071E9,776110,776759
776662,48.428265,-68.55111,1.301919071E9,776110,776759
776662,48.428154,-68.55114,1.301919071E9,776110,776759
776662,48.42804,-68.551155,1.301919071E9,776110,776759
776662,48.427948,-68.55118,1.301919071E9,776110,776759
776662,48.427845,-68.551186,1.301919071E9,776110,776759
776662,48.42775,-68.5511,1.301919071E9,776110,776759
776662,48.427696,-68.550964,1.301919071E9,776110,776759
776662,48.427666,-68.55082,1.301919071E9,776110,776759
776662,48.427628,-68.5507,1.301919071E9,776110,776759
776662,48.42757,-68.55055,1.301919071E9,776110,776759
776662,48.427494,-68.55042,1.301919071E9,776110,776759
776662,48.42743,-68.550316,1.301919071E9,776110,776759
776662,48.42736,-68.55022,1.301919071E9,776110,776759
776662,48.427284,-68.5501,1.301919071E9,776110,776759
776662,48.427227,-68.54998,1.301919071E9,776110,776759
776662,48.42717,-68.54985,1.301919071E9,776110,776759
776662,48.427135,-68.549706,1.301919071E9,776110,776759
776662,48.427032,-68.549644,1.301919071E9,776110,776759
776662,48.426945,-68.54958,1.301919071E9,776110,776759
776662,48.426865,-68.54951,1.301919071E9,776110,776759
776662,48.42677,-68.54942,1.301919071E9,776110,776759
776662,48.42669,-68.54933,1.301919071E9,776110,776759
776662,48.426594,-68.54928,1.301919071E9,776110,776759
776662,48.426514,-68.5492,1.301919071E9,776110,776759
776662,48.42645,-68.54909,1.301919071E9,776110,776759
776662,48.426373,-68.54898,1.301919071E9,776110,776759
776662,48.426304,-68.54883,1.301919071E9,776110,776759
776662,48.426266,-68.54868,1.301919071E9,776110,776759
776662,48.426216,-68.54856,1.301919071E9,776110,776759
776662,48.426163,-68.54845,1.301919071E9,776110,776759
776662,48.42609,-68.548355,1.301919071E9,776110,776759
776662,48.426006,-68.54826,1.301919071E9,776110,776759
776662,48.425915,-68.54817,1.301919071E9,776110,776759
776662,48.42582,-68.54817,1.301919071E9,776110,776759
776662,48.42572,-68.54818,1.301919071E9,776110,776759
776662,48.42563,-68.54821,1.301919071E9,776110,776759
776662,48.425537,-68.54824,1.301919071E9,776110,776759
776662,48.42545,-68.54827,1.301919071E9,776110,776759
776662,48.42536,-68.54832,1.301919071E9,776110,776759
776662,48.42526,-68.548355,1.301919071E9,776110,776759
776662,48.42514,-68.54838,1.301919071E9,776110,776759
776662,48.425022,-68.5484,1.301919071E9,776110,776759
776662,48.424927,-68.54843,1.301919071E9,776110,776759
776662,48.42482,-68.54848,1.301919071E9,776110,776759
776662,48.42471,-68.54853,1.301919071E9,776110,776759
776662,48.424606,-68.54854,1.301919071E9,776110,776759
776662,48.4245,-68.54846,1.301919071E9,776110,776759
776662,48.424427,-68.54835,1.301919071E9,776110,776759
776662,48.424362,-68.54825,1.301919071E9,776110,776759
776662,48.424274,-68.5482,1.301919071E9,776110,776759
776662,48.42417,-68.5482,1.301919071E9,776110,776759
776662,48.424057,-68.54823,1.301919071E9,776110,776759
776662,48.423954,-68.54826,1.301919071E9,776110,776759
776662,48.423855,-68.5483,1.301919071E9,776110,776759
776662,48.42377,-68.54834,1.301919071E9,776110,776759
776662,48.42368,-68.54839,1.301919071E9,776110,776759
776662,48.42359,-68.54845,1.301919071E9,776110,776759
776662,48.423485,-68.54851,1.301919071E9,776110,776759
776662,48.423374,-68.548584,1.301919071E9,776110,776759
776662,48.423275,-68.54865,1.301919071E9,776110,776759
776662,48.42318,-68.548706,1.301919071E9,776110,776759
776662,48.423088,-68.54875,1.301919071E9,776110,776759
776662,48.42299,-68.54877,1.301919071E9,776110,776759
776662,48.422897,-68.548775,1.301919071E9,776110,776759
776662,48.422806,-68.54881,1.301919071E9,776110,776759
776662,48.422714,-68.54885,1.301919071E9,776110,776759
776662,48.422615,-68.5489,1.301919071E9,776110,776759
776662,48.42252,-68.54896,1.301919071E9,776110,776759
776662,48.422436,-68.54904,1.301919071E9,776110,776759
776662,48.42234,-68.54917,1.301919071E9,776110,776759
776662,48.42224,-68.5493,1.301919071E9,776110,776759
776662,48.422165,-68.549416,1.301919071E9,776110,776759
776662,48.422085,-68.54954,1.301919071E9,776110,776759
7766