E9,776110,776759
776662,42.35347,-71.10542,1.301919071E9,776110,776759
776662,42.353462,-71.10559,1.301919071E9,776110,776759
776662,42.353474,-71.10571,1.301919071E9,776110,776759
776662,42.353477,-71.10586,1.301919071E9,776110,776759
776662,42.353462,-71.10598,1.301919071E9,776110,776759
776662,42.353443,-71.10613,1.301919071E9,776110,776759
776662,42.353443,-71.10628,1.301919071E9,776110,776759
776662,42.353455,-71.10641,1.301919071E9,776110,776759
776662,42.35346,-71.10656,1.301919071E9,776110,776759
776662,42.353462,-71.10669,1.301919071E9,776110,776759
776662,42.353447,-71.10682,1.301919071E9,776110,776759
776662,42.35342,-71.10695,1.301919071E9,776110,776759
776662,42.35341,-71.10712,1.301919071E9,776110,776759
776662,42.353397,-71.10726,1.301919071E9,776110,776759
776662,42.353413,-71.107414,1.301919071E9,776110,776759
776662,42.353416,-71.107544,1.301919071E9,776110,776759
776662,42.353424,-71.1077,1.301919071E9,776110,776759
776662,42.35342,-71.10783,1.301919071E9,776110,776759
776662,42.353416,-71.10797,1.301919071E9,776110,776759
776662,42.353436,-71.10812,1.301919071E9,776110,776759
776662,42.353462,-71.10826,1.301919071E9,776110,776759
776662,42.353466,-71.10838,1.301919071E9,776110,776759
776662,42.35346,-71.108536,1.301919071E9,776110,776759
776662,42.353455,-71.10867,1.301919071E9,776110,776759
776662,42.353462,-71.10881,1.301919071E9,776110,776759
776662,42.353485,-71.10893,1.301919071E9,776110,776759
776662,42.353523,-71.10905,1.301919071E9,776110,776759
776662,42.353546,-71.10917,1.301919071E9,776110,776759
776662,42.35357,-71.109314,1.301919071E9,776110,776759
776662,42.353607,-71.10945,1.301919071E9,776110,776759
776662,42.35363,-71.10958,1.301919071E9,776110,776759
776662,42.35365,-71.1097,1.301919071E9,776110,776759
776662,42.35368,-71.10985,1.301919071E9,776110,776759
776662,42.35371,-71.10998,1.301919071E9,776110,776759
776662,42.35372,-71.11013,1.301919071E9,776110,776759
776662,42.35371,-71.11029,1.301919071E9,776110,776759
776662,42.353687,-71.110374,1.301919071E9,776110,776759
776662,42.353676,-71.110405,1.301919071E9,776110,776759
776662,42.35373,-71.1105,1.301919071E9,776110,776759
776662,42.353733,-71.11054,1.301919071E9,776110,776759
776662,42.353725,-71.11062,1.301919071E9,776110,776759
776662,42.353733,-71.11076,1.301919071E9,776110,776759
776662,42.35381,-71.11086,1.301919071E9,776110,776759
776662,42.353878,-71.11098,1.301919071E9,776110,776759
776662,42.353943,-71.11108,1.301919071E9,776110,776759
776662,42.35404,-71.11118,1.301919071E9,776110,776759
776662,42.354115,-71.1113,1.301919071E9,776110,776759
776662,42.35419,-71.1114,1.301919071E9,776110,776759
776662,42.354267,-71.11152,1.301919071E9,776110,776759
776662,42.354267,-71.11169,1.301919071E9,776110,776759
776662,42.354286,-71.11183,1.301919071E9,776110,776759
776662,42.354267,-71.11196,1.301919071E9,776110,776759
776662,42.354206,-71.11206,1.301919071E9,776110,776759
776662,42.35413,-71.11215,1.301919071E9,776110,776759
776662,42.354057,-71.11225,1.301919071E9,776110,776759
776662,42.353996,-71.112366,1.301919071E9,776110,776759
776662,42.35399,-71.11252,1.301919071E9,776110,776759
776662,42.353966,-71.112656,1.301919071E9,776110,776759
776662,42.353867,-71.11271,1.301919071E9,776110,776759
776662,42.35388,-71.112854,1.301919071E9,776110,776759
776662,42.353928,-71.11296,1.301919071E9,776110,776759
776662,42.353977,-71.11309,1.301919071E9,776110,776759
776662,42.354027,-71.1132,1.301919071E9,776110,776759
776662,42.354073,-71.11331,1.301919071E9,776110,776759
776662,42.35413,-71.11345,1.301919071E9,776110,776759
776662,42.3542,-71.11358,1.301919071E9,776110,776759
776662,42.354263,-71.1137,1.301919071E9,776110,776759
776662,42.354317,-71.11382,1.301919071E9,776110,776759
776662,42.354362,-71.113945,1.301919071E9,776110,776759
776662,42.35442,-71.11408,1.301919071E9,776110,776759
776662,42.35447,-71.11418,1.301919071E9,776110,776759
776662,42.354534,-71.1143,1.301919071E9,776110,776759
776662,42.354603,-71.114426,1.301919071E9,776110,776759
776662,42.35468,-71.11455,1.301919071E9,776110,776759
776662,42.35474,-71.11464,1.301919071E9,776110,776759
776662,42.354797,-71.11475,1.301919071E9,776110,776759
776662,42.35487,-71.11487,1.301919071E9,776110,776759
776662,42.354935,-71.11495,1.301919071E9,776110,776759
776662,42.355015,-71.115005,1.301919071E9,776110,776759
776662,42.35511,-71.11505,1.301919071E9,776110,776759
776662,42.355217,-71.11507,1.301919071E9,776110,776759
776662,42.355305,-71.1151,1.301919071E9,776110,776759
776662,42.3554,-71.11513,1.301919071E9,776110,776759
776662,42.355503,-71.11514,1.301919071E9,776110,776759
776662,42.35561,-71.115166,1.301919071E9,776110,776759
776662,42.355717,-71.11518,1.301919071E9,776110,776759
776662,42.35583,-71.1152,1.301919071E9,776110,776759
776662,42.355934,-71.11519,1.301919071E9,776110,776759
776662,42.35604,-71.11519,1.301919071E9,776110,776759
776662,42.35615,-71.11517,1.301919071E9,776110,776759
776662,42.35625,-71.11521,1.301919071E9,776110,776759
776662,42.356354,-71.11528,1.301919071E9,776110,776759
776662,42.35645,-71.115364,1.301919071E9,776110,776759
776662,42.35653,-71.115425,1.301919071E9,776110,776759
776662,42.356632,-71.11551,1.301919071E9,776110,776759
776662,42.356735,-71.11559,1.301919071E9,776110,776759
776662,42.356834,-71.11566,1.301919071E9,776110,776759
776662,42.356926,-71.11576,1.301919071E9,776110,776759
776662,42.356995,-71.115845,1.301919071E9,776110,776759
776662,42.35707,-71.11594,1.301919071E9,776110,776759
776662,42.357162,-71.116,1.301919071E9,776110,776759
776662,42.357265,-71.11604,1.301919071E9,776110,776759
776662,42.35737,-71.11603,1.301919071E9,776110,776759
776662,42.357468,-71.11599,1.301919071E9,776110,776759
776662,42.35756,-71.11594,1.301919071E9,776110,776759
776662,42.357647,-71.11589,1.301919071E9,776110,776759
776662,42.35773,-71.115814,1.301919071E9,776110,776759
776662,42.357807,-71.11574,1.301919071E9,776110,776759
776662,42.35791,-71.1157,1.301919071E9,776110,776759
776662,42.358013,-71.115685,1.301919071E9,776110,776759
776662,42.358105,-71.11568,1.301919071E9,776110,776759
776662,42.35821,-71.11567,1.301919071E9,776110,776759
776662,42.358303,-71.11567,1.301919071E9,776110,776759
776662,42.358395,-71.11565,1.301919071E9,776110,776759
776662,42.358486,-71.11565,1.301919071E9,776110,776759
776662,42.35861,-71.11565,1.301919071E9,776110,776759
776662,42.35872,-71.11567,1.301919071E9,776110,776759
776662,42.358814,-71.115685,1.301919071E9,776110,776759
776662,42.35893,-71.11571,1.301919071E9,776110,776759
776662,42.35904,-71.11574,1.301919071E9,776110,776759
776662,42.359135,-71.11576,1.301919071E9,776110,776759
776662,42.359226,-71.11577,1.301919071E9,776110,776759
776662,42.359318,-71.11578,1.301919071E9,776110,776759
776662,42.359432,-71.1158,1.301919071E9,776110,776759
776662,42.35953,-71.115814,1.301919071E9,776110,776759
776662,42.35962,-71.11583,1.301919071E9,776110,776759
776662,42.359734,-71.115845,1.301919071E9,776110,776759
776662,42.35985,-71.11587,1.301919071E9,776110,776759
776662,42.359943,-71.115875,1.301919071E9,776110,776759
776662,42.360035,-71.11588,1.301919071E9,776110,776759
776662,42.360153,-71.11589,1.301919071E9,776110,776759
776662,42.360252,-71.11591,1.301919071E9,776110,776759
776662,42.360355,-71.11593,1.301919071E9,776110,776759
776662,42.36046,-71.11594,1.301919071E9,776110,776759
776662,42.360565,-71.11593,1.301919071E9,776110,776759
776662,42.360672,-71.11593,1.301919071E9,776110,776759
776662,42.36078,-71.11594,1.301919071E9,776110,776759
776662,42.36087,-71.11596,1.301919071E9,776110,776759
776662,42.360973,-71.11599,1.301919071E9,776110,776759
776662,42.361084,-71.11602,1.301919071E9,776110,776759
776662,42.36118,-71.11602,1.301919071E9,776110,776759
776662,42.361294,-71.11604,1.301919071E9,776110,776759
776662,42.361324,-71.11616,1.301919071E9,776110,776759
776662,42.36132,-71.11629,1.301919071E9,776110,776759
776662,42.361294,-71.11643,1.301919071E9,776110,776759
776662,42.36125,-71.11657,1.301919071E9,776110,776759
77