156.6633,1.301919071E9,776110,776759
776662,20.855297,-156.66339,1.301919071E9,776110,776759
776662,20.855358,-156.66344,1.301919071E9,776110,776759
776662,20.85542,-156.66348,1.301919071E9,776110,776759
776662,20.85554,-156.66357,1.301919071E9,776110,776759
776662,20.8556,-156.66362,1.301919071E9,776110,776759
776662,20.855661,-156.66367,1.301919071E9,776110,776759
776662,20.85578,-156.66376,1.301919071E9,776110,776759
776662,20.8559,-156.66385,1.301919071E9,776110,776759
776662,20.85609,-156.66399,1.301919071E9,776110,776759
776662,20.85622,-156.6641,1.301919071E9,776110,776759
776662,20.85635,-156.66418,1.301919071E9,776110,776759
776662,20.856415,-156.66423,1.301919071E9,776110,776759
776662,20.856548,-156.66434,1.301919071E9,776110,776759
776662,20.856615,-156.66438,1.301919071E9,776110,776759
776662,20.856749,-156.66449,1.301919071E9,776110,776759
776662,20.856821,-156.66454,1.301919071E9,776110,776759
776662,20.856892,-156.66458,1.301919071E9,776110,776759
776662,20.856962,-156.66463,1.301919071E9,776110,776759
776662,20.857101,-156.66473,1.301919071E9,776110,776759
776662,20.85717,-156.66478,1.301919071E9,776110,776759
776662,20.85724,-156.66484,1.301919071E9,776110,776759
776662,20.85731,-156.66489,1.301919071E9,776110,776759
776662,20.85738,-156.66493,1.301919071E9,776110,776759
776662,20.857449,-156.66498,1.301919071E9,776110,776759
776662,20.857586,-156.66507,1.301919071E9,776110,776759
776662,20.857714,-156.66515,1.301919071E9,776110,776759
776662,20.857838,-156.66524,1.301919071E9,776110,776759
776662,20.857899,-156.66528,1.301919071E9,776110,776759
776662,20.857958,-156.66533,1.301919071E9,776110,776759
776662,20.858074,-156.6654,1.301919071E9,776110,776759
776662,20.858192,-156.6655,1.301919071E9,776110,776759
776662,20.858301,-156.66557,1.301919071E9,776110,776759
776662,20.85841,-156.66565,1.301919071E9,776110,776759
776662,20.858461,-156.6657,1.301919071E9,776110,776759
776662,20.858513,-156.66573,1.301919071E9,776110,776759
776662,20.858562,-156.66577,1.301919071E9,776110,776759
776662,20.858667,-156.66585,1.301919071E9,776110,776759
776662,20.85878,-156.66594,1.301919071E9,776110,776759
776662,20.85889,-156.666,1.301919071E9,776110,776759
776662,20.859003,-156.66608,1.301919071E9,776110,776759
776662,20.85906,-156.66612,1.301919071E9,776110,776759
776662,20.859116,-156.66615,1.301919071E9,776110,776759
776662,20.85922,-156.66623,1.301919071E9,776110,776759
776662,20.859304,-156.6663,1.301919071E9,776110,776759
776662,20.859383,-156.66638,1.301919071E9,776110,776759
776662,20.859486,-156.66647,1.301919071E9,776110,776759
776662,20.85959,-156.66655,1.301919071E9,776110,776759
776662,20.859642,-156.66658,1.301919071E9,776110,776759
776662,20.85973,-156.66666,1.301919071E9,776110,776759
776662,20.859772,-156.66669,1.301919071E9,776110,776759
776662,20.859812,-156.66672,1.301919071E9,776110,776759
776662,20.859898,-156.66678,1.301919071E9,776110,776759
776662,20.859947,-156.66681,1.301919071E9,776110,776759
776662,20.860048,-156.66687,1.301919071E9,776110,776759
776662,20.860146,-156.66695,1.301919071E9,776110,776759
776662,20.86024,-156.66702,1.301919071E9,776110,776759
776662,20.860334,-156.66708,1.301919071E9,776110,776759
776662,20.860432,-156.66714,1.301919071E9,776110,776759
776662,20.86048,-156.66719,1.301919071E9,776110,776759
776662,20.860573,-156.66725,1.301919071E9,776110,776759
776662,20.86062,-156.66728,1.301919071E9,776110,776759
776662,20.860666,-156.66733,1.301919071E9,776110,776759
776662,20.860714,-156.66736,1.301919071E9,776110,776759
776662,20.860804,-156.66742,1.301919071E9,776110,776759
776662,20.860891,-156.66748,1.301919071E9,776110,776759
776662,20.860935,-156.66751,1.301919071E9,776110,776759
776662,20.861025,-156.66756,1.301919071E9,776110,776759
776662,20.861113,-156.66762,1.301919071E9,776110,776759
776662,20.861195,-156.66768,1.301919071E9,776110,776759
776662,20.861277,-156.66774,1.301919071E9,776110,776759
776662,20.86136,-156.6678,1.301919071E9,776110,776759
776662,20.861448,-156.66786,1.301919071E9,776110,776759
776662,20.861526,-156.66792,1.301919071E9,776110,776759
776662,20.861605,-156.66798,1.301919071E9,776110,776759
776662,20.861689,-156.66805,1.301919071E9,776110,776759
776662,20.861776,-156.6681,1.301919071E9,776110,776759
776662,20.861826,-156.66815,1.301919071E9,776110,776759
776662,20.861921,-156.66823,1.301919071E9,776110,776759
776662,20.861969,-156.66826,1.301919071E9,776110,776759
776662,20.862017,-156.66829,1.301919071E9,776110,776759
776662,20.86211,-156.66837,1.301919071E9,776110,776759
776662,20.862156,-156.66841,1.301919071E9,776110,776759
776662,20.862255,-156.66849,1.301919071E9,776110,776759
776662,20.862368,-156.66858,1.301919071E9,776110,776759
776662,20.862484,-156.66866,1.301919071E9,776110,776759
776662,20.862656,-156.66876,1.301919071E9,776110,776759
776662,20.862764,-156.66884,1.301919071E9,776110,776759
776662,20.86287,-156.6689,1.301919071E9,776110,776759
776662,20.86297,-156.66895,1.301919071E9,776110,776759
776662,20.863024,-156.66898,1.301919071E9,776110,776759
776662,20.863073,-156.669,1.301919071E9,776110,776759
776662,20.863125,-156.66904,1.301919071E9,776110,776759
776662,20.863174,-156.66907,1.301919071E9,776110,776759
776662,20.863228,-156.6691,1.301919071E9,776110,776759
776662,20.863283,-156.66914,1.301919071E9,776110,776759
776662,20.863337,-156.66917,1.301919071E9,776110,776759
776662,20.863394,-156.6692,1.301919071E9,776110,776759
776662,20.86345,-156.66924,1.301919071E9,776110,776759
776662,20.863565,-156.66931,1.301919071E9,776110,776759
776662,20.86368,-156.66937,1.301919071E9,776110,776759
776662,20.863737,-156.66942,1.301919071E9,776110,776759
776662,20.863798,-156.66945,1.301919071E9,776110,776759
776662,20.863918,-156.66951,1.301919071E9,776110,776759
776662,20.864038,-156.66957,1.301919071E9,776110,776759
776662,20.864098,-156.6696,1.301919071E9,776110,776759
776662,20.864216,-156.66966,1.301919071E9,776110,776759
776662,20.86434,-156.66972,1.301919071E9,776110,776759
776662,20.86447,-156.6698,1.301919071E9,776110,776759
776662,20.8646,-156.66986,1.301919071E9,776110,776759
776662,20.864662,-156.6699,1.301919071E9,776110,776759
776662,20.86479,-156.66997,1.301919071E9,776110,776759
776662,20.864918,-156.67003,1.301919071E9,776110,776759
776662,20.865047,-156.6701,1.301919071E9,776110,776759
776662,20.865114,-156.67014,1.301919071E9,776110,776759
776662,20.865183,-156.67017,1.301919071E9,776110,776759
776662,20.86525,-156.6702,1.301919071E9,776110,776759
776662,20.865316,-156.67023,1.301919071E9,776110,776759
776662,20.865454,-156.67029,1.301919071E9,776110,776759
776662,20.865595,-156.67035,1.301919071E9,776110,776759
776662,20.865665,-156.67038,1.301919071E9,776110,776759
776662,20.865807,-156.67044,1.301919071E9,776110,776759
776662,20.865877,-156.67046,1.301919071E9,776110,776759
776662,20.86595,-156.67049,1.301919071E9,776110,776759
776662,20.866022,-156.67052,1.301919071E9,776110,776759
776662,20.866095,-156.67055,1.301919071E9,776110,776759
776662,20.866241,-156.67061,1.301919071E9,776110,776759
776662,20.8664,-156.67067,1.301919071E9,776110,776759
776662,20.86648,-156.67068,1.301919071E9,776110,776759
776662,20.86664,-156.67075,1.301919071E9,776110,776759
776662,20.866802,-156.6708,1.301919071E9,776110,776759
776662,20.866882,-156.67084,1.301919071E9,776110,776759
776662,20.867037,-156.6709,1.301919071E9,776110,776759
776662,20.867193,-156.67097,1.301919071E9,776110,776759
776662,20.867353,-156.67104,1.301919071E9,776110,776759
776662,20.867517,-156.67111,1.301919071E9,776110,776759
776662,20.867682,-156.67117,1.301919071E9,776110,776759
776662,20.867765,-156.67122,1.301919071E9,776110,776759
776662,20.867933,-156.67128,1.301919071E9,776110,776759
776662,20.868015,-156.67131,1.301919071E9,776110,776759
776662,20.868177,-156.67139,1.301919071E9,776110,776759
776662,20.868336,-156.67145,1.301919071E9,776110,776759
776662,20.868412,-156.6715,1.301919071E9,776110,776759
776662,20.868555,-156.67155,1.301919071E9,776110,776759
776662,20.868616,-