.11514,1.301919071E9,776110,776759
776662,42.35307,-71.11525,1.301919071E9,776110,776759
776662,42.353127,-71.115364,1.301919071E9,776110,776759
776662,42.353153,-71.115486,1.301919071E9,776110,776759
776662,42.3532,-71.11562,1.301919071E9,776110,776759
776662,42.35328,-71.1157,1.301919071E9,776110,776759
776662,42.35336,-71.11577,1.301919071E9,776110,776759
776662,42.353436,-71.11584,1.301919071E9,776110,776759
776662,42.353523,-71.11594,1.301919071E9,776110,776759
776662,42.353596,-71.116035,1.301919071E9,776110,776759
776662,42.353664,-71.116135,1.301919071E9,776110,776759
776662,42.353725,-71.11624,1.301919071E9,776110,776759
776662,42.353783,-71.116356,1.301919071E9,776110,776759
776662,42.35384,-71.116455,1.301919071E9,776110,776759
776662,42.35389,-71.11656,1.301919071E9,776110,776759
776662,42.353924,-71.116684,1.301919071E9,776110,776759
776662,42.353954,-71.1168,1.301919071E9,776110,776759
776662,42.354,-71.11693,1.301919071E9,776110,776759
776662,42.354053,-71.117035,1.301919071E9,776110,776759
776662,42.354122,-71.11715,1.301919071E9,776110,776759
776662,42.354206,-71.11724,1.301919071E9,776110,776759
776662,42.354286,-71.117325,1.301919071E9,776110,776759
776662,42.354397,-71.117424,1.301919071E9,776110,776759
776662,42.35448,-71.117516,1.301919071E9,776110,776759
776662,42.35457,-71.11761,1.301919071E9,776110,776759
776662,42.35467,-71.117676,1.301919071E9,776110,776759
776662,42.354767,-71.11774,1.301919071E9,776110,776759
776662,42.35486,-71.11782,1.301919071E9,776110,776759
776662,42.354958,-71.11788,1.301919071E9,776110,776759
776662,42.355057,-71.11793,1.301919071E9,776110,776759
776662,42.35516,-71.117966,1.301919071E9,776110,776759
776662,42.355255,-71.118004,1.301919071E9,776110,776759
776662,42.35535,-71.11805,1.301919071E9,776110,776759
776662,42.355446,-71.11808,1.301919071E9,776110,776759
776662,42.35555,-71.11811,1.301919071E9,776110,776759
776662,42.355656,-71.11813,1.301919071E9,776110,776759
776662,42.355762,-71.118164,1.301919071E9,776110,776759
776662,42.35586,-71.118195,1.301919071E9,776110,776759
776662,42.355972,-71.11821,1.301919071E9,776110,776759
776662,42.35609,-71.11822,1.301919071E9,776110,776759
776662,42.356186,-71.118225,1.301919071E9,776110,776759
776662,42.356285,-71.11824,1.301919071E9,776110,776759
776662,42.35638,-71.118225,1.301919071E9,776110,776759
776662,42.356476,-71.118195,1.301919071E9,776110,776759
776662,42.356575,-71.11818,1.301919071E9,776110,776759
776662,42.356686,-71.11815,1.301919071E9,776110,776759
776662,42.356792,-71.11813,1.301919071E9,776110,776759
776662,42.356907,-71.11812,1.301919071E9,776110,776759
776662,42.357002,-71.118095,1.301919071E9,776110,776759
776662,42.3571,-71.11807,1.301919071E9,776110,776759
776662,42.357197,-71.11806,1.301919071E9,776110,776759
776662,42.3573,-71.11804,1.301919071E9,776110,776759
776662,42.357407,-71.118,1.301919071E9,776110,776759
776662,42.357506,-71.117966,1.301919071E9,776110,776759
776662,42.357613,-71.11791,1.301919071E9,776110,776759
776662,42.35771,-71.11787,1.301919071E9,776110,776759
776662,42.35781,-71.11783,1.301919071E9,776110,776759
776662,42.35791,-71.11779,1.301919071E9,776110,776759
776662,42.358006,-71.117744,1.301919071E9,776110,776759
776662,42.3581,-71.11771,1.301919071E9,776110,776759
776662,42.358196,-71.11767,1.301919071E9,776110,776759
776662,42.358307,-71.11763,1.301919071E9,776110,776759
776662,42.35841,-71.117584,1.301919071E9,776110,776759
776662,42.3585,-71.11755,1.301919071E9,776110,776759
776662,42.358585,-71.11751,1.301919071E9,776110,776759
776662,42.35868,-71.11747,1.301919071E9,776110,776759
776662,42.35877,-71.11745,1.301919071E9,776110,776759
776662,42.358875,-71.11742,1.301919071E9,776110,776759
776662,42.358982,-71.11737,1.301919071E9,776110,776759
776662,42.359066,-71.11733,1.301919071E9,776110,776759
776662,42.35916,-71.117294,1.301919071E9,776110,776759
776662,42.359276,-71.11727,1.301919071E9,776110,776759
776662,42.359367,-71.11725,1.301919071E9,776110,776759
776662,42.359486,-71.11724,1.301919071E9,776110,776759
776662,42.359585,-71.11725,1.301919071E9,776110,776759
776662,42.359688,-71.11726,1.301919071E9,776110,776759
776662,42.35979,-71.11726,1.301919071E9,776110,776759
776662,42.359894,-71.11726,1.301919071E9,776110,776759
776662,42.36001,-71.11729,1.301919071E9,776110,776759
776662,42.36012,-71.1173,1.301919071E9,776110,776759
776662,42.360226,-71.11733,1.301919071E9,776110,776759
776662,42.360325,-71.11734,1.301919071E9,776110,776759
776662,42.36044,-71.11735,1.301919071E9,776110,776759
776662,42.360546,-71.11736,1.301919071E9,776110,776759
776662,42.36064,-71.11741,1.301919071E9,776110,776759
776662,42.360744,-71.1174,1.301919071E9,776110,776759
776662,42.360844,-71.11742,1.301919071E9,776110,776759
776662,42.360943,-71.11737,1.301919071E9,776110,776759
776662,42.361008,-71.11724,1.301919071E9,776110,776759
776662,42.36104,-71.117096,1.301919071E9,776110,776759
776662,42.361065,-71.116974,1.301919071E9,776110,776759
776662,42.361095,-71.11685,1.301919071E9,776110,776759
776662,42.361137,-71.11673,1.301919071E9,776110,776759
776662,42.361176,-71.11659,1.301919071E9,776110,776759
776662,42.36123,-71.116455,1.301919071E9,776110,776759
776662,42.361275,-71.116325,1.301919071E9,776110,776759
776662,42.3613,-71.116196,1.301919071E9,776110,776759
776662,42.36127,-71.11607,1.301919071E9,776110,776759
776662,42.361168,-71.11606,1.301919071E9,776110,776759
776662,42.361065,-71.11606,1.301919071E9,776110,776759
776662,42.360966,-71.11603,1.301919071E9,776110,776759
776662,42.360863,-71.11603,1.301919071E9,776110,776759
776662,42.360764,-71.116,1.301919071E9,776110,776759
776662,42.360657,-71.11597,1.301919071E9,776110,776759
776662,42.36055,-71.11595,1.301919071E9,776110,776759
776662,42.36044,-71.11594,1.301919071E9,776110,776759
776662,42.36034,-71.11593,1.301919071E9,776110,776759
776662,42.360245,-71.11591,1.301919071E9,776110,776759
776662,42.360146,-71.115906,1.301919071E9,776110,776759
776662,42.360043,-71.115906,1.301919071E9,776110,776759
776662,42.35994,-71.1159,1.301919071E9,776110,776759
776662,42.35984,-71.11588,1.301919071E9,776110,776759
776662,42.359737,-71.11587,1.301919071E9,776110,776759
776662,42.35964,-71.11586,1.301919071E9,776110,776759
776662,42.35954,-71.115845,1.301919071E9,776110,776759
776662,42.359436,-71.11583,1.301919071E9,776110,776759
776662,42.35934,-71.11583,1.301919071E9,776110,776759
776662,42.35924,-71.11581,1.301919071E9,776110,776759
776662,42.359146,-71.1158,1.301919071E9,776110,776759
776662,42.359047,-71.11579,1.301919071E9,776110,776759
776662,42.358948,-71.115776,1.301919071E9,776110,776759
776662,42.35884,-71.11577,1.301919071E9,776110,776759
776662,42.358734,-71.115776,1.301919071E9,776110,776759
776662,42.358624,-71.11576,1.301919071E9,776110,776759
776662,42.35852,-71.115776,1.301919071E9,776110,776759
776662,42.358418,-71.11576,1.301919071E9,776110,776759
776662,42.35831,-71.11575,1.301919071E9,776110,776759
776662,42.358215,-71.115776,1.301919071E9,776110,776759
776662,42.358093,-71.11577,1.301919071E9,776110,776759
776662,42.35798,-71.11578,1.301919071E9,776110,776759
776662,42.357883,-71.11584,1.301919071E9,776110,776759
776662,42.357784,-71.115814,1.301919071E9,776110,776759
776662,42.35769,-71.1158,1.301919071E9,776110,776759
776662,42.35759,-71.11583,1.301919071E9,776110,776759
776662,42.357487,-71.115875,1.301919071E9,776110,776759
776662,42.357388,-71.11592,1.301919071E9,776110,776759
776662,42.3573,-71.11596,1.301919071E9,776110,776759
776662,42.3572,-71.115974,1.301919071E9,776110,776759
776662,42.3571,-71.11594,1.301919071E9,776110,776759
776662,42.35701,-71.11589,1.301919071E9,776110,776759
776662,42.35693,-71.11581,1.301919071E9,776110,776759
776662,42.356857,-71.11573,1.301919071E9,776110,776759
776662,42.356766,-71.115654,1.301919071E9,776110,776759
776662,42.356674,-71.115585,1.301919071E9,776110,776759
776662,42.35659,-71.11552,1.301919071E9,776110,776759
776662,42.3565,-71.11545,1.301919071E9,776110,776759
776662,42.356403,-71.11538,1.30