,1.301919071E9,776110,776759
776662,40.933163,-73.13858,1.301919071E9,776110,776759
776662,40.933224,-73.13849,1.301919071E9,776110,776759
776662,40.933292,-73.13839,1.301919071E9,776110,776759
776662,40.933365,-73.1383,1.301919071E9,776110,776759
776662,40.933437,-73.138214,1.301919071E9,776110,776759
776662,40.933506,-73.13812,1.301919071E9,776110,776759
776662,40.933567,-73.13803,1.301919071E9,776110,776759
776662,40.93365,-73.137955,1.301919071E9,776110,776759
776662,40.93372,-73.13787,1.301919071E9,776110,776759
776662,40.933784,-73.13778,1.301919071E9,776110,776759
776662,40.933853,-73.13768,1.301919071E9,776110,776759
776662,40.933926,-73.137566,1.301919071E9,776110,776759
776662,40.93398,-73.13743,1.301919071E9,776110,776759
776662,40.934032,-73.13731,1.301919071E9,776110,776759
776662,40.934093,-73.13718,1.301919071E9,776110,776759
776662,40.93414,-73.13705,1.301919071E9,776110,776759
776662,40.934177,-73.136925,1.301919071E9,776110,776759
776662,40.93422,-73.13681,1.301919071E9,776110,776759
776662,40.934277,-73.136665,1.301919071E9,776110,776759
776662,40.934326,-73.136536,1.301919071E9,776110,776759
776662,40.93439,-73.1364,1.301919071E9,776110,776759
776662,40.934414,-73.13627,1.301919071E9,776110,776759
776662,40.93445,-73.13615,1.301919071E9,776110,776759
776662,40.93451,-73.136024,1.301919071E9,776110,776759
776662,40.934593,-73.135956,1.301919071E9,776110,776759
776662,40.934708,-73.13597,1.301919071E9,776110,776759
776662,40.934814,-73.13597,1.301919071E9,776110,776759
776662,40.93492,-73.13594,1.301919071E9,776110,776759
776662,40.93502,-73.1359,1.301919071E9,776110,776759
776662,40.935116,-73.13584,1.301919071E9,776110,776759
776662,40.935215,-73.135796,1.301919071E9,776110,776759
776662,40.935314,-73.13574,1.301919071E9,776110,776759
776662,40.9354,-73.1357,1.301919071E9,776110,776759
776662,40.935486,-73.13563,1.301919071E9,776110,776759
776662,40.935566,-73.135544,1.301919071E9,776110,776759
776662,40.93566,-73.135445,1.301919071E9,776110,776759
776662,40.935738,-73.13537,1.301919071E9,776110,776759
776662,40.935825,-73.13531,1.301919071E9,776110,776759
776662,40.935913,-73.13524,1.301919071E9,776110,776759
776662,40.93601,-73.13516,1.301919071E9,776110,776759
776662,40.936085,-73.13509,1.301919071E9,776110,776759
776662,40.936153,-73.13501,1.301919071E9,776110,776759
776662,40.93622,-73.1349,1.301919071E9,776110,776759
776662,40.936256,-73.13477,1.301919071E9,776110,776759
776662,40.936337,-73.13466,1.301919071E9,776110,776759
776662,40.936398,-73.13456,1.301919071E9,776110,776759
776662,40.936474,-73.13446,1.301919071E9,776110,776759
776662,40.93655,-73.13436,1.301919071E9,776110,776759
776662,40.936607,-73.13426,1.301919071E9,776110,776759
776662,40.936657,-73.13414,1.301919071E9,776110,776759
776662,40.93671,-73.134026,1.301919071E9,776110,776759
776662,40.936768,-73.133896,1.301919071E9,776110,776759
776662,40.936848,-73.13378,1.301919071E9,776110,776759
776662,40.936913,-73.13367,1.301919071E9,776110,776759
776662,40.93699,-73.13356,1.301919071E9,776110,776759
776662,40.937054,-73.13346,1.301919071E9,776110,776759
776662,40.937126,-73.13334,1.301919071E9,776110,776759
776662,40.937195,-73.13326,1.301919071E9,776110,776759
776662,40.93726,-73.13313,1.301919071E9,776110,776759
776662,40.937305,-73.13301,1.301919071E9,776110,776759
776662,40.937363,-73.132904,1.301919071E9,776110,776759
776662,40.937435,-73.13279,1.301919071E9,776110,776759
776662,40.9375,-73.13268,1.301919071E9,776110,776759
776662,40.93756,-73.13256,1.301919071E9,776110,776759
776662,40.937614,-73.13243,1.301919071E9,776110,776759
776662,40.93768,-73.132324,1.301919071E9,776110,776759
776662,40.93774,-73.1322,1.301919071E9,776110,776759
776662,40.937794,-73.132095,1.301919071E9,776110,776759
776662,40.937866,-73.131996,1.301919071E9,776110,776759
776662,40.937935,-73.1319,1.301919071E9,776110,776759
776662,40.938,-73.131805,1.301919071E9,776110,776759
776662,40.938057,-73.131714,1.301919071E9,776110,776759
776662,40.93812,-73.1316,1.301919071E9,776110,776759
776662,40.938175,-73.13151,1.301919071E9,776110,776759
776662,40.938236,-73.1314,1.301919071E9,776110,776759
776662,40.93829,-73.13128,1.301919071E9,776110,776759
776662,40.938347,-73.13116,1.301919071E9,776110,776759
776662,40.9384,-73.13106,1.301919071E9,776110,776759
776662,40.938454,-73.13092,1.301919071E9,776110,776759
776662,40.938522,-73.13082,1.301919071E9,776110,776759
776662,40.93859,-73.13071,1.301919071E9,776110,776759
776662,40.938656,-73.130585,1.301919071E9,776110,776759
776662,40.938713,-73.13046,1.301919071E9,776110,776759
776662,40.93877,-73.13035,1.301919071E9,776110,776759
776662,40.93884,-73.13025,1.301919071E9,776110,776759
776662,40.93895,-73.13024,1.301919071E9,776110,776759
776662,40.939045,-73.13024,1.301919071E9,776110,776759
776662,40.939137,-73.13026,1.301919071E9,776110,776759
776662,40.93922,-73.13035,1.301919071E9,776110,776759
776662,40.939304,-73.13044,1.301919071E9,776110,776759
776662,40.93938,-73.130554,1.301919071E9,776110,776759
776662,40.93945,-73.130646,1.301919071E9,776110,776759
776662,40.93953,-73.13073,1.301919071E9,776110,776759
776662,40.939606,-73.13082,1.301919071E9,776110,776759
776662,40.93968,-73.130905,1.301919071E9,776110,776759
776662,40.939743,-73.13098,1.301919071E9,776110,776759
776662,40.939823,-73.131065,1.301919071E9,776110,776759
776662,40.93989,-73.13114,1.301919071E9,776110,776759
776662,40.93997,-73.13124,1.301919071E9,776110,776759
776662,40.940037,-73.13132,1.301919071E9,776110,776759
776662,40.94011,-73.131424,1.301919071E9,776110,776759
776662,40.940174,-73.13151,1.301919071E9,776110,776759
776662,40.94025,-73.13161,1.301919071E9,776110,776759
776662,40.94031,-73.1317,1.301919071E9,776110,776759
776662,40.940376,-73.1318,1.301919071E9,776110,776759
776662,40.940456,-73.13191,1.301919071E9,776110,776759
776662,40.94052,-73.13201,1.301919071E9,776110,776759
776662,40.940586,-73.132095,1.301919071E9,776110,776759
776662,40.94066,-73.13221,1.301919071E9,776110,776759
776662,40.940735,-73.13232,1.301919071E9,776110,776759
776662,40.940807,-73.132416,1.301919071E9,776110,776759
776662,40.940853,-73.13252,1.301919071E9,776110,776759
776662,40.940918,-73.13264,1.301919071E9,776110,776759
776662,40.941013,-73.13273,1.301919071E9,776110,776759
776662,40.941093,-73.132805,1.301919071E9,776110,776759
776662,40.94119,-73.13289,1.301919071E9,776110,776759
776662,40.94128,-73.13299,1.301919071E9,776110,776759
776662,40.94134,-73.13308,1.301919071E9,776110,776759
776662,40.941418,-73.13316,1.301919071E9,776110,776759
776662,40.941498,-73.13326,1.301919071E9,776110,776759
776662,40.94158,-73.13336,1.301919071E9,776110,776759
776662,40.941658,-73.13348,1.301919071E9,776110,776759
776662,40.94172,-73.13357,1.301919071E9,776110,776759
776662,40.94179,-73.13367,1.301919071E9,776110,776759
776662,40.941864,-73.13375,1.301919071E9,776110,776759
776662,40.941948,-73.13384,1.301919071E9,776110,776759
776662,40.94203,-73.13393,1.301919071E9,776110,776759
776662,40.9421,-73.13405,1.301919071E9,776110,776759
776662,40.94217,-73.134155,1.301919071E9,776110,776759
776662,40.942245,-73.134254,1.301919071E9,776110,776759
776662,40.942326,-73.13437,1.301919071E9,776110,776759
776662,40.94239,-73.13446,1.301919071E9,776110,776759
776662,40.94248,-73.13457,1.301919071E9,776110,776759
776662,40.94257,-73.13467,1.301919071E9,776110,776759
776662,40.942654,-73.13476,1.301919071E9,776110,776759
776662,40.942715,-73.13486,1.301919071E9,776110,776759
776662,40.942795,-73.13495,1.301919071E9,776110,776759
776662,40.942894,-73.135056,1.301919071E9,776110,776759
776662,40.94297,-73.13514,1.301919071E9,776110,776759
776662,40.943043,-73.13525,1.301919071E9,776110,776759
776662,40.943123,-73.13537,1.301919071E9,776110,776759
776662,40.943195,-73.13549,1.301919071E9,776110,776759
776662,40.943264,-73.13559,1.301919071E9,776110,776759
776662,40.94333,-73.13568,1.301919071E9,776110,776759
776662,40.943398,-73.13578,1.301919071E9,776110,776759
776662,40.9435,-73.13587,1.301919071E9