6759
776662,20.764975,-156.29002,1.301919071E9,776110,776759
776662,20.764877,-156.2901,1.301919071E9,776110,776759
776662,20.7648,-156.29016,1.301919071E9,776110,776759
776662,20.764719,-156.29022,1.301919071E9,776110,776759
776662,20.764643,-156.29028,1.301919071E9,776110,776759
776662,20.764544,-156.29034,1.301919071E9,776110,776759
776662,20.76445,-156.2904,1.301919071E9,776110,776759
776662,20.76436,-156.29047,1.301919071E9,776110,776759
776662,20.764265,-156.29053,1.301919071E9,776110,776759
776662,20.76417,-156.29057,1.301919071E9,776110,776759
776662,20.76407,-156.2906,1.301919071E9,776110,776759
776662,20.763975,-156.29065,1.301919071E9,776110,776759
776662,20.763884,-156.29066,1.301919071E9,776110,776759
776662,20.763775,-156.2907,1.301919071E9,776110,776759
776662,20.76368,-156.29071,1.301919071E9,776110,776759
776662,20.763588,-156.29073,1.301919071E9,776110,776759
776662,20.763496,-156.29074,1.301919071E9,776110,776759
776662,20.763407,-156.29077,1.301919071E9,776110,776759
776662,20.7633,-156.29082,1.301919071E9,776110,776759
776662,20.763208,-156.29083,1.301919071E9,776110,776759
776662,20.7631,-156.29086,1.301919071E9,776110,776759
776662,20.763008,-156.2909,1.301919071E9,776110,776759
776662,20.762918,-156.29092,1.301919071E9,776110,776759
776662,20.762825,-156.29094,1.301919071E9,776110,776759
776662,20.762722,-156.29097,1.301919071E9,776110,776759
776662,20.76261,-156.29099,1.301919071E9,776110,776759
776662,20.762505,-156.29099,1.301919071E9,776110,776759
776662,20.762396,-156.29094,1.301919071E9,776110,776759
776662,20.762299,-156.2909,1.301919071E9,776110,776759
776662,20.762266,-156.29077,1.301919071E9,776110,776759
776662,20.762268,-156.29066,1.301919071E9,776110,776759
776662,20.762297,-156.29056,1.301919071E9,776110,776759
776662,20.762356,-156.29045,1.301919071E9,776110,776759
776662,20.762442,-156.29037,1.301919071E9,776110,776759
776662,20.762547,-156.29031,1.301919071E9,776110,776759
776662,20.76264,-156.29028,1.301919071E9,776110,776759
776662,20.762753,-156.29025,1.301919071E9,776110,776759
776662,20.762863,-156.2902,1.301919071E9,776110,776759
776662,20.762964,-156.29018,1.301919071E9,776110,776759
776662,20.763062,-156.29013,1.301919071E9,776110,776759
776662,20.76316,-156.29007,1.301919071E9,776110,776759
776662,20.76325,-156.29001,1.301919071E9,776110,776759
776662,20.763348,-156.28995,1.301919071E9,776110,776759
776662,20.763432,-156.28987,1.301919071E9,776110,776759
776662,20.763515,-156.28981,1.301919071E9,776110,776759
776662,20.763597,-156.28975,1.301919071E9,776110,776759
776662,20.763672,-156.28967,1.301919071E9,776110,776759
776662,20.763727,-156.2896,1.301919071E9,776110,776759
776662,20.763779,-156.2895,1.301919071E9,776110,776759
776662,20.763823,-156.28941,1.301919071E9,776110,776759
776662,20.763855,-156.2893,1.301919071E9,776110,776759
776662,20.76388,-156.2892,1.301919071E9,776110,776759
776662,20.763905,-156.2891,1.301919071E9,776110,776759
776662,20.763933,-156.289,1.301919071E9,776110,776759
776662,20.763966,-156.2889,1.301919071E9,776110,776759
776662,20.763987,-156.28879,1.301919071E9,776110,776759
776662,20.764015,-156.2887,1.301919071E9,776110,776759
776662,20.76404,-156.28859,1.301919071E9,776110,776759
776662,20.764067,-156.28848,1.301919071E9,776110,776759
776662,20.764095,-156.28839,1.301919071E9,776110,776759
776662,20.76412,-156.28828,1.301919071E9,776110,776759
776662,20.764141,-156.2882,1.301919071E9,776110,776759
776662,20.764162,-156.2881,1.301919071E9,776110,776759
776662,20.764185,-156.288,1.301919071E9,776110,776759
776662,20.764217,-156.2879,1.301919071E9,776110,776759
776662,20.764254,-156.28781,1.301919071E9,776110,776759
776662,20.764282,-156.2877,1.301919071E9,776110,776759
776662,20.764301,-156.2876,1.301919071E9,776110,776759
776662,20.764307,-156.2875,1.301919071E9,776110,776759
776662,20.7643,-156.2874,1.301919071E9,776110,776759
776662,20.76428,-156.2873,1.301919071E9,776110,776759
776662,20.764256,-156.2872,1.301919071E9,776110,776759
776662,20.764227,-156.28711,1.301919071E9,776110,776759
776662,20.764189,-156.28702,1.301919071E9,776110,776759
776662,20.764141,-156.28693,1.301919071E9,776110,776759
776662,20.764042,-156.28687,1.301919071E9,776110,776759
776662,20.763956,-156.2868,1.301919071E9,776110,776759
776662,20.763882,-156.28673,1.301919071E9,776110,776759
776662,20.763796,-156.28668,1.301919071E9,776110,776759
776662,20.763706,-156.28664,1.301919071E9,776110,776759
776662,20.763613,-156.2866,1.301919071E9,776110,776759
776662,20.763512,-156.28662,1.301919071E9,776110,776759
776662,20.763424,-156.28668,1.301919071E9,776110,776759
776662,20.763353,-156.28676,1.301919071E9,776110,776759
776662,20.763277,-156.28685,1.301919071E9,776110,776759
776662,20.763214,-156.28694,1.301919071E9,776110,776759
776662,20.76316,-156.28705,1.301919071E9,776110,776759
776662,20.76311,-156.28714,1.301919071E9,776110,776759
776662,20.763056,-156.28723,1.301919071E9,776110,776759
776662,20.763006,-156.28732,1.301919071E9,776110,776759
776662,20.76296,-156.2874,1.301919071E9,776110,776759
776662,20.762905,-156.2875,1.301919071E9,776110,776759
776662,20.762865,-156.2876,1.301919071E9,776110,776759
776662,20.762823,-156.28769,1.301919071E9,776110,776759
776662,20.762777,-156.28778,1.301919071E9,776110,776759
776662,20.76273,-156.28786,1.301919071E9,776110,776759
776662,20.762674,-156.28795,1.301919071E9,776110,776759
776662,20.762611,-156.28804,1.301919071E9,776110,776759
776662,20.762527,-156.28812,1.301919071E9,776110,776759
776662,20.762444,-156.2882,1.301919071E9,776110,776759
776662,20.762356,-156.28824,1.301919071E9,776110,776759
776662,20.762257,-156.28827,1.301919071E9,776110,776759
776662,20.762154,-156.2883,1.301919071E9,776110,776759
776662,20.762045,-156.28833,1.301919071E9,776110,776759
776662,20.76194,-156.28836,1.301919071E9,776110,776759
776662,20.761839,-156.2884,1.301919071E9,776110,776759
776662,20.761751,-156.28842,1.301919071E9,776110,776759
776662,20.761648,-156.28845,1.301919071E9,776110,776759
776662,20.761555,-156.28848,1.301919071E9,776110,776759
776662,20.761467,-156.2885,1.301919071E9,776110,776759
776662,20.761372,-156.28853,1.301919071E9,776110,776759
776662,20.761274,-156.28854,1.301919071E9,776110,776759
776662,20.761175,-156.28856,1.301919071E9,776110,776759
776662,20.761078,-156.28854,1.301919071E9,776110,776759
776662,20.760977,-156.28851,1.301919071E9,776110,776759
776662,20.760883,-156.28848,1.301919071E9,776110,776759
776662,20.760794,-156.28845,1.301919071E9,776110,776759
776662,20.7607,-156.28842,1.301919071E9,776110,776759
776662,20.7606,-156.2884,1.301919071E9,776110,776759
776662,20.760502,-156.28838,1.301919071E9,776110,776759
776662,20.76041,-156.28835,1.301919071E9,776110,776759
776662,20.760319,-156.28831,1.301919071E9,776110,776759
776662,20.760225,-156.2883,1.301919071E9,776110,776759
776662,20.760128,-156.28828,1.301919071E9,776110,776759
776662,20.760017,-156.28824,1.301919071E9,776110,776759
776662,20.759918,-156.2882,1.301919071E9,776110,776759
776662,20.759815,-156.28818,1.301919071E9,776110,776759
776662,20.759712,-156.28815,1.301919071E9,776110,776759
776662,20.759605,-156.28815,1.301919071E9,776110,776759
776662,20.7595,-156.2882,1.301919071E9,776110,776759
776662,20.759403,-156.28821,1.301919071E9,776110,776759
776662,20.759314,-156.28822,1.301919071E9,776110,776759
776662,20.759218,-156.28824,1.301919071E9,776110,776759
776662,20.75912,-156.28825,1.301919071E9,776110,776759
776662,20.759018,-156.28825,1.301919071E9,776110,776759
776662,20.758924,-156.28821,1.301919071E9,776110,776759
776662,20.758842,-156.28813,1.301919071E9,776110,776759
776662,20.758799,-156.28804,1.301919071E9,776110,776759
776662,20.758785,-156.28792,1.301919071E9,776110,776759
776662,20.758808,-156.28783,1.301919071E9,776110,776759
776662,20.75887,-156.28775,1.301919071E9,776110,776759
776662,20.758955,-156.28767,1.301919071E9,776110,776759
776662,20.759047,-156.28763,1.301919071E9,776110,776759
776662,20.759134,-156.2876,1.301919071E9,776110,776759
776662,