59
776662,29.498688,-98.59254,1.301919071E9,776110,776759
776662,29.498737,-98.59265,1.301919071E9,776110,776759
776662,29.498787,-98.592735,1.301919071E9,776110,776759
776662,29.49883,-98.592865,1.301919071E9,776110,776759
776662,29.498833,-98.59298,1.301919071E9,776110,776759
776662,29.49883,-98.59309,1.301919071E9,776110,776759
776662,29.498838,-98.59321,1.301919071E9,776110,776759
776662,29.498852,-98.59332,1.301919071E9,776110,776759
776662,29.498857,-98.59343,1.301919071E9,776110,776759
776662,29.498852,-98.59357,1.301919071E9,776110,776759
776662,29.498852,-98.59369,1.301919071E9,776110,776759
776662,29.498873,-98.5938,1.301919071E9,776110,776759
776662,29.498886,-98.59393,1.301919071E9,776110,776759
776662,29.498892,-98.59404,1.301919071E9,776110,776759
776662,29.498913,-98.59417,1.301919071E9,776110,776759
776662,29.498919,-98.59431,1.301919071E9,776110,776759
776662,29.49894,-98.59442,1.301919071E9,776110,776759
776662,29.498959,-98.59454,1.301919071E9,776110,776759
776662,29.498997,-98.59464,1.301919071E9,776110,776759
776662,29.49908,-98.59472,1.301919071E9,776110,776759
776662,29.499174,-98.59475,1.301919071E9,776110,776759
776662,29.499285,-98.59472,1.301919071E9,776110,776759
776662,29.49937,-98.594666,1.301919071E9,776110,776759
776662,29.499464,-98.594604,1.301919071E9,776110,776759
776662,29.499556,-98.59456,1.301919071E9,776110,776759
776662,29.49966,-98.59451,1.301919071E9,776110,776759
776662,29.499765,-98.594505,1.301919071E9,776110,776759
776662,29.499865,-98.59454,1.301919071E9,776110,776759
776662,29.4999,-98.59467,1.301919071E9,776110,776759
776662,29.499937,-98.59477,1.301919071E9,776110,776759
776662,29.499996,-98.594894,1.301919071E9,776110,776759
776662,29.500044,-98.59501,1.301919071E9,776110,776759
776662,29.500088,-98.595116,1.301919071E9,776110,776759
776662,29.50013,-98.59523,1.301919071E9,776110,776759
776662,29.500193,-98.59533,1.301919071E9,776110,776759
776662,29.500263,-98.595436,1.301919071E9,776110,776759
776662,29.500328,-98.59555,1.301919071E9,776110,776759
776662,29.500416,-98.59558,1.301919071E9,776110,776759
776662,29.50049,-98.59553,1.301919071E9,776110,776759
776662,29.500599,-98.595474,1.301919071E9,776110,776759
776662,29.500692,-98.595436,1.301919071E9,776110,776759
776662,29.500807,-98.595406,1.301919071E9,776110,776759
776662,29.500902,-98.59545,1.301919071E9,776110,776759
776662,29.500998,-98.59553,1.301919071E9,776110,776759
776662,29.501081,-98.59561,1.301919071E9,776110,776759
776662,29.50116,-98.5957,1.301919071E9,776110,776759
776662,29.501238,-98.59579,1.301919071E9,776110,776759
776662,29.501345,-98.59582,1.301919071E9,776110,776759
776662,29.501432,-98.59583,1.301919071E9,776110,776759
776662,29.501541,-98.59586,1.301919071E9,776110,776759
776662,29.50164,-98.5959,1.301919071E9,776110,776759
776662,29.501747,-98.595924,1.301919071E9,776110,776759
776662,29.501848,-98.59591,1.301919071E9,776110,776759
776662,29.501944,-98.5959,1.301919071E9,776110,776759
776662,29.50205,-98.59589,1.301919071E9,776110,776759
776662,29.50217,-98.595894,1.301919071E9,776110,776759
776662,29.502268,-98.5959,1.301919071E9,776110,776759
776662,29.50238,-98.59588,1.301919071E9,776110,776759
776662,29.502495,-98.59586,1.301919071E9,776110,776759
776662,29.502605,-98.59585,1.301919071E9,776110,776759
776662,29.502699,-98.59585,1.301919071E9,776110,776759
776662,29.502792,-98.59584,1.301919071E9,776110,776759
776662,29.502893,-98.5958,1.301919071E9,776110,776759
776662,29.502996,-98.59578,1.301919071E9,776110,776759
776662,29.503119,-98.59581,1.301919071E9,776110,776759
776662,29.50322,-98.595856,1.301919071E9,776110,776759
776662,29.503317,-98.59591,1.301919071E9,776110,776759
776662,29.503405,-98.595985,1.301919071E9,776110,776759
776662,29.503473,-98.59607,1.301919071E9,776110,776759
776662,29.503551,-98.59615,1.301919071E9,776110,776759
776662,29.503637,-98.59624,1.301919071E9,776110,776759
776662,29.503723,-98.59629,1.301919071E9,776110,776759
776662,29.50383,-98.59633,1.301919071E9,776110,776759
776662,29.503923,-98.59637,1.301919071E9,776110,776759
776662,29.504019,-98.59642,1.301919071E9,776110,776759
776662,29.504108,-98.59647,1.301919071E9,776110,776759
776662,29.504213,-98.59649,1.301919071E9,776110,776759
776662,29.504305,-98.59652,1.301919071E9,776110,776759
776662,29.5044,-98.59654,1.301919071E9,776110,776759
776662,29.50451,-98.596535,1.301919071E9,776110,776759
776662,29.504625,-98.59652,1.301919071E9,776110,776759
776662,29.504707,-98.596596,1.301919071E9,776110,776759
776662,29.504744,-98.596725,1.301919071E9,776110,776759
776662,29.504795,-98.59682,1.301919071E9,776110,776759
776662,29.504871,-98.59689,1.301919071E9,776110,776759
776662,29.504929,-98.597,1.301919071E9,776110,776759
776662,29.504976,-98.59711,1.301919071E9,776110,776759
776662,29.505056,-98.5972,1.301919071E9,776110,776759
776662,29.505144,-98.59729,1.301919071E9,776110,776759
776662,29.505232,-98.59734,1.301919071E9,776110,776759
776662,29.505302,-98.59742,1.301919071E9,776110,776759
776662,29.50541,-98.5975,1.301919071E9,776110,776759
776662,29.505491,-98.5976,1.301919071E9,776110,776759
776662,29.50555,-98.597694,1.301919071E9,776110,776759
776662,29.505554,-98.59772,1.301919071E9,776110,776759
776662,29.505428,-98.59767,1.301919071E9,776110,776759
776662,29.50552,-98.59775,1.301919071E9,776110,776759
776662,29.505598,-98.59784,1.301919071E9,776110,776759
776662,29.505678,-98.597916,1.301919071E9,776110,776759
776662,29.505762,-98.59801,1.301919071E9,776110,776759
776662,29.50582,-98.598114,1.301919071E9,776110,776759
776662,29.505886,-98.59822,1.301919071E9,776110,776759
776662,29.505962,-98.59829,1.301919071E9,776110,776759
776662,29.506033,-98.598404,1.301919071E9,776110,776759
776662,29.506079,-98.598495,1.301919071E9,776110,776759
776662,29.506142,-98.59861,1.301919071E9,776110,776759
776662,29.506203,-98.5987,1.301919071E9,776110,776759
776662,29.506285,-98.598785,1.301919071E9,776110,776759
776662,29.506338,-98.598885,1.301919071E9,776110,776759
776662,29.506369,-98.59898,1.301919071E9,776110,776759
776662,29.506395,-98.5991,1.301919071E9,776110,776759
776662,29.506424,-98.599205,1.301919071E9,776110,776759
776662,29.506409,-98.59931,1.301919071E9,776110,776759
776662,29.506382,-98.59942,1.301919071E9,776110,776759
776662,29.50643,-98.59953,1.301919071E9,776110,776759
776662,29.50646,-98.59965,1.301919071E9,776110,776759
776662,29.506548,-98.59972,1.301919071E9,776110,776759
776662,29.506641,-98.59971,1.301919071E9,776110,776759
776662,29.506744,-98.59972,1.301919071E9,776110,776759
776662,29.506836,-98.5997,1.301919071E9,776110,776759
776662,29.506926,-98.59966,1.301919071E9,776110,776759
776662,29.507029,-98.5996,1.301919071E9,776110,776759
776662,29.50711,-98.59955,1.301919071E9,776110,776759
776662,29.507187,-98.59949,1.301919071E9,776110,776759
776662,29.507257,-98.59942,1.301919071E9,776110,776759
776662,29.507332,-98.59934,1.301919071E9,776110,776759
776662,29.507404,-98.599266,1.301919071E9,776110,776759
776662,29.507488,-98.599174,1.301919071E9,776110,776759
776662,29.507568,-98.599075,1.301919071E9,776110,776759
776662,29.507664,-98.599,1.301919071E9,776110,776759
776662,29.507755,-98.59893,1.301919071E9,776110,776759
776662,29.507853,-98.598854,1.301919071E9,776110,776759
776662,29.507954,-98.59881,1.301919071E9,776110,776759
776662,29.508024,-98.59873,1.301919071E9,776110,776759
776662,29.508087,-98.59862,1.301919071E9,776110,776759
776662,29.50817,-98.59853,1.301919071E9,776110,776759
776662,29.508251,-98.598465,1.301919071E9,776110,776759
776662,29.508343,-98.59839,1.301919071E9,776110,776759
776662,29.508419,-98.59831,1.301919071E9,776110,776759
776662,29.50849,-98.59824,1.301919071E9,776110,776759
776662,29.508558,-98.598175,1.301919071E9,776110,776759
776662,29.508629,-98.59811,1.301919071E9,776110,776759
776662,29.508713,-98.59804,1.301919071E9,776110,776759
776662,29.5088,-98.59794,1.301919071E9,776110,776759
776662,29.508888,-98.597855,1.301919071E9,776110,776759
776662,29.50895,-98.59778,1.301919071