110425,1.301919071E9,776110,776759
776662,55.65908,13.110614,1.301919071E9,776110,776759
776662,55.65908,13.110804,1.301919071E9,776110,776759
776662,55.659084,13.110986,1.301919071E9,776110,776759
776662,55.659096,13.111164,1.301919071E9,776110,776759
776662,55.659115,13.111335,1.301919071E9,776110,776759
776662,55.65914,13.111497,1.301919071E9,776110,776759
776662,55.659187,13.111655,1.301919071E9,776110,776759
776662,55.65924,13.111814,1.301919071E9,776110,776759
776662,55.6593,13.11196,1.301919071E9,776110,776759
776662,55.659367,13.112087,1.301919071E9,776110,776759
776662,55.659454,13.11216,1.301919071E9,776110,776759
776662,55.65955,13.11222,1.301919071E9,776110,776759
776662,55.65964,13.112281,1.301919071E9,776110,776759
776662,55.65975,13.112301,1.301919071E9,776110,776759
776662,55.65985,13.112256,1.301919071E9,776110,776759
776662,55.659958,13.112081,1.301919071E9,776110,776759
776662,55.660034,13.111915,1.301919071E9,776110,776759
776662,55.6601,13.111771,1.301919071E9,776110,776759
776662,55.660168,13.111636,1.301919071E9,776110,776759
776662,55.660217,13.111465,1.301919071E9,776110,776759
776662,55.66025,13.111263,1.301919071E9,776110,776759
776662,55.660275,13.111034,1.301919071E9,776110,776759
776662,55.660328,13.110865,1.301919071E9,776110,776759
776662,55.66036,13.110861,1.301919071E9,776110,776759
776662,55.66044,13.110746,1.301919071E9,776110,776759
776662,55.660378,13.11077,1.301919071E9,776110,776759
776662,55.660313,13.110648,1.301919071E9,776110,776759
776662,55.660282,13.11048,1.301919071E9,776110,776759
776662,55.660282,13.110315,1.301919071E9,776110,776759
776662,55.66026,13.110152,1.301919071E9,776110,776759
776662,55.66017,13.110069,1.301919071E9,776110,776759
776662,55.660076,13.110097,1.301919071E9,776110,776759
776662,55.659973,13.11014,1.301919071E9,776110,776759
776662,55.659878,13.110194,1.301919071E9,776110,776759
776662,55.659786,13.110257,1.301919071E9,776110,776759
776662,55.659695,13.110301,1.301919071E9,776110,776759
776662,55.65961,13.110371,1.301919071E9,776110,776759
776662,55.659515,13.110411,1.301919071E9,776110,776759
776662,55.659428,13.110449,1.301919071E9,776110,776759
776662,55.659325,13.110463,1.301919071E9,776110,776759
776662,55.659237,13.110403,1.301919071E9,776110,776759
776662,55.659206,13.11023,1.301919071E9,776110,776759
776662,55.659195,13.110056,1.301919071E9,776110,776759
776662,55.659172,13.109883,1.301919071E9,776110,776759
776662,55.659138,13.109721,1.301919071E9,776110,776759
776662,55.659107,13.109548,1.301919071E9,776110,776759
776662,55.659077,13.109381,1.301919071E9,776110,776759
776662,55.65905,13.109227,1.301919071E9,776110,776759
776662,55.659016,13.109064,1.301919071E9,776110,776759
776662,55.65898,13.108903,1.301919071E9,776110,776759
776662,55.65895,13.108745,1.301919071E9,776110,776759
776662,55.65894,13.10858,1.301919071E9,776110,776759
776662,55.658916,13.108416,1.301919071E9,776110,776759
776662,55.658882,13.108255,1.301919071E9,776110,776759
776662,55.658848,13.108087,1.301919071E9,776110,776759
776662,55.65882,13.107929,1.301919071E9,776110,776759
776662,55.6588,13.107761,1.301919071E9,776110,776759
776662,55.65882,13.107592,1.301919071E9,776110,776759
776662,55.658817,13.107432,1.301919071E9,776110,776759
776662,55.65881,13.10727,1.301919071E9,776110,776759
776662,55.658794,13.107099,1.301919071E9,776110,776759
776662,55.65877,13.10692,1.301919071E9,776110,776759
776662,55.658733,13.106771,1.301919071E9,776110,776759
776662,55.658676,13.106648,1.301919071E9,776110,776759
776662,55.658646,13.106484,1.301919071E9,776110,776759
776662,55.65861,13.106302,1.301919071E9,776110,776759
776662,55.65858,13.106138,1.301919071E9,776110,776759
776662,55.658554,13.105977,1.301919071E9,776110,776759
776662,55.658512,13.105819,1.301919071E9,776110,776759
776662,55.658478,13.105653,1.301919071E9,776110,776759
776662,55.658443,13.10549,1.301919071E9,776110,776759
776662,55.65841,13.105337,1.301919071E9,776110,776759
776662,55.658382,13.105175,1.301919071E9,776110,776759
776662,55.65836,13.105012,1.301919071E9,776110,776759
776662,55.658333,13.104848,1.301919071E9,776110,776759
776662,55.658295,13.104684,1.301919071E9,776110,776759
776662,55.65827,13.104514,1.301919071E9,776110,776759
776662,55.658245,13.104337,1.301919071E9,776110,776759
776662,55.658222,13.104163,1.301919071E9,776110,776759
776662,55.658195,13.104006,1.301919071E9,776110,776759
776662,55.658188,13.103842,1.301919071E9,776110,776759
776662,55.658154,13.103683,1.301919071E9,776110,776759
776662,55.658085,13.103567,1.301919071E9,776110,776759
776662,55.65799,13.103581,1.301919071E9,776110,776759
776662,55.6579,13.103634,1.301919071E9,776110,776759
776662,55.65781,13.103686,1.301919071E9,776110,776759
776662,55.657715,13.10374,1.301919071E9,776110,776759
776662,55.657623,13.103773,1.301919071E9,776110,776759
776662,55.65753,13.103832,1.301919071E9,776110,776759
776662,55.657436,13.1038,1.301919071E9,776110,776759
776662,55.65737,13.103665,1.301919071E9,776110,776759
776662,55.657333,13.103497,1.301919071E9,776110,776759
776662,55.657295,13.103329,1.301919071E9,776110,776759
776662,55.657265,13.103168,1.301919071E9,776110,776759
776662,55.657227,13.10301,1.301919071E9,776110,776759
776662,55.657204,13.102835,1.301919071E9,776110,776759
776662,55.657173,13.102674,1.301919071E9,776110,776759
776662,55.657166,13.10249,1.301919071E9,776110,776759
776662,55.657127,13.102328,1.301919071E9,776110,776759
776662,55.65708,13.102155,1.301919071E9,776110,776759
776662,55.657013,13.102039,1.301919071E9,776110,776759
776662,55.656944,13.101918,1.301919071E9,776110,776759
776662,55.65687,13.101816,1.301919071E9,776110,776759
776662,55.656822,13.101669,1.301919071E9,776110,776759
776662,55.656796,13.101492,1.301919071E9,776110,776759
776662,55.656788,13.101317,1.301919071E9,776110,776759
776662,55.65679,13.101155,1.301919071E9,776110,776759
776662,55.656765,13.101,1.301919071E9,776110,776759
776662,55.65674,13.100843,1.301919071E9,776110,776759
776662,55.65667,13.100727,1.301919071E9,776110,776759
776662,55.656593,13.100606,1.301919071E9,776110,776759
776662,55.65652,13.100486,1.301919071E9,776110,776759
776662,55.656456,13.100373,1.301919071E9,776110,776759
776662,55.65638,13.10027,1.301919071E9,776110,776759
776662,55.65629,13.100198,1.301919071E9,776110,776759
776662,55.656204,13.100157,1.301919071E9,776110,776759
776662,55.656105,13.100138,1.301919071E9,776110,776759
776662,55.656006,13.100129,1.301919071E9,776110,776759
776662,55.65591,13.100098,1.301919071E9,776110,776759
776662,55.655823,13.100057,1.301919071E9,776110,776759
776662,55.65574,13.099981,1.301919071E9,776110,776759
776662,55.655704,13.099821,1.301919071E9,776110,776759
776662,55.65573,13.099659,1.301919071E9,776110,776759
776662,55.655727,13.099492,1.301919071E9,776110,776759
776662,55.655735,13.099323,1.301919071E9,776110,776759
776662,55.655743,13.099152,1.301919071E9,776110,776759
776662,55.655773,13.098982,1.301919071E9,776110,776759
776662,55.655846,13.098876,1.301919071E9,776110,776759
776662,55.65593,13.098797,1.301919071E9,776110,776759
776662,55.656,13.09868,1.301919071E9,776110,776759
776662,55.656025,13.098504,1.301919071E9,776110,776759
776662,55.65601,13.098343,1.301919071E9,776110,776759
776662,55.655994,13.098185,1.301919071E9,776110,776759
776662,55.65598,13.097995,1.301919071E9,776110,776759
776662,55.655968,13.097836,1.301919071E9,776110,776759
776662,55.655956,13.097672,1.301919071E9,776110,776759
776662,55.65613,13.097739,1.301919071E9,776110,776759
776662,55.65603,13.097444,1.301919071E9,776110,776759
776662,55.655872,13.097351,1.301919071E9,776110,776759
776662,55.655888,13.09718,1.301919071E9,776110,776759
776662,55.655933,13.097033,1.301919071E9,776110,776759
776662,55.65597,13.096886,1.301919071E9,776110,776759
776662,55.656,13.096707,1.301919071E9,776110,776759
776662,55.656006,13.096547,1.301919071E9,776110,776759
776662,55.656036,13.096394,1.301919071E9,776110,776759
776662,55.656067,13.096222,1.301919071E9,776110,776759
776662,55.656082,13