.301919071E9,776110,776759
776662,37.731583,-122.46391,1.301919071E9,776110,776759
776662,37.73167,-122.46392,1.301919071E9,776110,776759
776662,37.73177,-122.46399,1.301919071E9,776110,776759
776662,37.731853,-122.46405,1.301919071E9,776110,776759
776662,37.731926,-122.4641,1.301919071E9,776110,776759
776662,37.73199,-122.46419,1.301919071E9,776110,776759
776662,37.732056,-122.46428,1.301919071E9,776110,776759
776662,37.73213,-122.46437,1.301919071E9,776110,776759
776662,37.732193,-122.464455,1.301919071E9,776110,776759
776662,37.73226,-122.46458,1.301919071E9,776110,776759
776662,37.732334,-122.464676,1.301919071E9,776110,776759
776662,37.73241,-122.464775,1.301919071E9,776110,776759
776662,37.732475,-122.46485,1.301919071E9,776110,776759
776662,37.732536,-122.464935,1.301919071E9,776110,776759
776662,37.732597,-122.46502,1.301919071E9,776110,776759
776662,37.73267,-122.465126,1.301919071E9,776110,776759
776662,37.732735,-122.46523,1.301919071E9,776110,776759
776662,37.732807,-122.46533,1.301919071E9,776110,776759
776662,37.732872,-122.46543,1.301919071E9,776110,776759
776662,37.732937,-122.465515,1.301919071E9,776110,776759
776662,37.73301,-122.465614,1.301919071E9,776110,776759
776662,37.733074,-122.46568,1.301919071E9,776110,776759
776662,37.73314,-122.46577,1.301919071E9,776110,776759
776662,37.733227,-122.46583,1.301919071E9,776110,776759
776662,37.73331,-122.46588,1.301919071E9,776110,776759
776662,37.73339,-122.46592,1.301919071E9,776110,776759
776662,37.73348,-122.46598,1.301919071E9,776110,776759
776662,37.733555,-122.46603,1.301919071E9,776110,776759
776662,37.733624,-122.46608,1.301919071E9,776110,776759
776662,37.73372,-122.466125,1.301919071E9,776110,776759
776662,37.733776,-122.46621,1.301919071E9,776110,776759
776662,37.73384,-122.46631,1.301919071E9,776110,776759
776662,37.733936,-122.46631,1.301919071E9,776110,776759
776662,37.73405,-122.46634,1.301919071E9,776110,776759
776662,37.734135,-122.466354,1.301919071E9,776110,776759
776662,37.734226,-122.46636,1.301919071E9,776110,776759
776662,37.734325,-122.46636,1.301919071E9,776110,776759
776662,37.734425,-122.466354,1.301919071E9,776110,776759
776662,37.734528,-122.46636,1.301919071E9,776110,776759
776662,37.73462,-122.466354,1.301919071E9,776110,776759
776662,37.734722,-122.46637,1.301919071E9,776110,776759
776662,37.73481,-122.466385,1.301919071E9,776110,776759
776662,37.73492,-122.466385,1.301919071E9,776110,776759
776662,37.73503,-122.46639,1.301919071E9,776110,776759
776662,37.73511,-122.46639,1.301919071E9,776110,776759
776662,37.73521,-122.46639,1.301919071E9,776110,776759
776662,37.7353,-122.46639,1.301919071E9,776110,776759
776662,37.735405,-122.466385,1.301919071E9,776110,776759
776662,37.735504,-122.46641,1.301919071E9,776110,776759
776662,37.735596,-122.466415,1.301919071E9,776110,776759
776662,37.735703,-122.46644,1.301919071E9,776110,776759
776662,37.735798,-122.46644,1.301919071E9,776110,776759
776662,37.735893,-122.46644,1.301919071E9,776110,776759
776662,37.735992,-122.46645,1.301919071E9,776110,776759
776662,37.736076,-122.46646,1.301919071E9,776110,776759
776662,37.736168,-122.46646,1.301919071E9,776110,776759
776662,37.736256,-122.46646,1.301919071E9,776110,776759
776662,37.736336,-122.46646,1.301919071E9,776110,776759
776662,37.736435,-122.46648,1.301919071E9,776110,776759
776662,37.736534,-122.4665,1.301919071E9,776110,776759
776662,37.736633,-122.46649,1.301919071E9,776110,776759
776662,37.736736,-122.46653,1.301919071E9,776110,776759
776662,37.736828,-122.46656,1.301919071E9,776110,776759
776662,37.73689,-122.46665,1.301919071E9,776110,776759
776662,37.73692,-122.46678,1.301919071E9,776110,776759
776662,37.736954,-122.466896,1.301919071E9,776110,776759
776662,37.736996,-122.46703,1.301919071E9,776110,776759
776662,37.737015,-122.46717,1.301919071E9,776110,776759
776662,37.73708,-122.46729,1.301919071E9,776110,776759
776662,37.737118,-122.46744,1.301919071E9,776110,776759
776662,37.737144,-122.46757,1.301919071E9,776110,776759
776662,37.737167,-122.46769,1.301919071E9,776110,776759
776662,37.7372,-122.46779,1.301919071E9,776110,776759
776662,37.737236,-122.46791,1.301919071E9,776110,776759
776662,37.737274,-122.46802,1.301919071E9,776110,776759
776662,37.73725,-122.46812,1.301919071E9,776110,776759
776662,37.737267,-122.46824,1.301919071E9,776110,776759
776662,37.73725,-122.46835,1.301919071E9,776110,776759
776662,37.737247,-122.46848,1.301919071E9,776110,776759
776662,37.737198,-122.46858,1.301919071E9,776110,776759
776662,37.73713,-122.46867,1.301919071E9,776110,776759
776662,37.737057,-122.46872,1.301919071E9,776110,776759
776662,37.73696,-122.46881,1.301919071E9,776110,776759
776662,37.73689,-122.4689,1.301919071E9,776110,776759
776662,37.73681,-122.469,1.301919071E9,776110,776759
776662,37.736732,-122.469086,1.301919071E9,776110,776759
776662,37.73666,-122.46917,1.301919071E9,776110,776759
776662,37.736595,-122.46926,1.301919071E9,776110,776759
776662,37.73654,-122.46935,1.301919071E9,776110,776759
776662,37.736485,-122.46943,1.301919071E9,776110,776759
776662,37.736416,-122.46952,1.301919071E9,776110,776759
776662,37.736336,-122.469604,1.301919071E9,776110,776759
776662,37.736263,-122.46969,1.301919071E9,776110,776759
776662,37.73618,-122.469765,1.301919071E9,776110,776759
776662,37.736103,-122.46982,1.301919071E9,776110,776759
776662,37.736034,-122.469894,1.301919071E9,776110,776759
776662,37.735962,-122.46999,1.301919071E9,776110,776759
776662,37.735874,-122.47009,1.301919071E9,776110,776759
776662,37.735798,-122.4702,1.301919071E9,776110,776759
776662,37.735714,-122.47027,1.301919071E9,776110,776759
776662,37.735634,-122.470375,1.301919071E9,776110,776759
776662,37.735558,-122.47047,1.301919071E9,776110,776759
776662,37.7355,-122.470566,1.301919071E9,776110,776759
776662,37.735443,-122.47065,1.301919071E9,776110,776759
776662,37.735374,-122.47074,1.301919071E9,776110,776759
776662,37.735313,-122.470825,1.301919071E9,776110,776759
776662,37.735252,-122.47091,1.301919071E9,776110,776759
776662,37.735172,-122.47101,1.301919071E9,776110,776759
776662,37.735104,-122.47107,1.301919071E9,776110,776759
776662,37.735027,-122.471115,1.301919071E9,776110,776759
776662,37.734962,-122.47121,1.301919071E9,776110,776759
776662,37.734875,-122.47127,1.301919071E9,776110,776759
776662,37.73478,-122.47132,1.301919071E9,776110,776759
776662,37.73468,-122.47132,1.301919071E9,776110,776759
776662,37.734592,-122.471275,1.301919071E9,776110,776759
776662,37.734486,-122.47126,1.301919071E9,776110,776759
776662,37.734383,-122.471245,1.301919071E9,776110,776759
776662,37.734276,-122.47123,1.301919071E9,776110,776759
776662,37.734177,-122.47123,1.301919071E9,776110,776759
776662,37.73408,-122.47122,1.301919071E9,776110,776759
776662,37.73398,-122.47124,1.301919071E9,776110,776759
776662,37.73388,-122.47124,1.301919071E9,776110,776759
776662,37.73376,-122.47124,1.301919071E9,776110,776759
776662,37.73365,-122.47122,1.301919071E9,776110,776759
776662,37.733547,-122.471214,1.301919071E9,776110,776759
776662,37.733448,-122.47122,1.301919071E9,776110,776759
776662,37.733356,-122.47124,1.301919071E9,776110,776759
776662,37.733253,-122.47125,1.301919071E9,776110,776759
776662,37.733173,-122.471275,1.301919071E9,776110,776759
776662,37.733074,-122.47131,1.301919071E9,776110,776759
776662,37.73297,-122.47134,1.301919071E9,776110,776759
776662,37.73288,-122.47134,1.301919071E9,776110,776759
776662,37.732784,-122.47134,1.301919071E9,776110,776759
776662,37.732693,-122.47133,1.301919071E9,776110,776759
776662,37.73259,-122.47133,1.301919071E9,776110,776759
776662,37.732494,-122.47135,1.301919071E9,776110,776759
776662,37.73239,-122.47135,1.301919071E9,776110,776759
776662,37.732292,-122.471344,1.301919071E9,776110,776759
776662,37.73219,-122.47134,1.301919071E9,776110,776759
776662,37.732098,-122.471344,1.301919071E9,776110,776759
776662,37.732,-122.47131,1.301919071E9,776110,776759
776662,37.731907,-122.47134,1.301919071E9,776110,776759
776662,37.731808,-122.47137,1.301919071E9,776110,77