,776759
776662,41.46673,-71.45753,1.301919071E9,776110,776759
776662,41.466694,-71.45739,1.301919071E9,776110,776759
776662,41.466663,-71.45727,1.301919071E9,776110,776759
776662,41.466633,-71.457146,1.301919071E9,776110,776759
776662,41.466602,-71.45701,1.301919071E9,776110,776759
776662,41.46657,-71.45688,1.301919071E9,776110,776759
776662,41.466534,-71.45674,1.301919071E9,776110,776759
776662,41.46649,-71.4566,1.301919071E9,776110,776759
776662,41.466457,-71.45645,1.301919071E9,776110,776759
776662,41.46643,-71.45634,1.301919071E9,776110,776759
776662,41.466408,-71.4562,1.301919071E9,776110,776759
776662,41.466366,-71.456055,1.301919071E9,776110,776759
776662,41.46633,-71.45593,1.301919071E9,776110,776759
776662,41.4663,-71.45582,1.301919071E9,776110,776759
776662,41.466263,-71.455666,1.301919071E9,776110,776759
776662,41.46623,-71.45554,1.301919071E9,776110,776759
776662,41.466194,-71.4554,1.301919071E9,776110,776759
776662,41.466167,-71.45525,1.301919071E9,776110,776759
776662,41.46613,-71.4551,1.301919071E9,776110,776759
776662,41.46609,-71.454956,1.301919071E9,776110,776759
776662,41.466053,-71.4548,1.301919071E9,776110,776759
776662,41.466038,-71.45468,1.301919071E9,776110,776759
776662,41.466015,-71.45456,1.301919071E9,776110,776759
776662,41.465996,-71.45444,1.301919071E9,776110,776759
776662,41.46597,-71.454315,1.301919071E9,776110,776759
776662,41.465935,-71.454185,1.301919071E9,776110,776759
776662,41.4659,-71.454056,1.301919071E9,776110,776759
776662,41.465874,-71.45391,1.301919071E9,776110,776759
776662,41.465855,-71.45376,1.301919071E9,776110,776759
776662,41.46583,-71.4536,1.301919071E9,776110,776759
776662,41.465813,-71.45347,1.301919071E9,776110,776759
776662,41.465786,-71.45332,1.301919071E9,776110,776759
776662,41.46576,-71.4532,1.301919071E9,776110,776759
776662,41.465725,-71.45308,1.301919071E9,776110,776759
776662,41.46569,-71.45296,1.301919071E9,776110,776759
776662,41.465668,-71.45284,1.301919071E9,776110,776759
776662,41.465595,-71.45276,1.301919071E9,776110,776759
776662,41.46549,-71.45277,1.301919071E9,776110,776759
776662,41.46538,-71.45278,1.301919071E9,776110,776759
776662,41.465282,-71.45282,1.301919071E9,776110,776759
776662,41.465164,-71.45286,1.301919071E9,776110,776759
776662,41.465065,-71.45289,1.301919071E9,776110,776759
776662,41.464962,-71.45292,1.301919071E9,776110,776759
776662,41.464874,-71.45295,1.301919071E9,776110,776759
776662,41.464775,-71.452965,1.301919071E9,776110,776759
776662,41.46467,-71.453,1.301919071E9,776110,776759
776662,41.464558,-71.45303,1.301919071E9,776110,776759
776662,41.464462,-71.45307,1.301919071E9,776110,776759
776662,41.46435,-71.45311,1.301919071E9,776110,776759
776662,41.464245,-71.45314,1.301919071E9,776110,776759
776662,41.46414,-71.45317,1.301919071E9,776110,776759
776662,41.464027,-71.45319,1.301919071E9,776110,776759
776662,41.46394,-71.45322,1.301919071E9,776110,776759
776662,41.463844,-71.45325,1.301919071E9,776110,776759
776662,41.463745,-71.45328,1.301919071E9,776110,776759
776662,41.463646,-71.453316,1.301919071E9,776110,776759
776662,41.463547,-71.45336,1.301919071E9,776110,776759
776662,41.463444,-71.453384,1.301919071E9,776110,776759
776662,41.463326,-71.45341,1.301919071E9,776110,776759
776662,41.463226,-71.45344,1.301919071E9,776110,776759
776662,41.4631,-71.45346,1.301919071E9,776110,776759
776662,41.462986,-71.45349,1.301919071E9,776110,776759
776662,41.46289,-71.45352,1.301919071E9,776110,776759
776662,41.462803,-71.453545,1.301919071E9,776110,776759
776662,41.462704,-71.45358,1.301919071E9,776110,776759
776662,41.46258,-71.453606,1.301919071E9,776110,776759
776662,41.462475,-71.45364,1.301919071E9,776110,776759
776662,41.46237,-71.4537,1.301919071E9,776110,776759
776662,41.462273,-71.45372,1.301919071E9,776110,776759
776662,41.462173,-71.45376,1.301919071E9,776110,776759
776662,41.46208,-71.45379,1.301919071E9,776110,776759
776662,41.46197,-71.45381,1.301919071E9,776110,776759
776662,41.461872,-71.45384,1.301919071E9,776110,776759
776662,41.46178,-71.45385,1.301919071E9,776110,776759
776662,41.46168,-71.45387,1.301919071E9,776110,776759
776662,41.46158,-71.45391,1.301919071E9,776110,776759
776662,41.461468,-71.45394,1.301919071E9,776110,776759
776662,41.461365,-71.45395,1.301919071E9,776110,776759
776662,41.461266,-71.453964,1.301919071E9,776110,776759
776662,41.461163,-71.453995,1.301919071E9,776110,776759
776662,41.461075,-71.454025,1.301919071E9,776110,776759
776662,41.460968,-71.45403,1.301919071E9,776110,776759
776662,41.460857,-71.45405,1.301919071E9,776110,776759
776662,41.46076,-71.45406,1.301919071E9,776110,776759
776662,41.460655,-71.454056,1.301919071E9,776110,776759
776662,41.460545,-71.454056,1.301919071E9,776110,776759
776662,41.46044,-71.45407,1.301919071E9,776110,776759
776662,41.460335,-71.454094,1.301919071E9,776110,776759
776662,41.460228,-71.45411,1.301919071E9,776110,776759
776662,41.46014,-71.454124,1.301919071E9,776110,776759
776662,41.46003,-71.454155,1.301919071E9,776110,776759
776662,41.459927,-71.45418,1.301919071E9,776110,776759
776662,41.459835,-71.45419,1.301919071E9,776110,776759
776662,41.459732,-71.4542,1.301919071E9,776110,776759
776662,41.459618,-71.4542,1.301919071E9,776110,776759
776662,41.459522,-71.45419,1.301919071E9,776110,776759
776662,41.459415,-71.454155,1.301919071E9,776110,776759
776662,41.45932,-71.45413,1.301919071E9,776110,776759
776662,41.459232,-71.45409,1.301919071E9,776110,776759
776662,41.459164,-71.45401,1.301919071E9,776110,776759
776662,41.45909,-71.45392,1.301919071E9,776110,776759
776662,41.459034,-71.45383,1.301919071E9,776110,776759
776662,41.458984,-71.45371,1.301919071E9,776110,776759
776662,41.458923,-71.4536,1.301919071E9,776110,776759
776662,41.45887,-71.45349,1.301919071E9,776110,776759
776662,41.4588,-71.45335,1.301919071E9,776110,776759
776662,41.458748,-71.45323,1.301919071E9,776110,776759
776662,41.458702,-71.45312,1.301919071E9,776110,776759
776662,41.45864,-71.45298,1.301919071E9,776110,776759
776662,41.458576,-71.452866,1.301919071E9,776110,776759
776662,41.458515,-71.45273,1.301919071E9,776110,776759
776662,41.458458,-71.4526,1.301919071E9,776110,776759
776662,41.458412,-71.452484,1.301919071E9,776110,776759
776662,41.45836,-71.45236,1.301919071E9,776110,776759
776662,41.458313,-71.45225,1.301919071E9,776110,776759
776662,41.45826,-71.45212,1.301919071E9,776110,776759
776662,41.458218,-71.45198,1.301919071E9,776110,776759
776662,41.458183,-71.451836,1.301919071E9,776110,776759
776662,41.458176,-71.451805,1.301919071E9,776110,776759
776662,41.45817,-71.45174,1.301919071E9,776110,776759
776662,41.458134,-71.45158,1.301919071E9,776110,776759
776662,41.458107,-71.45146,1.301919071E9,776110,776759
776662,41.458088,-71.45131,1.301919071E9,776110,776759
776662,41.45806,-71.451195,1.301919071E9,776110,776759
776662,41.458035,-71.45106,1.301919071E9,776110,776759
776662,41.458008,-71.450935,1.301919071E9,776110,776759
776662,41.457985,-71.45081,1.301919071E9,776110,776759
776662,41.457966,-71.45068,1.301919071E9,776110,776759
776662,41.457943,-71.45056,1.301919071E9,776110,776759
776662,41.457916,-71.450424,1.301919071E9,776110,776759
776662,41.45789,-71.450264,1.301919071E9,776110,776759
776662,41.45787,-71.45012,1.301919071E9,776110,776759
776662,41.457844,-71.450005,1.301919071E9,776110,776759
776662,41.457806,-71.44985,1.301919071E9,776110,776759
776662,41.457794,-71.449715,1.301919071E9,776110,776759
776662,41.45778,-71.44956,1.301919071E9,776110,776759
776662,41.45777,-71.449425,1.301919071E9,776110,776759
776662,41.457764,-71.44929,1.301919071E9,776110,776759
776662,41.45776,-71.449135,1.301919071E9,776110,776759
776662,41.457745,-71.44898,1.301919071E9,776110,776759
776662,41.457737,-71.44884,1.301919071E9,776110,776759
776662,41.457737,-71.448685,1.301919071E9,776110,776759
776662,41.457726,-71.44855,1.301919071E9,776110,776759
776662,41.457714,-71.448425,1.301919071E9,776110,776759
776662,41.457706,-71.448265,1.301919071E9,776110,776759
776662,41.4577,-71.44813,1.301919071E9,776110,