9071E9,776110,776759
776662,37.72776,-122.45592,1.301919071E9,776110,776759
776662,37.72767,-122.45591,1.301919071E9,776110,776759
776662,37.727562,-122.45589,1.301919071E9,776110,776759
776662,37.727478,-122.45582,1.301919071E9,776110,776759
776662,37.727413,-122.45571,1.301919071E9,776110,776759
776662,37.72741,-122.455605,1.301919071E9,776110,776759
776662,37.72742,-122.455475,1.301919071E9,776110,776759
776662,37.727436,-122.455345,1.301919071E9,776110,776759
776662,37.727444,-122.455215,1.301919071E9,776110,776759
776662,37.72745,-122.455086,1.301919071E9,776110,776759
776662,37.72745,-122.45496,1.301919071E9,776110,776759
776662,37.727463,-122.45484,1.301919071E9,776110,776759
776662,37.727478,-122.454735,1.301919071E9,776110,776759
776662,37.72752,-122.45461,1.301919071E9,776110,776759
776662,37.727592,-122.45452,1.301919071E9,776110,776759
776662,37.727676,-122.45444,1.301919071E9,776110,776759
776662,37.727757,-122.4544,1.301919071E9,776110,776759
776662,37.72786,-122.454384,1.301919071E9,776110,776759
776662,37.727966,-122.454384,1.301919071E9,776110,776759
776662,37.72806,-122.454384,1.301919071E9,776110,776759
776662,37.728153,-122.45441,1.301919071E9,776110,776759
776662,37.728237,-122.45447,1.301919071E9,776110,776759
776662,37.7283,-122.45456,1.301919071E9,776110,776759
776662,37.728306,-122.45467,1.301919071E9,776110,776759
776662,37.728287,-122.4548,1.301919071E9,776110,776759
776662,37.728275,-122.45494,1.301919071E9,776110,776759
776662,37.728268,-122.45506,1.301919071E9,776110,776759
776662,37.728252,-122.45516,1.301919071E9,776110,776759
776662,37.728256,-122.45529,1.301919071E9,776110,776759
776662,37.72825,-122.45542,1.301919071E9,776110,776759
776662,37.72824,-122.45554,1.301919071E9,776110,776759
776662,37.72823,-122.45566,1.301919071E9,776110,776759
776662,37.728195,-122.45577,1.301919071E9,776110,776759
776662,37.728127,-122.45585,1.301919071E9,776110,776759
776662,37.728046,-122.455894,1.301919071E9,776110,776759
776662,37.727943,-122.45591,1.301919071E9,776110,776759
776662,37.727848,-122.455894,1.301919071E9,776110,776759
776662,37.727753,-122.45586,1.301919071E9,776110,776759
776662,37.72765,-122.45584,1.301919071E9,776110,776759
776662,37.72757,-122.45583,1.301919071E9,776110,776759
776662,37.72747,-122.45578,1.301919071E9,776110,776759
776662,37.72742,-122.455666,1.301919071E9,776110,776759
776662,37.727406,-122.45555,1.301919071E9,776110,776759
776662,37.727398,-122.45542,1.301919071E9,776110,776759
776662,37.727413,-122.45531,1.301919071E9,776110,776759
776662,37.72742,-122.455185,1.301919071E9,776110,776759
776662,37.727425,-122.45508,1.301919071E9,776110,776759
776662,37.727432,-122.45498,1.301919071E9,776110,776759
776662,37.72744,-122.454865,1.301919071E9,776110,776759
776662,37.727444,-122.45474,1.301919071E9,776110,776759
776662,37.727455,-122.454636,1.301919071E9,776110,776759
776662,37.72754,-122.45455,1.301919071E9,776110,776759
776662,37.727623,-122.4545,1.301919071E9,776110,776759
776662,37.7277,-122.45446,1.301919071E9,776110,776759
776662,37.72779,-122.45444,1.301919071E9,776110,776759
776662,37.727894,-122.45443,1.301919071E9,776110,776759
776662,37.72799,-122.454414,1.301919071E9,776110,776759
776662,37.728077,-122.454414,1.301919071E9,776110,776759
776662,37.72817,-122.45444,1.301919071E9,776110,776759
776662,37.72824,-122.45449,1.301919071E9,776110,776759
776662,37.728294,-122.45459,1.301919071E9,776110,776759
776662,37.728302,-122.454735,1.301919071E9,776110,776759
776662,37.72828,-122.454865,1.301919071E9,776110,776759
776662,37.728264,-122.454994,1.301919071E9,776110,776759
776662,37.728252,-122.45513,1.301919071E9,776110,776759
776662,37.728252,-122.45526,1.301919071E9,776110,776759
776662,37.72825,-122.45538,1.301919071E9,776110,776759
776662,37.728245,-122.455505,1.301919071E9,776110,776759
776662,37.72825,-122.45563,1.301919071E9,776110,776759
776662,37.72824,-122.45575,1.301919071E9,776110,776759
776662,37.728207,-122.455864,1.301919071E9,776110,776759
776662,37.728134,-122.45593,1.301919071E9,776110,776759
776662,37.728054,-122.45597,1.301919071E9,776110,776759
776662,37.72796,-122.45597,1.301919071E9,776110,776759
776662,37.72786,-122.45593,1.301919071E9,776110,776759
776662,37.727764,-122.45592,1.301919071E9,776110,776759
776662,37.727654,-122.45589,1.301919071E9,776110,776759
776662,37.727566,-122.45587,1.301919071E9,776110,776759
776662,37.72749,-122.45581,1.301919071E9,776110,776759
776662,37.72742,-122.45571,1.301919071E9,776110,776759
776662,37.727383,-122.45559,1.301919071E9,776110,776759
776662,37.727386,-122.45546,1.301919071E9,776110,776759
776662,37.727413,-122.45534,1.301919071E9,776110,776759
776662,37.727432,-122.45522,1.301919071E9,776110,776759
776662,37.727455,-122.45511,1.301919071E9,776110,776759
776662,37.727463,-122.45497,1.301919071E9,776110,776759
776662,37.727478,-122.45484,1.301919071E9,776110,776759
776662,37.72748,-122.454704,1.301919071E9,776110,776759
776662,37.727528,-122.45459,1.301919071E9,776110,776759
776662,37.72762,-122.45452,1.301919071E9,776110,776759
776662,37.727715,-122.45448,1.301919071E9,776110,776759
776662,37.72781,-122.45445,1.301919071E9,776110,776759
776662,37.727905,-122.45443,1.301919071E9,776110,776759
776662,37.728,-122.45441,1.301919071E9,776110,776759
776662,37.728104,-122.45441,1.301919071E9,776110,776759
776662,37.728195,-122.45446,1.301919071E9,776110,776759
776662,37.72825,-122.45455,1.301919071E9,776110,776759
776662,37.728268,-122.454666,1.301919071E9,776110,776759
776662,37.728264,-122.4548,1.301919071E9,776110,776759
776662,37.728256,-122.454956,1.301919071E9,776110,776759
776662,37.72824,-122.455086,1.301919071E9,776110,776759
776662,37.728226,-122.45523,1.301919071E9,776110,776759
776662,37.72821,-122.455376,1.301919071E9,776110,776759
776662,37.728207,-122.45551,1.301919071E9,776110,776759
776662,37.728188,-122.45565,1.301919071E9,776110,776759
776662,37.72814,-122.45579,1.301919071E9,776110,776759
776662,37.72807,-122.45589,1.301919071E9,776110,776759
776662,37.727985,-122.4559,1.301919071E9,776110,776759
776662,37.727898,-122.455894,1.301919071E9,776110,776759
776662,37.727802,-122.455894,1.301919071E9,776110,776759
776662,37.727715,-122.45589,1.301919071E9,776110,776759
776662,37.72763,-122.45587,1.301919071E9,776110,776759
776662,37.727543,-122.45583,1.301919071E9,776110,776759
776662,37.72747,-122.45576,1.301919071E9,776110,776759
776662,37.727432,-122.45563,1.301919071E9,776110,776759
776662,37.727425,-122.45549,1.301919071E9,776110,776759
776662,37.72743,-122.455345,1.301919071E9,776110,776759
776662,37.72743,-122.45524,1.301919071E9,776110,776759
776662,37.72743,-122.4551,1.301919071E9,776110,776759
776662,37.72743,-122.45498,1.301919071E9,776110,776759
776662,37.727432,-122.45486,1.301919071E9,776110,776759
776662,37.72744,-122.45473,1.301919071E9,776110,776759
776662,37.727467,-122.45461,1.301919071E9,776110,776759
776662,37.72752,-122.45452,1.301919071E9,776110,776759
776662,37.72762,-122.45445,1.301919071E9,776110,776759
776662,37.727726,-122.45442,1.301919071E9,776110,776759
776662,37.72784,-122.45441,1.301919071E9,776110,776759
776662,37.72795,-122.45439,1.301919071E9,776110,776759
776662,37.728058,-122.4544,1.301919071E9,776110,776759
776662,37.72817,-122.454445,1.301919071E9,776110,776759
776662,37.728233,-122.45451,1.301919071E9,776110,776759
776662,37.728283,-122.4546,1.301919071E9,776110,776759
776662,37.72831,-122.45473,1.301919071E9,776110,776759
776662,37.72829,-122.454865,1.301919071E9,776110,776759
776662,37.72827,-122.454994,1.301919071E9,776110,776759
776662,37.728256,-122.45511,1.301919071E9,776110,776759
776662,37.72825,-122.45523,1.301919071E9,776110,776759
776662,37.72822,-122.45537,1.301919071E9,776110,776759
776662,37.728214,-122.45548,1.301919071E9,776110,776759
776662,37.72821,-122.455605,1.301919071E9,776110,776759
776662,37.72818,-122.45572,1.301919071E9,776110,776759
776662,37.72813,-122.455826,1.301919071E9,776110,776759
776662,37.72805,-122.45586,1.301919071E9,776110,776759
776662,37.7