60303,1.301919071E9,776110,776759
776662,41.734646,-91.603096,1.301919071E9,776110,776759
776662,41.734394,-91.60319,1.301919071E9,776110,776759
776662,41.734222,-91.603195,1.301919071E9,776110,776759
776662,41.73406,-91.60319,1.301919071E9,776110,776759
776662,41.73396,-91.6032,1.301919071E9,776110,776759
776662,41.733807,-91.60317,1.301919071E9,776110,776759
776662,41.73366,-91.60317,1.301919071E9,776110,776759
776662,41.733566,-91.60314,1.301919071E9,776110,776759
776662,41.733475,-91.603165,1.301919071E9,776110,776759
776662,41.733326,-91.603165,1.301919071E9,776110,776759
776662,41.73315,-91.603195,1.301919071E9,776110,776759
776662,41.732994,-91.60319,1.301919071E9,776110,776759
776662,41.732864,-91.6032,1.301919071E9,776110,776759
776662,41.73266,-91.60318,1.301919071E9,776110,776759
776662,41.73264,-91.60333,1.301919071E9,776110,776759
776662,41.73253,-91.603264,1.301919071E9,776110,776759
776662,41.732395,-91.60327,1.301919071E9,776110,776759
776662,41.732304,-91.60331,1.301919071E9,776110,776759
776662,41.732185,-91.603294,1.301919071E9,776110,776759
776662,41.732,-91.60332,1.301919071E9,776110,776759
776662,41.731895,-91.60329,1.301919071E9,776110,776759
776662,41.731766,-91.603264,1.301919071E9,776110,776759
776662,41.731663,-91.60326,1.301919071E9,776110,776759
776662,41.73155,-91.60329,1.301919071E9,776110,776759
776662,41.731438,-91.60331,1.301919071E9,776110,776759
776662,41.73135,-91.603264,1.301919071E9,776110,776759
776662,41.73122,-91.60323,1.301919071E9,776110,776759
776662,41.731117,-91.60319,1.301919071E9,776110,776759
776662,41.73102,-91.603134,1.301919071E9,776110,776759
776662,41.730904,-91.60308,1.301919071E9,776110,776759
776662,41.730824,-91.603,1.301919071E9,776110,776759
776662,41.73045,-91.603004,1.301919071E9,776110,776759
776662,41.730152,-91.603065,1.301919071E9,776110,776759
776662,41.729797,-91.60304,1.301919071E9,776110,776759
776662,41.72948,-91.603035,1.301919071E9,776110,776759
776662,41.72937,-91.60305,1.301919071E9,776110,776759
776662,41.729187,-91.60311,1.301919071E9,776110,776759
776662,41.72909,-91.60313,1.301919071E9,776110,776759
776662,41.72895,-91.60311,1.301919071E9,776110,776759
776662,41.7288,-91.603134,1.301919071E9,776110,776759
776662,41.728653,-91.60318,1.301919071E9,776110,776759
776662,41.728516,-91.603195,1.301919071E9,776110,776759
776662,41.72838,-91.60315,1.301919071E9,776110,776759
776662,41.728245,-91.60316,1.301919071E9,776110,776759
776662,41.728104,-91.60319,1.301919071E9,776110,776759
776662,41.72797,-91.60324,1.301919071E9,776110,776759
776662,41.72782,-91.603264,1.301919071E9,776110,776759
776662,41.727722,-91.60328,1.301919071E9,776110,776759
776662,41.727585,-91.60329,1.301919071E9,776110,776759
776662,41.72748,-91.60333,1.301919071E9,776110,776759
776662,41.72737,-91.603325,1.301919071E9,776110,776759
776662,41.72728,-91.60331,1.301919071E9,776110,776759
776662,41.72718,-91.6033,1.301919071E9,776110,776759
776662,41.727085,-91.603294,1.301919071E9,776110,776759
776662,41.72696,-91.603294,1.301919071E9,776110,776759
776662,41.726852,-91.603294,1.301919071E9,776110,776759
776662,41.726765,-91.60328,1.301919071E9,776110,776759
776662,41.72666,-91.60327,1.301919071E9,776110,776759
776662,41.726555,-91.603226,1.301919071E9,776110,776759
776662,41.726444,-91.60321,1.301919071E9,776110,776759
776662,41.726345,-91.603226,1.301919071E9,776110,776759
776662,41.726254,-91.60322,1.301919071E9,776110,776759
776662,41.726154,-91.603226,1.301919071E9,776110,776759
776662,41.726063,-91.60324,1.301919071E9,776110,776759
776662,41.725967,-91.60326,1.301919071E9,776110,776759
776662,41.725872,-91.6033,1.301919071E9,776110,776759
776662,41.72564,-91.603294,1.301919071E9,776110,776759
776662,41.725502,-91.6033,1.301919071E9,776110,776759
776662,41.725376,-91.60327,1.301919071E9,776110,776759
776662,41.725285,-91.603264,1.301919071E9,776110,776759
776662,41.72516,-91.603226,1.301919071E9,776110,776759
776662,41.725063,-91.60317,1.301919071E9,776110,776759
776662,41.724953,-91.60316,1.301919071E9,776110,776759
776662,41.72485,-91.60319,1.301919071E9,776110,776759
776662,41.724747,-91.603195,1.301919071E9,776110,776759
776662,41.72465,-91.6032,1.301919071E9,776110,776759
776662,41.72438,-91.60325,1.301919071E9,776110,776759
776662,41.72427,-91.603264,1.301919071E9,776110,776759
776662,41.724174,-91.6033,1.301919071E9,776110,776759
776662,41.724064,-91.60334,1.301919071E9,776110,776759
776662,41.723972,-91.60334,1.301919071E9,776110,776759
776662,41.723877,-91.60333,1.301919071E9,776110,776759
776662,41.723763,-91.6033,1.301919071E9,776110,776759
776662,41.723663,-91.603294,1.301919071E9,776110,776759
776662,41.72356,-91.6033,1.301919071E9,776110,776759
776662,41.72356,-91.6033,1.301919071E9,776110,776759
776662,41.723515,-91.60338,1.301919071E9,776110,776759
776662,41.723602,-91.60331,1.301919071E9,776110,776759
776662,41.72372,-91.603294,1.301919071E9,776110,776759
776662,41.72383,-91.60328,1.301919071E9,776110,776759
776662,41.723953,-91.60328,1.301919071E9,776110,776759
776662,41.724056,-91.60328,1.301919071E9,776110,776759
776662,41.724182,-91.60331,1.301919071E9,776110,776759
776662,41.724285,-91.60331,1.301919071E9,776110,776759
776662,41.72441,-91.60331,1.301919071E9,776110,776759
776662,41.724552,-91.60331,1.301919071E9,776110,776759
776662,41.72469,-91.60331,1.301919071E9,776110,776759
776662,41.724827,-91.603294,1.301919071E9,776110,776759
776662,41.72495,-91.60326,1.301919071E9,776110,776759
776662,41.72505,-91.60332,1.301919071E9,776110,776759
776662,41.725143,-91.60337,1.301919071E9,776110,776759
776662,41.7253,-91.60336,1.301919071E9,776110,776759
776662,41.725407,-91.60335,1.301919071E9,776110,776759
776662,41.7255,-91.60335,1.301919071E9,776110,776759
776662,41.7256,-91.60332,1.301919071E9,776110,776759
776662,41.725716,-91.60329,1.301919071E9,776110,776759
776662,41.72583,-91.60328,1.301919071E9,776110,776759
776662,41.72593,-91.60326,1.301919071E9,776110,776759
776662,41.72604,-91.60326,1.301919071E9,776110,776759
776662,41.726135,-91.60326,1.301919071E9,776110,776759
776662,41.726234,-91.60328,1.301919071E9,776110,776759
776662,41.726357,-91.60331,1.301919071E9,776110,776759
776662,41.726467,-91.60324,1.301919071E9,776110,776759
776662,41.726578,-91.60324,1.301919071E9,776110,776759
776662,41.726704,-91.60323,1.301919071E9,776110,776759
776662,41.72688,-91.603226,1.301919071E9,776110,776759
776662,41.72703,-91.60322,1.301919071E9,776110,776759
776662,41.727192,-91.603226,1.301919071E9,776110,776759
776662,41.727337,-91.60325,1.301919071E9,776110,776759
776662,41.72743,-91.60333,1.301919071E9,776110,776759
776662,41.727604,-91.60339,1.301919071E9,776110,776759
776662,41.727795,-91.60338,1.301919071E9,776110,776759
776662,41.727905,-91.60338,1.301919071E9,776110,776759
776662,41.72808,-91.603325,1.301919071E9,776110,776759
776662,41.728256,-91.60334,1.301919071E9,776110,776759
776662,41.728382,-91.603325,1.301919071E9,776110,776759
776662,41.728504,-91.60331,1.301919071E9,776110,776759
776662,41.728638,-91.60331,1.301919071E9,776110,776759
776662,41.72874,-91.603264,1.301919071E9,776110,776759
776662,41.72885,-91.60324,1.301919071E9,776110,776759
776662,41.72899,-91.60326,1.301919071E9,776110,776759
776662,41.729076,-91.60326,1.301919071E9,776110,776759
776662,41.729206,-91.60325,1.301919071E9,776110,776759
776662,41.72933,-91.60322,1.301919071E9,776110,776759
776662,41.729446,-91.60322,1.301919071E9,776110,776759
776662,41.72957,-91.603165,1.301919071E9,776110,776759
776662,41.72968,-91.60315,1.301919071E9,776110,776759
776662,41.72979,-91.60315,1.301919071E9,776110,776759
776662,41.72991,-91.60317,1.301919071E9,776110,776759
776662,41.730007,-91.60319,1.301919071E9,776110,776759
776662,41.730133,-91.603195,1.301919071E9,776110,776759
776662,41.730247,-91.60322,1.301919071E9,776110,776759
776662,41.73035,-91.603195,1.301919071E9,776110,776759
776662,41.730465,-91.60324,1.301919071E9,776110,776759
776662,41.73056,-91.603226,1.301919071E9,776110,776759
776662,41.730656,-91.6032,1.30