9,776110,776759
776662,25.856337,-80.383835,1.301919071E9,776110,776759
776662,25.856337,-80.38396,1.301919071E9,776110,776759
776662,25.856337,-80.38406,1.301919071E9,776110,776759
776662,25.856335,-80.38422,1.301919071E9,776110,776759
776662,25.856335,-80.38434,1.301919071E9,776110,776759
776662,25.856335,-80.384476,1.301919071E9,776110,776759
776662,25.856333,-80.38463,1.301919071E9,776110,776759
776662,25.856333,-80.38474,1.301919071E9,776110,776759
776662,25.856333,-80.38487,1.301919071E9,776110,776759
776662,25.856333,-80.38501,1.301919071E9,776110,776759
776662,25.85633,-80.3852,1.301919071E9,776110,776759
776662,25.85633,-80.385345,1.301919071E9,776110,776759
776662,25.856329,-80.3855,1.301919071E9,776110,776759
776662,25.856329,-80.385635,1.301919071E9,776110,776759
776662,25.856327,-80.38576,1.301919071E9,776110,776759
776662,25.856327,-80.38591,1.301919071E9,776110,776759
776662,25.856327,-80.38604,1.301919071E9,776110,776759
776662,25.856325,-80.38616,1.301919071E9,776110,776759
776662,25.85633,-80.38634,1.301919071E9,776110,776759
776662,25.856344,-80.386444,1.301919071E9,776110,776759
776662,25.85645,-80.38657,1.301919071E9,776110,776759
776662,25.85659,-80.38659,1.301919071E9,776110,776759
776662,25.856743,-80.3866,1.301919071E9,776110,776759
776662,25.856865,-80.3866,1.301919071E9,776110,776759
776662,25.857021,-80.386604,1.301919071E9,776110,776759
776662,25.857162,-80.386604,1.301919071E9,776110,776759
776662,25.857302,-80.386604,1.301919071E9,776110,776759
776662,25.857414,-80.38661,1.301919071E9,776110,776759
776662,25.857515,-80.38661,1.301919071E9,776110,776759
776662,25.857655,-80.38662,1.301919071E9,776110,776759
776662,25.857761,-80.38662,1.301919071E9,776110,776759
776662,25.857878,-80.38663,1.301919071E9,776110,776759
776662,25.857988,-80.38663,1.301919071E9,776110,776759
776662,25.858114,-80.38663,1.301919071E9,776110,776759
776662,25.858244,-80.386635,1.301919071E9,776110,776759
776662,25.858381,-80.386635,1.301919071E9,776110,776759
776662,25.858519,-80.38664,1.301919071E9,776110,776759
776662,25.85865,-80.38664,1.301919071E9,776110,776759
776662,25.858751,-80.38665,1.301919071E9,776110,776759
776662,25.85889,-80.38665,1.301919071E9,776110,776759
776662,25.859026,-80.38666,1.301919071E9,776110,776759
776662,25.859186,-80.38666,1.301919071E9,776110,776759
776662,25.859299,-80.386665,1.301919071E9,776110,776759
776662,25.859417,-80.386665,1.301919071E9,776110,776759
776662,25.859518,-80.38667,1.301919071E9,776110,776759
776662,25.85964,-80.38667,1.301919071E9,776110,776759
776662,25.859768,-80.38668,1.301919071E9,776110,776759
776662,25.859877,-80.38668,1.301919071E9,776110,776759
776662,25.860004,-80.38669,1.301919071E9,776110,776759
776662,25.86012,-80.38669,1.301919071E9,776110,776759
776662,25.86023,-80.38669,1.301919071E9,776110,776759
776662,25.860357,-80.386696,1.301919071E9,776110,776759
776662,25.860493,-80.3867,1.301919071E9,776110,776759
776662,25.86061,-80.3867,1.301919071E9,776110,776759
776662,25.860752,-80.38671,1.301919071E9,776110,776759
776662,25.860853,-80.38671,1.301919071E9,776110,776759
776662,25.860985,-80.38672,1.301919071E9,776110,776759
776662,25.86111,-80.38672,1.301919071E9,776110,776759
776662,25.861246,-80.38673,1.301919071E9,776110,776759
776662,25.861368,-80.38673,1.301919071E9,776110,776759
776662,25.86147,-80.386734,1.301919071E9,776110,776759
776662,25.861563,-80.386734,1.301919071E9,776110,776759
776662,25.86171,-80.38674,1.301919071E9,776110,776759
776662,25.861849,-80.38674,1.301919071E9,776110,776759
776662,25.861982,-80.38675,1.301919071E9,776110,776759
776662,25.86213,-80.38675,1.301919071E9,776110,776759
776662,25.86227,-80.38676,1.301919071E9,776110,776759
776662,25.86242,-80.386765,1.301919071E9,776110,776759
776662,25.862555,-80.386765,1.301919071E9,776110,776759
776662,25.862694,-80.38677,1.301919071E9,776110,776759
776662,25.862822,-80.38677,1.301919071E9,776110,776759
776662,25.862955,-80.38678,1.301919071E9,776110,776759
776662,25.863083,-80.38678,1.301919071E9,776110,776759
776662,25.86322,-80.38679,1.301919071E9,776110,776759
776662,25.863348,-80.38679,1.301919071E9,776110,776759
776662,25.86347,-80.386795,1.301919071E9,776110,776759
776662,25.86359,-80.386795,1.301919071E9,776110,776759
776662,25.86371,-80.3868,1.301919071E9,776110,776759
776662,25.863817,-80.3868,1.301919071E9,776110,776759
776662,25.86392,-80.3868,1.301919071E9,776110,776759
776662,25.864035,-80.38681,1.301919071E9,776110,776759
776662,25.864147,-80.38681,1.301919071E9,776110,776759
776662,25.864283,-80.38681,1.301919071E9,776110,776759
776662,25.86441,-80.38682,1.301919071E9,776110,776759
776662,25.864552,-80.386826,1.301919071E9,776110,776759
776662,25.864658,-80.386826,1.301919071E9,776110,776759
776662,25.864792,-80.386826,1.301919071E9,776110,776759
776662,25.864925,-80.38683,1.301919071E9,776110,776759
776662,25.86505,-80.38683,1.301919071E9,776110,776759
776662,25.865171,-80.38684,1.301919071E9,776110,776759
776662,25.865305,-80.38685,1.301919071E9,776110,776759
776662,25.865404,-80.38685,1.301919071E9,776110,776759
776662,25.865519,-80.38685,1.301919071E9,776110,776759
776662,25.865646,-80.386856,1.301919071E9,776110,776759
776662,25.865778,-80.38686,1.301919071E9,776110,776759
776662,25.865896,-80.38686,1.301919071E9,776110,776759
776662,25.866016,-80.38687,1.301919071E9,776110,776759
776662,25.866142,-80.38687,1.301919071E9,776110,776759
776662,25.866259,-80.38687,1.301919071E9,776110,776759
776662,25.86637,-80.38688,1.301919071E9,776110,776759
776662,25.866484,-80.38688,1.301919071E9,776110,776759
776662,25.866604,-80.38688,1.301919071E9,776110,776759
776662,25.866716,-80.38689,1.301919071E9,776110,776759
776662,25.866838,-80.38689,1.301919071E9,776110,776759
776662,25.86696,-80.38689,1.301919071E9,776110,776759
776662,25.86708,-80.386894,1.301919071E9,776110,776759
776662,25.867228,-80.386894,1.301919071E9,776110,776759
776662,25.867361,-80.386894,1.301919071E9,776110,776759
776662,25.86747,-80.3869,1.301919071E9,776110,776759
776662,25.86758,-80.3869,1.301919071E9,776110,776759
776662,25.867685,-80.3869,1.301919071E9,776110,776759
776662,25.86779,-80.3869,1.301919071E9,776110,776759
776662,25.867918,-80.3869,1.301919071E9,776110,776759
776662,25.868048,-80.3869,1.301919071E9,776110,776759
776662,25.868174,-80.3869,1.301919071E9,776110,776759
776662,25.868296,-80.3869,1.301919071E9,776110,776759
776662,25.868433,-80.38689,1.301919071E9,776110,776759
776662,25.868568,-80.386856,1.301919071E9,776110,776759
776662,25.868692,-80.38682,1.301919071E9,776110,776759
776662,25.868813,-80.38675,1.301919071E9,776110,776759
776662,25.868929,-80.38667,1.301919071E9,776110,776759
776662,25.869038,-80.38658,1.301919071E9,776110,776759
776662,25.86914,-80.386475,1.301919071E9,776110,776759
776662,25.869223,-80.38636,1.301919071E9,776110,776759
776662,25.86929,-80.38625,1.301919071E9,776110,776759
776662,25.869345,-80.38614,1.301919071E9,776110,776759
776662,25.869402,-80.38601,1.301919071E9,776110,776759
776662,25.869453,-80.38587,1.301919071E9,776110,776759
776662,25.869488,-80.38574,1.301919071E9,776110,776759
776662,25.869509,-80.38562,1.301919071E9,776110,776759
776662,25.869522,-80.38548,1.301919071E9,776110,776759
776662,25.869528,-80.38534,1.301919071E9,776110,776759
776662,25.86953,-80.38518,1.301919071E9,776110,776759
776662,25.869532,-80.38505,1.301919071E9,776110,776759
776662,25.869534,-80.38491,1.301919071E9,776110,776759
776662,25.869535,-80.38477,1.301919071E9,776110,776759
776662,25.869537,-80.38465,1.301919071E9,776110,776759
776662,25.869537,-80.38452,1.301919071E9,776110,776759
776662,25.869537,-80.3844,1.301919071E9,776110,776759
776662,25.869537,-80.38428,1.301919071E9,776110,776759
776662,25.86954,-80.38415,1.301919071E9,776110,776759
776662,25.869541,-80.38403,1.301919071E9,776110,776759
776662,25.869543,-80.38393,1.301919071E9,776110,776759
776662,25.869543,-80.383804,1.301919071E9,776110,776759
776662,25.869545,-80.38369,1.301919071E9,776110,776759
776662,25.869547,-80.383575,1.30