776110,776759
776662,51.456345,5.5966134,1.301919071E9,776110,776759
776662,51.456406,5.596719,1.301919071E9,776110,776759
776662,51.456463,5.596831,1.301919071E9,776110,776759
776662,51.45652,5.596937,1.301919071E9,776110,776759
776662,51.456585,5.597042,1.301919071E9,776110,776759
776662,51.45665,5.597154,1.301919071E9,776110,776759
776662,51.45671,5.597259,1.301919071E9,776110,776759
776662,51.456764,5.597368,1.301919071E9,776110,776759
776662,51.45682,5.5974717,1.301919071E9,776110,776759
776662,51.456882,5.5975738,1.301919071E9,776110,776759
776662,51.456947,5.5976725,1.301919071E9,776110,776759
776662,51.457024,5.5977654,1.301919071E9,776110,776759
776662,51.457104,5.5978575,1.301919071E9,776110,776759
776662,51.457188,5.597869,1.301919071E9,776110,776759
776662,51.457268,5.597939,1.301919071E9,776110,776759
776662,51.457348,5.597994,1.301919071E9,776110,776759
776662,51.45743,5.5980363,1.301919071E9,776110,776759
776662,51.457508,5.598079,1.301919071E9,776110,776759
776662,51.457592,5.598123,1.301919071E9,776110,776759
776662,51.457676,5.598094,1.301919071E9,776110,776759
776662,51.45776,5.5981107,1.301919071E9,776110,776759
776662,51.457848,5.598114,1.301919071E9,776110,776759
776662,51.45793,5.5981054,1.301919071E9,776110,776759
776662,51.45804,5.598076,1.301919071E9,776110,776759
776662,51.458233,5.598036,1.301919071E9,776110,776759
776662,51.45833,5.5980253,1.301919071E9,776110,776759
776662,51.45842,5.5980144,1.301919071E9,776110,776759
776662,51.458515,5.59802,1.301919071E9,776110,776759
776662,51.458607,5.5980167,1.301919071E9,776110,776759
776662,51.458702,5.5980177,1.301919071E9,776110,776759
776662,51.458794,5.5980325,1.301919071E9,776110,776759
776662,51.45896,5.59808,1.301919071E9,776110,776759
776662,51.459053,5.598128,1.301919071E9,776110,776759
776662,51.459133,5.598165,1.301919071E9,776110,776759
776662,51.459206,5.59826,1.301919071E9,776110,776759
776662,51.459282,5.5983872,1.301919071E9,776110,776759
776662,51.45936,5.59847,1.301919071E9,776110,776759
776662,51.459427,5.5985575,1.301919071E9,776110,776759
776662,51.45949,5.598656,1.301919071E9,776110,776759
776662,51.459553,5.598751,1.301919071E9,776110,776759
776662,51.459618,5.5988493,1.301919071E9,776110,776759
776662,51.45968,5.5989537,1.301919071E9,776110,776759
776662,51.459763,5.599043,1.301919071E9,776110,776759
776662,51.459843,5.599122,1.301919071E9,776110,776759
776662,51.459923,5.59922,1.301919071E9,776110,776759
776662,51.46001,5.5992513,1.301919071E9,776110,776759
776662,51.460155,5.599256,1.301919071E9,776110,776759
776662,51.460278,5.599336,1.301919071E9,776110,776759
776662,51.46036,5.5995417,1.301919071E9,776110,776759
776662,51.460464,5.59974,1.301919071E9,776110,776759
776662,51.46053,5.599835,1.301919071E9,776110,776759
776662,51.460625,5.5999,1.301919071E9,776110,776759
776662,51.460705,5.5999804,1.301919071E9,776110,776759
776662,51.46079,5.600071,1.301919071E9,776110,776759
776662,51.46087,5.600157,1.301919071E9,776110,776759
776662,51.46095,5.6002293,1.301919071E9,776110,776759
776662,51.46104,5.6003084,1.301919071E9,776110,776759
776662,51.46113,5.6003942,1.301919071E9,776110,776759
776662,51.46122,5.600475,1.301919071E9,776110,776759
776662,51.461304,5.6005564,1.301919071E9,776110,776759
776662,51.461388,5.6006374,1.301919071E9,776110,776759
776662,51.461468,5.600721,1.301919071E9,776110,776759
776662,51.461548,5.600801,1.301919071E9,776110,776759
776662,51.46163,5.6008615,1.301919071E9,776110,776759
776662,51.461716,5.6009307,1.301919071E9,776110,776759
776662,51.461807,5.6010056,1.301919071E9,776110,776759
776662,51.461884,5.6010876,1.301919071E9,776110,776759
776662,51.461967,5.6011667,1.301919071E9,776110,776759
776662,51.462055,5.6012516,1.301919071E9,776110,776759
776662,51.46214,5.6013217,1.301919071E9,776110,776759
776662,51.462215,5.601417,1.301919071E9,776110,776759
776662,51.462296,5.6015043,1.301919071E9,776110,776759
776662,51.462376,5.601596,1.301919071E9,776110,776759
776662,51.46244,5.601716,1.301919071E9,776110,776759
776662,51.462513,5.6018333,1.301919071E9,776110,776759
776662,51.462578,5.601955,1.301919071E9,776110,776759
776662,51.46263,5.60208,1.301919071E9,776110,776759
776662,51.46269,5.6022034,1.301919071E9,776110,776759
776662,51.46274,5.6023335,1.301919071E9,776110,776759
776662,51.462788,5.6024475,1.301919071E9,776110,776759
776662,51.462852,5.6025653,1.301919071E9,776110,776759
776662,51.462914,5.6026745,1.301919071E9,776110,776759
776662,51.462982,5.602793,1.301919071E9,776110,776759
776662,51.463074,5.6028657,1.301919071E9,776110,776759
776662,51.463146,5.602953,1.301919071E9,776110,776759
776662,51.46323,5.603041,1.301919071E9,776110,776759
776662,51.463306,5.603128,1.301919071E9,776110,776759
776662,51.463394,5.603225,1.301919071E9,776110,776759
776662,51.463474,5.6033278,1.301919071E9,776110,776759
776662,51.463543,5.6034145,1.301919071E9,776110,776759
776662,51.46362,5.6035,1.301919071E9,776110,776759
776662,51.46369,5.6035833,1.301919071E9,776110,776759
776662,51.46378,5.603663,1.301919071E9,776110,776759
776662,51.46385,5.603749,1.301919071E9,776110,776759
776662,51.463917,5.603837,1.301919071E9,776110,776759
776662,51.463997,5.6039,1.301919071E9,776110,776759
776662,51.46407,5.6039715,1.301919071E9,776110,776759
776662,51.464157,5.604012,1.301919071E9,776110,776759
776662,51.46425,5.604051,1.301919071E9,776110,776759
776662,51.464333,5.6040683,1.301919071E9,776110,776759
776662,51.464428,5.604069,1.301919071E9,776110,776759
776662,51.46452,5.6040606,1.301919071E9,776110,776759
776662,51.464607,5.6040525,1.301919071E9,776110,776759
776662,51.4647,5.6040387,1.301919071E9,776110,776759
776662,51.46479,5.6040277,1.301919071E9,776110,776759
776662,51.464874,5.604033,1.301919071E9,776110,776759
776662,51.46496,5.6040344,1.301919071E9,776110,776759
776662,51.465054,5.6040325,1.301919071E9,776110,776759
776662,51.46515,5.6040316,1.301919071E9,776110,776759
776662,51.465244,5.6040363,1.301919071E9,776110,776759
776662,51.465336,5.604039,1.301919071E9,776110,776759
776662,51.465427,5.604045,1.301919071E9,776110,776759
776662,51.465523,5.6040525,1.301919071E9,776110,776759
776662,51.465622,5.60405,1.301919071E9,776110,776759
776662,51.465714,5.6040263,1.301919071E9,776110,776759
776662,51.465813,5.6040144,1.301919071E9,776110,776759
776662,51.465916,5.6039963,1.301919071E9,776110,776759
776662,51.466003,5.6039963,1.301919071E9,776110,776759
776662,51.466145,5.6039963,1.301919071E9,776110,776759
776662,51.466232,5.6039963,1.301919071E9,776110,776759
776662,51.466354,5.604043,1.301919071E9,776110,776759
776662,51.46645,5.6040883,1.301919071E9,776110,776759
776662,51.466537,5.6041455,1.301919071E9,776110,776759
776662,51.46662,5.6042194,1.301919071E9,776110,776759
776662,51.466705,5.6042986,1.301919071E9,776110,776759
776662,51.4668,5.6044054,1.301919071E9,776110,776759
776662,51.466873,5.6045036,1.301919071E9,776110,776759
776662,51.466934,5.6046205,1.301919071E9,776110,776759
776662,51.466984,5.604755,1.301919071E9,776110,776759
776662,51.467022,5.604913,1.301919071E9,776110,776759
776662,51.467068,5.605051,1.301919071E9,776110,776759
776662,51.46711,5.605193,1.301919071E9,776110,776759
776662,51.467133,5.605336,1.301919071E9,776110,776759
776662,51.46715,5.6054816,1.301919071E9,776110,776759
776662,51.46713,5.6056404,1.301919071E9,776110,776759
776662,51.467133,5.605802,1.301919071E9,776110,776759
776662,51.467148,5.6059566,1.301919071E9,776110,776759
776662,51.467148,5.60611,1.301919071E9,776110,776759
776662,51.46717,5.606262,1.301919071E9,776110,776759
776662,51.467182,5.606447,1.301919071E9,776110,776759
776662,51.46716,5.6065845,1.301919071E9,776110,776759
776662,51.467175,5.6067686,1.301919071E9,776110,776759
776662,51.467163,5.606916,1.301919071E9,776110,776759
776662,51.467182,5.607194,1.301919071E9,776110,776759
776662,51.467182,5.6073484,1.301919071E9,776110,776759
776662,51.467182,5.6075177,1.301919071E9,776110,776759
776662,51.46718,5.607682,1.301919071E9,776110,776759
776662,51.467175,5.60782,1.301919071E9,7