01919071E9,776110,776759
776662,-33.437958,-70.656265,1.301919071E9,776110,776759
776662,-33.43797,-70.65639,1.301919071E9,776110,776759
776662,-33.43798,-70.65652,1.301919071E9,776110,776759
776662,-33.437992,-70.65665,1.301919071E9,776110,776759
776662,-33.438015,-70.65679,1.301919071E9,776110,776759
776662,-33.43804,-70.65699,1.301919071E9,776110,776759
776662,-33.438053,-70.6571,1.301919071E9,776110,776759
776662,-33.438065,-70.65723,1.301919071E9,776110,776759
776662,-33.438084,-70.65737,1.301919071E9,776110,776759
776662,-33.438065,-70.65723,1.301919071E9,776110,776759
776662,-33.43808,-70.65736,1.301919071E9,776110,776759
776662,-33.43809,-70.65746,1.301919071E9,776110,776759
776662,-33.438103,-70.65758,1.301919071E9,776110,776759
776662,-33.438118,-70.65771,1.301919071E9,776110,776759
776662,-33.438133,-70.65784,1.301919071E9,776110,776759
776662,-33.43815,-70.65798,1.301919071E9,776110,776759
776662,-33.438164,-70.65812,1.301919071E9,776110,776759
776662,-33.438183,-70.6584,1.301919071E9,776110,776759
776662,-33.438194,-70.65852,1.301919071E9,776110,776759
776662,-33.4382,-70.65864,1.301919071E9,776110,776759
776662,-33.43821,-70.65878,1.301919071E9,776110,776759
776662,-33.438217,-70.658905,1.301919071E9,776110,776759
776662,-33.438225,-70.659035,1.301919071E9,776110,776759
776662,-33.438236,-70.659164,1.301919071E9,776110,776759
776662,-33.438248,-70.65932,1.301919071E9,776110,776759
776662,-33.438255,-70.659454,1.301919071E9,776110,776759
776662,-33.438297,-70.659775,1.301919071E9,776110,776759
776662,-33.43832,-70.6599,1.301919071E9,776110,776759
776662,-33.438343,-70.660034,1.301919071E9,776110,776759
776662,-33.43837,-70.66019,1.301919071E9,776110,776759
776662,-33.43841,-70.66043,1.301919071E9,776110,776759
776662,-33.438435,-70.66064,1.301919071E9,776110,776759
776662,-33.438454,-70.66083,1.301919071E9,776110,776759
776662,-33.438473,-70.66101,1.301919071E9,776110,776759
776662,-33.43849,-70.66119,1.301919071E9,776110,776759
776662,-33.438503,-70.66135,1.301919071E9,776110,776759
776662,-33.43852,-70.661476,1.301919071E9,776110,776759
776662,-33.43853,-70.66162,1.301919071E9,776110,776759
776662,-33.438545,-70.66175,1.301919071E9,776110,776759
776662,-33.438557,-70.661896,1.301919071E9,776110,776759
776662,-33.438576,-70.66207,1.301919071E9,776110,776759
776662,-33.438587,-70.66221,1.301919071E9,776110,776759
776662,-33.4386,-70.662315,1.301919071E9,776110,776759
776662,-33.438614,-70.662476,1.301919071E9,776110,776759
776662,-33.438625,-70.66259,1.301919071E9,776110,776759
776662,-33.43864,-70.66276,1.301919071E9,776110,776759
776662,-33.438656,-70.66289,1.301919071E9,776110,776759
776662,-33.438663,-70.662994,1.301919071E9,776110,776759
776662,-33.43868,-70.66314,1.301919071E9,776110,776759
776662,-33.43869,-70.66327,1.301919071E9,776110,776759
776662,-33.4387,-70.66339,1.301919071E9,776110,776759
776662,-33.438713,-70.66352,1.301919071E9,776110,776759
776662,-33.438725,-70.66364,1.301919071E9,776110,776759
776662,-33.43874,-70.66377,1.301919071E9,776110,776759
776662,-33.438747,-70.663895,1.301919071E9,776110,776759
776662,-33.438763,-70.66402,1.301919071E9,776110,776759
776662,-33.43877,-70.66412,1.301919071E9,776110,776759
776662,-33.43878,-70.66425,1.301919071E9,776110,776759
776662,-33.438793,-70.66438,1.301919071E9,776110,776759
776662,-33.438805,-70.66451,1.301919071E9,776110,776759
776662,-33.438988,-70.66471,1.301919071E9,776110,776759
776662,-33.439083,-70.66473,1.301919071E9,776110,776759
776662,-33.439217,-70.66475,1.301919071E9,776110,776759
776662,-33.43932,-70.66477,1.301919071E9,776110,776759
776662,-33.439545,-70.66481,1.301919071E9,776110,776759
776662,-33.439674,-70.66483,1.301919071E9,776110,776759
776662,-33.43977,-70.664856,1.301919071E9,776110,776759
776662,-33.439865,-70.66487,1.301919071E9,776110,776759
776662,-33.43997,-70.66489,1.301919071E9,776110,776759
776662,-33.44011,-70.66494,1.301919071E9,776110,776759
776662,-33.44021,-70.66498,1.301919071E9,776110,776759
776662,-33.44031,-70.66502,1.301919071E9,776110,776759
776662,-33.440434,-70.66505,1.301919071E9,776110,776759
776662,-33.440548,-70.66506,1.301919071E9,776110,776759
776662,-33.440678,-70.66507,1.301919071E9,776110,776759
776662,-33.440792,-70.66508,1.301919071E9,776110,776759
776662,-33.4409,-70.66508,1.301919071E9,776110,776759
776662,-33.440994,-70.665085,1.301919071E9,776110,776759
776662,-33.441044,-70.6649,1.301919071E9,776110,776759
776662,-33.441074,-70.66479,1.301919071E9,776110,776759
776662,-33.441086,-70.664665,1.301919071E9,776110,776759
776662,-33.441082,-70.66454,1.301919071E9,776110,776759
776662,-33.441082,-70.66454,1.301919071E9,776110,776759
776662,-33.440983,-70.66432,1.301919071E9,776110,776759
776662,-33.441032,-70.66435,1.301919071E9,776110,776759
776662,-33.441032,-70.66447,1.301919071E9,776110,776759
776662,-33.441063,-70.66461,1.301919071E9,776110,776759
776662,-33.441025,-70.66473,1.301919071E9,776110,776759
776662,-33.441032,-70.664856,1.301919071E9,776110,776759
776662,-33.440998,-70.66497,1.301919071E9,776110,776759
776662,-33.4409,-70.664986,1.301919071E9,776110,776759
776662,-33.44077,-70.66501,1.301919071E9,776110,776759
776662,-33.440674,-70.66496,1.301919071E9,776110,776759
776662,-33.440556,-70.66494,1.301919071E9,776110,776759
776662,-33.44045,-70.66491,1.301919071E9,776110,776759
776662,-33.44032,-70.66488,1.301919071E9,776110,776759
776662,-33.440174,-70.66491,1.301919071E9,776110,776759
776662,-33.440083,-70.66489,1.301919071E9,776110,776759
776662,-33.439953,-70.66476,1.301919071E9,776110,776759
776662,-33.43994,-70.66463,1.301919071E9,776110,776759
776662,-33.439922,-70.664474,1.301919071E9,776110,776759
776662,-33.439907,-70.664314,1.301919071E9,776110,776759
776662,-33.439896,-70.66421,1.301919071E9,776110,776759
776662,-33.43988,-70.664085,1.301919071E9,776110,776759
776662,-33.43986,-70.66393,1.301919071E9,776110,776759
776662,-33.439842,-70.663765,1.301919071E9,776110,776759
776662,-33.43983,-70.663635,1.301919071E9,776110,776759
776662,-33.439808,-70.66345,1.301919071E9,776110,776759
776662,-33.439793,-70.66332,1.301919071E9,776110,776759
776662,-33.439774,-70.66316,1.301919071E9,776110,776759
776662,-33.43976,-70.66302,1.301919071E9,776110,776759
776662,-33.439743,-70.66288,1.301919071E9,776110,776759
776662,-33.439728,-70.66274,1.301919071E9,776110,776759
776662,-33.439697,-70.66248,1.301919071E9,776110,776759
776662,-33.439686,-70.662346,1.301919071E9,776110,776759
776662,-33.439667,-70.66219,1.301919071E9,776110,776759
776662,-33.439648,-70.661995,1.301919071E9,776110,776759
776662,-33.439636,-70.66186,1.301919071E9,776110,776759
776662,-33.43962,-70.66171,1.301919071E9,776110,776759
776662,-33.43961,-70.66159,1.301919071E9,776110,776759
776662,-33.439598,-70.66145,1.301919071E9,776110,776759
776662,-33.439587,-70.66133,1.301919071E9,776110,776759
776662,-33.43957,-70.661194,1.301919071E9,776110,776759
776662,-33.43956,-70.661064,1.301919071E9,776110,776759
776662,-33.439545,-70.66093,1.301919071E9,776110,776759
776662,-33.439533,-70.660805,1.301919071E9,776110,776759
776662,-33.439518,-70.66064,1.301919071E9,776110,776759
776662,-33.439503,-70.6605,1.301919071E9,776110,776759
776662,-33.43949,-70.66036,1.301919071E9,776110,776759
776662,-33.439476,-70.660194,1.301919071E9,776110,776759
776662,-33.439438,-70.659935,1.301919071E9,776110,776759
776662,-33.43941,-70.65977,1.301919071E9,776110,776759
776662,-33.439392,-70.65963,1.301919071E9,776110,776759
776662,-33.439384,-70.659515,1.301919071E9,776110,776759
776662,-33.439384,-70.6594,1.301919071E9,776110,776759
776662,-33.43936,-70.65918,1.301919071E9,776110,776759
776662,-33.43935,-70.65906,1.301919071E9,776110,776759
776662,-33.43934,-70.65894,1.301919071E9,776110,776759
776662,-33.439327,-70.65884,1.301919071E9,776110,776759
776662,-33.439316,-70.65869,1.301919071E9,776110,776759
776662,-33.4393,-70.65856,1.301919071E9,776110,776759
776662,-33.439285,-70.6584,1.301919071E9,776110,776759
776662,-33.439274,-70.65828,1.301919071E9,776110,7767