-122.57332,1.301919071E9,776110,776759
776662,45.58867,-122.5732,1.301919071E9,776110,776759
776662,45.588604,-122.573044,1.301919071E9,776110,776759
776662,45.588535,-122.5729,1.301919071E9,776110,776759
776662,45.58847,-122.572716,1.301919071E9,776110,776759
776662,45.588398,-122.572556,1.301919071E9,776110,776759
776662,45.58834,-122.57237,1.301919071E9,776110,776759
776662,45.58825,-122.57221,1.301919071E9,776110,776759
776662,45.58816,-122.572075,1.301919071E9,776110,776759
776662,45.5881,-122.571915,1.301919071E9,776110,776759
776662,45.588013,-122.57175,1.301919071E9,776110,776759
776662,45.58794,-122.57157,1.301919071E9,776110,776759
776662,45.587868,-122.571396,1.301919071E9,776110,776759
776662,45.587776,-122.57127,1.301919071E9,776110,776759
776662,45.58769,-122.57114,1.301919071E9,776110,776759
776662,45.5876,-122.57098,1.301919071E9,776110,776759
776662,45.587505,-122.57079,1.301919071E9,776110,776759
776662,45.587433,-122.5706,1.301919071E9,776110,776759
776662,45.587337,-122.570435,1.301919071E9,776110,776759
776662,45.58726,-122.57024,1.301919071E9,776110,776759
776662,45.587162,-122.570045,1.301919071E9,776110,776759
776662,45.587074,-122.56987,1.301919071E9,776110,776759
776662,45.58698,-122.56968,1.301919071E9,776110,776759
776662,45.586887,-122.56953,1.301919071E9,776110,776759
776662,45.586784,-122.56937,1.301919071E9,776110,776759
776662,45.586704,-122.56921,1.301919071E9,776110,776759
776662,45.58662,-122.56906,1.301919071E9,776110,776759
776662,45.586514,-122.56889,1.301919071E9,776110,776759
776662,45.58642,-122.56873,1.301919071E9,776110,776759
776662,45.586327,-122.56859,1.301919071E9,776110,776759
776662,45.586227,-122.56843,1.301919071E9,776110,776759
776662,45.586178,-122.56832,1.301919071E9,776110,776759
776662,45.586082,-122.56813,1.301919071E9,776110,776759
776662,45.585976,-122.56796,1.301919071E9,776110,776759
776662,45.585873,-122.56778,1.301919071E9,776110,776759
776662,45.58578,-122.5676,1.301919071E9,776110,776759
776662,45.585693,-122.56741,1.301919071E9,776110,776759
776662,45.585606,-122.56724,1.301919071E9,776110,776759
776662,45.585518,-122.56706,1.301919071E9,776110,776759
776662,45.585426,-122.566895,1.301919071E9,776110,776759
776662,45.585342,-122.56671,1.301919071E9,776110,776759
776662,45.585262,-122.566505,1.301919071E9,776110,776759
776662,45.585175,-122.566345,1.301919071E9,776110,776759
776662,45.585087,-122.56616,1.301919071E9,776110,776759
776662,45.584995,-122.565994,1.301919071E9,776110,776759
776662,45.584892,-122.565865,1.301919071E9,776110,776759
776662,45.58481,-122.5657,1.301919071E9,776110,776759
776662,45.58473,-122.56554,1.301919071E9,776110,776759
776662,45.58464,-122.56538,1.301919071E9,776110,776759
776662,45.58456,-122.5652,1.301919071E9,776110,776759
776662,45.58448,-122.565025,1.301919071E9,776110,776759
776662,45.584366,-122.56484,1.301919071E9,776110,776759
776662,45.584274,-122.56469,1.301919071E9,776110,776759
776662,45.584175,-122.5645,1.301919071E9,776110,776759
776662,45.58408,-122.564316,1.301919071E9,776110,776759
776662,45.58398,-122.56415,1.301919071E9,776110,776759
776662,45.583885,-122.56397,1.301919071E9,776110,776759
776662,45.583794,-122.56379,1.301919071E9,776110,776759
776662,45.5837,-122.56362,1.301919071E9,776110,776759
776662,45.58361,-122.56345,1.301919071E9,776110,776759
776662,45.583523,-122.56331,1.301919071E9,776110,776759
776662,45.58345,-122.56315,1.301919071E9,776110,776759
776662,45.583366,-122.56296,1.301919071E9,776110,776759
776662,45.583305,-122.56277,1.301919071E9,776110,776759
776662,45.583218,-122.562614,1.301919071E9,776110,776759
776662,45.583126,-122.56245,1.301919071E9,776110,776759
776662,45.583042,-122.56226,1.301919071E9,776110,776759
776662,45.58296,-122.56207,1.301919071E9,776110,776759
776662,45.582882,-122.56187,1.301919071E9,776110,776759
776662,45.582794,-122.56172,1.301919071E9,776110,776759
776662,45.582706,-122.561516,1.301919071E9,776110,776759
776662,45.58262,-122.56136,1.301919071E9,776110,776759
776662,45.582523,-122.56119,1.301919071E9,776110,776759
776662,45.582447,-122.56101,1.301919071E9,776110,776759
776662,45.582348,-122.56083,1.301919071E9,776110,776759
776662,45.58224,-122.560646,1.301919071E9,776110,776759
776662,45.58213,-122.56046,1.301919071E9,776110,776759
776662,45.582024,-122.560295,1.301919071E9,776110,776759
776662,45.58191,-122.56013,1.301919071E9,776110,776759
776662,45.581795,-122.559975,1.301919071E9,776110,776759
776662,45.581684,-122.55984,1.301919071E9,776110,776759
776662,45.58158,-122.5597,1.301919071E9,776110,776759
776662,45.581497,-122.55955,1.301919071E9,776110,776759
776662,45.581413,-122.55944,1.301919071E9,776110,776759
776662,45.581333,-122.5593,1.301919071E9,776110,776759
776662,45.581245,-122.5592,1.301919071E9,776110,776759
776662,45.581165,-122.559105,1.301919071E9,776110,776759
776662,45.581093,-122.559,1.301919071E9,776110,776759
776662,45.581013,-122.55885,1.301919071E9,776110,776759
776662,45.580944,-122.55871,1.301919071E9,776110,776759
776662,45.580864,-122.55855,1.301919071E9,776110,776759
776662,45.580788,-122.558395,1.301919071E9,776110,776759
776662,45.58072,-122.55821,1.301919071E9,776110,776759
776662,45.580612,-122.55802,1.301919071E9,776110,776759
776662,45.580482,-122.557884,1.301919071E9,776110,776759
776662,45.580425,-122.55778,1.301919071E9,776110,776759
776662,45.580368,-122.55767,1.301919071E9,776110,776759
776662,45.580322,-122.55755,1.301919071E9,776110,776759
776662,45.58024,-122.55734,1.301919071E9,776110,776759
776662,45.580196,-122.55723,1.301919071E9,776110,776759
776662,45.58011,-122.55704,1.301919071E9,776110,776759
776662,45.580017,-122.55686,1.301919071E9,776110,776759
776662,45.57991,-122.55668,1.301919071E9,776110,776759
776662,45.579815,-122.556496,1.301919071E9,776110,776759
776662,45.579742,-122.556404,1.301919071E9,776110,776759
776662,45.579678,-122.5563,1.301919071E9,776110,776759
776662,45.57956,-122.55612,1.301919071E9,776110,776759
776662,45.579445,-122.555954,1.301919071E9,776110,776759
776662,45.579353,-122.55575,1.301919071E9,776110,776759
776662,45.57925,-122.55554,1.301919071E9,776110,776759
776662,45.57916,-122.55535,1.301919071E9,776110,776759
776662,45.579037,-122.55519,1.301919071E9,776110,776759
776662,45.578968,-122.5551,1.301919071E9,776110,776759
776662,45.578827,-122.555,1.301919071E9,776110,776759
776662,45.57871,-122.55482,1.301919071E9,776110,776759
776662,45.57859,-122.554756,1.301919071E9,776110,776759
776662,45.57852,-122.554665,1.301919071E9,776110,776759
776662,45.578465,-122.554565,1.301919071E9,776110,776759
776662,45.578426,-122.554405,1.301919071E9,776110,776759
776662,45.578346,-122.55429,1.301919071E9,776110,776759
776662,45.57825,-122.554115,1.301919071E9,776110,776759
776662,45.57815,-122.55391,1.301919071E9,776110,776759
776662,45.578037,-122.55372,1.301919071E9,776110,776759
776662,45.57797,-122.55363,1.301919071E9,776110,776759
776662,45.577858,-122.553474,1.301919071E9,776110,776759
776662,45.577736,-122.5533,1.301919071E9,776110,776759
776662,45.57764,-122.55308,1.301919071E9,776110,776759
776662,45.577576,-122.55299,1.301919071E9,776110,776759
776662,45.577454,-122.55282,1.301919071E9,776110,776759
776662,45.57739,-122.55273,1.301919071E9,776110,776759
776662,45.577267,-122.55255,1.301919071E9,776110,776759
776662,45.57717,-122.552345,1.301919071E9,776110,776759
776662,45.577072,-122.55217,1.301919071E9,776110,776759
776662,45.57696,-122.55198,1.301919071E9,776110,776759
776662,45.576866,-122.55178,1.301919071E9,776110,776759
776662,45.576817,-122.551674,1.301919071E9,776110,776759
776662,45.576717,-122.551476,1.301919071E9,776110,776759
776662,45.57659,-122.55131,1.301919071E9,776110,776759
776662,45.57646,-122.55118,1.301919071E9,776110,776759
776662,45.576347,-122.551,1.301919071E9,776110,776759
776662,45.576237,-122.55091,1.301919071E9,776110,776759
776662,45.576107,-122.55083,1.301919071E9,776110,776759
776662,45.576015,-122.55073,1.301919071E9,776110,776759
776662,45.575935,-122.55066,1.301919071E9,776