48.8414,2.23932,1.301919071E9,776110,776759
776662,48.8413,2.239384,1.301919071E9,776110,776759
776662,48.8412,2.23944,1.301919071E9,776110,776759
776662,48.84111,2.239532,1.301919071E9,776110,776759
776662,48.841015,2.239595,1.301919071E9,776110,776759
776662,48.8409,2.239658,1.301919071E9,776110,776759
776662,48.84079,2.239669,1.301919071E9,776110,776759
776662,48.84069,2.239689,1.301919071E9,776110,776759
776662,48.840603,2.239744,1.301919071E9,776110,776759
776662,48.840492,2.23979,1.301919071E9,776110,776759
776662,48.840405,2.239857,1.301919071E9,776110,776759
776662,48.840305,2.23994,1.301919071E9,776110,776759
776662,48.8402,2.239998,1.301919071E9,776110,776759
776662,48.84009,2.240043,1.301919071E9,776110,776759
776662,48.839996,2.240067,1.301919071E9,776110,776759
776662,48.839996,2.240067,1.301919071E9,776110,776759
776662,48.83974,2.239723,1.301919071E9,776110,776759
776662,48.839638,2.239765,1.301919071E9,776110,776759
776662,48.83942,2.239898,1.301919071E9,776110,776759
776662,48.839333,2.239992,1.301919071E9,776110,776759
776662,48.839245,2.240032,1.301919071E9,776110,776759
776662,48.839153,2.240057,1.301919071E9,776110,776759
776662,48.839043,2.240113,1.301919071E9,776110,776759
776662,48.83895,2.240159,1.301919071E9,776110,776759
776662,48.83885,2.240192,1.301919071E9,776110,776759
776662,48.838757,2.240219,1.301919071E9,776110,776759
776662,48.83866,2.240252,1.301919071E9,776110,776759
776662,48.83857,2.240277,1.301919071E9,776110,776759
776662,48.83846,2.240299,1.301919071E9,776110,776759
776662,48.838425,2.240297,1.301919071E9,776110,776759
776662,48.839878,2.239707,1.301919071E9,776110,776759
776662,48.840168,2.239652,1.301919071E9,776110,776759
776662,48.840454,2.239558,1.301919071E9,776110,776759
776662,48.84072,2.23946,1.301919071E9,776110,776759
776662,48.841,2.239364,1.301919071E9,776110,776759
776662,48.841267,2.239209,1.301919071E9,776110,776759
776662,48.841503,2.238971,1.301919071E9,776110,776759
776662,48.841755,2.23881,1.301919071E9,776110,776759
776662,48.841953,2.238405,1.301919071E9,776110,776759
776662,48.842365,2.23812,1.301919071E9,776110,776759
776662,48.84246,2.238095,1.301919071E9,776110,776759
776662,48.84273,2.238047,1.301919071E9,776110,776759
776662,48.843044,2.238017,1.301919071E9,776110,776759
776662,48.84359,2.237829,1.301919071E9,776110,776759
776662,48.844044,2.237773,1.301919071E9,776110,776759
776662,48.84434,2.237621,1.301919071E9,776110,776759
776662,48.84462,2.237517,1.301919071E9,776110,776759
776662,48.844887,2.237333,1.301919071E9,776110,776759
776662,48.84513,2.237128,1.301919071E9,776110,776759
776662,48.8454,2.237036,1.301919071E9,776110,776759
776662,48.845703,2.236851,1.301919071E9,776110,776759
776662,48.845997,2.236753,1.301919071E9,776110,776759
776662,48.846283,2.236715,1.301919071E9,776110,776759
776662,48.846577,2.236697,1.301919071E9,776110,776759
776662,48.846855,2.236758,1.301919071E9,776110,776759
776662,48.84715,2.236761,1.301919071E9,776110,776759
776662,48.847427,2.23683,1.301919071E9,776110,776759
776662,48.847523,2.236863,1.301919071E9,776110,776759
776662,48.84763,2.236906,1.301919071E9,776110,776759
776662,48.84772,2.236934,1.301919071E9,776110,776759
776662,48.847828,2.236981,1.301919071E9,776110,776759
776662,48.847923,2.236989,1.301919071E9,776110,776759
776662,48.848038,2.237022,1.301919071E9,776110,776759
776662,48.848145,2.237064,1.301919071E9,776110,776759
776662,48.848244,2.237099,1.301919071E9,776110,776759
776662,48.848347,2.23714,1.301919071E9,776110,776759
776662,48.84844,2.237167,1.301919071E9,776110,776759
776662,48.84856,2.237178,1.301919071E9,776110,776759
776662,48.84866,2.237201,1.301919071E9,776110,776759
776662,48.848778,2.237216,1.301919071E9,776110,776759
776662,48.848885,2.237231,1.301919071E9,776110,776759
776662,48.849003,2.237248,1.301919071E9,776110,776759
776662,48.8491,2.237263,1.301919071E9,776110,776759
776662,48.84919,2.237294,1.301919071E9,776110,776759
776662,48.849297,2.237326,1.301919071E9,776110,776759
776662,48.849403,2.237352,1.301919071E9,776110,776759
776662,48.8495,2.237369,1.301919071E9,776110,776759
776662,48.849594,2.237388,1.301919071E9,776110,776759
776662,48.849785,2.237412,1.301919071E9,776110,776759
776662,48.8499,2.237453,1.301919071E9,776110,776759
776662,48.849995,2.237495,1.301919071E9,776110,776759
776662,48.85009,2.237523,1.301919071E9,776110,776759
776662,48.8502,2.237577,1.301919071E9,776110,776759
776662,48.85032,2.237612,1.301919071E9,776110,776759
776662,48.850433,2.23763,1.301919071E9,776110,776759
776662,48.850536,2.23761,1.301919071E9,776110,776759
776662,48.850636,2.237577,1.301919071E9,776110,776759
776662,48.85072,2.237505,1.301919071E9,776110,776759
776662,48.850796,2.237423,1.301919071E9,776110,776759
776662,48.85087,2.237334,1.301919071E9,776110,776759
776662,48.850945,2.237256,1.301919071E9,776110,776759
776662,48.851044,2.237178,1.301919071E9,776110,776759
776662,48.851147,2.237095,1.301919071E9,776110,776759
776662,48.85123,2.236989,1.301919071E9,776110,776759
776662,48.85128,2.236841,1.301919071E9,776110,776759
776662,48.851376,2.236745,1.301919071E9,776110,776759
776662,48.8514,2.236587,1.301919071E9,776110,776759
776662,48.851425,2.236447,1.301919071E9,776110,776759
776662,48.85147,2.236325,1.301919071E9,776110,776759
776662,48.851513,2.236199,1.301919071E9,776110,776759
776662,48.85152,2.23606,1.301919071E9,776110,776759
776662,48.85151,2.235921,1.301919071E9,776110,776759
776662,48.85151,2.235739,1.301919071E9,776110,776759
776662,48.851524,2.235601,1.301919071E9,776110,776759
776662,48.85154,2.235444,1.301919071E9,776110,776759
776662,48.85155,2.235285,1.301919071E9,776110,776759
776662,48.85156,2.235123,1.301919071E9,776110,776759
776662,48.851574,2.234961,1.301919071E9,776110,776759
776662,48.851593,2.2348,1.301919071E9,776110,776759
776662,48.85162,2.23465,1.301919071E9,776110,776759
776662,48.851646,2.234508,1.301919071E9,776110,776759
776662,48.851677,2.234355,1.301919071E9,776110,776759
776662,48.85169,2.234214,1.301919071E9,776110,776759
776662,48.851707,2.234079,1.301919071E9,776110,776759
776662,48.85173,2.233944,1.301919071E9,776110,776759
776662,48.851757,2.23381,1.301919071E9,776110,776759
776662,48.851784,2.233671,1.301919071E9,776110,776759
776662,48.85181,2.23354,1.301919071E9,776110,776759
776662,48.85185,2.233382,1.301919071E9,776110,776759
776662,48.85188,2.233216,1.301919071E9,776110,776759
776662,48.851906,2.233053,1.301919071E9,776110,776759
776662,48.85194,2.23289,1.301919071E9,776110,776759
776662,48.851982,2.232741,1.301919071E9,776110,776759
776662,48.85204,2.232585,1.301919071E9,776110,776759
776662,48.852093,2.232428,1.301919071E9,776110,776759
776662,48.85214,2.232277,1.301919071E9,776110,776759
776662,48.852184,2.232134,1.301919071E9,776110,776759
776662,48.852238,2.232004,1.301919071E9,776110,776759
776662,48.85228,2.23188,1.301919071E9,776110,776759
776662,48.852325,2.231732,1.301919071E9,776110,776759
776662,48.85237,2.231566,1.301919071E9,776110,776759
776662,48.85244,2.231421,1.301919071E9,776110,776759
776662,48.852474,2.231286,1.301919071E9,776110,776759
776662,48.85253,2.231131,1.301919071E9,776110,776759
776662,48.852592,2.230996,1.301919071E9,776110,776759
776662,48.852654,2.230862,1.301919071E9,776110,776759
776662,48.852726,2.230738,1.301919071E9,776110,776759
776662,48.852802,2.230605,1.301919071E9,776110,776759
776662,48.852867,2.230495,1.301919071E9,776110,776759
776662,48.853035,2.230167,1.301919071E9,776110,776759
776662,48.85311,2.230027,1.301919071E9,776110,776759
776662,48.853195,2.229921,1.301919071E9,776110,776759
776662,48.853264,2.229828,1.301919071E9,776110,776759
776662,48.85337,2.229749,1.301919071E9,776110,776759
776662,48.853477,2.229709,1.301919071E9,776110,776759
776662,48.853573,2.229659,1.301919071E9,776110,776759
776662,48.85366,2.22959,1.301919071E9,776110,776759
776662,48.85375,2.229543,1.301919071E9,776110,776759
776662,48.853844,2.229495,1.301919071E9,776110,776759
776662,48.85393,2.22941,1.301919071E9,776110,776759
776662,48