9
776662,33.661224,-117.8879,1.301919071E9,776110,776759
776662,33.661278,-117.887985,1.301919071E9,776110,776759
776662,33.661343,-117.888084,1.301919071E9,776110,776759
776662,33.66141,-117.88818,1.301919071E9,776110,776759
776662,33.66148,-117.88827,1.301919071E9,776110,776759
776662,33.661545,-117.88836,1.301919071E9,776110,776759
776662,33.6616,-117.88845,1.301919071E9,776110,776759
776662,33.661663,-117.88854,1.301919071E9,776110,776759
776662,33.661728,-117.88862,1.301919071E9,776110,776759
776662,33.66179,-117.8887,1.301919071E9,776110,776759
776662,33.661873,-117.888794,1.301919071E9,776110,776759
776662,33.661938,-117.88889,1.301919071E9,776110,776759
776662,33.662003,-117.888985,1.301919071E9,776110,776759
776662,33.662064,-117.88907,1.301919071E9,776110,776759
776662,33.662125,-117.88916,1.301919071E9,776110,776759
776662,33.662186,-117.88924,1.301919071E9,776110,776759
776662,33.662247,-117.88932,1.301919071E9,776110,776759
776662,33.662292,-117.88942,1.301919071E9,776110,776759
776662,33.662354,-117.8895,1.301919071E9,776110,776759
776662,33.662415,-117.88959,1.301919071E9,776110,776759
776662,33.66247,-117.88968,1.301919071E9,776110,776759
776662,33.662525,-117.88976,1.301919071E9,776110,776759
776662,33.66259,-117.889854,1.301919071E9,776110,776759
776662,33.66266,-117.88993,1.301919071E9,776110,776759
776662,33.66272,-117.89002,1.301919071E9,776110,776759
776662,33.66279,-117.89012,1.301919071E9,776110,776759
776662,33.662853,-117.89021,1.301919071E9,776110,776759
776662,33.662914,-117.8903,1.301919071E9,776110,776759
776662,33.66297,-117.89038,1.301919071E9,776110,776759
776662,33.663033,-117.89047,1.301919071E9,776110,776759
776662,33.663094,-117.89055,1.301919071E9,776110,776759
776662,33.663162,-117.890656,1.301919071E9,776110,776759
776662,33.66321,-117.890755,1.301919071E9,776110,776759
776662,33.663265,-117.89085,1.301919071E9,776110,776759
776662,33.663322,-117.89093,1.301919071E9,776110,776759
776662,33.66339,-117.89103,1.301919071E9,776110,776759
776662,33.663464,-117.89113,1.301919071E9,776110,776759
776662,33.663532,-117.89122,1.301919071E9,776110,776759
776662,33.663586,-117.89131,1.301919071E9,776110,776759
776662,33.663654,-117.89142,1.301919071E9,776110,776759
776662,33.663723,-117.89152,1.301919071E9,776110,776759
776662,33.66378,-117.89161,1.301919071E9,776110,776759
776662,33.66384,-117.89171,1.301919071E9,776110,776759
776662,33.663902,-117.891815,1.301919071E9,776110,776759
776662,33.663963,-117.89191,1.301919071E9,776110,776759
776662,33.66402,-117.892006,1.301919071E9,776110,776759
776662,33.664093,-117.89211,1.301919071E9,776110,776759
776662,33.66415,-117.8922,1.301919071E9,776110,776759
776662,33.66422,-117.89228,1.301919071E9,776110,776759
776662,33.66429,-117.89236,1.301919071E9,776110,776759
776662,33.664356,-117.89244,1.301919071E9,776110,776759
776662,33.664425,-117.89252,1.301919071E9,776110,776759
776662,33.664494,-117.89261,1.301919071E9,776110,776759
776662,33.664566,-117.892685,1.301919071E9,776110,776759
776662,33.664635,-117.89278,1.301919071E9,776110,776759
776662,33.6647,-117.89287,1.301919071E9,776110,776759
776662,33.66477,-117.89295,1.301919071E9,776110,776759
776662,33.66484,-117.89305,1.301919071E9,776110,776759
776662,33.66491,-117.89315,1.301919071E9,776110,776759
776662,33.664974,-117.89325,1.301919071E9,776110,776759
776662,33.66504,-117.89334,1.301919071E9,776110,776759
776662,33.66511,-117.89345,1.301919071E9,776110,776759
776662,33.66518,-117.89355,1.301919071E9,776110,776759
776662,33.66525,-117.89364,1.301919071E9,776110,776759
776662,33.665314,-117.89374,1.301919071E9,776110,776759
776662,33.665367,-117.89383,1.301919071E9,776110,776759
776662,33.66543,-117.893936,1.301919071E9,776110,776759
776662,33.665493,-117.89404,1.301919071E9,776110,776759
776662,33.66555,-117.89414,1.301919071E9,776110,776759
776662,33.665607,-117.89423,1.301919071E9,776110,776759
776662,33.665657,-117.894325,1.301919071E9,776110,776759
776662,33.66573,-117.894424,1.301919071E9,776110,776759
776662,33.665794,-117.89451,1.301919071E9,776110,776759
776662,33.66585,-117.89459,1.301919071E9,776110,776759
776662,33.665916,-117.894684,1.301919071E9,776110,776759
776662,33.665966,-117.894775,1.301919071E9,776110,776759
776662,33.66602,-117.89487,1.301919071E9,776110,776759
776662,33.666073,-117.89496,1.301919071E9,776110,776759
776662,33.66612,-117.89505,1.301919071E9,776110,776759
776662,33.666183,-117.89514,1.301919071E9,776110,776759
776662,33.66624,-117.895226,1.301919071E9,776110,776759
776662,33.6663,-117.89533,1.301919071E9,776110,776759
776662,33.666363,-117.89544,1.301919071E9,776110,776759
776662,33.66639,-117.89555,1.301919071E9,776110,776759
776662,33.66638,-117.89568,1.301919071E9,776110,776759
776662,33.666374,-117.895805,1.301919071E9,776110,776759
776662,33.666397,-117.89594,1.301919071E9,776110,776759
776662,33.66641,-117.89605,1.301919071E9,776110,776759
776662,33.666412,-117.896194,1.301919071E9,776110,776759
776662,33.666412,-117.896324,1.301919071E9,776110,776759
776662,33.666443,-117.89643,1.301919071E9,776110,776759
776662,33.66652,-117.8965,1.301919071E9,776110,776759
776662,33.66661,-117.89653,1.301919071E9,776110,776759
776662,33.666702,-117.896545,1.301919071E9,776110,776759
776662,33.666813,-117.89655,1.301919071E9,776110,776759
776662,33.66691,-117.89656,1.301919071E9,776110,776759
776662,33.66702,-117.89658,1.301919071E9,776110,776759
776662,33.667126,-117.89659,1.301919071E9,776110,776759
776662,33.667233,-117.89659,1.301919071E9,776110,776759
776662,33.66734,-117.89659,1.301919071E9,776110,776759
776662,33.667442,-117.89663,1.301919071E9,776110,776759
776662,33.667538,-117.89667,1.301919071E9,776110,776759
776662,33.66763,-117.89668,1.301919071E9,776110,776759
776662,33.667744,-117.89669,1.301919071E9,776110,776759
776662,33.667835,-117.89669,1.301919071E9,776110,776759
776662,33.66795,-117.8967,1.301919071E9,776110,776759
776662,33.668053,-117.896706,1.301919071E9,776110,776759
776662,33.668156,-117.89671,1.301919071E9,776110,776759
776662,33.668243,-117.89676,1.301919071E9,776110,776759
776662,33.66831,-117.89685,1.301919071E9,776110,776759
776662,33.66835,-117.89696,1.301919071E9,776110,776759
776662,33.66839,-117.89708,1.301919071E9,776110,776759
776662,33.668427,-117.89719,1.301919071E9,776110,776759
776662,33.668446,-117.89731,1.301919071E9,776110,776759
776662,33.66845,-117.89742,1.301919071E9,776110,776759
776662,33.66844,-117.89755,1.301919071E9,776110,776759
776662,33.668427,-117.89767,1.301919071E9,776110,776759
776662,33.668396,-117.89779,1.301919071E9,776110,776759
776662,33.66838,-117.89793,1.301919071E9,776110,776759
776662,33.668373,-117.89804,1.301919071E9,776110,776759
776662,33.668373,-117.898155,1.301919071E9,776110,776759
776662,33.66837,-117.89826,1.301919071E9,776110,776759
776662,33.668365,-117.89837,1.301919071E9,776110,776759
776662,33.668346,-117.89848,1.301919071E9,776110,776759
776662,33.668293,-117.89857,1.301919071E9,776110,776759
776662,33.668232,-117.89868,1.301919071E9,776110,776759
776662,33.668182,-117.89877,1.301919071E9,776110,776759
776662,33.668114,-117.89887,1.301919071E9,776110,776759
776662,33.66805,-117.898964,1.301919071E9,776110,776759
776662,33.667976,-117.899055,1.301919071E9,776110,776759
776662,33.667896,-117.89915,1.301919071E9,776110,776759
776662,33.66782,-117.89924,1.301919071E9,776110,776759
776662,33.667747,-117.89932,1.301919071E9,776110,776759
776662,33.667694,-117.89943,1.301919071E9,776110,776759
776662,33.66766,-117.89956,1.301919071E9,776110,776759
776662,33.667652,-117.89968,1.301919071E9,776110,776759
776662,33.66765,-117.8998,1.301919071E9,776110,776759
776662,33.66764,-117.89993,1.301919071E9,776110,776759
776662,33.667645,-117.900055,1.301919071E9,776110,776759
776662,33.667637,-117.900185,1.301919071E9,776110,776759
776662,33.667637,-117.90033,1.301919071E9,776110,776759
776662,33.66762,-117.900444,1.301919071E9,776110,776759
776662,33.66758,-117.90056,1.301919071E9,776110,776759
776662,33.6675,-117.90064,1.3019