1919071E9,776110,776759
776662,42.366753,-71.11608,1.301919071E9,776110,776759
776662,42.36685,-71.11612,1.301919071E9,776110,776759
776662,42.366947,-71.11614,1.301919071E9,776110,776759
776662,42.36704,-71.11618,1.301919071E9,776110,776759
776662,42.367146,-71.11624,1.301919071E9,776110,776759
776662,42.367245,-71.11631,1.301919071E9,776110,776759
776662,42.367336,-71.11638,1.301919071E9,776110,776759
776662,42.367424,-71.11643,1.301919071E9,776110,776759
776662,42.36753,-71.11649,1.301919071E9,776110,776759
776662,42.36763,-71.11657,1.301919071E9,776110,776759
776662,42.36773,-71.116646,1.301919071E9,776110,776759
776662,42.367825,-71.11671,1.301919071E9,776110,776759
776662,42.36794,-71.116776,1.301919071E9,776110,776759
776662,42.368027,-71.11684,1.301919071E9,776110,776759
776662,42.36813,-71.116905,1.301919071E9,776110,776759
776662,42.36823,-71.11698,1.301919071E9,776110,776759
776662,42.368324,-71.117065,1.301919071E9,776110,776759
776662,42.368416,-71.11713,1.301919071E9,776110,776759
776662,42.368507,-71.11719,1.301919071E9,776110,776759
776662,42.368603,-71.11726,1.301919071E9,776110,776759
776662,42.368683,-71.117355,1.301919071E9,776110,776759
776662,42.368755,-71.11745,1.301919071E9,776110,776759
776662,42.36883,-71.11753,1.301919071E9,776110,776759
776662,42.36885,-71.117645,1.301919071E9,776110,776759
776662,42.368786,-71.11775,1.301919071E9,776110,776759
776662,42.368706,-71.117836,1.301919071E9,776110,776759
776662,42.368626,-71.11793,1.301919071E9,776110,776759
776662,42.368546,-71.118004,1.301919071E9,776110,776759
776662,42.36846,-71.11809,1.301919071E9,776110,776759
776662,42.368378,-71.11819,1.301919071E9,776110,776759
776662,42.368294,-71.11829,1.301919071E9,776110,776759
776662,42.368202,-71.118385,1.301919071E9,776110,776759
776662,42.36812,-71.11849,1.301919071E9,776110,776759
776662,42.36804,-71.11858,1.301919071E9,776110,776759
776662,42.36796,-71.11867,1.301919071E9,776110,776759
776662,42.367863,-71.118675,1.301919071E9,776110,776759
776662,42.367756,-71.11863,1.301919071E9,776110,776759
776662,42.367676,-71.11857,1.301919071E9,776110,776759
776662,42.36759,-71.118484,1.301919071E9,776110,776759
776662,42.367508,-71.1184,1.301919071E9,776110,776759
776662,42.36743,-71.11833,1.301919071E9,776110,776759
776662,42.367344,-71.11826,1.301919071E9,776110,776759
776662,42.367264,-71.1182,1.301919071E9,776110,776759
776662,42.36718,-71.11813,1.301919071E9,776110,776759
776662,42.3671,-71.118065,1.301919071E9,776110,776759
776662,42.367,-71.11799,1.301919071E9,776110,776759
776662,42.366905,-71.117935,1.301919071E9,776110,776759
776662,42.36681,-71.1179,1.301919071E9,776110,776759
776662,42.366722,-71.11787,1.301919071E9,776110,776759
776662,42.366623,-71.11786,1.301919071E9,776110,776759
776662,42.366512,-71.117836,1.301919071E9,776110,776759
776662,42.366413,-71.11782,1.301919071E9,776110,776759
776662,42.366314,-71.117805,1.301919071E9,776110,776759
776662,42.366196,-71.11779,1.301919071E9,776110,776759
776662,42.3661,-71.117775,1.301919071E9,776110,776759
776662,42.36601,-71.11777,1.301919071E9,776110,776759
776662,42.365913,-71.11776,1.301919071E9,776110,776759
776662,42.36582,-71.11775,1.301919071E9,776110,776759
776662,42.365707,-71.11774,1.301919071E9,776110,776759
776662,42.365593,-71.11773,1.301919071E9,776110,776759
776662,42.365486,-71.11772,1.301919071E9,776110,776759
776662,42.365383,-71.11772,1.301919071E9,776110,776759
776662,42.365273,-71.11772,1.301919071E9,776110,776759
776662,42.36517,-71.11774,1.301919071E9,776110,776759
776662,42.365063,-71.117744,1.301919071E9,776110,776759
776662,42.36496,-71.117744,1.301919071E9,776110,776759
776662,42.364857,-71.11775,1.301919071E9,776110,776759
776662,42.364742,-71.11777,1.301919071E9,776110,776759
776662,42.36464,-71.11777,1.301919071E9,776110,776759
776662,42.36455,-71.11775,1.301919071E9,776110,776759
776662,42.364452,-71.11773,1.301919071E9,776110,776759
776662,42.364357,-71.11771,1.301919071E9,776110,776759
776662,42.36433,-71.117584,1.301919071E9,776110,776759
776662,42.364243,-71.11757,1.301919071E9,776110,776759
776662,42.364155,-71.11765,1.301919071E9,776110,776759
776662,42.364056,-71.117714,1.301919071E9,776110,776759
776662,42.363964,-71.117744,1.301919071E9,776110,776759
776662,42.363853,-71.11775,1.301919071E9,776110,776759
776662,42.363743,-71.117744,1.301919071E9,776110,776759
776662,42.363625,-71.11774,1.301919071E9,776110,776759
776662,42.363518,-71.117714,1.301919071E9,776110,776759
776662,42.363407,-71.11771,1.301919071E9,776110,776759
776662,42.3633,-71.1177,1.301919071E9,776110,776759
776662,42.36318,-71.11771,1.301919071E9,776110,776759
776662,42.363068,-71.1177,1.301919071E9,776110,776759
776662,42.36295,-71.11771,1.301919071E9,776110,776759
776662,42.36284,-71.11771,1.301919071E9,776110,776759
776662,42.36274,-71.11771,1.301919071E9,776110,776759
776662,42.362648,-71.11768,1.301919071E9,776110,776759
776662,42.36254,-71.11767,1.301919071E9,776110,776759
776662,42.36244,-71.11766,1.301919071E9,776110,776759
776662,42.36232,-71.11765,1.301919071E9,776110,776759
776662,42.362225,-71.11764,1.301919071E9,776110,776759
776662,42.362137,-71.117615,1.301919071E9,776110,776759
776662,42.362022,-71.117584,1.301919071E9,776110,776759
776662,42.36193,-71.11756,1.301919071E9,776110,776759
776662,42.36184,-71.11755,1.301919071E9,776110,776759
776662,42.36171,-71.11752,1.301919071E9,776110,776759
776662,42.36162,-71.11751,1.301919071E9,776110,776759
776662,42.361526,-71.1175,1.301919071E9,776110,776759
776662,42.361412,-71.117485,1.301919071E9,776110,776759
776662,42.36132,-71.11746,1.301919071E9,776110,776759
776662,42.36129,-71.117455,1.301919071E9,776110,776759
776662,42.36111,-71.11736,1.301919071E9,776110,776759
776662,42.361,-71.117355,1.301919071E9,776110,776759
776662,42.360893,-71.11737,1.301919071E9,776110,776759
776662,42.360798,-71.11737,1.301919071E9,776110,776759
776662,42.360687,-71.11735,1.301919071E9,776110,776759
776662,42.360584,-71.117355,1.301919071E9,776110,776759
776662,42.360493,-71.11738,1.301919071E9,776110,776759
776662,42.3604,-71.1174,1.301919071E9,776110,776759
776662,42.36031,-71.11741,1.301919071E9,776110,776759
776662,42.360218,-71.1174,1.301919071E9,776110,776759
776662,42.36011,-71.11738,1.301919071E9,776110,776759
776662,42.36,-71.11737,1.301919071E9,776110,776759
776662,42.359905,-71.11734,1.301919071E9,776110,776759
776662,42.359802,-71.11731,1.301919071E9,776110,776759
776662,42.359707,-71.11729,1.301919071E9,776110,776759
776662,42.35961,-71.11729,1.301919071E9,776110,776759
776662,42.3595,-71.11729,1.301919071E9,776110,776759
776662,42.35939,-71.117294,1.301919071E9,776110,776759
776662,42.359276,-71.11732,1.301919071E9,776110,776759
776662,42.35917,-71.117355,1.301919071E9,776110,776759
776662,42.359062,-71.11739,1.301919071E9,776110,776759
776662,42.358948,-71.117424,1.301919071E9,776110,776759
776662,42.35884,-71.117455,1.301919071E9,776110,776759
776662,42.358734,-71.11748,1.301919071E9,776110,776759
776662,42.358627,-71.117516,1.301919071E9,776110,776759
776662,42.358524,-71.11755,1.301919071E9,776110,776759
776662,42.358418,-71.1176,1.301919071E9,776110,776759
776662,42.358307,-71.117645,1.301919071E9,776110,776759
776662,42.358204,-71.11769,1.301919071E9,776110,776759
776662,42.358093,-71.11774,1.301919071E9,776110,776759
776662,42.357983,-71.11779,1.301919071E9,776110,776759
776662,42.35789,-71.11782,1.301919071E9,776110,776759
776662,42.357784,-71.11786,1.301919071E9,776110,776759
776662,42.35767,-71.117905,1.301919071E9,776110,776759
776662,42.357582,-71.117935,1.301919071E9,776110,776759
776662,42.357487,-71.117966,1.301919071E9,776110,776759
776662,42.357388,-71.118,1.301919071E9,776110,776759
776662,42.3573,-71.11802,1.301919071E9,776110,776759
776662,42.357185,-71.11804,1.301919071E9,776110,776759
776662,42.357075,-71.11807,1.301919071E9,776110,776759
776662,42.356968,-71.1181,1.301919071E9,776110,776759
776662,42.35687,-71.11812,1.301919071E9,776110,776759
776662,42.35676,-71.11815,1.301919071E9,77611