9,1.301919071E9,776110,776759
776662,46.192448,6.800827,1.301919071E9,776110,776759
776662,46.192394,6.800691,1.301919071E9,776110,776759
776662,46.192364,6.800543,1.301919071E9,776110,776759
776662,46.192413,6.800427,1.301919071E9,776110,776759
776662,46.192516,6.80032,1.301919071E9,776110,776759
776662,46.19259,6.800176,1.301919071E9,776110,776759
776662,46.192673,6.800031,1.301919071E9,776110,776759
776662,46.192753,6.799899,1.301919071E9,776110,776759
776662,46.192833,6.799735,1.301919071E9,776110,776759
776662,46.192905,6.799575,1.301919071E9,776110,776759
776662,46.192986,6.799438,1.301919071E9,776110,776759
776662,46.1931,6.799295,1.301919071E9,776110,776759
776662,46.19317,6.799209,1.301919071E9,776110,776759
776662,46.193237,6.799117,1.301919071E9,776110,776759
776662,46.193314,6.799022,1.301919071E9,776110,776759
776662,46.193386,6.798927,1.301919071E9,776110,776759
776662,46.19346,6.798833,1.301919071E9,776110,776759
776662,46.193527,6.798743,1.301919071E9,776110,776759
776662,46.1936,6.798651,1.301919071E9,776110,776759
776662,46.193665,6.798557,1.301919071E9,776110,776759
776662,46.193733,6.798461,1.301919071E9,776110,776759
776662,46.193798,6.798365,1.301919071E9,776110,776759
776662,46.19391,6.798177,1.301919071E9,776110,776759
776662,46.19398,6.798006,1.301919071E9,776110,776759
776662,46.194035,6.797863,1.301919071E9,776110,776759
776662,46.194084,6.797751,1.301919071E9,776110,776759
776662,46.19416,6.797634,1.301919071E9,776110,776759
776662,46.194233,6.797549,1.301919071E9,776110,776759
776662,46.19431,6.797461,1.301919071E9,776110,776759
776662,46.194366,6.79735,1.301919071E9,776110,776759
776662,46.19442,6.797235,1.301919071E9,776110,776759
776662,46.194477,6.79708,1.301919071E9,776110,776759
776662,46.194515,6.796949,1.301919071E9,776110,776759
776662,46.19456,6.796812,1.301919071E9,776110,776759
776662,46.19463,6.796684,1.301919071E9,776110,776759
776662,46.194744,6.796551,1.301919071E9,776110,776759
776662,46.194878,6.796377,1.301919071E9,776110,776759
776662,46.194946,6.796277,1.301919071E9,776110,776759
776662,46.195015,6.79617,1.301919071E9,776110,776759
776662,46.19508,6.796064,1.301919071E9,776110,776759
776662,46.195152,6.795968,1.301919071E9,776110,776759
776662,46.195213,6.795859,1.301919071E9,776110,776759
776662,46.195267,6.795739,1.301919071E9,776110,776759
776662,46.195316,6.795615,1.301919071E9,776110,776759
776662,46.195366,6.795492,1.301919071E9,776110,776759
776662,46.195415,6.795368,1.301919071E9,776110,776759
776662,46.195465,6.795245,1.301919071E9,776110,776759
776662,46.195515,6.795121,1.301919071E9,776110,776759
776662,46.195564,6.795,1.301919071E9,776110,776759
776662,46.195618,6.794879,1.301919071E9,776110,776759
776662,46.19567,6.794758,1.301919071E9,776110,776759
776662,46.19572,6.794636,1.301919071E9,776110,776759
776662,46.19577,6.794513,1.301919071E9,776110,776759
776662,46.195816,6.794387,1.301919071E9,776110,776759
776662,46.19585,6.794254,1.301919071E9,776110,776759
776662,46.195885,6.79412,1.301919071E9,776110,776759
776662,46.195923,6.79399,1.301919071E9,776110,776759
776662,46.195965,6.793861,1.301919071E9,776110,776759
776662,46.19601,6.793735,1.301919071E9,776110,776759
776662,46.19606,6.793613,1.301919071E9,776110,776759
776662,46.196117,6.793497,1.301919071E9,776110,776759
776662,46.196175,6.793384,1.301919071E9,776110,776759
776662,46.19623,6.793271,1.301919071E9,776110,776759
776662,46.196274,6.793155,1.301919071E9,776110,776759
776662,46.19634,6.792934,1.301919071E9,776110,776759
776662,46.19644,6.792815,1.301919071E9,776110,776759
776662,46.196526,6.792672,1.301919071E9,776110,776759
776662,46.196552,6.79247,1.301919071E9,776110,776759
776662,46.196533,6.792339,1.301919071E9,776110,776759
776662,46.196575,6.792165,1.301919071E9,776110,776759
776662,46.196613,6.792002,1.301919071E9,776110,776759
776662,46.19666,6.791831,1.301919071E9,776110,776759
776662,46.196728,6.791708,1.301919071E9,776110,776759
776662,46.196815,6.791643,1.301919071E9,776110,776759
776662,46.196903,6.791564,1.301919071E9,776110,776759
776662,46.196995,6.791484,1.301919071E9,776110,776759
776662,46.197094,6.791418,1.301919071E9,776110,776759
776662,46.19717,6.791307,1.301919071E9,776110,776759
776662,46.197258,6.791222,1.301919071E9,776110,776759
776662,46.197372,6.791161,1.301919071E9,776110,776759
776662,46.197475,6.791054,1.301919071E9,776110,776759
776662,46.197586,6.79093,1.301919071E9,776110,776759
776662,46.1977,6.790802,1.301919071E9,776110,776759
776662,46.197815,6.790665,1.301919071E9,776110,776759
776662,46.19793,6.790514,1.301919071E9,776110,776759
776662,46.198063,6.790341,1.301919071E9,776110,776759
776662,46.19813,6.790248,1.301919071E9,776110,776759
776662,46.198208,6.790153,1.301919071E9,776110,776759
776662,46.19828,6.790059,1.301919071E9,776110,776759
776662,46.198357,6.789971,1.301919071E9,776110,776759
776662,46.19844,6.789894,1.301919071E9,776110,776759
776662,46.198524,6.789823,1.301919071E9,776110,776759
776662,46.198612,6.789759,1.301919071E9,776110,776759
776662,46.198704,6.789694,1.301919071E9,776110,776759
776662,46.198788,6.789625,1.301919071E9,776110,776759
776662,46.19887,6.789553,1.301919071E9,776110,776759
776662,46.198956,6.789478,1.301919071E9,776110,776759
776662,46.19904,6.7894,1.301919071E9,776110,776759
776662,46.19912,6.78932,1.301919071E9,776110,776759
776662,46.199207,6.789248,1.301919071E9,776110,776759
776662,46.199295,6.789188,1.301919071E9,776110,776759
776662,46.199387,6.789136,1.301919071E9,776110,776759
776662,46.19948,6.789084,1.301919071E9,776110,776759
776662,46.19957,6.789029,1.301919071E9,776110,776759
776662,46.19966,6.78897,1.301919071E9,776110,776759
776662,46.199753,6.78891,1.301919071E9,776110,776759
776662,46.19984,6.788849,1.301919071E9,776110,776759
776662,46.19993,6.788782,1.301919071E9,776110,776759
776662,46.200012,6.788714,1.301919071E9,776110,776759
776662,46.2001,6.788641,1.301919071E9,776110,776759
776662,46.200184,6.788567,1.301919071E9,776110,776759
776662,46.200264,6.788488,1.301919071E9,776110,776759
776662,46.200348,6.788406,1.301919071E9,776110,776759
776662,46.200424,6.788321,1.301919071E9,776110,776759
776662,46.200504,6.788233,1.301919071E9,776110,776759
776662,46.20058,6.788144,1.301919071E9,776110,776759
776662,46.200657,6.788055,1.301919071E9,776110,776759
776662,46.200737,6.787966,1.301919071E9,776110,776759
776662,46.200813,6.78788,1.301919071E9,776110,776759
776662,46.200893,6.787796,1.301919071E9,776110,776759
776662,46.200974,6.787714,1.301919071E9,776110,776759
776662,46.201054,6.787631,1.301919071E9,776110,776759
776662,46.201134,6.787547,1.301919071E9,776110,776759
776662,46.201214,6.787463,1.301919071E9,776110,776759
776662,46.201294,6.787376,1.301919071E9,776110,776759
776662,46.201374,6.787291,1.301919071E9,776110,776759
776662,46.201454,6.787206,1.301919071E9,776110,776759
776662,46.201534,6.787123,1.301919071E9,776110,776759
776662,46.201614,6.787041,1.301919071E9,776110,776759
776662,46.201694,6.786961,1.301919071E9,776110,776759
776662,46.20178,6.78688,1.301919071E9,776110,776759
776662,46.20186,6.7868,1.301919071E9,776110,776759
776662,46.201942,6.78672,1.301919071E9,776110,776759
776662,46.202023,6.786641,1.301919071E9,776110,776759
776662,46.202103,6.78656,1.301919071E9,776110,776759
776662,46.202187,6.786478,1.301919071E9,776110,776759
776662,46.202267,6.786396,1.301919071E9,776110,776759
776662,46.202347,6.786315,1.301919071E9,776110,776759
776662,46.20243,6.786238,1.301919071E9,776110,776759
776662,46.202515,6.78616,1.301919071E9,776110,776759
776662,46.2026,6.786084,1.301919071E9,776110,776759
776662,46.202682,6.786008,1.301919071E9,776110,776759
776662,46.202763,6.785928,1.301919071E9,776110,776759
776662,46.202843,6.785843,1.301919071E9,776110,776759
776662,46.20292,6.785753,1.301919071E9,776110,776759
776662,46.202995,6.785664,1.301919071E9,776110,776759
776662,46.203075,6.785575,1.301919071E9,776110,776759
776662,46.20315,6.785488,1.301919071E9,776110,776759
776662,46.20323,6.785402,1.301919071E9,776110,77675