1E9,776110,776759
776662,18.416508,-66.155045,1.301919071E9,776110,776759
776662,18.416311,-66.15498,1.301919071E9,776110,776759
776662,18.416111,-66.15493,1.301919071E9,776110,776759
776662,18.415976,-66.154884,1.301919071E9,776110,776759
776662,18.415836,-66.15485,1.301919071E9,776110,776759
776662,18.415627,-66.15478,1.301919071E9,776110,776759
776662,18.415487,-66.15474,1.301919071E9,776110,776759
776662,18.415346,-66.15471,1.301919071E9,776110,776759
776662,18.415138,-66.15466,1.301919071E9,776110,776759
776662,18.415007,-66.154625,1.301919071E9,776110,776759
776662,18.41488,-66.15459,1.301919071E9,776110,776759
776662,18.414759,-66.15455,1.301919071E9,776110,776759
776662,18.414637,-66.15452,1.301919071E9,776110,776759
776662,18.414461,-66.15447,1.301919071E9,776110,776759
776662,18.414345,-66.154434,1.301919071E9,776110,776759
776662,18.414223,-66.154396,1.301919071E9,776110,776759
776662,18.414034,-66.15434,1.301919071E9,776110,776759
776662,18.413906,-66.1543,1.301919071E9,776110,776759
776662,18.413717,-66.15423,1.301919071E9,776110,776759
776662,18.413591,-66.15419,1.301919071E9,776110,776759
776662,18.413464,-66.154144,1.301919071E9,776110,776759
776662,18.41327,-66.15408,1.301919071E9,776110,776759
776662,18.413145,-66.154045,1.301919071E9,776110,776759
776662,18.41302,-66.15401,1.301919071E9,776110,776759
776662,18.412893,-66.15397,1.301919071E9,776110,776759
776662,18.412767,-66.15392,1.301919071E9,776110,776759
776662,18.41264,-66.15389,1.301919071E9,776110,776759
776662,18.412506,-66.15387,1.301919071E9,776110,776759
776662,18.412376,-66.15385,1.301919071E9,776110,776759
776662,18.412241,-66.15382,1.301919071E9,776110,776759
776662,18.412037,-66.15376,1.301919071E9,776110,776759
776662,18.411901,-66.15372,1.301919071E9,776110,776759
776662,18.411707,-66.15365,1.301919071E9,776110,776759
776662,18.411533,-66.15355,1.301919071E9,776110,776759
776662,18.411324,-66.153465,1.301919071E9,776110,776759
776662,18.411177,-66.15343,1.301919071E9,776110,776759
776662,18.41103,-66.15343,1.301919071E9,776110,776759
776662,18.410828,-66.15345,1.301919071E9,776110,776759
776662,18.410675,-66.15334,1.301919071E9,776110,776759
776662,18.410582,-66.15318,1.301919071E9,776110,776759
776662,18.410444,-66.15308,1.301919071E9,776110,776759
776662,18.410261,-66.153046,1.301919071E9,776110,776759
776662,18.410065,-66.15303,1.301919071E9,776110,776759
776662,18.409933,-66.15302,1.301919071E9,776110,776759
776662,18.409805,-66.15301,1.301919071E9,776110,776759
776662,18.409672,-66.152985,1.301919071E9,776110,776759
776662,18.409536,-66.15295,1.301919071E9,776110,776759
776662,18.409405,-66.1529,1.301919071E9,776110,776759
776662,18.409283,-66.152855,1.301919071E9,776110,776759
776662,18.409166,-66.15281,1.301919071E9,776110,776759
776662,18.409054,-66.15276,1.301919071E9,776110,776759
776662,18.408943,-66.15271,1.301919071E9,776110,776759
776662,18.408781,-66.15263,1.301919071E9,776110,776759
776662,18.408636,-66.15253,1.301919071E9,776110,776759
776662,18.408539,-66.15246,1.301919071E9,776110,776759
776662,18.408428,-66.1524,1.301919071E9,776110,776759
776662,18.408249,-66.15231,1.301919071E9,776110,776759
776662,18.408049,-66.15225,1.301919071E9,776110,776759
776662,18.407913,-66.15221,1.301919071E9,776110,776759
776662,18.407784,-66.15217,1.301919071E9,776110,776759
776662,18.407656,-66.15213,1.301919071E9,776110,776759
776662,18.407534,-66.15208,1.301919071E9,776110,776759
776662,18.407415,-66.15202,1.301919071E9,776110,776759
776662,18.407234,-66.15194,1.301919071E9,776110,776759
776662,18.407116,-66.151886,1.301919071E9,776110,776759
776662,18.407,-66.15183,1.301919071E9,776110,776759
776662,18.40682,-66.15175,1.301919071E9,776110,776759
776662,18.406704,-66.151695,1.301919071E9,776110,776759
776662,18.406586,-66.151634,1.301919071E9,776110,776759
776662,18.40647,-66.15156,1.301919071E9,776110,776759
776662,18.406342,-66.15148,1.301919071E9,776110,776759
776662,18.40621,-66.15141,1.301919071E9,776110,776759
776662,18.406076,-66.151344,1.301919071E9,776110,776759
776662,18.405884,-66.15124,1.301919071E9,776110,776759
776662,18.40549,-66.15102,1.301919071E9,776110,776759
776662,18.405313,-66.15091,1.301919071E9,776110,776759
776662,18.405148,-66.15084,1.301919071E9,776110,776759
776662,18.405018,-66.15084,1.301919071E9,776110,776759
776662,18.404821,-66.150795,1.301919071E9,776110,776759
776662,18.40464,-66.15076,1.301919071E9,776110,776759
776662,18.404472,-66.15072,1.301919071E9,776110,776759
776662,18.404362,-66.15069,1.301919071E9,776110,776759
776662,18.404253,-66.15065,1.301919071E9,776110,776759
776662,18.404114,-66.150536,1.301919071E9,776110,776759
776662,18.403992,-66.15041,1.301919071E9,776110,776759
776662,18.403885,-66.15029,1.301919071E9,776110,776759
776662,18.403822,-66.15022,1.301919071E9,776110,776759
776662,18.40374,-66.15015,1.301919071E9,776110,776759
776662,18.403627,-66.15008,1.301919071E9,776110,776759
776662,18.403507,-66.149994,1.301919071E9,776110,776759
776662,18.403395,-66.14991,1.301919071E9,776110,776759
776662,18.40329,-66.149826,1.301919071E9,776110,776759
776662,18.403187,-66.14974,1.301919071E9,776110,776759
776662,18.40304,-66.14961,1.301919071E9,776110,776759
776662,18.402946,-66.14952,1.301919071E9,776110,776759
776662,18.40286,-66.14942,1.301919071E9,776110,776759
776662,18.402773,-66.14932,1.301919071E9,776110,776759
776662,18.402674,-66.14923,1.301919071E9,776110,776759
776662,18.402576,-66.14915,1.301919071E9,776110,776759
776662,18.402481,-66.14906,1.301919071E9,776110,776759
776662,18.40239,-66.14899,1.301919071E9,776110,776759
776662,18.402296,-66.14891,1.301919071E9,776110,776759
776662,18.402159,-66.1488,1.301919071E9,776110,776759
776662,18.402018,-66.14869,1.301919071E9,776110,776759
776662,18.401873,-66.14858,1.301919071E9,776110,776759
776662,18.401752,-66.14846,1.301919071E9,776110,776759
776662,18.401632,-66.148285,1.301919071E9,776110,776759
776662,18.401573,-66.148186,1.301919071E9,776110,776759
776662,18.401487,-66.148026,1.301919071E9,776110,776759
776662,18.401424,-66.14793,1.301919071E9,776110,776759
776662,18.401358,-66.147835,1.301919071E9,776110,776759
776662,18.40126,-66.14771,1.301919071E9,776110,776759
776662,18.401182,-66.14761,1.301919071E9,776110,776759
776662,18.400887,-66.14726,1.301919071E9,776110,776759
776662,18.400745,-66.14712,1.301919071E9,776110,776759
776662,18.400452,-66.14675,1.301919071E9,776110,776759
776662,18.400162,-66.14639,1.301919071E9,776110,776759
776662,18.400005,-66.14621,1.301919071E9,776110,776759
776662,18.399858,-66.146034,1.301919071E9,776110,776759
776662,18.399717,-66.14587,1.301919071E9,776110,776759
776662,18.399624,-66.14577,1.301919071E9,776110,776759
776662,18.399532,-66.14567,1.301919071E9,776110,776759
776662,18.39945,-66.14556,1.301919071E9,776110,776759
776662,18.399336,-66.1454,1.301919071E9,776110,776759
776662,18.399221,-66.145256,1.301919071E9,776110,776759
776662,18.399117,-66.14511,1.301919071E9,776110,776759
776662,18.399023,-66.14496,1.301919071E9,776110,776759
776662,18.398941,-66.14478,1.301919071E9,776110,776759
776662,18.39891,-66.144684,1.301919071E9,776110,776759
776662,18.398857,-66.14458,1.301919071E9,776110,776759
776662,18.398785,-66.14447,1.301919071E9,776110,776759
776662,18.398684,-66.144325,1.301919071E9,776110,776759
776662,18.398565,-66.14418,1.301919071E9,776110,776759
776662,18.39848,-66.144066,1.301919071E9,776110,776759
776662,18.398352,-66.143875,1.301919071E9,776110,776759
776662,18.39823,-66.1437,1.301919071E9,776110,776759
776662,18.398163,-66.1436,1.301919071E9,776110,776759
776662,18.398067,-66.143456,1.301919071E9,776110,776759
776662,18.39797,-66.1433,1.301919071E9,776110,776759
776662,18.397911,-66.14322,1.301919071E9,776110,776759
776662,18.397797,-66.14307,1.301919071E9,776110,776759
776662,18.397669,-66.1429,1.301919071E9,776110,776759
776662,18.397486,-66.142654,1.301919071E9,776110,776759
776662,18.397371,-66.142456,1.301919071E9,776110,776759
776662,18.397266,-66.14228,1.301919071E9,776110,776759
776662,1