59
776662,37.38201,-122.076,1.301919071E9,776110,776759
776662,37.38197,-122.0759,1.301919071E9,776110,776759
776662,37.38192,-122.07576,1.301919071E9,776110,776759
776662,37.381866,-122.07563,1.301919071E9,776110,776759
776662,37.38182,-122.075516,1.301919071E9,776110,776759
776662,37.381775,-122.07542,1.301919071E9,776110,776759
776662,37.381718,-122.075325,1.301919071E9,776110,776759
776662,37.381657,-122.07523,1.301919071E9,776110,776759
776662,37.381588,-122.07511,1.301919071E9,776110,776759
776662,37.38153,-122.07499,1.301919071E9,776110,776759
776662,37.38147,-122.07485,1.301919071E9,776110,776759
776662,37.381405,-122.074715,1.301919071E9,776110,776759
776662,37.381344,-122.0746,1.301919071E9,776110,776759
776662,37.381283,-122.0745,1.301919071E9,776110,776759
776662,37.381226,-122.074394,1.301919071E9,776110,776759
776662,37.381176,-122.07429,1.301919071E9,776110,776759
776662,37.38112,-122.07415,1.301919071E9,776110,776759
776662,37.381077,-122.07404,1.301919071E9,776110,776759
776662,37.381023,-122.07391,1.301919071E9,776110,776759
776662,37.380974,-122.073784,1.301919071E9,776110,776759
776662,37.380913,-122.07366,1.301919071E9,776110,776759
776662,37.38086,-122.07356,1.301919071E9,776110,776759
776662,37.380806,-122.073456,1.301919071E9,776110,776759
776662,37.38076,-122.07336,1.301919071E9,776110,776759
776662,37.38073,-122.073235,1.301919071E9,776110,776759
776662,37.380745,-122.0731,1.301919071E9,776110,776759
776662,37.380768,-122.072975,1.301919071E9,776110,776759
776662,37.380695,-122.07285,1.301919071E9,776110,776759
776662,37.380596,-122.072784,1.301919071E9,776110,776759
776662,37.380493,-122.07272,1.301919071E9,776110,776759
776662,37.380405,-122.072624,1.301919071E9,776110,776759
776662,37.380287,-122.07239,1.301919071E9,776110,776759
776662,37.38024,-122.07228,1.301919071E9,776110,776759
776662,37.3802,-122.072174,1.301919071E9,776110,776759
776662,37.380154,-122.072075,1.301919071E9,776110,776759
776662,37.3801,-122.071945,1.301919071E9,776110,776759
776662,37.380054,-122.071846,1.301919071E9,776110,776759
776662,37.379894,-122.07151,1.301919071E9,776110,776759
776662,37.379826,-122.07138,1.301919071E9,776110,776759
776662,37.379765,-122.07124,1.301919071E9,776110,776759
776662,37.379707,-122.07111,1.301919071E9,776110,776759
776662,37.379646,-122.07099,1.301919071E9,776110,776759
776662,37.37959,-122.07088,1.301919071E9,776110,776759
776662,37.37954,-122.07076,1.301919071E9,776110,776759
776662,37.37949,-122.070656,1.301919071E9,776110,776759
776662,37.379444,-122.07056,1.301919071E9,776110,776759
776662,37.379402,-122.07045,1.301919071E9,776110,776759
776662,37.37936,-122.07035,1.301919071E9,776110,776759
776662,37.37932,-122.070244,1.301919071E9,776110,776759
776662,37.37919,-122.069916,1.301919071E9,776110,776759
776662,37.379143,-122.06981,1.301919071E9,776110,776759
776662,37.3791,-122.06971,1.301919071E9,776110,776759
776662,37.37905,-122.06957,1.301919071E9,776110,776759
776662,37.379047,-122.06945,1.301919071E9,776110,776759
776662,37.379093,-122.06933,1.301919071E9,776110,776759
776662,37.37916,-122.06924,1.301919071E9,776110,776759
776662,37.379173,-122.06922,1.301919071E9,776110,776759
776662,37.78282,-122.40648,1.301919071E9,776110,776759
776662,37.782475,-122.4061,1.301919071E9,776110,776759
776662,37.78224,-122.40559,1.301919071E9,776110,776759
776662,37.782043,-122.40517,1.301919071E9,776110,776759
776662,37.781857,-122.404884,1.301919071E9,776110,776759
776662,37.78173,-122.40474,1.301919071E9,776110,776759
776662,37.781654,-122.40467,1.301919071E9,776110,776759
776662,37.78157,-122.40459,1.301919071E9,776110,776759
776662,37.781494,-122.40449,1.301919071E9,776110,776759
776662,37.781425,-122.404366,1.301919071E9,776110,776759
776662,37.78133,-122.40423,1.301919071E9,776110,776759
776662,37.78126,-122.40415,1.301919071E9,776110,776759
776662,37.7812,-122.40406,1.301919071E9,776110,776759
776662,37.78114,-122.40397,1.301919071E9,776110,776759
776662,37.78108,-122.40388,1.301919071E9,776110,776759
776662,37.781006,-122.40379,1.301919071E9,776110,776759
776662,37.78093,-122.40372,1.301919071E9,776110,776759
776662,37.78086,-122.40364,1.301919071E9,776110,776759
776662,37.78078,-122.40357,1.301919071E9,776110,776759
776662,37.780704,-122.4035,1.301919071E9,776110,776759
776662,37.780624,-122.40344,1.301919071E9,776110,776759
776662,37.780537,-122.40335,1.301919071E9,776110,776759
776662,37.780453,-122.40325,1.301919071E9,776110,776759
776662,37.780376,-122.40315,1.301919071E9,776110,776759
776662,37.780293,-122.403046,1.301919071E9,776110,776759
776662,37.78021,-122.40294,1.301919071E9,776110,776759
776662,37.780117,-122.40284,1.301919071E9,776110,776759
776662,37.78003,-122.402756,1.301919071E9,776110,776759
776662,37.77995,-122.402664,1.301919071E9,776110,776759
776662,37.77987,-122.402565,1.301919071E9,776110,776759
776662,37.779778,-122.402504,1.301919071E9,776110,776759
776662,37.779694,-122.402435,1.301919071E9,776110,776759
776662,37.77962,-122.40237,1.301919071E9,776110,776759
776662,37.77955,-122.40229,1.301919071E9,776110,776759
776662,37.779484,-122.40221,1.301919071E9,776110,776759
776662,37.779415,-122.40212,1.301919071E9,776110,776759
776662,37.77934,-122.40205,1.301919071E9,776110,776759
776662,37.779266,-122.40197,1.301919071E9,776110,776759
776662,37.779217,-122.40187,1.301919071E9,776110,776759
776662,37.779194,-122.40175,1.301919071E9,776110,776759
776662,37.779118,-122.40165,1.301919071E9,776110,776759
776662,37.77903,-122.40157,1.301919071E9,776110,776759
776662,37.77895,-122.401474,1.301919071E9,776110,776759
776662,37.77887,-122.401375,1.301919071E9,776110,776759
776662,37.778793,-122.40128,1.301919071E9,776110,776759
776662,37.77872,-122.40119,1.301919071E9,776110,776759
776662,37.778637,-122.4011,1.301919071E9,776110,776759
776662,37.77856,-122.40103,1.301919071E9,776110,776759
776662,37.77849,-122.400955,1.301919071E9,776110,776759
776662,37.7784,-122.400856,1.301919071E9,776110,776759
776662,37.778328,-122.400764,1.301919071E9,776110,776759
776662,37.77825,-122.40067,1.301919071E9,776110,776759
776662,37.778183,-122.400566,1.301919071E9,776110,776759
776662,37.778137,-122.40043,1.301919071E9,776110,776759
776662,37.77809,-122.40032,1.301919071E9,776110,776759
776662,37.778023,-122.40024,1.301919071E9,776110,776759
776662,37.77794,-122.40017,1.301919071E9,776110,776759
776662,37.77785,-122.40011,1.301919071E9,776110,776759
776662,37.777763,-122.40004,1.301919071E9,776110,776759
776662,37.777687,-122.39999,1.301919071E9,776110,776759
776662,37.777584,-122.39991,1.301919071E9,776110,776759
776662,37.777496,-122.39981,1.301919071E9,776110,776759
776662,37.77742,-122.3997,1.301919071E9,776110,776759
776662,37.777344,-122.39959,1.301919071E9,776110,776759
776662,37.777264,-122.39948,1.301919071E9,776110,776759
776662,37.777176,-122.39939,1.301919071E9,776110,776759
776662,37.777084,-122.399284,1.301919071E9,776110,776759
776662,37.776997,-122.399185,1.301919071E9,776110,776759
776662,37.776917,-122.39909,1.301919071E9,776110,776759
776662,37.776836,-122.398994,1.301919071E9,776110,776759
776662,37.776768,-122.39891,1.301919071E9,776110,776759
776662,37.77669,-122.3988,1.301919071E9,776110,776759
776662,37.776623,-122.3987,1.301919071E9,776110,776759
776662,37.776554,-122.3986,1.301919071E9,776110,776759
776662,37.776485,-122.3985,1.301919071E9,776110,776759
776662,37.776417,-122.39839,1.301919071E9,776110,776759
776662,37.77635,-122.3983,1.301919071E9,776110,776759
776662,37.77628,-122.3982,1.301919071E9,776110,776759
776662,37.77604,-122.39801,1.301919071E9,776110,776759
776662,37.775974,-122.397896,1.301919071E9,776110,776759
776662,37.775913,-122.397804,1.301919071E9,776110,776759
776662,37.77585,-122.39771,1.301919071E9,776110,776759
776662,37.77578,-122.39762,1.301919071E9,776110,776759
776662,37.77571,-122.39752,1.301919071E9,776110,776759
776662,37.775642,-122.39741,1.301919071E9,776110,776759
776662,37.77559,-122.39731,1.301919071E9,776110,776759
776662,37.77556,-122.39718,1.301919