,776110,776759
776662,38.780376,-90.53367,1.301919071E9,776110,776759
776662,38.78047,-90.533646,1.301919071E9,776110,776759
776662,38.780567,-90.53366,1.301919071E9,776110,776759
776662,38.78067,-90.53368,1.301919071E9,776110,776759
776662,38.780777,-90.53367,1.301919071E9,776110,776759
776662,38.780846,-90.53359,1.301919071E9,776110,776759
776662,38.780907,-90.53349,1.301919071E9,776110,776759
776662,38.78096,-90.53339,1.301919071E9,776110,776759
776662,38.781017,-90.53328,1.301919071E9,776110,776759
776662,38.781082,-90.53318,1.301919071E9,776110,776759
776662,38.781147,-90.53307,1.301919071E9,776110,776759
776662,38.781197,-90.53295,1.301919071E9,776110,776759
776662,38.78121,-90.53282,1.301919071E9,776110,776759
776662,38.78118,-90.532684,1.301919071E9,776110,776759
776662,38.781105,-90.53259,1.301919071E9,776110,776759
776662,38.781002,-90.53255,1.301919071E9,776110,776759
776662,38.7809,-90.53249,1.301919071E9,776110,776759
776662,38.780796,-90.53245,1.301919071E9,776110,776759
776662,38.7807,-90.532394,1.301919071E9,776110,776759
776662,38.7806,-90.532326,1.301919071E9,776110,776759
776662,38.780502,-90.53226,1.301919071E9,776110,776759
776662,38.780407,-90.5322,1.301919071E9,776110,776759
776662,38.780327,-90.53216,1.301919071E9,776110,776759
776662,38.78025,-90.532074,1.301919071E9,776110,776759
776662,38.78017,-90.53202,1.301919071E9,776110,776759
776662,38.780094,-90.53195,1.301919071E9,776110,776759
776662,38.780006,-90.53189,1.301919071E9,776110,776759
776662,38.779926,-90.5318,1.301919071E9,776110,776759
776662,38.77987,-90.531715,1.301919071E9,776110,776759
776662,38.779804,-90.531624,1.301919071E9,776110,776759
776662,38.779728,-90.531555,1.301919071E9,776110,776759
776662,38.779633,-90.53149,1.301919071E9,776110,776759
776662,38.779556,-90.5314,1.301919071E9,776110,776759
776662,38.779552,-90.531265,1.301919071E9,776110,776759
776662,38.779472,-90.531166,1.301919071E9,776110,776759
776662,38.7794,-90.53109,1.301919071E9,776110,776759
776662,38.77932,-90.531006,1.301919071E9,776110,776759
776662,38.779236,-90.53093,1.301919071E9,776110,776759
776662,38.77916,-90.53086,1.301919071E9,776110,776759
776662,38.779087,-90.53079,1.301919071E9,776110,776759
776662,38.779003,-90.53072,1.301919071E9,776110,776759
776662,38.778908,-90.53064,1.301919071E9,776110,776759
776662,38.778828,-90.53058,1.301919071E9,776110,776759
776662,38.778755,-90.5305,1.301919071E9,776110,776759
776662,38.778675,-90.53043,1.301919071E9,776110,776759
776662,38.77858,-90.53034,1.301919071E9,776110,776759
776662,38.778496,-90.53025,1.301919071E9,776110,776759
776662,38.77842,-90.53014,1.301919071E9,776110,776759
776662,38.77834,-90.53005,1.301919071E9,776110,776759
776662,38.778267,-90.529976,1.301919071E9,776110,776759
776662,38.778187,-90.52989,1.301919071E9,776110,776759
776662,38.778103,-90.52981,1.301919071E9,776110,776759
776662,38.778023,-90.52973,1.301919071E9,776110,776759
776662,38.777943,-90.52964,1.301919071E9,776110,776759
776662,38.77787,-90.529564,1.301919071E9,776110,776759
776662,38.777782,-90.52948,1.301919071E9,776110,776759
776662,38.7777,-90.5294,1.301919071E9,776110,776759
776662,38.777607,-90.52933,1.301919071E9,776110,776759
776662,38.777523,-90.52926,1.301919071E9,776110,776759
776662,38.777443,-90.52918,1.301919071E9,776110,776759
776662,38.777363,-90.52912,1.301919071E9,776110,776759
776662,38.777275,-90.52905,1.301919071E9,776110,776759
776662,38.777184,-90.528984,1.301919071E9,776110,776759
776662,38.77709,-90.52891,1.301919071E9,776110,776759
776662,38.776993,-90.52883,1.301919071E9,776110,776759
776662,38.77692,-90.52873,1.301919071E9,776110,776759
776662,38.77682,-90.52865,1.301919071E9,776110,776759
776662,38.776745,-90.52858,1.301919071E9,776110,776759
776662,38.77667,-90.5285,1.301919071E9,776110,776759
776662,38.77658,-90.52843,1.301919071E9,776110,776759
776662,38.77649,-90.52836,1.301919071E9,776110,776759
776662,38.776413,-90.52829,1.301919071E9,776110,776759
776662,38.776333,-90.52822,1.301919071E9,776110,776759
776662,38.77625,-90.52815,1.301919071E9,776110,776759
776662,38.776173,-90.52809,1.301919071E9,776110,776759
776662,38.776077,-90.52803,1.301919071E9,776110,776759
776662,38.775993,-90.52797,1.301919071E9,776110,776759
776662,38.77592,-90.5279,1.301919071E9,776110,776759
776662,38.775837,-90.527855,1.301919071E9,776110,776759
776662,38.77573,-90.527824,1.301919071E9,776110,776759
776662,38.775635,-90.527855,1.301919071E9,776110,776759
776662,38.77555,-90.52793,1.301919071E9,776110,776759
776662,38.7755,-90.52805,1.301919071E9,776110,776759
776662,38.775448,-90.52819,1.301919071E9,776110,776759
776662,38.77541,-90.52831,1.301919071E9,776110,776759
776662,38.775364,-90.52843,1.301919071E9,776110,776759
776662,38.775326,-90.52854,1.301919071E9,776110,776759
776662,38.77527,-90.528656,1.301919071E9,776110,776759
776662,38.77521,-90.52875,1.301919071E9,776110,776759
776662,38.775158,-90.52884,1.301919071E9,776110,776759
776662,38.775093,-90.528946,1.301919071E9,776110,776759
776662,38.775043,-90.52906,1.301919071E9,776110,776759
776662,38.774994,-90.529175,1.301919071E9,776110,776759
776662,38.774937,-90.52928,1.301919071E9,776110,776759
776662,38.77489,-90.52939,1.301919071E9,776110,776759
776662,38.774834,-90.5295,1.301919071E9,776110,776759
776662,38.77477,-90.52962,1.301919071E9,776110,776759
776662,38.774715,-90.52973,1.301919071E9,776110,776759
776662,38.774647,-90.52983,1.301919071E9,776110,776759
776662,38.774574,-90.529915,1.301919071E9,776110,776759
776662,38.774513,-90.53,1.301919071E9,776110,776759
776662,38.77443,-90.5301,1.301919071E9,776110,776759
776662,38.774345,-90.53019,1.301919071E9,776110,776759
776662,38.774258,-90.53027,1.301919071E9,776110,776759
776662,38.77417,-90.53035,1.301919071E9,776110,776759
776662,38.77407,-90.53042,1.301919071E9,776110,776759
776662,38.77399,-90.53047,1.301919071E9,776110,776759
776662,38.773903,-90.53052,1.301919071E9,776110,776759
776662,38.77381,-90.53056,1.301919071E9,776110,776759
776662,38.77372,-90.53059,1.301919071E9,776110,776759
776662,38.773605,-90.5306,1.301919071E9,776110,776759
776662,38.77349,-90.530624,1.301919071E9,776110,776759
776662,38.773384,-90.530624,1.301919071E9,776110,776759
776662,38.773277,-90.530624,1.301919071E9,776110,776759
776662,38.773186,-90.53061,1.301919071E9,776110,776759
776662,38.773087,-90.53058,1.301919071E9,776110,776759
776662,38.772984,-90.530556,1.301919071E9,776110,776759
776662,38.77288,-90.53051,1.301919071E9,776110,776759
776662,38.772774,-90.53048,1.301919071E9,776110,776759
776662,38.77267,-90.53045,1.301919071E9,776110,776759
776662,38.772575,-90.53041,1.301919071E9,776110,776759
776662,38.772476,-90.53038,1.301919071E9,776110,776759
776662,38.772366,-90.53034,1.301919071E9,776110,776759
776662,38.772263,-90.530304,1.301919071E9,776110,776759
776662,38.772175,-90.53027,1.301919071E9,776110,776759
776662,38.772087,-90.530235,1.301919071E9,776110,776759
776662,38.772,-90.5302,1.301919071E9,776110,776759
776662,38.771908,-90.53016,1.301919071E9,776110,776759
776662,38.7718,-90.53013,1.301919071E9,776110,776759
776662,38.771706,-90.53009,1.301919071E9,776110,776759
776662,38.7716,-90.53004,1.301919071E9,776110,776759
776662,38.771503,-90.530014,1.301919071E9,776110,776759
776662,38.771408,-90.52999,1.301919071E9,776110,776759
776662,38.77131,-90.53,1.301919071E9,776110,776759
776662,38.771282,-90.53012,1.301919071E9,776110,776759
776662,38.771263,-90.53025,1.301919071E9,776110,776759
776662,38.771244,-90.53039,1.301919071E9,776110,776759
776662,38.77122,-90.53051,1.301919071E9,776110,776759
776662,38.771206,-90.53064,1.301919071E9,776110,776759
776662,38.77121,-90.53076,1.301919071E9,776110,776759
776662,38.77124,-90.53091,1.301919071E9,776110,776759
776662,38.771286,-90.531044,1.301919071E9,776110,776759
776662,38.7713,-90.531166,1.301919071E9,776110,776759
776662,38.771366,-90.531265,1.301919071E9,776110,776759
776662,38.771423,-90.53136,1.301919071E9,776110,776759
776662,38.771496,-90.531456,1.301919071E9,776110,776759
776