19071E9,776110,776759
776662,37.78868,-122.39298,1.301919071E9,776110,776759
776662,37.788773,-122.3928,1.301919071E9,776110,776759
776662,37.789154,-122.39232,1.301919071E9,776110,776759
776662,37.78927,-122.39221,1.301919071E9,776110,776759
776662,37.78948,-122.392,1.301919071E9,776110,776759
776662,37.789658,-122.391495,1.301919071E9,776110,776759
776662,37.789856,-122.39112,1.301919071E9,776110,776759
776662,37.789993,-122.39098,1.301919071E9,776110,776759
776662,37.79011,-122.39087,1.301919071E9,776110,776759
776662,37.79025,-122.39075,1.301919071E9,776110,776759
776662,37.79062,-122.39045,1.301919071E9,776110,776759
776662,37.79064,-122.39044,1.301919071E9,776110,776759
776662,37.790764,-122.39031,1.301919071E9,776110,776759
776662,37.790897,-122.390175,1.301919071E9,776110,776759
776662,37.79101,-122.39004,1.301919071E9,776110,776759
776662,37.79117,-122.39,1.301919071E9,776110,776759
776662,37.791218,-122.39002,1.301919071E9,776110,776759
776662,37.791355,-122.390144,1.301919071E9,776110,776759
776662,37.791492,-122.39024,1.301919071E9,776110,776759
776662,37.79164,-122.39031,1.301919071E9,776110,776759
776662,37.791794,-122.39037,1.301919071E9,776110,776759
776662,37.79195,-122.39045,1.301919071E9,776110,776759
776662,37.792107,-122.39054,1.301919071E9,776110,776759
776662,37.792236,-122.39065,1.301919071E9,776110,776759
776662,37.792385,-122.390755,1.301919071E9,776110,776759
776662,37.792534,-122.39086,1.301919071E9,776110,776759
776662,37.79268,-122.39097,1.301919071E9,776110,776759
776662,37.79281,-122.391075,1.301919071E9,776110,776759
776662,37.792946,-122.391205,1.301919071E9,776110,776759
776662,37.79307,-122.39134,1.301919071E9,776110,776759
776662,37.793194,-122.39149,1.301919071E9,776110,776759
776662,37.79332,-122.39163,1.301919071E9,776110,776759
776662,37.793415,-122.391785,1.301919071E9,776110,776759
776662,37.793518,-122.39193,1.301919071E9,776110,776759
776662,37.79364,-122.392075,1.301919071E9,776110,776759
776662,37.79381,-122.39226,1.301919071E9,776110,776759
776662,37.793934,-122.39238,1.301919071E9,776110,776759
776662,37.794044,-122.392525,1.301919071E9,776110,776759
776662,37.79437,-122.39277,1.301919071E9,776110,776759
776662,37.79449,-122.39292,1.301919071E9,776110,776759
776662,37.794605,-122.39307,1.301919071E9,776110,776759
776662,37.794655,-122.39312,1.301919071E9,776110,776759
776662,37.794792,-122.39325,1.301919071E9,776110,776759
776662,37.794918,-122.39337,1.301919071E9,776110,776759
776662,37.7951,-122.393555,1.301919071E9,776110,776759
776662,37.795254,-122.393745,1.301919071E9,776110,776759
776662,37.79543,-122.39393,1.301919071E9,776110,776759
776662,37.79543,-122.39393,1.301919071E9,776110,776759
776662,37.795696,-122.39416,1.301919071E9,776110,776759
776662,37.795837,-122.39429,1.301919071E9,776110,776759
776662,37.795975,-122.3944,1.301919071E9,776110,776759
776662,37.79615,-122.39455,1.301919071E9,776110,776759
776662,37.79629,-122.39466,1.301919071E9,776110,776759
776662,37.796486,-122.394875,1.301919071E9,776110,776759
776662,37.79663,-122.39504,1.301919071E9,776110,776759
776662,37.79675,-122.39517,1.301919071E9,776110,776759
776662,37.79687,-122.395294,1.301919071E9,776110,776759
776662,37.797,-122.39543,1.301919071E9,776110,776759
776662,37.797153,-122.39559,1.301919071E9,776110,776759
776662,37.797295,-122.39571,1.301919071E9,776110,776759
776662,37.797432,-122.39582,1.301919071E9,776110,776759
776662,37.79758,-122.395905,1.301919071E9,776110,776759
776662,37.79771,-122.39603,1.301919071E9,776110,776759
776662,37.79784,-122.39616,1.301919071E9,776110,776759
776662,37.797962,-122.39628,1.301919071E9,776110,776759
776662,37.798096,-122.396416,1.301919071E9,776110,776759
776662,37.79826,-122.39657,1.301919071E9,776110,776759
776662,37.79826,-122.39657,1.301919071E9,776110,776759
776662,37.79839,-122.39668,1.301919071E9,776110,776759
776662,37.798515,-122.396805,1.301919071E9,776110,776759
776662,37.7987,-122.396965,1.301919071E9,776110,776759
776662,37.798843,-122.39708,1.301919071E9,776110,776759
776662,37.799034,-122.39724,1.301919071E9,776110,776759
776662,37.79923,-122.39741,1.301919071E9,776110,776759
776662,37.799362,-122.39753,1.301919071E9,776110,776759
776662,37.79949,-122.39766,1.301919071E9,776110,776759
776662,37.79967,-122.39781,1.301919071E9,776110,776759
776662,37.799816,-122.397934,1.301919071E9,776110,776759
776662,37.79995,-122.39804,1.301919071E9,776110,776759
776662,37.80008,-122.39817,1.301919071E9,776110,776759
776662,37.800213,-122.39831,1.301919071E9,776110,776759
776662,37.800343,-122.39843,1.301919071E9,776110,776759
776662,37.800488,-122.39854,1.301919071E9,776110,776759
776662,37.80063,-122.39867,1.301919071E9,776110,776759
776662,37.800762,-122.39878,1.301919071E9,776110,776759
776662,37.800907,-122.39888,1.301919071E9,776110,776759
776662,37.801052,-122.39898,1.301919071E9,776110,776759
776662,37.80119,-122.3991,1.301919071E9,776110,776759
776662,37.801315,-122.399216,1.301919071E9,776110,776759
776662,37.801453,-122.39933,1.301919071E9,776110,776759
776662,37.8016,-122.39945,1.301919071E9,776110,776759
776662,37.801743,-122.399574,1.301919071E9,776110,776759
776662,37.80188,-122.39967,1.301919071E9,776110,776759
776662,37.802013,-122.3998,1.301919071E9,776110,776759
776662,37.802143,-122.39992,1.301919071E9,776110,776759
776662,37.80226,-122.40005,1.301919071E9,776110,776759
776662,37.8024,-122.40018,1.301919071E9,776110,776759
776662,37.802525,-122.40031,1.301919071E9,776110,776759
776662,37.80265,-122.40043,1.301919071E9,776110,776759
776662,37.80279,-122.40055,1.301919071E9,776110,776759
776662,37.802917,-122.40068,1.301919071E9,776110,776759
776662,37.803043,-122.4008,1.301919071E9,776110,776759
776662,37.80318,-122.40091,1.301919071E9,776110,776759
776662,37.803238,-122.400955,1.301919071E9,776110,776759
776662,37.803387,-122.401054,1.301919071E9,776110,776759
776662,37.80347,-122.401146,1.301919071E9,776110,776759
776662,37.80365,-122.40136,1.301919071E9,776110,776759
776662,37.803833,-122.401566,1.301919071E9,776110,776759
776662,37.80397,-122.40171,1.301919071E9,776110,776759
776662,37.80414,-122.40187,1.301919071E9,776110,776759
776662,37.804276,-122.40199,1.301919071E9,776110,776759
776662,37.804398,-122.40212,1.301919071E9,776110,776759
776662,37.80452,-122.40225,1.301919071E9,776110,776759
776662,37.804638,-122.40239,1.301919071E9,776110,776759
776662,37.804756,-122.40254,1.301919071E9,776110,776759
776662,37.80487,-122.402695,1.301919071E9,776110,776759
776662,37.80497,-122.40284,1.301919071E9,776110,776759
776662,37.805065,-122.403,1.301919071E9,776110,776759
776662,37.80516,-122.40316,1.301919071E9,776110,776759
776662,37.80527,-122.40331,1.301919071E9,776110,776759
776662,37.80544,-122.40352,1.301919071E9,776110,776759
776662,37.805565,-122.40369,1.301919071E9,776110,776759
776662,37.805687,-122.40389,1.301919071E9,776110,776759
776662,37.805794,-122.40404,1.301919071E9,776110,776759
776662,37.805904,-122.40419,1.301919071E9,776110,776759
776662,37.806023,-122.40435,1.301919071E9,776110,776759
776662,37.806137,-122.4045,1.301919071E9,776110,776759
776662,37.806206,-122.40468,1.301919071E9,776110,776759
776662,37.806232,-122.404915,1.301919071E9,776110,776759
776662,37.80626,-122.40511,1.301919071E9,776110,776759
776662,37.80629,-122.40525,1.301919071E9,776110,776759
776662,37.806416,-122.40542,1.301919071E9,776110,776759
776662,37.806503,-122.40564,1.301919071E9,776110,776759
776662,37.806515,-122.406235,1.301919071E9,776110,776759
776662,37.80647,-122.40687,1.301919071E9,776110,776759
776662,37.806416,-122.40715,1.301919071E9,776110,776759
776662,37.80638,-122.40735,1.301919071E9,776110,776759
776662,37.806347,-122.40757,1.301919071E9,776110,776759
776662,37.806305,-122.407814,1.301919071E9,776110,776759
776662,37.806236,-122.40805,1.301919071E9,776110,776759
776662,37.806217,-122.40825,1.301919071E9,776110,776759
776662,37.8062,-122.40883,1.301919071E9,776110,776759
776662,37.80613,-122.40923,1.301919071E9,776110,776759
776662,37.80608,-122.409424