017,1.301919071E9,776110,776759
776662,32.738518,-117.150215,1.301919071E9,776110,776759
776662,32.73845,-117.15027,1.301919071E9,776110,776759
776662,32.73841,-117.15037,1.301919071E9,776110,776759
776662,32.738323,-117.150406,1.301919071E9,776110,776759
776662,32.738243,-117.15044,1.301919071E9,776110,776759
776662,32.738174,-117.15049,1.301919071E9,776110,776759
776662,32.738083,-117.1505,1.301919071E9,776110,776759
776662,32.738007,-117.15055,1.301919071E9,776110,776759
776662,32.737915,-117.15059,1.301919071E9,776110,776759
776662,32.73783,-117.15062,1.301919071E9,776110,776759
776662,32.737766,-117.15068,1.301919071E9,776110,776759
776662,32.73773,-117.150764,1.301919071E9,776110,776759
776662,32.737644,-117.15077,1.301919071E9,776110,776759
776662,32.737583,-117.15084,1.301919071E9,776110,776759
776662,32.737537,-117.150925,1.301919071E9,776110,776759
776662,32.737457,-117.151024,1.301919071E9,776110,776759
776662,32.73751,-117.151146,1.301919071E9,776110,776759
776662,32.737503,-117.15124,1.301919071E9,776110,776759
776662,32.73745,-117.15133,1.301919071E9,776110,776759
776662,32.737385,-117.151405,1.301919071E9,776110,776759
776662,32.73733,-117.15149,1.301919071E9,776110,776759
776662,32.7373,-117.15159,1.301919071E9,776110,776759
776662,32.737267,-117.15168,1.301919071E9,776110,776759
776662,32.73722,-117.15177,1.301919071E9,776110,776759
776662,32.737183,-117.15187,1.301919071E9,776110,776759
776662,32.737167,-117.15198,1.301919071E9,776110,776759
776662,32.737083,-117.152016,1.301919071E9,776110,776759
776662,32.73703,-117.1521,1.301919071E9,776110,776759
776662,32.73692,-117.152084,1.301919071E9,776110,776759
776662,32.736828,-117.152054,1.301919071E9,776110,776759
776662,32.736748,-117.1521,1.301919071E9,776110,776759
776662,32.736668,-117.152115,1.301919071E9,776110,776759
776662,32.736576,-117.15207,1.301919071E9,776110,776759
776662,32.73655,-117.15197,1.301919071E9,776110,776759
776662,32.73646,-117.15193,1.301919071E9,776110,776759
776662,32.73637,-117.15192,1.301919071E9,776110,776759
776662,32.736282,-117.15189,1.301919071E9,776110,776759
776662,32.736237,-117.15181,1.301919071E9,776110,776759
776662,32.736164,-117.15187,1.301919071E9,776110,776759
776662,32.736088,-117.15179,1.301919071E9,776110,776759
776662,32.73602,-117.15185,1.301919071E9,776110,776759
776662,32.735928,-117.151924,1.301919071E9,776110,776759
776662,32.735992,-117.151985,1.301919071E9,776110,776759
776662,32.736046,-117.15207,1.301919071E9,776110,776759
776662,32.73612,-117.15211,1.301919071E9,776110,776759
776662,32.736145,-117.1522,1.301919071E9,776110,776759
776662,32.736244,-117.15223,1.301919071E9,776110,776759
776662,32.736317,-117.15228,1.301919071E9,776110,776759
776662,32.736404,-117.15229,1.301919071E9,776110,776759
776662,32.736473,-117.15236,1.301919071E9,776110,776759
776662,32.736416,-117.15243,1.301919071E9,776110,776759
776662,32.73633,-117.15252,1.301919071E9,776110,776759
776662,32.73625,-117.15256,1.301919071E9,776110,776759
776662,32.7362,-117.15263,1.301919071E9,776110,776759
776662,32.736115,-117.15267,1.301919071E9,776110,776759
776662,32.736027,-117.15273,1.301919071E9,776110,776759
776662,32.73596,-117.152794,1.301919071E9,776110,776759
776662,32.73585,-117.15281,1.301919071E9,776110,776759
776662,32.735775,-117.15285,1.301919071E9,776110,776759
776662,32.735695,-117.15286,1.301919071E9,776110,776759
776662,32.73561,-117.15289,1.301919071E9,776110,776759
776662,32.73564,-117.15299,1.301919071E9,776110,776759
776662,32.735703,-117.15307,1.301919071E9,776110,776759
776662,32.735653,-117.15299,1.301919071E9,776110,776759
776662,32.73556,-117.152954,1.301919071E9,776110,776759
776662,32.735497,-117.15289,1.301919071E9,776110,776759
776662,32.735416,-117.15291,1.301919071E9,776110,776759
776662,32.73539,-117.153015,1.301919071E9,776110,776759
776662,32.73539,-117.153114,1.301919071E9,776110,776759
776662,32.735428,-117.153206,1.301919071E9,776110,776759
776662,32.735493,-117.15329,1.301919071E9,776110,776759
776662,32.735443,-117.1532,1.301919071E9,776110,776759
776662,32.735413,-117.15309,1.301919071E9,776110,776759
776662,32.73543,-117.15299,1.301919071E9,776110,776759
776662,32.73548,-117.15291,1.301919071E9,776110,776759
776662,32.735577,-117.15289,1.301919071E9,776110,776759
776662,32.73565,-117.15299,1.301919071E9,776110,776759
776662,32.735733,-117.153,1.301919071E9,776110,776759
776662,32.735825,-117.153,1.301919071E9,776110,776759
776662,32.735905,-117.15297,1.301919071E9,776110,776759
776662,32.735985,-117.15292,1.301919071E9,776110,776759
776662,32.73606,-117.15297,1.301919071E9,776110,776759
776662,32.736244,-117.15309,1.301919071E9,776110,776759
776662,32.736275,-117.153206,1.301919071E9,776110,776759
776662,32.73631,-117.1533,1.301919071E9,776110,776759
776662,32.73641,-117.153336,1.301919071E9,776110,776759
776662,32.736485,-117.15338,1.301919071E9,776110,776759
776662,32.73657,-117.1534,1.301919071E9,776110,776759
776662,32.736668,-117.1534,1.301919071E9,776110,776759
776662,32.73675,-117.15339,1.301919071E9,776110,776759
776662,32.736866,-117.1534,1.301919071E9,776110,776759
776662,32.73695,-117.153404,1.301919071E9,776110,776759
776662,32.73705,-117.153404,1.301919071E9,776110,776759
776662,32.737144,-117.15345,1.301919071E9,776110,776759
776662,32.737186,-117.15356,1.301919071E9,776110,776759
776662,32.737255,-117.15362,1.301919071E9,776110,776759
776662,32.73734,-117.15364,1.301919071E9,776110,776759
776662,32.737423,-117.153595,1.301919071E9,776110,776759
776662,32.737476,-117.15352,1.301919071E9,776110,776759
776662,32.737556,-117.153496,1.301919071E9,776110,776759
776662,32.73759,-117.153404,1.301919071E9,776110,776759
776662,32.73767,-117.15332,1.301919071E9,776110,776759
776662,32.73775,-117.15325,1.301919071E9,776110,776759
776662,32.737827,-117.15321,1.301919071E9,776110,776759
776662,32.73791,-117.15321,1.301919071E9,776110,776759
776662,32.738,-117.15317,1.301919071E9,776110,776759
776662,32.738087,-117.15312,1.301919071E9,776110,776759
776662,32.73817,-117.15308,1.301919071E9,776110,776759
776662,32.738205,-117.15299,1.301919071E9,776110,776759
776662,32.7382,-117.1529,1.301919071E9,776110,776759
776662,32.73816,-117.15281,1.301919071E9,776110,776759
776662,32.73811,-117.15272,1.301919071E9,776110,776759
776662,32.738026,-117.152626,1.301919071E9,776110,776759
776662,32.73799,-117.15252,1.301919071E9,776110,776759
776662,32.73798,-117.15242,1.301919071E9,776110,776759
776662,32.738056,-117.152374,1.301919071E9,776110,776759
776662,32.738148,-117.15235,1.301919071E9,776110,776759
776662,32.738216,-117.1523,1.301919071E9,776110,776759
776662,32.73826,-117.152214,1.301919071E9,776110,776759
776662,32.738377,-117.152214,1.301919071E9,776110,776759
776662,32.738438,-117.15212,1.301919071E9,776110,776759
776662,32.738533,-117.15213,1.301919071E9,776110,776759
776662,32.73862,-117.15211,1.301919071E9,776110,776759
776662,32.7386,-117.152,1.301919071E9,776110,776759
776662,32.738636,-117.15189,1.301919071E9,776110,776759
776662,32.738728,-117.15187,1.301919071E9,776110,776759
776662,32.7388,-117.15182,1.301919071E9,776110,776759
776662,32.738865,-117.1517,1.301919071E9,776110,776759
776662,32.738956,-117.15174,1.301919071E9,776110,776759
776662,32.739037,-117.151726,1.301919071E9,776110,776759
776662,32.739117,-117.15174,1.301919071E9,776110,776759
776662,32.7391,-117.15159,1.301919071E9,776110,776759
776662,32.73913,-117.1515,1.301919071E9,776110,776759
776662,32.73919,-117.15142,1.301919071E9,776110,776759
776662,32.739243,-117.151344,1.301919071E9,776110,776759
776662,32.739246,-117.151245,1.301919071E9,776110,776759
776662,32.739296,-117.15116,1.301919071E9,776110,776759
776662,32.739258,-117.151054,1.301919071E9,776110,776759
776662,32.739285,-117.15095,1.301919071E9,776110,776759
776662,32.73929,-117.150826,1.301919071E9,776110,776759
776662,32.7393,-117.1507,1.301919071E9,776110,776759
776662,32.739307,-117.150604,1.301919071E9,776110,776759
776662,32.739346,-117.150505,1.301919071E9,776110,776759
776662,32.