919071E9,776110,776759
776662,18.38723,-66.13768,1.301919071E9,776110,776759
776662,18.387411,-66.13766,1.301919071E9,776110,776759
776662,18.387478,-66.13765,1.301919071E9,776110,776759
776662,18.38767,-66.13763,1.301919071E9,776110,776759
776662,18.387798,-66.1376,1.301919071E9,776110,776759
776662,18.387985,-66.13758,1.301919071E9,776110,776759
776662,18.38817,-66.13755,1.301919071E9,776110,776759
776662,18.38836,-66.137505,1.301919071E9,776110,776759
776662,18.388548,-66.13748,1.301919071E9,776110,776759
776662,18.388735,-66.13744,1.301919071E9,776110,776759
776662,18.388922,-66.137405,1.301919071E9,776110,776759
776662,18.389107,-66.137375,1.301919071E9,776110,776759
776662,18.389166,-66.13736,1.301919071E9,776110,776759
776662,18.389345,-66.13734,1.301919071E9,776110,776759
776662,18.389534,-66.13733,1.301919071E9,776110,776759
776662,18.389727,-66.13734,1.301919071E9,776110,776759
776662,18.389906,-66.13735,1.301919071E9,776110,776759
776662,18.38996,-66.13735,1.301919071E9,776110,776759
776662,18.39014,-66.13737,1.301919071E9,776110,776759
776662,18.390541,-66.13755,1.301919071E9,776110,776759
776662,18.39074,-66.13767,1.301919071E9,776110,776759
776662,18.390923,-66.137794,1.301919071E9,776110,776759
776662,18.3911,-66.13791,1.301919071E9,776110,776759
776662,18.391258,-66.138054,1.301919071E9,776110,776759
776662,18.39133,-66.13825,1.301919071E9,776110,776759
776662,18.391483,-66.13871,1.301919071E9,776110,776759
776662,18.39162,-66.13882,1.301919071E9,776110,776759
776662,18.39176,-66.13892,1.301919071E9,776110,776759
776662,18.391855,-66.13898,1.301919071E9,776110,776759
776662,18.392023,-66.13904,1.301919071E9,776110,776759
776662,18.392454,-66.13898,1.301919071E9,776110,776759
776662,18.392553,-66.13902,1.301919071E9,776110,776759
776662,18.392715,-66.13908,1.301919071E9,776110,776759
776662,18.392803,-66.13905,1.301919071E9,776110,776759
776662,18.392988,-66.13896,1.301919071E9,776110,776759
776662,18.393112,-66.13883,1.301919071E9,776110,776759
776662,18.393133,-66.1388,1.301919071E9,776110,776759
776662,18.393215,-66.13864,1.301919071E9,776110,776759
776662,18.393229,-66.13861,1.301919071E9,776110,776759
776662,18.393366,-66.138504,1.301919071E9,776110,776759
776662,18.3937,-66.138504,1.301919071E9,776110,776759
776662,18.393911,-66.138535,1.301919071E9,776110,776759
776662,18.394094,-66.13859,1.301919071E9,776110,776759
776662,18.39425,-66.13869,1.301919071E9,776110,776759
776662,18.394344,-66.13885,1.301919071E9,776110,776759
776662,18.394442,-66.139,1.301919071E9,776110,776759
776662,18.394476,-66.13904,1.301919071E9,776110,776759
776662,18.394608,-66.13919,1.301919071E9,776110,776759
776662,18.394753,-66.13934,1.301919071E9,776110,776759
776662,18.394867,-66.13948,1.301919071E9,776110,776759
776662,18.394983,-66.139626,1.301919071E9,776110,776759
776662,18.395103,-66.13978,1.301919071E9,776110,776759
776662,18.395231,-66.13994,1.301919071E9,776110,776759
776662,18.395353,-66.1401,1.301919071E9,776110,776759
776662,18.395494,-66.14027,1.301919071E9,776110,776759
776662,18.395643,-66.14044,1.301919071E9,776110,776759
776662,18.395777,-66.140564,1.301919071E9,776110,776759
776662,18.395983,-66.14067,1.301919071E9,776110,776759
776662,18.396173,-66.140785,1.301919071E9,776110,776759
776662,18.396364,-66.1409,1.301919071E9,776110,776759
776662,18.396515,-66.14101,1.301919071E9,776110,776759
776662,18.396597,-66.14115,1.301919071E9,776110,776759
776662,18.396687,-66.141335,1.301919071E9,776110,776759
776662,18.396795,-66.14158,1.301919071E9,776110,776759
776662,18.396875,-66.141716,1.301919071E9,776110,776759
776662,18.396963,-66.14186,1.301919071E9,776110,776759
776662,18.39706,-66.14202,1.301919071E9,776110,776759
776662,18.397165,-66.14218,1.301919071E9,776110,776759
776662,18.397266,-66.14236,1.301919071E9,776110,776759
776662,18.39737,-66.14254,1.301919071E9,776110,776759
776662,18.39748,-66.142715,1.301919071E9,776110,776759
776662,18.397608,-66.14288,1.301919071E9,776110,776759
776662,18.397734,-66.143036,1.301919071E9,776110,776759
776662,18.397854,-66.14318,1.301919071E9,776110,776759
776662,18.397966,-66.14332,1.301919071E9,776110,776759
776662,18.398088,-66.143486,1.301919071E9,776110,776759
776662,18.398388,-66.14389,1.301919071E9,776110,776759
776662,18.39848,-66.14402,1.301919071E9,776110,776759
776662,18.398577,-66.14415,1.301919071E9,776110,776759
776662,18.398678,-66.14428,1.301919071E9,776110,776759
776662,18.398726,-66.14435,1.301919071E9,776110,776759
776662,18.398815,-66.14448,1.301919071E9,776110,776759
776662,18.39895,-66.14468,1.301919071E9,776110,776759
776662,18.399097,-66.144966,1.301919071E9,776110,776759
776662,18.39921,-66.14516,1.301919071E9,776110,776759
776662,18.39933,-66.14536,1.301919071E9,776110,776759
776662,18.399542,-66.14571,1.301919071E9,776110,776759
776662,18.399673,-66.145905,1.301919071E9,776110,776759
776662,18.399778,-66.14604,1.301919071E9,776110,776759
776662,18.399897,-66.1462,1.301919071E9,776110,776759
776662,18.400011,-66.14634,1.301919071E9,776110,776759
776662,18.400114,-66.14648,1.301919071E9,776110,776759
776662,18.400253,-66.14665,1.301919071E9,776110,776759
776662,18.4003,-66.146706,1.301919071E9,776110,776759
776662,18.400429,-66.146866,1.301919071E9,776110,776759
776662,18.400717,-66.147224,1.301919071E9,776110,776759
776662,18.400995,-66.14757,1.301919071E9,776110,776759
776662,18.401316,-66.147896,1.301919071E9,776110,776759
776662,18.40151,-66.14816,1.301919071E9,776110,776759
776662,18.401628,-66.14832,1.301919071E9,776110,776759
776662,18.401712,-66.14842,1.301919071E9,776110,776759
776662,18.401852,-66.14858,1.301919071E9,776110,776759
776662,18.40196,-66.14869,1.301919071E9,776110,776759
776662,18.402082,-66.14879,1.301919071E9,776110,776759
776662,18.402266,-66.14894,1.301919071E9,776110,776759
776662,18.402384,-66.14904,1.301919071E9,776110,776759
776662,18.402502,-66.14915,1.301919071E9,776110,776759
776662,18.402561,-66.1492,1.301919071E9,776110,776759
776662,18.402742,-66.149345,1.301919071E9,776110,776759
776662,18.402905,-66.14948,1.301919071E9,776110,776759
776662,18.402954,-66.14953,1.301919071E9,776110,776759
776662,18.403105,-66.14968,1.301919071E9,776110,776759
776662,18.40326,-66.14983,1.301919071E9,776110,776759
776662,18.403412,-66.14998,1.301919071E9,776110,776759
776662,18.403465,-66.150024,1.301919071E9,776110,776759
776662,18.4036,-66.15012,1.301919071E9,776110,776759
776662,18.403759,-66.150246,1.301919071E9,776110,776759
776662,18.403929,-66.150375,1.301919071E9,776110,776759
776662,18.40408,-66.15051,1.301919071E9,776110,776759
776662,18.404236,-66.15064,1.301919071E9,776110,776759
776662,18.404413,-66.150734,1.301919071E9,776110,776759
776662,18.4046,-66.15082,1.301919071E9,776110,776759
776662,18.404795,-66.150894,1.301919071E9,776110,776759
776662,18.405014,-66.15097,1.301919071E9,776110,776759
776662,18.405226,-66.15104,1.301919071E9,776110,776759
776662,18.40565,-66.15118,1.301919071E9,776110,776759
776662,18.405945,-66.15127,1.301919071E9,776110,776759
776662,18.406168,-66.15137,1.301919071E9,776110,776759
776662,18.406334,-66.15146,1.301919071E9,776110,776759
776662,18.406479,-66.15156,1.301919071E9,776110,776759
776662,18.406666,-66.15168,1.301919071E9,776110,776759
776662,18.406832,-66.151794,1.301919071E9,776110,776759
776662,18.406992,-66.151924,1.301919071E9,776110,776759
776662,18.407158,-66.15202,1.301919071E9,776110,776759
776662,18.407267,-66.152084,1.301919071E9,776110,776759
776662,18.40744,-66.15216,1.301919071E9,776110,776759
776662,18.407618,-66.15224,1.301919071E9,776110,776759
776662,18.4078,-66.15231,1.301919071E9,776110,776759
776662,18.40786,-66.152336,1.301919071E9,776110,776759
776662,18.408033,-66.152405,1.301919071E9,776110,776759
776662,18.408213,-66.15248,1.301919071E9,776110,776759
776662,18.408392,-66.15257,1.301919071E9,776110,776759
776662,18.40857,-66.152664,1.301919071E9,776110,776759
776662,18.408743,-66.15275,1.301919071E9,776110,776759
776662,18.40898,-66.15285,1.301919071E9,776110,776759
776662,18.40915