76662,48.884624,2.300924,1.301919071E9,776110,776759
776662,48.88459,2.301053,1.301919071E9,776110,776759
776662,48.884575,2.301191,1.301919071E9,776110,776759
776662,48.884434,2.301569,1.301919071E9,776110,776759
776662,48.88443,2.301731,1.301919071E9,776110,776759
776662,48.884438,2.301906,1.301919071E9,776110,776759
776662,48.884434,2.302068,1.301919071E9,776110,776759
776662,48.88437,2.302211,1.301919071E9,776110,776759
776662,48.88429,2.302298,1.301919071E9,776110,776759
776662,48.884167,2.302279,1.301919071E9,776110,776759
776662,48.884068,2.302221,1.301919071E9,776110,776759
776662,48.88397,2.302153,1.301919071E9,776110,776759
776662,48.883873,2.302096,1.301919071E9,776110,776759
776662,48.88367,2.302115,1.301919071E9,776110,776759
776662,48.883568,2.302144,1.301919071E9,776110,776759
776662,48.883465,2.302204,1.301919071E9,776110,776759
776662,48.883373,2.302269,1.301919071E9,776110,776759
776662,48.88328,2.302222,1.301919071E9,776110,776759
776662,48.883232,2.302082,1.301919071E9,776110,776759
776662,48.8832,2.301949,1.301919071E9,776110,776759
776662,48.883137,2.301838,1.301919071E9,776110,776759
776662,48.883034,2.301791,1.301919071E9,776110,776759
776662,48.88293,2.301784,1.301919071E9,776110,776759
776662,48.882835,2.301755,1.301919071E9,776110,776759
776662,48.882736,2.301748,1.301919071E9,776110,776759
776662,48.88264,2.301683,1.301919071E9,776110,776759
776662,48.88256,2.30161,1.301919071E9,776110,776759
776662,48.88246,2.301547,1.301919071E9,776110,776759
776662,48.882397,2.301449,1.301919071E9,776110,776759
776662,48.882336,2.30134,1.301919071E9,776110,776759
776662,48.882244,2.301246,1.301919071E9,776110,776759
776662,48.88216,2.301187,1.301919071E9,776110,776759
776662,48.882076,2.301109,1.301919071E9,776110,776759
776662,48.881878,2.300998,1.301919071E9,776110,776759
776662,48.881786,2.300891,1.301919071E9,776110,776759
776662,48.881706,2.300817,1.301919071E9,776110,776759
776662,48.88168,2.300672,1.301919071E9,776110,776759
776662,48.88163,2.300555,1.301919071E9,776110,776759
776662,48.881546,2.300478,1.301919071E9,776110,776759
776662,48.88144,2.300519,1.301919071E9,776110,776759
776662,48.881336,2.300529,1.301919071E9,776110,776759
776662,48.881256,2.300428,1.301919071E9,776110,776759
776662,48.881165,2.300342,1.301919071E9,776110,776759
776662,48.881096,2.300244,1.301919071E9,776110,776759
776662,48.881012,2.300171,1.301919071E9,776110,776759
776662,48.88091,2.300102,1.301919071E9,776110,776759
776662,48.8808,2.300071,1.301919071E9,776110,776759
776662,48.88069,2.30004,1.301919071E9,776110,776759
776662,48.8806,2.300014,1.301919071E9,776110,776759
776662,48.88049,2.299998,1.301919071E9,776110,776759
776662,48.880386,2.29993,1.301919071E9,776110,776759
776662,48.88033,2.299821,1.301919071E9,776110,776759
776662,48.880253,2.299751,1.301919071E9,776110,776759
776662,48.880165,2.299679,1.301919071E9,776110,776759
776662,48.880043,2.299589,1.301919071E9,776110,776759
776662,48.879948,2.299506,1.301919071E9,776110,776759
776662,48.879852,2.299436,1.301919071E9,776110,776759
776662,48.87977,2.299388,1.301919071E9,776110,776759
776662,48.879684,2.299295,1.301919071E9,776110,776759
776662,48.879604,2.299227,1.301919071E9,776110,776759
776662,48.879513,2.299212,1.301919071E9,776110,776759
776662,48.879417,2.299165,1.301919071E9,776110,776759
776662,48.87933,2.29913,1.301919071E9,776110,776759
776662,48.87923,2.29907,1.301919071E9,776110,776759
776662,48.879147,2.299002,1.301919071E9,776110,776759
776662,48.87905,2.298969,1.301919071E9,776110,776759
776662,48.87895,2.29897,1.301919071E9,776110,776759
776662,48.878845,2.29897,1.301919071E9,776110,776759
776662,48.878757,2.298888,1.301919071E9,776110,776759
776662,48.878693,2.298768,1.301919071E9,776110,776759
776662,48.878628,2.298659,1.301919071E9,776110,776759
776662,48.878544,2.298588,1.301919071E9,776110,776759
776662,48.878532,2.29845,1.301919071E9,776110,776759
776662,48.878456,2.298545,1.301919071E9,776110,776759
776662,48.878387,2.298645,1.301919071E9,776110,776759
776662,48.87834,2.298768,1.301919071E9,776110,776759
776662,48.878246,2.298708,1.301919071E9,776110,776759
776662,48.878147,2.298659,1.301919071E9,776110,776759
776662,48.878063,2.298722,1.301919071E9,776110,776759
776662,48.87797,2.298677,1.301919071E9,776110,776759
776662,48.877872,2.298625,1.301919071E9,776110,776759
776662,48.87777,2.298598,1.301919071E9,776110,776759
776662,48.87772,2.298716,1.301919071E9,776110,776759
776662,48.87766,2.298836,1.301919071E9,776110,776759
776662,48.877613,2.298956,1.301919071E9,776110,776759
776662,48.877605,2.299111,1.301919071E9,776110,776759
776662,48.877506,2.299521,1.301919071E9,776110,776759
776662,48.877438,2.299831,1.301919071E9,776110,776759
776662,48.877438,2.299978,1.301919071E9,776110,776759
776662,48.877438,2.300145,1.301919071E9,776110,776759
776662,48.87741,2.300293,1.301919071E9,776110,776759
776662,48.87736,2.300428,1.301919071E9,776110,776759
776662,48.877277,2.300494,1.301919071E9,776110,776759
776662,48.877193,2.300779,1.301919071E9,776110,776759
776662,48.877167,2.300928,1.301919071E9,776110,776759
776662,48.877125,2.301082,1.301919071E9,776110,776759
776662,48.877056,2.301192,1.301919071E9,776110,776759
776662,48.87701,2.301324,1.301919071E9,776110,776759
776662,48.87695,2.301425,1.301919071E9,776110,776759
776662,48.87684,2.301423,1.301919071E9,776110,776759
776662,48.876762,2.301522,1.301919071E9,776110,776759
776662,48.876694,2.301613,1.301919071E9,776110,776759
776662,48.876644,2.301733,1.301919071E9,776110,776759
776662,48.87657,2.301646,1.301919071E9,776110,776759
776662,48.876495,2.301545,1.301919071E9,776110,776759
776662,48.876427,2.301648,1.301919071E9,776110,776759
776662,48.876472,2.301776,1.301919071E9,776110,776759
776662,48.876457,2.301943,1.301919071E9,776110,776759
776662,48.87643,2.302089,1.301919071E9,776110,776759
776662,48.876385,2.30221,1.301919071E9,776110,776759
776662,48.87631,2.3023,1.301919071E9,776110,776759
776662,48.876247,2.302441,1.301919071E9,776110,776759
776662,48.87616,2.302505,1.301919071E9,776110,776759
776662,48.876137,2.302665,1.301919071E9,776110,776759
776662,48.87609,2.302829,1.301919071E9,776110,776759
776662,48.876026,2.302945,1.301919071E9,776110,776759
776662,48.875957,2.303089,1.301919071E9,776110,776759
776662,48.875908,2.303227,1.301919071E9,776110,776759
776662,48.875866,2.303381,1.301919071E9,776110,776759
776662,48.875816,2.303523,1.301919071E9,776110,776759
776662,48.875755,2.303638,1.301919071E9,776110,776759
776662,48.875698,2.303749,1.301919071E9,776110,776759
776662,48.87565,2.303885,1.301919071E9,776110,776759
776662,48.875614,2.304039,1.301919071E9,776110,776759
776662,48.875546,2.304157,1.301919071E9,776110,776759
776662,48.875484,2.304289,1.301919071E9,776110,776759
776662,48.875427,2.304413,1.301919071E9,776110,776759
776662,48.875355,2.304533,1.301919071E9,776110,776759
776662,48.875286,2.304668,1.301919071E9,776110,776759
776662,48.875244,2.304789,1.301919071E9,776110,776759
776662,48.875206,2.304936,1.301919071E9,776110,776759
776662,48.87515,2.305089,1.301919071E9,776110,776759
776662,48.875057,2.30513,1.301919071E9,776110,776759
776662,48.874977,2.305215,1.301919071E9,776110,776759
776662,48.8749,2.305288,1.301919071E9,776110,776759
776662,48.87483,2.305388,1.301919071E9,776110,776759
776662,48.87491,2.305734,1.301919071E9,776110,776759
776662,48.874966,2.305848,1.301919071E9,776110,776759
776662,48.8749,2.305957,1.301919071E9,776110,776759
776662,48.87475,2.306089,1.301919071E9,776110,776759
776662,48.874683,2.306214,1.301919071E9,776110,776759
776662,48.87463,2.306361,1.301919071E9,776110,776759
776662,48.87458,2.306494,1.301919071E9,776110,776759
776662,48.874557,2.306634,1.301919071E9,776110,776759
776662,48.874516,2.306771,1.301919071E9,776110,776759
776662,48.874443,2.306877,1.301919071E9,776110,776759
776662,48.874393,2.307028,1.301919071E9,776110,776759
776662,48.874332,2.307153,1.301919071E9,776110,776759
776662,48.87429,2.307281,1.301919071E9,776110,776759
776662,48.874252,2.307439