-2.323488,1.301919071E9,776110,776759
776662,51.398876,-2.323439,1.301919071E9,776110,776759
776662,51.39879,-2.323379,1.301919071E9,776110,776759
776662,51.39868,-2.323314,1.301919071E9,776110,776759
776662,51.39858,-2.323256,1.301919071E9,776110,776759
776662,51.398495,-2.323194,1.301919071E9,776110,776759
776662,51.39841,-2.323125,1.301919071E9,776110,776759
776662,51.39832,-2.323055,1.301919071E9,776110,776759
776662,51.398235,-2.322978,1.301919071E9,776110,776759
776662,51.398148,-2.322908,1.301919071E9,776110,776759
776662,51.398052,-2.32282,1.301919071E9,776110,776759
776662,51.397964,-2.322734,1.301919071E9,776110,776759
776662,51.397865,-2.322646,1.301919071E9,776110,776759
776662,51.397778,-2.322583,1.301919071E9,776110,776759
776662,51.39767,-2.32254,1.301919071E9,776110,776759
776662,51.39757,-2.322497,1.301919071E9,776110,776759
776662,51.397472,-2.322437,1.301919071E9,776110,776759
776662,51.397385,-2.322387,1.301919071E9,776110,776759
776662,51.397297,-2.322341,1.301919071E9,776110,776759
776662,51.39721,-2.322293,1.301919071E9,776110,776759
776662,51.39712,-2.32222,1.301919071E9,776110,776759
776662,51.39704,-2.322153,1.301919071E9,776110,776759
776662,51.396954,-2.322022,1.301919071E9,776110,776759
776662,51.396854,-2.321984,1.301919071E9,776110,776759
776662,51.396793,-2.321842,1.301919071E9,776110,776759
776662,51.39682,-2.321685,1.301919071E9,776110,776759
776662,51.39687,-2.321533,1.301919071E9,776110,776759
776662,51.396893,-2.321371,1.301919071E9,776110,776759
776662,51.396923,-2.32119,1.301919071E9,776110,776759
776662,51.396973,-2.321053,1.301919071E9,776110,776759
776662,51.39702,-2.320917,1.301919071E9,776110,776759
776662,51.39704,-2.320773,1.301919071E9,776110,776759
776662,51.397022,-2.320596,1.301919071E9,776110,776759
776662,51.397045,-2.320457,1.301919071E9,776110,776759
776662,51.397076,-2.32031,1.301919071E9,776110,776759
776662,51.397118,-2.320153,1.301919071E9,776110,776759
776662,51.397156,-2.32001,1.301919071E9,776110,776759
776662,51.39719,-2.319851,1.301919071E9,776110,776759
776662,51.397232,-2.319683,1.301919071E9,776110,776759
776662,51.397278,-2.319541,1.301919071E9,776110,776759
776662,51.39732,-2.31939,1.301919071E9,776110,776759
776662,51.397354,-2.319243,1.301919071E9,776110,776759
776662,51.397404,-2.31908,1.301919071E9,776110,776759
776662,51.397438,-2.318937,1.301919071E9,776110,776759
776662,51.397453,-2.318776,1.301919071E9,776110,776759
776662,51.397465,-2.318587,1.301919071E9,776110,776759
776662,51.39747,-2.318389,1.301919071E9,776110,776759
776662,51.397476,-2.318223,1.301919071E9,776110,776759
776662,51.39746,-2.318048,1.301919071E9,776110,776759
776662,51.39742,-2.317911,1.301919071E9,776110,776759
776662,51.39737,-2.31775,1.301919071E9,776110,776759
776662,51.397312,-2.317641,1.301919071E9,776110,776759
776662,51.397243,-2.31753,1.301919071E9,776110,776759
776662,51.397163,-2.317403,1.301919071E9,776110,776759
776662,51.397095,-2.317285,1.301919071E9,776110,776759
776662,51.397,-2.317195,1.301919071E9,776110,776759
776662,51.39692,-2.317124,1.301919071E9,776110,776759
776662,51.39682,-2.317056,1.301919071E9,776110,776759
776662,51.396717,-2.316983,1.301919071E9,776110,776759
776662,51.39662,-2.316912,1.301919071E9,776110,776759
776662,51.396515,-2.31686,1.301919071E9,776110,776759
776662,51.39641,-2.31683,1.301919071E9,776110,776759
776662,51.3963,-2.316806,1.301919071E9,776110,776759
776662,51.39619,-2.316811,1.301919071E9,776110,776759
776662,51.396084,-2.316812,1.301919071E9,776110,776759
776662,51.395977,-2.316818,1.301919071E9,776110,776759
776662,51.395863,-2.316813,1.301919071E9,776110,776759
776662,51.39577,-2.316796,1.301919071E9,776110,776759
776662,51.395653,-2.31677,1.301919071E9,776110,776759
776662,51.395542,-2.316722,1.301919071E9,776110,776759
776662,51.395447,-2.316669,1.301919071E9,776110,776759
776662,51.39534,-2.316596,1.301919071E9,776110,776759
776662,51.39524,-2.316514,1.301919071E9,776110,776759
776662,51.39514,-2.316429,1.301919071E9,776110,776759
776662,51.395058,-2.316377,1.301919071E9,776110,776759
776662,51.394955,-2.316284,1.301919071E9,776110,776759
776662,51.394882,-2.316164,1.301919071E9,776110,776759
776662,51.394802,-2.316026,1.301919071E9,776110,776759
776662,51.394768,-2.315868,1.301919071E9,776110,776759
776662,51.394745,-2.31571,1.301919071E9,776110,776759
776662,51.394726,-2.315543,1.301919071E9,776110,776759
776662,51.394695,-2.315392,1.301919071E9,776110,776759
776662,51.394672,-2.315251,1.301919071E9,776110,776759
776662,51.394646,-2.315089,1.301919071E9,776110,776759
776662,51.39462,-2.314914,1.301919071E9,776110,776759
776662,51.394596,-2.314747,1.301919071E9,776110,776759
776662,51.394566,-2.314609,1.301919071E9,776110,776759
776662,51.394527,-2.31445,1.301919071E9,776110,776759
776662,51.394478,-2.314295,1.301919071E9,776110,776759
776662,51.39441,-2.314172,1.301919071E9,776110,776759
776662,51.394325,-2.314036,1.301919071E9,776110,776759
776662,51.39424,-2.313933,1.301919071E9,776110,776759
776662,51.39416,-2.313835,1.301919071E9,776110,776759
776662,51.394077,-2.313755,1.301919071E9,776110,776759
776662,51.393986,-2.31364,1.301919071E9,776110,776759
776662,51.3939,-2.313569,1.301919071E9,776110,776759
776662,51.393806,-2.313533,1.301919071E9,776110,776759
776662,51.393707,-2.313511,1.301919071E9,776110,776759
776662,51.39359,-2.313489,1.301919071E9,776110,776759
776662,51.393486,-2.313504,1.301919071E9,776110,776759
776662,51.393383,-2.313509,1.301919071E9,776110,776759
776662,51.393284,-2.313527,1.301919071E9,776110,776759
776662,51.393196,-2.313567,1.301919071E9,776110,776759
776662,51.393085,-2.313621,1.301919071E9,776110,776759
776662,51.392986,-2.313671,1.301919071E9,776110,776759
776662,51.39288,-2.313719,1.301919071E9,776110,776759
776662,51.392765,-2.313762,1.301919071E9,776110,776759
776662,51.392654,-2.313804,1.301919071E9,776110,776759
776662,51.39254,-2.31384,1.301919071E9,776110,776759
776662,51.392426,-2.313894,1.301919071E9,776110,776759
776662,51.392323,-2.313936,1.301919071E9,776110,776759
776662,51.39221,-2.313974,1.301919071E9,776110,776759
776662,51.39211,-2.314004,1.301919071E9,776110,776759
776662,51.392014,-2.314023,1.301919071E9,776110,776759
776662,51.391914,-2.314033,1.301919071E9,776110,776759
776662,51.39181,-2.314075,1.301919071E9,776110,776759
776662,51.39171,-2.314113,1.301919071E9,776110,776759
776662,51.391605,-2.314148,1.301919071E9,776110,776759
776662,51.391514,-2.314179,1.301919071E9,776110,776759
776662,51.391407,-2.314198,1.301919071E9,776110,776759
776662,51.3913,-2.31423,1.301919071E9,776110,776759
776662,51.391205,-2.314253,1.301919071E9,776110,776759
776662,51.391087,-2.314286,1.301919071E9,776110,776759
776662,51.39096,-2.314342,1.301919071E9,776110,776759
776662,51.39086,-2.314393,1.301919071E9,776110,776759
776662,51.39077,-2.31444,1.301919071E9,776110,776759
776662,51.39067,-2.314493,1.301919071E9,776110,776759
776662,51.390556,-2.314548,1.301919071E9,776110,776759
776662,51.39044,-2.314595,1.301919071E9,776110,776759
776662,51.390343,-2.314646,1.301919071E9,776110,776759
776662,51.39025,-2.314686,1.301919071E9,776110,776759
776662,51.39014,-2.314732,1.301919071E9,776110,776759
776662,51.39005,-2.314766,1.301919071E9,776110,776759
776662,51.38995,-2.314775,1.301919071E9,776110,776759
776662,51.38985,-2.314796,1.301919071E9,776110,776759
776662,51.389748,-2.314836,1.301919071E9,776110,776759
776662,51.38964,-2.314875,1.301919071E9,776110,776759
776662,51.389526,-2.314913,1.301919071E9,776110,776759
776662,51.38941,-2.31494,1.301919071E9,776110,776759
776662,51.3893,-2.314969,1.301919071E9,776110,776759
776662,51.389187,-2.314996,1.301919071E9,776110,776759
776662,51.389076,-2.315015,1.301919071E9,776110,776759
776662,51.388977,-2.314995,1.301919071E9,776110,776759
776662,51.38887,-2.314991,1.301919071E9,776110,776759
776662,51.388767,-2.314967,1.301919071E9,776110,776759
776662,51.388664,-2.314931,1.301919071E9,776110,776759
776662,51.388554,-2.314889,1.301919071E9,776110,776759
776662,51.388447