,1.301919071E9,776110,776759
776662,41.889614,-87.79613,1.301919071E9,776110,776759
776662,41.88971,-87.79612,1.301919071E9,776110,776759
776662,41.889812,-87.79612,1.301919071E9,776110,776759
776662,41.889923,-87.79611,1.301919071E9,776110,776759
776662,41.890015,-87.7961,1.301919071E9,776110,776759
776662,41.890106,-87.796104,1.301919071E9,776110,776759
776662,41.890205,-87.7961,1.301919071E9,776110,776759
776662,41.89032,-87.79608,1.301919071E9,776110,776759
776662,41.89045,-87.79609,1.301919071E9,776110,776759
776662,41.89054,-87.79609,1.301919071E9,776110,776759
776662,41.890656,-87.79608,1.301919071E9,776110,776759
776662,41.890755,-87.796074,1.301919071E9,776110,776759
776662,41.89089,-87.796104,1.301919071E9,776110,776759
776662,41.890995,-87.796104,1.301919071E9,776110,776759
776662,41.8911,-87.79612,1.301919071E9,776110,776759
776662,41.8912,-87.79612,1.301919071E9,776110,776759
776662,41.8913,-87.79607,1.301919071E9,776110,776759
776662,41.89137,-87.79594,1.301919071E9,776110,776759
776662,41.891384,-87.79579,1.301919071E9,776110,776759
776662,41.891388,-87.795654,1.301919071E9,776110,776759
776662,41.891388,-87.7955,1.301919071E9,776110,776759
776662,41.8914,-87.795364,1.301919071E9,776110,776759
776662,41.891403,-87.7952,1.301919071E9,776110,776759
776662,41.891415,-87.795044,1.301919071E9,776110,776759
776662,41.8914,-87.79488,1.301919071E9,776110,776759
776662,41.891376,-87.79475,1.301919071E9,776110,776759
776662,41.89134,-87.7946,1.301919071E9,776110,776759
776662,41.8912,-87.79457,1.301919071E9,776110,776759
776662,41.891075,-87.794556,1.301919071E9,776110,776759
776662,41.890965,-87.79454,1.301919071E9,776110,776759
776662,41.890854,-87.79452,1.301919071E9,776110,776759
776662,41.89074,-87.79451,1.301919071E9,776110,776759
776662,41.89063,-87.79449,1.301919071E9,776110,776759
776662,41.890526,-87.7945,1.301919071E9,776110,776759
776662,41.89042,-87.794495,1.301919071E9,776110,776759
776662,41.890312,-87.794495,1.301919071E9,776110,776759
776662,41.890213,-87.794495,1.301919071E9,776110,776759
776662,41.890118,-87.7945,1.301919071E9,776110,776759
776662,41.889988,-87.79451,1.301919071E9,776110,776759
776662,41.889885,-87.79452,1.301919071E9,776110,776759
776662,41.889774,-87.79451,1.301919071E9,776110,776759
776662,41.889668,-87.79451,1.301919071E9,776110,776759
776662,41.889545,-87.7945,1.301919071E9,776110,776759
776662,41.88943,-87.7945,1.301919071E9,776110,776759
776662,41.88932,-87.79451,1.301919071E9,776110,776759
776662,41.889214,-87.79451,1.301919071E9,776110,776759
776662,41.88909,-87.7945,1.301919071E9,776110,776759
776662,41.88897,-87.794495,1.301919071E9,776110,776759
776662,41.888866,-87.79449,1.301919071E9,776110,776759
776662,41.888775,-87.79445,1.301919071E9,776110,776759
776662,41.88868,-87.79439,1.301919071E9,776110,776759
776662,41.888668,-87.79423,1.301919071E9,776110,776759
776662,41.888668,-87.79407,1.301919071E9,776110,776759
776662,41.888676,-87.79392,1.301919071E9,776110,776759
776662,41.888687,-87.79376,1.301919071E9,776110,776759
776662,41.888664,-87.7936,1.301919071E9,776110,776759
776662,41.888676,-87.79345,1.301919071E9,776110,776759
776662,41.888683,-87.793304,1.301919071E9,776110,776759
776662,41.8887,-87.79317,1.301919071E9,776110,776759
776662,41.88871,-87.79302,1.301919071E9,776110,776759
776662,41.888714,-87.79288,1.301919071E9,776110,776759
776662,41.88875,-87.792725,1.301919071E9,776110,776759
776662,41.88874,-87.792564,1.301919071E9,776110,776759
776662,41.888725,-87.7924,1.301919071E9,776110,776759
776662,41.888706,-87.79223,1.301919071E9,776110,776759
776662,41.888695,-87.79206,1.301919071E9,776110,776759
776662,41.888668,-87.791885,1.301919071E9,776110,776759
776662,41.88862,-87.79163,1.301919071E9,776110,776759
776662,41.888607,-87.79146,1.301919071E9,776110,776759
776662,41.888603,-87.79129,1.301919071E9,776110,776759
776662,41.888588,-87.791115,1.301919071E9,776110,776759
776662,41.888573,-87.790924,1.301919071E9,776110,776759
776662,41.888557,-87.79076,1.301919071E9,776110,776759
776662,41.888546,-87.790596,1.301919071E9,776110,776759
776662,41.888546,-87.790436,1.301919071E9,776110,776759
776662,41.88854,-87.79028,1.301919071E9,776110,776759
776662,41.888535,-87.79014,1.301919071E9,776110,776759
776662,41.888527,-87.78999,1.301919071E9,776110,776759
776662,41.888508,-87.78985,1.301919071E9,776110,776759
776662,41.888493,-87.78971,1.301919071E9,776110,776759
776662,41.888424,-87.78962,1.301919071E9,776110,776759
776662,41.8883,-87.789604,1.301919071E9,776110,776759
776662,41.88819,-87.78958,1.301919071E9,776110,776759
776662,41.88807,-87.78957,1.301919071E9,776110,776759
776662,41.887962,-87.78956,1.301919071E9,776110,776759
776662,41.887844,-87.78956,1.301919071E9,776110,776759
776662,41.887726,-87.78956,1.301919071E9,776110,776759
776662,41.887615,-87.789566,1.301919071E9,776110,776759
776662,41.88751,-87.78957,1.301919071E9,776110,776759
776662,41.887398,-87.7896,1.301919071E9,776110,776759
776662,41.8873,-87.78961,1.301919071E9,776110,776759
776662,41.887203,-87.78963,1.301919071E9,776110,776759
776662,41.887093,-87.78963,1.301919071E9,776110,776759
776662,41.88699,-87.78961,1.301919071E9,776110,776759
776662,41.886856,-87.78959,1.301919071E9,776110,776759
776662,41.886745,-87.78958,1.301919071E9,776110,776759
776662,41.88665,-87.78958,1.301919071E9,776110,776759
776662,41.88652,-87.78958,1.301919071E9,776110,776759
776662,41.886417,-87.78958,1.301919071E9,776110,776759
776662,41.886284,-87.78957,1.301919071E9,776110,776759
776662,41.886173,-87.7896,1.301919071E9,776110,776759
776662,41.886055,-87.7896,1.301919071E9,776110,776759
776662,41.88594,-87.78959,1.301919071E9,776110,776759
776662,41.885834,-87.78959,1.301919071E9,776110,776759
776662,41.885735,-87.78959,1.301919071E9,776110,776759
776662,41.885616,-87.789566,1.301919071E9,776110,776759
776662,41.885494,-87.78956,1.301919071E9,776110,776759
776662,41.88539,-87.78956,1.301919071E9,776110,776759
776662,41.8853,-87.78956,1.301919071E9,776110,776759
776662,41.885193,-87.78957,1.301919071E9,776110,776759
776662,41.88513,-87.789696,1.301919071E9,776110,776759
776662,41.885117,-87.78987,1.301919071E9,776110,776759
776662,41.885117,-87.79,1.301919071E9,776110,776759
776662,41.885117,-87.79014,1.301919071E9,776110,776759
776662,41.885128,-87.790276,1.301919071E9,776110,776759
776662,41.88513,-87.7904,1.301919071E9,776110,776759
776662,41.885128,-87.790535,1.301919071E9,776110,776759
776662,41.885128,-87.79066,1.301919071E9,776110,776759
776662,41.885128,-87.79079,1.301919071E9,776110,776759
776662,41.88512,-87.79092,1.301919071E9,776110,776759
776662,41.88512,-87.79105,1.301919071E9,776110,776759
776662,41.885117,-87.79119,1.301919071E9,776110,776759
776662,41.885113,-87.79133,1.301919071E9,776110,776759
776662,41.88512,-87.79152,1.301919071E9,776110,776759
776662,41.885128,-87.79166,1.301919071E9,776110,776759
776662,41.885128,-87.79179,1.301919071E9,776110,776759
776662,41.885124,-87.791916,1.301919071E9,776110,776759
776662,41.885113,-87.792046,1.301919071E9,776110,776759
776662,41.885105,-87.79218,1.301919071E9,776110,776759
776662,41.885094,-87.7923,1.301919071E9,776110,776759
776662,41.885094,-87.792435,1.301919071E9,776110,776759
776662,41.885098,-87.79258,1.301919071E9,776110,776759
776662,41.885113,-87.792725,1.301919071E9,776110,776759
776662,41.885105,-87.79285,1.301919071E9,776110,776759
776662,41.885094,-87.792984,1.301919071E9,776110,776759
776662,41.88508,-87.79311,1.301919071E9,776110,776759
776662,41.88507,-87.79326,1.301919071E9,776110,776759
776662,41.885063,-87.793396,1.301919071E9,776110,776759
776662,41.885063,-87.793526,1.301919071E9,776110,776759
776662,41.88508,-87.79369,1.301919071E9,776110,776759
776662,41.88508,-87.793816,1.301919071E9,776110,776759
776662,41.88508,-87.79395,1.301919071E9,776110,776759
776662,41.885063,-87.79413,1.301919071E9,776110,776759
776662,41.88505,-87.794266,1.301919071E9,776110,776759
776662,41.885048,-87.79441,1.301919071E9,776110,776759
776662,41.884964,-87.79449,1.301919071E9