1E9,776110,776759
776662,18.386139,-66.13783,1.301919071E9,776110,776759
776662,18.386267,-66.13796,1.301919071E9,776110,776759
776662,18.386658,-66.137695,1.301919071E9,776110,776759
776662,18.38676,-66.13767,1.301919071E9,776110,776759
776662,18.386917,-66.137634,1.301919071E9,776110,776759
776662,18.387083,-66.13759,1.301919071E9,776110,776759
776662,18.387266,-66.13755,1.301919071E9,776110,776759
776662,18.38745,-66.13752,1.301919071E9,776110,776759
776662,18.387796,-66.13748,1.301919071E9,776110,776759
776662,18.388002,-66.13744,1.301919071E9,776110,776759
776662,18.388208,-66.137405,1.301919071E9,776110,776759
776662,18.388409,-66.137375,1.301919071E9,776110,776759
776662,18.388613,-66.137344,1.301919071E9,776110,776759
776662,18.388817,-66.13731,1.301919071E9,776110,776759
776662,18.389008,-66.13726,1.301919071E9,776110,776759
776662,18.389196,-66.13722,1.301919071E9,776110,776759
776662,18.389387,-66.13719,1.301919071E9,776110,776759
776662,18.38958,-66.137184,1.301919071E9,776110,776759
776662,18.389776,-66.13719,1.301919071E9,776110,776759
776662,18.389973,-66.1372,1.301919071E9,776110,776759
776662,18.390167,-66.13725,1.301919071E9,776110,776759
776662,18.390358,-66.13734,1.301919071E9,776110,776759
776662,18.39055,-66.13745,1.301919071E9,776110,776759
776662,18.390738,-66.137566,1.301919071E9,776110,776759
776662,18.390924,-66.13767,1.301919071E9,776110,776759
776662,18.391102,-66.13781,1.301919071E9,776110,776759
776662,18.391298,-66.1382,1.301919071E9,776110,776759
776662,18.391363,-66.13839,1.301919071E9,776110,776759
776662,18.391428,-66.13854,1.301919071E9,776110,776759
776662,18.391548,-66.13867,1.301919071E9,776110,776759
776662,18.391676,-66.13879,1.301919071E9,776110,776759
776662,18.391815,-66.1389,1.301919071E9,776110,776759
776662,18.392246,-66.13895,1.301919071E9,776110,776759
776662,18.392586,-66.13892,1.301919071E9,776110,776759
776662,18.392765,-66.13899,1.301919071E9,776110,776759
776662,18.392946,-66.13902,1.301919071E9,776110,776759
776662,18.393124,-66.13878,1.301919071E9,776110,776759
776662,18.393192,-66.138626,1.301919071E9,776110,776759
776662,18.393309,-66.13846,1.301919071E9,776110,776759
776662,18.393452,-66.1384,1.301919071E9,776110,776759
776662,18.393675,-66.138405,1.301919071E9,776110,776759
776662,18.3939,-66.13844,1.301919071E9,776110,776759
776662,18.39411,-66.13853,1.301919071E9,776110,776759
776662,18.39417,-66.138565,1.301919071E9,776110,776759
776662,18.394335,-66.138695,1.301919071E9,776110,776759
776662,18.394419,-66.138855,1.301919071E9,776110,776759
776662,18.394508,-66.13901,1.301919071E9,776110,776759
776662,18.39463,-66.13915,1.301919071E9,776110,776759
776662,18.394716,-66.13925,1.301919071E9,776110,776759
776662,18.394842,-66.1394,1.301919071E9,776110,776759
776662,18.394966,-66.13955,1.301919071E9,776110,776759
776662,18.395084,-66.1397,1.301919071E9,776110,776759
776662,18.395222,-66.13986,1.301919071E9,776110,776759
776662,18.395359,-66.14003,1.301919071E9,776110,776759
776662,18.395502,-66.140205,1.301919071E9,776110,776759
776662,18.395609,-66.14033,1.301919071E9,776110,776759
776662,18.395718,-66.14044,1.301919071E9,776110,776759
776662,18.395842,-66.14058,1.301919071E9,776110,776759
776662,18.395958,-66.14071,1.301919071E9,776110,776759
776662,18.396069,-66.14082,1.301919071E9,776110,776759
776662,18.396399,-66.14112,1.301919071E9,776110,776759
776662,18.396688,-66.14147,1.301919071E9,776110,776759
776662,18.396732,-66.141525,1.301919071E9,776110,776759
776662,18.396852,-66.14167,1.301919071E9,776110,776759
776662,18.397127,-66.142075,1.301919071E9,776110,776759
776662,18.397171,-66.14213,1.301919071E9,776110,776759
776662,18.397272,-66.142296,1.301919071E9,776110,776759
776662,18.397362,-66.14246,1.301919071E9,776110,776759
776662,18.397463,-66.14264,1.301919071E9,776110,776759
776662,18.397566,-66.142815,1.301919071E9,776110,776759
776662,18.397766,-66.14306,1.301919071E9,776110,776759
776662,18.39788,-66.14322,1.301919071E9,776110,776759
776662,18.398,-66.14338,1.301919071E9,776110,776759
776662,18.398115,-66.143524,1.301919071E9,776110,776759
776662,18.39822,-66.143684,1.301919071E9,776110,776759
776662,18.398338,-66.14386,1.301919071E9,776110,776759
776662,18.398418,-66.14398,1.301919071E9,776110,776759
776662,18.39856,-66.14416,1.301919071E9,776110,776759
776662,18.39871,-66.14434,1.301919071E9,776110,776759
776662,18.398844,-66.144516,1.301919071E9,776110,776759
776662,18.39889,-66.14458,1.301919071E9,776110,776759
776662,18.399006,-66.14477,1.301919071E9,776110,776759
776662,18.399036,-66.14484,1.301919071E9,776110,776759
776662,18.39915,-66.14503,1.301919071E9,776110,776759
776662,18.399284,-66.1452,1.301919071E9,776110,776759
776662,18.399408,-66.145386,1.301919071E9,776110,776759
776662,18.399534,-66.14556,1.301919071E9,776110,776759
776662,18.399664,-66.14573,1.301919071E9,776110,776759
776662,18.399797,-66.1459,1.301919071E9,776110,776759
776662,18.399925,-66.14607,1.301919071E9,776110,776759
776662,18.400068,-66.14624,1.301919071E9,776110,776759
776662,18.400213,-66.146416,1.301919071E9,776110,776759
776662,18.400347,-66.146576,1.301919071E9,776110,776759
776662,18.40047,-66.14675,1.301919071E9,776110,776759
776662,18.400595,-66.14692,1.301919071E9,776110,776759
776662,18.400726,-66.14709,1.301919071E9,776110,776759
776662,18.401033,-66.14746,1.301919071E9,776110,776759
776662,18.401377,-66.14781,1.301919071E9,776110,776759
776662,18.401686,-66.148224,1.301919071E9,776110,776759
776662,18.402042,-66.14858,1.301919071E9,776110,776759
776662,18.402391,-66.14891,1.301919071E9,776110,776759
776662,18.402748,-66.149216,1.301919071E9,776110,776759
776662,18.402802,-66.14927,1.301919071E9,776110,776759
776662,18.402964,-66.14943,1.301919071E9,776110,776759
776662,18.403116,-66.1496,1.301919071E9,776110,776759
776662,18.403265,-66.14975,1.301919071E9,776110,776759
776662,18.403425,-66.14989,1.301919071E9,776110,776759
776662,18.4036,-66.150024,1.301919071E9,776110,776759
776662,18.403774,-66.150154,1.301919071E9,776110,776759
776662,18.403938,-66.15028,1.301919071E9,776110,776759
776662,18.404089,-66.15041,1.301919071E9,776110,776759
776662,18.404236,-66.15054,1.301919071E9,776110,776759
776662,18.404388,-66.150665,1.301919071E9,776110,776759
776662,18.404566,-66.15076,1.301919071E9,776110,776759
776662,18.40477,-66.150826,1.301919071E9,776110,776759
776662,18.404987,-66.15089,1.301919071E9,776110,776759
776662,18.405203,-66.15096,1.301919071E9,776110,776759
776662,18.405361,-66.151024,1.301919071E9,776110,776759
776662,18.405516,-66.15108,1.301919071E9,776110,776759
776662,18.405682,-66.15114,1.301919071E9,776110,776759
776662,18.406101,-66.15132,1.301919071E9,776110,776759
776662,18.406464,-66.15156,1.301919071E9,776110,776759
776662,18.406668,-66.1517,1.301919071E9,776110,776759
776662,18.406855,-66.151825,1.301919071E9,776110,776759
776662,18.407036,-66.15192,1.301919071E9,776110,776759
776662,18.407223,-66.15199,1.301919071E9,776110,776759
776662,18.407425,-66.15206,1.301919071E9,776110,776759
776662,18.407637,-66.15214,1.301919071E9,776110,776759
776662,18.407997,-66.15225,1.301919071E9,776110,776759
776662,18.40821,-66.15234,1.301919071E9,776110,776759
776662,18.408407,-66.15243,1.301919071E9,776110,776759
776662,18.408468,-66.15246,1.301919071E9,776110,776759
776662,18.408653,-66.15254,1.301919071E9,776110,776759
776662,18.408844,-66.152626,1.301919071E9,776110,776759
776662,18.409037,-66.15272,1.301919071E9,776110,776759
776662,18.409245,-66.152794,1.301919071E9,776110,776759
776662,18.409443,-66.15288,1.301919071E9,776110,776759
776662,18.409592,-66.15292,1.301919071E9,776110,776759
776662,18.409805,-66.15299,1.301919071E9,776110,776759
776662,18.409878,-66.15301,1.301919071E9,776110,776759
776662,18.410088,-66.15307,1.301919071E9,776110,776759
776662,18.410309,-66.15311,1.301919071E9,776110,776759
776662,18.410526,-66.15316,1.301919071E9,776110,776759
776662,18.410696,-66.1533,1.301919071E9,776110,776759
776662,18.411148,-66.15346,1.301919071E9,776110,776759
776662,1