,776759
776662,48.84699,2.332736,1.301919071E9,776110,776759
776662,48.84689,2.332656,1.301919071E9,776110,776759
776662,48.846786,2.332605,1.301919071E9,776110,776759
776662,48.846687,2.332576,1.301919071E9,776110,776759
776662,48.84658,2.332521,1.301919071E9,776110,776759
776662,48.846485,2.332487,1.301919071E9,776110,776759
776662,48.846397,2.332458,1.301919071E9,776110,776759
776662,48.84628,2.33243,1.301919071E9,776110,776759
776662,48.84618,2.332426,1.301919071E9,776110,776759
776662,48.846085,2.332423,1.301919071E9,776110,776759
776662,48.84597,2.332497,1.301919071E9,776110,776759
776662,48.84585,2.332504,1.301919071E9,776110,776759
776662,48.845753,2.332492,1.301919071E9,776110,776759
776662,48.84565,2.332509,1.301919071E9,776110,776759
776662,48.845543,2.332534,1.301919071E9,776110,776759
776662,48.845455,2.332563,1.301919071E9,776110,776759
776662,48.845352,2.332578,1.301919071E9,776110,776759
776662,48.845253,2.332535,1.301919071E9,776110,776759
776662,48.845154,2.332505,1.301919071E9,776110,776759
776662,48.84506,2.332522,1.301919071E9,776110,776759
776662,48.844955,2.332565,1.301919071E9,776110,776759
776662,48.844852,2.332663,1.301919071E9,776110,776759
776662,48.844753,2.332793,1.301919071E9,776110,776759
776662,48.844646,2.332895,1.301919071E9,776110,776759
776662,48.844563,2.332977,1.301919071E9,776110,776759
776662,48.844482,2.333097,1.301919071E9,776110,776759
776662,48.84445,2.333256,1.301919071E9,776110,776759
776662,48.84444,2.333406,1.301919071E9,776110,776759
776662,48.844444,2.333563,1.301919071E9,776110,776759
776662,48.84444,2.333707,1.301919071E9,776110,776759
776662,48.844402,2.333875,1.301919071E9,776110,776759
776662,48.84438,2.33405,1.301919071E9,776110,776759
776662,48.84438,2.334205,1.301919071E9,776110,776759
776662,48.84441,2.334365,1.301919071E9,776110,776759
776662,48.84443,2.33453,1.301919071E9,776110,776759
776662,48.844444,2.3347,1.301919071E9,776110,776759
776662,48.84445,2.33485,1.301919071E9,776110,776759
776662,48.844448,2.335009,1.301919071E9,776110,776759
776662,48.844486,2.335167,1.301919071E9,776110,776759
776662,48.844498,2.335317,1.301919071E9,776110,776759
776662,48.84451,2.33547,1.301919071E9,776110,776759
776662,48.844543,2.335642,1.301919071E9,776110,776759
776662,48.844555,2.335818,1.301919071E9,776110,776759
776662,48.84457,2.335997,1.301919071E9,776110,776759
776662,48.84457,2.336157,1.301919071E9,776110,776759
776662,48.844555,2.336322,1.301919071E9,776110,776759
776662,48.84454,2.336464,1.301919071E9,776110,776759
776662,48.844494,2.336604,1.301919071E9,776110,776759
776662,48.844425,2.336754,1.301919071E9,776110,776759
776662,48.84443,2.336913,1.301919071E9,776110,776759
776662,48.84442,2.337067,1.301919071E9,776110,776759
776662,48.844437,2.33721,1.301919071E9,776110,776759
776662,48.84448,2.337352,1.301919071E9,776110,776759
776662,48.844513,2.337497,1.301919071E9,776110,776759
776662,48.84457,2.337607,1.301919071E9,776110,776759
776662,48.84468,2.337619,1.301919071E9,776110,776759
776662,48.84478,2.337636,1.301919071E9,776110,776759
776662,48.844894,2.337637,1.301919071E9,776110,776759
776662,48.845,2.337649,1.301919071E9,776110,776759
776662,48.845093,2.337656,1.301919071E9,776110,776759
776662,48.845196,2.337638,1.301919071E9,776110,776759
776662,48.84529,2.337667,1.301919071E9,776110,776759
776662,48.845367,2.33781,1.301919071E9,776110,776759
776662,48.845425,2.337933,1.301919071E9,776110,776759
776662,48.845497,2.33806,1.301919071E9,776110,776759
776662,48.845566,2.338188,1.301919071E9,776110,776759
776662,48.845642,2.338289,1.301919071E9,776110,776759
776662,48.845726,2.338358,1.301919071E9,776110,776759
776662,48.845783,2.338465,1.301919071E9,776110,776759
776662,48.84586,2.33856,1.301919071E9,776110,776759
776662,48.84595,2.338648,1.301919071E9,776110,776759
776662,48.846043,2.338733,1.301919071E9,776110,776759
776662,48.84609,2.338877,1.301919071E9,776110,776759
776662,48.84611,2.339034,1.301919071E9,776110,776759
776662,48.846134,2.339191,1.301919071E9,776110,776759
776662,48.846127,2.339332,1.301919071E9,776110,776759
776662,48.846077,2.339469,1.301919071E9,776110,776759
776662,48.846073,2.339627,1.301919071E9,776110,776759
776662,48.84605,2.339776,1.301919071E9,776110,776759
776662,48.846066,2.339913,1.301919071E9,776110,776759
776662,48.8461,2.340046,1.301919071E9,776110,776759
776662,48.84615,2.340181,1.301919071E9,776110,776759
776662,48.84623,2.340304,1.301919071E9,776110,776759
776662,48.84632,2.340322,1.301919071E9,776110,776759
776662,48.846416,2.340328,1.301919071E9,776110,776759
776662,48.846558,2.340355,1.301919071E9,776110,776759
776662,48.8467,2.340375,1.301919071E9,776110,776759
776662,48.846813,2.340384,1.301919071E9,776110,776759
776662,48.846924,2.340385,1.301919071E9,776110,776759
776662,48.84702,2.340377,1.301919071E9,776110,776759
776662,48.847115,2.340323,1.301919071E9,776110,776759
776662,48.847233,2.340286,1.301919071E9,776110,776759
776662,48.84733,2.34023,1.301919071E9,776110,776759
776662,48.847435,2.340199,1.301919071E9,776110,776759
776662,48.847527,2.340141,1.301919071E9,776110,776759
776662,48.84761,2.340076,1.301919071E9,776110,776759
776662,48.8477,2.339999,1.301919071E9,776110,776759
776662,48.847797,2.339924,1.301919071E9,776110,776759
776662,48.847897,2.339849,1.301919071E9,776110,776759
776662,48.847992,2.339785,1.301919071E9,776110,776759
776662,48.848076,2.339713,1.301919071E9,776110,776759
776662,48.84817,2.339614,1.301919071E9,776110,776759
776662,48.848248,2.339533,1.301919071E9,776110,776759
776662,48.848335,2.33942,1.301919071E9,776110,776759
776662,48.848427,2.339382,1.301919071E9,776110,776759
776662,48.84851,2.33929,1.301919071E9,776110,776759
776662,48.84861,2.33925,1.301919071E9,776110,776759
776662,48.84872,2.339182,1.301919071E9,776110,776759
776662,48.848824,2.339127,1.301919071E9,776110,776759
776662,48.84892,2.339081,1.301919071E9,776110,776759
776662,48.848976,2.338966,1.301919071E9,776110,776759
776662,48.849014,2.338811,1.301919071E9,776110,776759
776662,48.848953,2.338674,1.301919071E9,776110,776759
776662,48.848854,2.338621,1.301919071E9,776110,776759
776662,48.848766,2.338538,1.301919071E9,776110,776759
776662,48.84868,2.338456,1.301919071E9,776110,776759
776662,48.84858,2.338435,1.301919071E9,776110,776759
776662,48.848476,2.338427,1.301919071E9,776110,776759
776662,48.848373,2.338422,1.301919071E9,776110,776759
776662,48.848274,2.338382,1.301919071E9,776110,776759
776662,48.848164,2.338351,1.301919071E9,776110,776759
776662,48.848053,2.338318,1.301919071E9,776110,776759
776662,48.84798,2.338226,1.301919071E9,776110,776759
776662,48.847927,2.338098,1.301919071E9,776110,776759
776662,48.847897,2.337933,1.301919071E9,776110,776759
776662,48.847908,2.337779,1.301919071E9,776110,776759
776662,48.847904,2.337639,1.301919071E9,776110,776759
776662,48.847927,2.337486,1.301919071E9,776110,776759
776662,48.847935,2.33732,1.301919071E9,776110,776759
776662,48.847927,2.337168,1.301919071E9,776110,776759
776662,48.847923,2.337012,1.301919071E9,776110,776759
776662,48.847916,2.33686,1.301919071E9,776110,776759
776662,48.84793,2.336698,1.301919071E9,776110,776759
776662,48.847942,2.336534,1.301919071E9,776110,776759
776662,48.84798,2.33641,1.301919071E9,776110,776759
776662,48.848064,2.336312,1.301919071E9,776110,776759
776662,48.848145,2.336208,1.301919071E9,776110,776759
776662,48.848213,2.336117,1.301919071E9,776110,776759
776662,48.848286,2.335992,1.301919071E9,776110,776759
776662,48.84835,2.335866,1.301919071E9,776110,776759
776662,48.8484,2.335737,1.301919071E9,776110,776759
776662,48.84839,2.335518,1.301919071E9,776110,776759
776662,48.84837,2.335353,1.301919071E9,776110,776759
776662,48.84835,2.335212,1.301919071E9,776110,776759
776662,48.848373,2.335043,1.301919071E9,776110,776759
776662,48.848385,2.334873,1.301919071E9,776110,776759
776662,48.84837,2.334733,1.301919071E9,776110,776759
776662,48.848347,2.334566,1.301919071E9,776110,776759
776662,48.848343,2.334413,1.301919071E9,776110,776759
776662,48.84833,2.334271,1.30