62,42.359913,-71.08377,1.301919071E9,776110,776759
776662,42.35996,-71.08364,1.301919071E9,776110,776759
776662,42.360004,-71.0835,1.301919071E9,776110,776759
776662,42.36005,-71.083374,1.301919071E9,776110,776759
776662,42.360096,-71.08324,1.301919071E9,776110,776759
776662,42.36013,-71.083084,1.301919071E9,776110,776759
776662,42.360157,-71.08296,1.301919071E9,776110,776759
776662,42.3602,-71.08281,1.301919071E9,776110,776759
776662,42.36025,-71.082664,1.301919071E9,776110,776759
776662,42.36029,-71.08256,1.301919071E9,776110,776759
776662,42.360348,-71.08243,1.301919071E9,776110,776759
776662,42.360394,-71.082306,1.301919071E9,776110,776759
776662,42.360447,-71.082184,1.301919071E9,776110,776759
776662,42.360504,-71.08206,1.301919071E9,776110,776759
776662,42.360558,-71.081924,1.301919071E9,776110,776759
776662,42.3606,-71.08178,1.301919071E9,776110,776759
776662,42.360626,-71.08162,1.301919071E9,776110,776759
776662,42.36064,-71.0815,1.301919071E9,776110,776759
776662,42.36066,-71.08138,1.301919071E9,776110,776759
776662,42.360664,-71.08123,1.301919071E9,776110,776759
776662,42.36067,-71.081085,1.301919071E9,776110,776759
776662,42.360676,-71.08095,1.301919071E9,776110,776759
776662,42.360683,-71.08082,1.301919071E9,776110,776759
776662,42.360687,-71.08068,1.301919071E9,776110,776759
776662,42.36069,-71.080536,1.301919071E9,776110,776759
776662,42.3607,-71.0804,1.301919071E9,776110,776759
776662,42.360703,-71.08025,1.301919071E9,776110,776759
776662,42.360706,-71.08011,1.301919071E9,776110,776759
776662,42.360714,-71.079956,1.301919071E9,776110,776759
776662,42.360714,-71.07981,1.301919071E9,776110,776759
776662,42.360725,-71.07967,1.301919071E9,776110,776759
776662,42.360752,-71.07954,1.301919071E9,776110,776759
776662,42.360794,-71.07939,1.301919071E9,776110,776759
776662,42.360844,-71.079254,1.301919071E9,776110,776759
776662,42.360905,-71.07912,1.301919071E9,776110,776759
776662,42.360966,-71.079,1.301919071E9,776110,776759
776662,42.361034,-71.07891,1.301919071E9,776110,776759
776662,42.361103,-71.078835,1.301919071E9,776110,776759
776662,42.36119,-71.078735,1.301919071E9,776110,776759
776662,42.361275,-71.07865,1.301919071E9,776110,776759
776662,42.361366,-71.078575,1.301919071E9,776110,776759
776662,42.36146,-71.07852,1.301919071E9,776110,776759
776662,42.361565,-71.078476,1.301919071E9,776110,776759
776662,42.361645,-71.078384,1.301919071E9,776110,776759
776662,42.361744,-71.078316,1.301919071E9,776110,776759
776662,42.361862,-71.07836,1.301919071E9,776110,776759
776662,42.361954,-71.078384,1.301919071E9,776110,776759
776662,42.362083,-71.07841,1.301919071E9,776110,776759
776662,42.362194,-71.0784,1.301919071E9,776110,776759
776662,42.3623,-71.078384,1.301919071E9,776110,776759
776662,42.362392,-71.07837,1.301919071E9,776110,776759
776662,42.362484,-71.07834,1.301919071E9,776110,776759
776662,42.362576,-71.07831,1.301919071E9,776110,776759
776662,42.36267,-71.07828,1.301919071E9,776110,776759
776662,42.362778,-71.07827,1.301919071E9,776110,776759
776662,42.362854,-71.078316,1.301919071E9,776110,776759
776662,42.363728,-71.08418,1.301919071E9,776110,776759
776662,42.36377,-71.084045,1.301919071E9,776110,776759
776662,42.363724,-71.08367,1.301919071E9,776110,776759
776662,42.363533,-71.08324,1.301919071E9,776110,776759
776662,42.363403,-71.08287,1.301919071E9,776110,776759
776662,42.363247,-71.08254,1.301919071E9,776110,776759
776662,42.36311,-71.08222,1.301919071E9,776110,776759
776662,42.362984,-71.08186,1.301919071E9,776110,776759
776662,42.362835,-71.081535,1.301919071E9,776110,776759
776662,42.36274,-71.08126,1.301919071E9,776110,776759
776662,42.362816,-71.08088,1.301919071E9,776110,776759
776662,42.36289,-71.080666,1.301919071E9,776110,776759
776662,42.362858,-71.08028,1.301919071E9,776110,776759
776662,42.362858,-71.07989,1.301919071E9,776110,776759
776662,42.362907,-71.07976,1.301919071E9,776110,776759
776662,42.362915,-71.07961,1.301919071E9,776110,776759
776662,42.362915,-71.07947,1.301919071E9,776110,776759
776662,42.362896,-71.07933,1.301919071E9,776110,776759
776662,42.36287,-71.079185,1.301919071E9,776110,776759
776662,42.362854,-71.07905,1.301919071E9,776110,776759
776662,42.362823,-71.07892,1.301919071E9,776110,776759
776662,42.36284,-71.07878,1.301919071E9,776110,776759
776662,42.362865,-71.07865,1.301919071E9,776110,776759
776662,42.36286,-71.07852,1.301919071E9,776110,776759
776662,42.36282,-71.07841,1.301919071E9,776110,776759
776662,42.362724,-71.07833,1.301919071E9,776110,776759
776662,42.36262,-71.07838,1.301919071E9,776110,776759
776662,42.36253,-71.0784,1.301919071E9,776110,776759
776662,42.36244,-71.07843,1.301919071E9,776110,776759
776662,42.362328,-71.07846,1.301919071E9,776110,776759
776662,42.362213,-71.07848,1.301919071E9,776110,776759
776662,42.362103,-71.07851,1.301919071E9,776110,776759
776662,42.362,-71.07853,1.301919071E9,776110,776759
776662,42.361893,-71.07852,1.301919071E9,776110,776759
776662,42.36177,-71.07853,1.301919071E9,776110,776759
776662,42.36167,-71.07857,1.301919071E9,776110,776759
776662,42.361572,-71.07863,1.301919071E9,776110,776759
776662,42.36147,-71.07869,1.301919071E9,776110,776759
776662,42.361366,-71.078766,1.301919071E9,776110,776759
776662,42.36127,-71.078865,1.301919071E9,776110,776759
776662,42.361195,-71.07893,1.301919071E9,776110,776759
776662,42.36112,-71.07901,1.301919071E9,776110,776759
776662,42.361046,-71.07909,1.301919071E9,776110,776759
776662,42.360977,-71.07918,1.301919071E9,776110,776759
776662,42.360916,-71.07928,1.301919071E9,776110,776759
776662,42.36086,-71.07938,1.301919071E9,776110,776759
776662,42.36081,-71.079475,1.301919071E9,776110,776759
776662,42.360756,-71.07962,1.301919071E9,776110,776759
776662,42.36072,-71.07977,1.301919071E9,776110,776759
776662,42.360703,-71.07993,1.301919071E9,776110,776759
776662,42.360695,-71.080086,1.301919071E9,776110,776759
776662,42.360683,-71.08024,1.301919071E9,776110,776759
776662,42.36068,-71.08039,1.301919071E9,776110,776759
776662,42.360676,-71.08054,1.301919071E9,776110,776759
776662,42.360664,-71.0807,1.301919071E9,776110,776759
776662,42.360657,-71.080864,1.301919071E9,776110,776759
776662,42.360645,-71.080986,1.301919071E9,776110,776759
776662,42.360664,-71.08115,1.301919071E9,776110,776759
776662,42.360672,-71.08127,1.301919071E9,776110,776759
776662,42.360664,-71.08143,1.301919071E9,776110,776759
776662,42.360653,-71.08155,1.301919071E9,776110,776759
776662,42.36064,-71.08167,1.301919071E9,776110,776759
776662,42.360615,-71.08183,1.301919071E9,776110,776759
776662,42.360573,-71.08197,1.301919071E9,776110,776759
776662,42.36052,-71.082115,1.301919071E9,776110,776759
776662,42.36048,-71.08223,1.301919071E9,776110,776759
776662,42.360447,-71.082344,1.301919071E9,776110,776759
776662,42.360405,-71.08246,1.301919071E9,776110,776759
776662,42.360363,-71.08257,1.301919071E9,776110,776759
776662,42.360325,-71.08269,1.301919071E9,776110,776759
776662,42.360287,-71.0828,1.301919071E9,776110,776759
776662,42.36024,-71.08294,1.301919071E9,776110,776759
776662,42.360188,-71.08308,1.301919071E9,776110,776759
776662,42.360146,-71.08318,1.301919071E9,776110,776759
776662,42.36011,-71.08333,1.301919071E9,776110,776759
776662,42.36008,-71.08347,1.301919071E9,776110,776759
776662,42.36006,-71.08362,1.301919071E9,776110,776759
776662,42.36003,-71.08376,1.301919071E9,776110,776759
776662,42.359985,-71.08389,1.301919071E9,776110,776759
776662,42.35993,-71.08403,1.301919071E9,776110,776759
776662,42.35987,-71.08416,1.301919071E9,776110,776759
776662,42.35982,-71.084274,1.301919071E9,776110,776759
776662,42.35977,-71.08441,1.301919071E9,776110,776759
776662,42.359734,-71.084526,1.301919071E9,776110,776759
776662,42.359684,-71.08467,1.301919071E9,776110,776759
776662,42.359634,-71.0848,1.301919071E9,776110,776759
776662,42.35959,-71.08493,1.301919071E9,776110,776759
776662,42.359547,-71.08504,1.301919071E9,776110,776759
776662,42.359497,-71.08518,1.301919071E9,776110,776759
776662,42.359444,-71.08531,1.301919071E9,776110,776759
776662,