76110,776759
776662,51.433743,5.435366,1.301919071E9,776110,776759
776662,51.43376,5.4351983,1.301919071E9,776110,776759
776662,51.433773,5.4350495,1.301919071E9,776110,776759
776662,51.433815,5.4349008,1.301919071E9,776110,776759
776662,51.433826,5.4347677,1.301919071E9,776110,776759
776662,51.433846,5.4346204,1.301919071E9,776110,776759
776662,51.43388,5.434497,1.301919071E9,776110,776759
776662,51.43388,5.4343543,1.301919071E9,776110,776759
776662,51.433903,5.434218,1.301919071E9,776110,776759
776662,51.433914,5.434015,1.301919071E9,776110,776759
776662,51.43392,5.4338646,1.301919071E9,776110,776759
776662,51.433956,5.433731,1.301919071E9,776110,776759
776662,51.433994,5.433583,1.301919071E9,776110,776759
776662,51.434036,5.4334135,1.301919071E9,776110,776759
776662,51.434082,5.433279,1.301919071E9,776110,776759
776662,51.434124,5.4331164,1.301919071E9,776110,776759
776662,51.434147,5.432965,1.301919071E9,776110,776759
776662,51.434177,5.432825,1.301919071E9,776110,776759
776662,51.4342,5.432665,1.301919071E9,776110,776759
776662,51.43423,5.4325337,1.301919071E9,776110,776759
776662,51.434273,5.4323473,1.301919071E9,776110,776759
776662,51.434315,5.432226,1.301919071E9,776110,776759
776662,51.434372,5.4321074,1.301919071E9,776110,776759
776662,51.434395,5.431949,1.301919071E9,776110,776759
776662,51.434433,5.431788,1.301919071E9,776110,776759
776662,51.434483,5.431663,1.301919071E9,776110,776759
776662,51.434525,5.4315243,1.301919071E9,776110,776759
776662,51.434586,5.431386,1.301919071E9,776110,776759
776662,51.434643,5.4312625,1.301919071E9,776110,776759
776662,51.434696,5.4311323,1.301919071E9,776110,776759
776662,51.434746,5.4310145,1.301919071E9,776110,776759
776662,51.43483,5.4308596,1.301919071E9,776110,776759
776662,51.434883,5.430715,1.301919071E9,776110,776759
776662,51.434925,5.4305315,1.301919071E9,776110,776759
776662,51.43497,5.430368,1.301919071E9,776110,776759
776662,51.435036,5.430249,1.301919071E9,776110,776759
776662,51.435112,5.430139,1.301919071E9,776110,776759
776662,51.435184,5.430027,1.301919071E9,776110,776759
776662,51.43525,5.429906,1.301919071E9,776110,776759
776662,51.43531,5.4297795,1.301919071E9,776110,776759
776662,51.435375,5.4296536,1.301919071E9,776110,776759
776662,51.435436,5.4295406,1.301919071E9,776110,776759
776662,51.435505,5.4294243,1.301919071E9,776110,776759
776662,51.435574,5.4293156,1.301919071E9,776110,776759
776662,51.43564,5.4292064,1.301919071E9,776110,776759
776662,51.435707,5.4290967,1.301919071E9,776110,776759
776662,51.435776,5.428982,1.301919071E9,776110,776759
776662,51.43584,5.428879,1.301919071E9,776110,776759
776662,51.435913,5.42877,1.301919071E9,776110,776759
776662,51.43598,5.4286714,1.301919071E9,776110,776759
776662,51.436066,5.4285784,1.301919071E9,776110,776759
776662,51.436134,5.42846,1.301919071E9,776110,776759
776662,51.436214,5.4283566,1.301919071E9,776110,776759
776662,51.436295,5.428273,1.301919071E9,776110,776759
776662,51.436386,5.4281926,1.301919071E9,776110,776759
776662,51.43646,5.4281235,1.301919071E9,776110,776759
776662,51.43654,5.4280477,1.301919071E9,776110,776759
776662,51.4366,5.4279485,1.301919071E9,776110,776759
776662,51.436665,5.4278216,1.301919071E9,776110,776759
776662,51.436813,5.4276805,1.301919071E9,776110,776759
776662,51.436886,5.4276195,1.301919071E9,776110,776759
776662,51.436966,5.4276347,1.301919071E9,776110,776759
776662,51.436913,5.427485,1.301919071E9,776110,776759
776662,51.43686,5.427319,1.301919071E9,776110,776759
776662,51.436817,5.4271884,1.301919071E9,776110,776759
776662,51.436768,5.427059,1.301919071E9,776110,776759
776662,51.436695,5.4269133,1.301919071E9,776110,776759
776662,51.436676,5.4267745,1.301919071E9,776110,776759
776662,51.43663,5.42663,1.301919071E9,776110,776759
776662,51.436317,5.4253635,1.301919071E9,776110,776759
776662,51.436344,5.4252167,1.301919071E9,776110,776759
776662,51.436314,5.4250345,1.301919071E9,776110,776759
776662,51.43626,5.424878,1.301919071E9,776110,776759
776662,51.436226,5.424728,1.301919071E9,776110,776759
776662,51.436188,5.4245596,1.301919071E9,776110,776759
776662,51.43616,5.424406,1.301919071E9,776110,776759
776662,51.43611,5.4242644,1.301919071E9,776110,776759
776662,51.436077,5.4241395,1.301919071E9,776110,776759
776662,51.436047,5.423985,1.301919071E9,776110,776759
776662,51.436005,5.423842,1.301919071E9,776110,776759
776662,51.435966,5.423702,1.301919071E9,776110,776759
776662,51.43592,5.423554,1.301919071E9,776110,776759
776662,51.435867,5.423404,1.301919071E9,776110,776759
776662,51.43582,5.423267,1.301919071E9,776110,776759
776662,51.43577,5.423142,1.301919071E9,776110,776759
776662,51.43571,5.4229994,1.301919071E9,776110,776759
776662,51.43565,5.422873,1.301919071E9,776110,776759
776662,51.435585,5.4227657,1.301919071E9,776110,776759
776662,51.435524,5.4226604,1.301919071E9,776110,776759
776662,51.435463,5.422562,1.301919071E9,776110,776759
776662,51.435383,5.422452,1.301919071E9,776110,776759
776662,51.4354,5.422306,1.301919071E9,776110,776759
776662,51.435463,5.4222035,1.301919071E9,776110,776759
776662,51.43553,5.4221063,1.301919071E9,776110,776759
776662,51.435627,5.4220057,1.301919071E9,776110,776759
776662,51.435722,5.421951,1.301919071E9,776110,776759
776662,51.435806,5.4219027,1.301919071E9,776110,776759
776662,51.43589,5.4218426,1.301919071E9,776110,776759
776662,51.435974,5.421785,1.301919071E9,776110,776759
776662,51.436054,5.4217114,1.301919071E9,776110,776759
776662,51.43614,5.4216123,1.301919071E9,776110,776759
776662,51.436226,5.4215393,1.301919071E9,776110,776759
776662,51.436314,5.421459,1.301919071E9,776110,776759
776662,51.4364,5.4213853,1.301919071E9,776110,776759
776662,51.436485,5.4213023,1.301919071E9,776110,776759
776662,51.436565,5.4211993,1.301919071E9,776110,776759
776662,51.436604,5.4210553,1.301919071E9,776110,776759
776662,51.436615,5.4209156,1.301919071E9,776110,776759
776662,51.436646,5.420777,1.301919071E9,776110,776759
776662,51.436726,5.42074,1.301919071E9,776110,776759
776662,51.436806,5.4207697,1.301919071E9,776110,776759
776662,51.436836,5.420575,1.301919071E9,776110,776759
776662,51.436813,5.4204445,1.301919071E9,776110,776759
776662,51.436768,5.4202952,1.301919071E9,776110,776759
776662,51.436764,5.420137,1.301919071E9,776110,776759
776662,51.436752,5.419977,1.301919071E9,776110,776759
776662,51.43673,5.419818,1.301919071E9,776110,776759
776662,51.436707,5.419665,1.301919071E9,776110,776759
776662,51.43669,5.419495,1.301919071E9,776110,776759
776662,51.436665,5.4193215,1.301919071E9,776110,776759
776662,51.43663,5.4191685,1.301919071E9,776110,776759
776662,51.436607,5.4189997,1.301919071E9,776110,776759
776662,51.436604,5.418831,1.301919071E9,776110,776759
776662,51.436596,5.418675,1.301919071E9,776110,776759
776662,51.436577,5.418494,1.301919071E9,776110,776759
776662,51.43655,5.418345,1.301919071E9,776110,776759
776662,51.436546,5.4181633,1.301919071E9,776110,776759
776662,51.436512,5.418008,1.301919071E9,776110,776759
776662,51.436478,5.417873,1.301919071E9,776110,776759
776662,51.43646,5.417727,1.301919071E9,776110,776759
776662,51.436443,5.4175663,1.301919071E9,776110,776759
776662,51.436424,5.4174066,1.301919071E9,776110,776759
776662,51.43643,5.417245,1.301919071E9,776110,776759
776662,51.43641,5.417067,1.301919071E9,776110,776759
776662,51.436367,5.416888,1.301919071E9,776110,776759
776662,51.436314,5.4167275,1.301919071E9,776110,776759
776662,51.43629,5.416576,1.301919071E9,776110,776759
776662,51.43628,5.416434,1.301919071E9,776110,776759
776662,51.43626,5.4162498,1.301919071E9,776110,776759
776662,51.43625,5.4160643,1.301919071E9,776110,776759
776662,51.436253,5.4159174,1.301919071E9,776110,776759
776662,51.436253,5.415763,1.301919071E9,776110,776759
776662,51.43624,5.4156046,1.301919071E9,776110,776759
776662,51.436176,5.415398,1.301919071E9,776110,776759
776662,51.436123,5.415218,1.301919071E9,776110,776759
776662,51.43608,5.4150577,1.301919071E9,776110,776759
776662,51.436054,5.414884,1.301919071E9,776110,776759
776662,51.43601,5.414718,