.080414,1.301919071E9,776110,776759
776662,42.3607,-71.08028,1.301919071E9,776110,776759
776662,42.360703,-71.08014,1.301919071E9,776110,776759
776662,42.36071,-71.08,1.301919071E9,776110,776759
776662,42.360703,-71.07986,1.301919071E9,776110,776759
776662,42.36071,-71.07973,1.301919071E9,776110,776759
776662,42.360725,-71.079575,1.301919071E9,776110,776759
776662,42.360744,-71.079445,1.301919071E9,776110,776759
776662,42.36078,-71.07931,1.301919071E9,776110,776759
776662,42.360825,-71.0792,1.301919071E9,776110,776759
776662,42.360874,-71.07908,1.301919071E9,776110,776759
776662,42.360943,-71.078964,1.301919071E9,776110,776759
776662,42.361008,-71.07884,1.301919071E9,776110,776759
776662,42.36109,-71.07873,1.301919071E9,776110,776759
776662,42.36118,-71.07865,1.301919071E9,776110,776759
776662,42.36127,-71.07859,1.301919071E9,776110,776759
776662,42.361362,-71.07853,1.301919071E9,776110,776759
776662,42.361446,-71.07848,1.301919071E9,776110,776759
776662,42.361546,-71.078445,1.301919071E9,776110,776759
776662,42.361645,-71.078384,1.301919071E9,776110,776759
776662,42.36183,-71.078384,1.301919071E9,776110,776759
776662,42.361927,-71.07837,1.301919071E9,776110,776759
776662,42.362038,-71.07835,1.301919071E9,776110,776759
776662,42.36213,-71.07834,1.301919071E9,776110,776759
776662,42.362236,-71.07832,1.301919071E9,776110,776759
776662,42.36235,-71.0783,1.301919071E9,776110,776759
776662,42.362457,-71.07828,1.301919071E9,776110,776759
776662,42.36257,-71.07824,1.301919071E9,776110,776759
776662,42.362682,-71.0782,1.301919071E9,776110,776759
776662,42.362774,-71.078125,1.301919071E9,776110,776759
776662,42.362854,-71.07804,1.301919071E9,776110,776759
776662,42.36292,-71.077934,1.301919071E9,776110,776759
776662,42.36301,-71.077835,1.301919071E9,776110,776759
776662,42.363106,-71.07775,1.301919071E9,776110,776759
776662,42.3632,-71.07767,1.301919071E9,776110,776759
776662,42.363297,-71.07758,1.301919071E9,776110,776759
776662,42.363384,-71.07752,1.301919071E9,776110,776759
776662,42.363476,-71.077446,1.301919071E9,776110,776759
776662,42.363564,-71.07736,1.301919071E9,776110,776759
776662,42.36366,-71.077286,1.301919071E9,776110,776759
776662,42.36375,-71.07721,1.301919071E9,776110,776759
776662,42.363842,-71.07713,1.301919071E9,776110,776759
776662,42.363937,-71.07706,1.301919071E9,776110,776759
776662,42.364033,-71.07698,1.301919071E9,776110,776759
776662,42.364113,-71.0769,1.301919071E9,776110,776759
776662,42.36421,-71.07681,1.301919071E9,776110,776759
776662,42.364292,-71.07674,1.301919071E9,776110,776759
776662,42.364376,-71.07667,1.301919071E9,776110,776759
776662,42.36447,-71.07658,1.301919071E9,776110,776759
776662,42.364555,-71.07649,1.301919071E9,776110,776759
776662,42.364643,-71.0764,1.301919071E9,776110,776759
776662,42.36472,-71.076324,1.301919071E9,776110,776759
776662,42.364788,-71.07623,1.301919071E9,776110,776759
776662,42.36487,-71.07616,1.301919071E9,776110,776759
776662,42.36495,-71.07609,1.301919071E9,776110,776759
776662,42.36503,-71.076035,1.301919071E9,776110,776759
776662,42.365116,-71.075966,1.301919071E9,776110,776759
776662,42.365204,-71.075874,1.301919071E9,776110,776759
776662,42.3653,-71.0758,1.301919071E9,776110,776759
776662,42.365395,-71.075714,1.301919071E9,776110,776759
776662,42.365475,-71.07563,1.301919071E9,776110,776759
776662,42.365543,-71.07554,1.301919071E9,776110,776759
776662,42.365635,-71.07543,1.301919071E9,776110,776759
776662,42.365707,-71.075356,1.301919071E9,776110,776759
776662,42.36578,-71.07527,1.301919071E9,776110,776759
776662,42.365864,-71.075195,1.301919071E9,776110,776759
776662,42.365948,-71.07512,1.301919071E9,776110,776759
776662,42.36603,-71.07505,1.301919071E9,776110,776759
776662,42.36612,-71.07497,1.301919071E9,776110,776759
776662,42.3662,-71.07488,1.301919071E9,776110,776759
776662,42.366276,-71.07479,1.301919071E9,776110,776759
776662,42.36636,-71.0747,1.301919071E9,776110,776759
776662,42.366455,-71.07462,1.301919071E9,776110,776759
776662,42.366554,-71.07455,1.301919071E9,776110,776759
776662,42.366642,-71.0745,1.301919071E9,776110,776759
776662,42.366722,-71.07445,1.301919071E9,776110,776759
776662,42.366817,-71.074356,1.301919071E9,776110,776759
776662,42.366886,-71.074234,1.301919071E9,776110,776759
776662,42.366955,-71.07414,1.301919071E9,776110,776759
776662,42.367035,-71.07407,1.301919071E9,776110,776759
776662,42.36713,-71.07398,1.301919071E9,776110,776759
776662,42.367226,-71.07391,1.301919071E9,776110,776759
776662,42.367313,-71.07387,1.301919071E9,776110,776759
776662,42.367424,-71.073845,1.301919071E9,776110,776759
776662,42.367523,-71.07385,1.301919071E9,776110,776759
776662,42.367622,-71.07388,1.301919071E9,776110,776759
776662,42.367702,-71.073944,1.301919071E9,776110,776759
776662,42.367798,-71.074,1.301919071E9,776110,776759
776662,42.3679,-71.07404,1.301919071E9,776110,776759
776662,42.368015,-71.07406,1.301919071E9,776110,776759
776662,42.36811,-71.07403,1.301919071E9,776110,776759
776662,42.368195,-71.07396,1.301919071E9,776110,776759
776662,42.368282,-71.073875,1.301919071E9,776110,776759
776662,42.368366,-71.073784,1.301919071E9,776110,776759
776662,42.368446,-71.07369,1.301919071E9,776110,776759
776662,42.36851,-71.073586,1.301919071E9,776110,776759
776662,42.368584,-71.07348,1.301919071E9,776110,776759
776662,42.36866,-71.07339,1.301919071E9,776110,776759
776662,42.368736,-71.07328,1.301919071E9,776110,776759
776662,42.368786,-71.07315,1.301919071E9,776110,776759
776662,42.368797,-71.073006,1.301919071E9,776110,776759
776662,42.368793,-71.07285,1.301919071E9,776110,776759
776662,42.36878,-71.07273,1.301919071E9,776110,776759
776662,42.36873,-71.072624,1.301919071E9,776110,776759
776662,42.36867,-71.0725,1.301919071E9,776110,776759
776662,42.368603,-71.07238,1.301919071E9,776110,776759
776662,42.368526,-71.07224,1.301919071E9,776110,776759
776662,42.368473,-71.07213,1.301919071E9,776110,776759
776662,42.368435,-71.072014,1.301919071E9,776110,776759
776662,42.368378,-71.071884,1.301919071E9,776110,776759
776662,42.368332,-71.071754,1.301919071E9,776110,776759
776662,42.368294,-71.071625,1.301919071E9,776110,776759
776662,42.36824,-71.07152,1.301919071E9,776110,776759
776662,42.368176,-71.071396,1.301919071E9,776110,776759
776662,42.36811,-71.071266,1.301919071E9,776110,776759
776662,42.36805,-71.07114,1.301919071E9,776110,776759
776662,42.367992,-71.07102,1.301919071E9,776110,776759
776662,42.36793,-71.07091,1.301919071E9,776110,776759
776662,42.36787,-71.0708,1.301919071E9,776110,776759
776662,42.3678,-71.07068,1.301919071E9,776110,776759
776662,42.367737,-71.07057,1.301919071E9,776110,776759
776662,42.36767,-71.07047,1.301919071E9,776110,776759
776662,42.367607,-71.07038,1.301919071E9,776110,776759
776662,42.36755,-71.07027,1.301919071E9,776110,776759
776662,42.36749,-71.070145,1.301919071E9,776110,776759
776662,42.36742,-71.07003,1.301919071E9,776110,776759
776662,42.367355,-71.06992,1.301919071E9,776110,776759
776662,42.367287,-71.06982,1.301919071E9,776110,776759
776662,42.367233,-71.06971,1.301919071E9,776110,776759
776662,42.367184,-71.06959,1.301919071E9,776110,776759
776662,42.367134,-71.06946,1.301919071E9,776110,776759
776662,42.36708,-71.06932,1.301919071E9,776110,776759
776662,42.367046,-71.06919,1.301919071E9,776110,776759
776662,42.36699,-71.06909,1.301919071E9,776110,776759
776662,42.36693,-71.069,1.301919071E9,776110,776759
776662,42.366875,-71.06886,1.301919071E9,776110,776759
776662,42.366817,-71.068726,1.301919071E9,776110,776759
776662,42.366753,-71.068596,1.301919071E9,776110,776759
776662,42.366657,-71.068565,1.301919071E9,776110,776759
776662,42.36656,-71.06865,1.301919071E9,776110,776759
776662,42.366486,-71.06874,1.301919071E9,776110,776759
776662,42.366405,-71.068825,1.301919071E9,776110,776759
776662,42.366325,-71.0689,1.301919071E9,776110,776759
776662,42.366234,-71.06899,1.301919071E9,776110,776759
776662,42.366154,-71.06906,1.301919071E9,776110,776759
776662,42.36609,-71.069145,1.301919071E9,776110,776759
776662,42.366013,-71.0692