6110,776759
776662,50.772987,5.883034,1.301919071E9,776110,776759
776662,50.773014,5.8832583,1.301919071E9,776110,776759
776662,50.773,5.8835063,1.301919071E9,776110,776759
776662,50.772987,5.8837,1.301919071E9,776110,776759
776662,50.772938,5.883911,1.301919071E9,776110,776759
776662,50.77291,5.8841023,1.301919071E9,776110,776759
776662,50.77285,5.8843102,1.301919071E9,776110,776759
776662,50.772823,5.8844957,1.301919071E9,776110,776759
776662,50.772793,5.8847036,1.301919071E9,776110,776759
776662,50.772762,5.884876,1.301919071E9,776110,776759
776662,50.772724,5.8850303,1.301919071E9,776110,776759
776662,50.772694,5.8852,1.301919071E9,776110,776759
776662,50.77267,5.885345,1.301919071E9,776110,776759
776662,50.772655,5.885482,1.301919071E9,776110,776759
776662,50.772625,5.885612,1.301919071E9,776110,776759
776662,50.772614,5.885749,1.301919071E9,776110,776759
776662,50.772594,5.8859205,1.301919071E9,776110,776759
776662,50.7726,5.886075,1.301919071E9,776110,776759
776662,50.77259,5.8862567,1.301919071E9,776110,776759
776662,50.772602,5.886441,1.301919071E9,776110,776759
776662,50.772606,5.886624,1.301919071E9,776110,776759
776662,50.772594,5.886796,1.301919071E9,776110,776759
776662,50.77259,5.886983,1.301919071E9,776110,776759
776662,50.772583,5.8871484,1.301919071E9,776110,776759
776662,50.7726,5.887292,1.301919071E9,776110,776759
776662,50.772594,5.887465,1.301919071E9,776110,776759
776662,50.7726,5.8876295,1.301919071E9,776110,776759
776662,50.772617,5.8877983,1.301919071E9,776110,776759
776662,50.772614,5.8879514,1.301919071E9,776110,776759
776662,50.77262,5.8881116,1.301919071E9,776110,776759
776662,50.772625,5.8882866,1.301919071E9,776110,776759
776662,50.77263,5.88848,1.301919071E9,776110,776759
776662,50.772614,5.8886423,1.301919071E9,776110,776759
776662,50.772625,5.8888135,1.301919071E9,776110,776759
776662,50.772633,5.888993,1.301919071E9,776110,776759
776662,50.77264,5.8891587,1.301919071E9,776110,776759
776662,50.77263,5.889347,1.301919071E9,776110,776759
776662,50.772625,5.8895373,1.301919071E9,776110,776759
776662,50.772617,5.889714,1.301919071E9,776110,776759
776662,50.772625,5.8898935,1.301919071E9,776110,776759
776662,50.772633,5.890034,1.301919071E9,776110,776759
776662,50.772636,5.8902106,1.301919071E9,776110,776759
776662,50.77264,5.8903856,1.301919071E9,776110,776759
776662,50.77266,5.8905606,1.301919071E9,776110,776759
776662,50.772663,5.890755,1.301919071E9,776110,776759
776662,50.772697,5.8909626,1.301919071E9,776110,776759
776662,50.7727,5.891172,1.301919071E9,776110,776759
776662,50.772694,5.891365,1.301919071E9,776110,776759
776662,50.772682,5.8915305,1.301919071E9,776110,776759
776662,50.772682,5.8917174,1.301919071E9,776110,776759
776662,50.7727,5.891909,1.301919071E9,776110,776759
776662,50.7727,5.8920903,1.301919071E9,776110,776759
776662,50.77271,5.89228,1.301919071E9,776110,776759
776662,50.772694,5.892448,1.301919071E9,776110,776759
776662,50.772686,5.8926163,1.301919071E9,776110,776759
776662,50.772644,5.8927493,1.301919071E9,776110,776759
776662,50.772636,5.892942,1.301919071E9,776110,776759
776662,50.772594,5.8930955,1.301919071E9,776110,776759
776662,50.772556,5.8932676,1.301919071E9,776110,776759
776662,50.772552,5.893473,1.301919071E9,776110,776759
776662,50.772602,5.8937044,1.301919071E9,776110,776759
776662,50.77261,5.8938637,1.301919071E9,776110,776759
776662,50.772606,5.8940506,1.301919071E9,776110,776759
776662,50.77262,5.8942595,1.301919071E9,776110,776759
776662,50.772636,5.8945127,1.301919071E9,776110,776759
776662,50.772648,5.894672,1.301919071E9,776110,776759
776662,50.772663,5.8948565,1.301919071E9,776110,776759
776662,50.772682,5.895093,1.301919071E9,776110,776759
776662,50.77272,5.895229,1.301919071E9,776110,776759
776662,50.772728,5.8954654,1.301919071E9,776110,776759
776662,50.77274,5.895687,1.301919071E9,776110,776759
776662,50.772755,5.895831,1.301919071E9,776110,776759
776662,50.772774,5.895991,1.301919071E9,776110,776759
776662,50.77279,5.8961253,1.301919071E9,776110,776759
776662,50.772793,5.896253,1.301919071E9,776110,776759
776662,50.772842,5.8964977,1.301919071E9,776110,776759
776662,50.772854,5.8966284,1.301919071E9,776110,776759
776662,50.772854,5.8968053,1.301919071E9,776110,776759
776662,50.77288,5.8970704,1.301919071E9,776110,776759
776662,50.772896,5.8972096,1.301919071E9,776110,776759
776662,50.772945,5.8974457,1.301919071E9,776110,776759
776662,50.77297,5.897591,1.301919071E9,776110,776759
776662,50.773014,5.8978586,1.301919071E9,776110,776759
776662,50.77303,5.8980074,1.301919071E9,776110,776759
776662,50.77309,5.898151,1.301919071E9,776110,776759
776662,50.773136,5.8982873,1.301919071E9,776110,776759
776662,50.773197,5.8984013,1.301919071E9,776110,776759
776662,50.773243,5.8985243,1.301919071E9,776110,776759
776662,50.773304,5.898634,1.301919071E9,776110,776759
776662,50.77334,5.8987846,1.301919071E9,776110,776759
776662,50.773403,5.8989153,1.301919071E9,776110,776759
776662,50.773464,5.899042,1.301919071E9,776110,776759
776662,50.773552,5.8991604,1.301919071E9,776110,776759
776662,50.773613,5.8992853,1.301919071E9,776110,776759
776662,50.773724,5.8994584,1.301919071E9,776110,776759
776662,50.773792,5.899592,1.301919071E9,776110,776759
776662,50.773857,5.8997183,1.301919071E9,776110,776759
776662,50.773922,5.8998537,1.301919071E9,776110,776759
776662,50.773975,5.9000006,1.301919071E9,776110,776759
776662,50.77403,5.900141,1.301919071E9,776110,776759
776662,50.77407,5.900292,1.301919071E9,776110,776759
776662,50.774113,5.900447,1.301919071E9,776110,776759
776662,50.774147,5.9005985,1.301919071E9,776110,776759
776662,50.774174,5.9007516,1.301919071E9,776110,776759
776662,50.77418,5.900921,1.301919071E9,776110,776759
776662,50.7742,5.9010763,1.301919071E9,776110,776759
776662,50.77422,5.9012327,1.301919071E9,776110,776759
776662,50.774235,5.9013867,1.301919071E9,776110,776759
776662,50.77425,5.901544,1.301919071E9,776110,776759
776662,50.774265,5.9016905,1.301919071E9,776110,776759
776662,50.774284,5.901835,1.301919071E9,776110,776759
776662,50.774303,5.9019775,1.301919071E9,776110,776759
776662,50.774323,5.9021187,1.301919071E9,776110,776759
776662,50.774345,5.9022617,1.301919071E9,776110,776759
776662,50.77437,5.902407,1.301919071E9,776110,776759
776662,50.77439,5.902549,1.301919071E9,776110,776759
776662,50.774418,5.9026904,1.301919071E9,776110,776759
776662,50.77444,5.9028325,1.301919071E9,776110,776759
776662,50.77448,5.9029493,1.301919071E9,776110,776759
776662,50.77451,5.903073,1.301919071E9,776110,776759
776662,50.774548,5.9031987,1.301919071E9,776110,776759
776662,50.774586,5.9033194,1.301919071E9,776110,776759
776662,50.774624,5.903437,1.301919071E9,776110,776759
776662,50.774666,5.903552,1.301919071E9,776110,776759
776662,50.77471,5.903666,1.301919071E9,776110,776759
776662,50.774757,5.903778,1.301919071E9,776110,776759
776662,50.774803,5.9038887,1.301919071E9,776110,776759
776662,50.77485,5.9039974,1.301919071E9,776110,776759
776662,50.774895,5.904109,1.301919071E9,776110,776759
776662,50.774944,5.904223,1.301919071E9,776110,776759
776662,50.77499,5.904338,1.301919071E9,776110,776759
776662,50.775036,5.904458,1.301919071E9,776110,776759
776662,50.775074,5.904579,1.301919071E9,776110,776759
776662,50.77511,5.9047174,1.301919071E9,776110,776759
776662,50.77513,5.9048634,1.301919071E9,776110,776759
776662,50.77515,5.905007,1.301919071E9,776110,776759
776662,50.77515,5.905173,1.301919071E9,776110,776759
776662,50.77516,5.905328,1.301919071E9,776110,776759
776662,50.775154,5.905508,1.301919071E9,776110,776759
776662,50.775158,5.9056764,1.301919071E9,776110,776759
776662,50.77517,5.905848,1.301919071E9,776110,776759
776662,50.77517,5.906016,1.301919071E9,776110,776759
776662,50.775166,5.906182,1.301919071E9,776110,776759
776662,50.775158,5.90634,1.301919071E9,776110,776759
776662,50.775154,5.906477,1.301919071E9,776110,776759
776662,50.77517,5.9066916,1.301919071E9,776110,776759
776662,50.775173,5.9068904,1.301919071E9,776110,776759
776662,50.77517,5.907056,1.301919071E9