6110,776759
776662,20.931509,-156.6924,1.301919071E9,776110,776759
776662,20.931574,-156.6923,1.301919071E9,776110,776759
776662,20.931618,-156.69221,1.301919071E9,776110,776759
776662,20.931627,-156.69212,1.301919071E9,776110,776759
776662,20.931646,-156.69202,1.301919071E9,776110,776759
776662,20.931673,-156.69193,1.301919071E9,776110,776759
776662,20.931717,-156.69182,1.301919071E9,776110,776759
776662,20.93175,-156.69171,1.301919071E9,776110,776759
776662,20.93183,-156.69165,1.301919071E9,776110,776759
776662,20.931927,-156.69168,1.301919071E9,776110,776759
776662,20.932016,-156.69174,1.301919071E9,776110,776759
776662,20.932112,-156.69179,1.301919071E9,776110,776759
776662,20.932201,-156.69183,1.301919071E9,776110,776759
776662,20.93229,-156.69186,1.301919071E9,776110,776759
776662,20.932379,-156.6919,1.301919071E9,776110,776759
776662,20.932478,-156.69191,1.301919071E9,776110,776759
776662,20.932583,-156.69193,1.301919071E9,776110,776759
776662,20.93268,-156.69193,1.301919071E9,776110,776759
776662,20.932781,-156.69194,1.301919071E9,776110,776759
776662,20.932888,-156.69197,1.301919071E9,776110,776759
776662,20.932997,-156.69199,1.301919071E9,776110,776759
776662,20.933092,-156.69203,1.301919071E9,776110,776759
776662,20.93318,-156.6921,1.301919071E9,776110,776759
776662,20.93325,-156.69215,1.301919071E9,776110,776759
776662,20.933346,-156.69221,1.301919071E9,776110,776759
776662,20.933435,-156.69225,1.301919071E9,776110,776759
776662,20.933542,-156.69225,1.301919071E9,776110,776759
776662,20.933628,-156.69218,1.301919071E9,776110,776759
776662,20.933666,-156.6921,1.301919071E9,776110,776759
776662,20.93371,-156.69199,1.301919071E9,776110,776759
776662,20.933765,-156.6919,1.301919071E9,776110,776759
776662,20.933846,-156.69183,1.301919071E9,776110,776759
776662,20.933952,-156.69182,1.301919071E9,776110,776759
776662,20.934044,-156.6918,1.301919071E9,776110,776759
776662,20.934134,-156.69177,1.301919071E9,776110,776759
776662,20.934233,-156.69177,1.301919071E9,776110,776759
776662,20.934324,-156.69177,1.301919071E9,776110,776759
776662,20.93441,-156.69183,1.301919071E9,776110,776759
776662,20.934462,-156.69193,1.301919071E9,776110,776759
776662,20.93449,-156.69203,1.301919071E9,776110,776759
776662,20.934517,-156.69215,1.301919071E9,776110,776759
776662,20.934534,-156.69225,1.301919071E9,776110,776759
776662,20.93454,-156.69235,1.301919071E9,776110,776759
776662,20.934587,-156.69244,1.301919071E9,776110,776759
776662,20.934689,-156.69244,1.301919071E9,776110,776759
776662,20.934782,-156.69244,1.301919071E9,776110,776759
776662,20.934881,-156.69247,1.301919071E9,776110,776759
776662,20.934977,-156.69247,1.301919071E9,776110,776759
776662,20.935081,-156.69247,1.301919071E9,776110,776759
776662,20.935175,-156.69246,1.301919071E9,776110,776759
776662,20.935286,-156.69243,1.301919071E9,776110,776759
776662,20.935392,-156.69243,1.301919071E9,776110,776759
776662,20.935495,-156.69246,1.301919071E9,776110,776759
776662,20.935585,-156.69249,1.301919071E9,776110,776759
776662,20.93569,-156.69249,1.301919071E9,776110,776759
776662,20.935797,-156.69249,1.301919071E9,776110,776759
776662,20.935892,-156.6925,1.301919071E9,776110,776759
776662,20.935991,-156.6925,1.301919071E9,776110,776759
776662,20.936083,-156.6925,1.301919071E9,776110,776759
776662,20.936192,-156.6925,1.301919071E9,776110,776759
776662,20.936304,-156.69249,1.301919071E9,776110,776759
776662,20.936398,-156.69247,1.301919071E9,776110,776759
776662,20.93648,-156.6924,1.301919071E9,776110,776759
776662,20.936558,-156.69234,1.301919071E9,776110,776759
776662,20.936642,-156.69228,1.301919071E9,776110,776759
776662,20.936716,-156.69234,1.301919071E9,776110,776759
776662,20.936827,-156.69235,1.301919071E9,776110,776759
776662,20.936937,-156.69234,1.301919071E9,776110,776759
776662,20.937056,-156.69232,1.301919071E9,776110,776759
776662,20.937157,-156.6923,1.301919071E9,776110,776759
776662,20.93725,-156.6923,1.301919071E9,776110,776759
776662,20.937344,-156.69226,1.301919071E9,776110,776759
776662,20.937445,-156.69223,1.301919071E9,776110,776759
776662,20.937536,-156.69228,1.301919071E9,776110,776759
776662,20.937626,-156.69232,1.301919071E9,776110,776759
776662,20.937716,-156.69235,1.301919071E9,776110,776759
776662,20.937809,-156.69232,1.301919071E9,776110,776759
776662,20.937899,-156.6923,1.301919071E9,776110,776759
776662,20.938004,-156.6923,1.301919071E9,776110,776759
776662,20.938122,-156.6923,1.301919071E9,776110,776759
776662,20.938211,-156.6923,1.301919071E9,776110,776759
776662,20.93831,-156.69229,1.301919071E9,776110,776759
776662,20.938414,-156.69228,1.301919071E9,776110,776759
776662,20.938513,-156.69226,1.301919071E9,776110,776759
776662,20.93861,-156.69228,1.301919071E9,776110,776759
776662,20.938705,-156.6923,1.301919071E9,776110,776759
776662,20.938807,-156.69234,1.301919071E9,776110,776759
776662,20.938898,-156.69235,1.301919071E9,776110,776759
776662,20.939,-156.69237,1.301919071E9,776110,776759
776662,20.939106,-156.69238,1.301919071E9,776110,776759
776662,20.939205,-156.69237,1.301919071E9,776110,776759
776662,20.939304,-156.69234,1.301919071E9,776110,776759
776662,20.939407,-156.69232,1.301919071E9,776110,776759
776662,20.939507,-156.69232,1.301919071E9,776110,776759
776662,20.939606,-156.69232,1.301919071E9,776110,776759
776662,20.939703,-156.6923,1.301919071E9,776110,776759
776662,20.939802,-156.69228,1.301919071E9,776110,776759
776662,20.939896,-156.69223,1.301919071E9,776110,776759
776662,20.939983,-156.6922,1.301919071E9,776110,776759
776662,20.940084,-156.69215,1.301919071E9,776110,776759
776662,20.940187,-156.69215,1.301919071E9,776110,776759
776662,20.940294,-156.69214,1.301919071E9,776110,776759
776662,20.940403,-156.69214,1.301919071E9,776110,776759
776662,20.940502,-156.69212,1.301919071E9,776110,776759
776662,20.940601,-156.69211,1.301919071E9,776110,776759
776662,20.940699,-156.69211,1.301919071E9,776110,776759
776662,20.940792,-156.69211,1.301919071E9,776110,776759
776662,20.940886,-156.6921,1.301919071E9,776110,776759
776662,20.940973,-156.69208,1.301919071E9,776110,776759
776662,20.941069,-156.69206,1.301919071E9,776110,776759
776662,20.941158,-156.69205,1.301919071E9,776110,776759
776662,20.94127,-156.69203,1.301919071E9,776110,776759
776662,20.941362,-156.69203,1.301919071E9,776110,776759
776662,20.941454,-156.69203,1.301919071E9,776110,776759
776662,20.941545,-156.69203,1.301919071E9,776110,776759
776662,20.941637,-156.69202,1.301919071E9,776110,776759
776662,20.941748,-156.69202,1.301919071E9,776110,776759
776662,20.941837,-156.692,1.301919071E9,776110,776759
776662,20.941929,-156.69197,1.301919071E9,776110,776759
776662,20.942019,-156.69196,1.301919071E9,776110,776759
776662,20.942108,-156.69193,1.301919071E9,776110,776759
776662,20.942217,-156.69191,1.301919071E9,776110,776759
776662,20.942322,-156.69193,1.301919071E9,776110,776759
776662,20.94242,-156.69193,1.301919071E9,776110,776759
776662,20.942524,-156.69193,1.301919071E9,776110,776759
776662,20.942612,-156.6919,1.301919071E9,776110,776759
776662,20.9427,-156.69186,1.301919071E9,776110,776759
776662,20.942787,-156.69183,1.301919071E9,776110,776759
776662,20.94289,-156.6918,1.301919071E9,776110,776759
776662,20.942999,-156.69179,1.301919071E9,776110,776759
776662,20.943106,-156.69179,1.301919071E9,776110,776759
776662,20.94321,-156.69177,1.301919071E9,776110,776759
776662,20.943316,-156.69176,1.301919071E9,776110,776759
776662,20.94341,-156.69174,1.301919071E9,776110,776759
776662,20.943512,-156.69176,1.301919071E9,776110,776759
776662,20.943613,-156.69177,1.301919071E9,776110,776759
776662,20.943714,-156.6918,1.301919071E9,776110,776759
776662,20.943817,-156.69182,1.301919071E9,776110,776759
776662,20.94392,-156.69185,1.301919071E9,776110,776759
776662,20.944023,-156.69188,1.301919071E9,776110,776759
776662,20.944124,-156.6919,1.301919071E9,776110,776759
776662,20.94422,-156.69191,1.301919071E9,776110,776759
776662,20.944317,-156.69191,1.301919071E9,776110,776759
776662,20.944405,-156.6919,1.301919