919071E9,776110,776759
776662,51.435337,5.45448,1.301919071E9,776110,776759
776662,51.43535,5.4546237,1.301919071E9,776110,776759
776662,51.435368,5.4547544,1.301919071E9,776110,776759
776662,51.435406,5.454898,1.301919071E9,776110,776759
776662,51.43532,5.4549036,1.301919071E9,776110,776759
776662,51.43521,5.4549603,1.301919071E9,776110,776759
776662,51.43512,5.4550195,1.301919071E9,776110,776759
776662,51.43502,5.4550548,1.301919071E9,776110,776759
776662,51.434933,5.4550934,1.301919071E9,776110,776759
776662,51.434845,5.455138,1.301919071E9,776110,776759
776662,51.43476,5.4552226,1.301919071E9,776110,776759
776662,51.434677,5.4552855,1.301919071E9,776110,776759
776662,51.43455,5.4553776,1.301919071E9,776110,776759
776662,51.434467,5.455438,1.301919071E9,776110,776759
776662,51.43435,5.4554906,1.301919071E9,776110,776759
776662,51.434242,5.455513,1.301919071E9,776110,776759
776662,51.434155,5.455573,1.301919071E9,776110,776759
776662,51.434093,5.4554873,1.301919071E9,776110,776759
776662,51.433983,5.455567,1.301919071E9,776110,776759
776662,51.433895,5.455632,1.301919071E9,776110,776759
776662,51.4338,5.455781,1.301919071E9,776110,776759
776662,51.433727,5.455856,1.301919071E9,776110,776759
776662,51.433678,5.456002,1.301919071E9,776110,776759
776662,51.43368,5.456202,1.301919071E9,776110,776759
776662,51.433723,5.456344,1.301919071E9,776110,776759
776662,51.433804,5.4564714,1.301919071E9,776110,776759
776662,51.433846,5.4566,1.301919071E9,776110,776759
776662,51.43389,5.4567804,1.301919071E9,776110,776759
776662,51.43398,5.4568844,1.301919071E9,776110,776759
776662,51.434086,5.45704,1.301919071E9,776110,776759
776662,51.434135,5.4573016,1.301919071E9,776110,776759
776662,51.434216,5.4574237,1.301919071E9,776110,776759
776662,51.434216,5.457623,1.301919071E9,776110,776759
776662,51.434242,5.457794,1.301919071E9,776110,776759
776662,51.43426,5.4579334,1.301919071E9,776110,776759
776662,51.434326,5.458083,1.301919071E9,776110,776759
776662,51.4344,5.4581985,1.301919071E9,776110,776759
776662,51.434402,5.458336,1.301919071E9,776110,776759
776662,51.43447,5.4584794,1.301919071E9,776110,776759
776662,51.43442,5.458651,1.301919071E9,776110,776759
776662,51.434452,5.458919,1.301919071E9,776110,776759
776662,51.434475,5.4591284,1.301919071E9,776110,776759
776662,51.43457,5.459204,1.301919071E9,776110,776759
776662,51.434666,5.45929,1.301919071E9,776110,776759
776662,51.434708,5.459447,1.301919071E9,776110,776759
776662,51.434757,5.459585,1.301919071E9,776110,776759
776662,51.43486,5.459653,1.301919071E9,776110,776759
776662,51.434925,5.4597607,1.301919071E9,776110,776759
776662,51.43502,5.4598985,1.301919071E9,776110,776759
776662,51.4351,5.460038,1.301919071E9,776110,776759
776662,51.435207,5.4602175,1.301919071E9,776110,776759
776662,51.435265,5.460403,1.301919071E9,776110,776759
776662,51.435307,5.460579,1.301919071E9,776110,776759
776662,51.43542,5.4607205,1.301919071E9,776110,776759
776662,51.435505,5.460843,1.301919071E9,776110,776759
776662,51.435616,5.4609838,1.301919071E9,776110,776759
776662,51.43573,5.4610925,1.301919071E9,776110,776759
776662,51.435776,5.4614186,1.301919071E9,776110,776759
776662,51.43582,5.461612,1.301919071E9,776110,776759
776662,51.43583,5.4617605,1.301919071E9,776110,776759
776662,51.435852,5.4619126,1.301919071E9,776110,776759
776662,51.435802,5.462048,1.301919071E9,776110,776759
776662,51.435726,5.462198,1.301919071E9,776110,776759
776662,51.43569,5.462346,1.301919071E9,776110,776759
776662,51.43566,5.462475,1.301919071E9,776110,776759
776662,51.435596,5.462662,1.301919071E9,776110,776759
776662,51.43555,5.4627786,1.301919071E9,776110,776759
776662,51.435482,5.4629173,1.301919071E9,776110,776759
776662,51.43543,5.4630437,1.301919071E9,776110,776759
776662,51.435394,5.463193,1.301919071E9,776110,776759
776662,51.435345,5.4633236,1.301919071E9,776110,776759
776662,51.435295,5.4634695,1.301919071E9,776110,776759
776662,51.435287,5.4636173,1.301919071E9,776110,776759
776662,51.43523,5.4637694,1.301919071E9,776110,776759
776662,51.43519,5.4639125,1.301919071E9,776110,776759
776662,51.435135,5.46409,1.301919071E9,776110,776759
776662,51.435074,5.464202,1.301919071E9,776110,776759
776662,51.434937,5.464391,1.301919071E9,776110,776759
776662,51.434837,5.464515,1.301919071E9,776110,776759
776662,51.43478,5.464628,1.301919071E9,776110,776759
776662,51.43472,5.4647126,1.301919071E9,776110,776759
776662,51.43464,5.464854,1.301919071E9,776110,776759
776662,51.43463,5.4650044,1.301919071E9,776110,776759
776662,51.434628,5.4651446,1.301919071E9,776110,776759
776662,51.434574,5.465273,1.301919071E9,776110,776759
776662,51.43466,5.4652677,1.301919071E9,776110,776759
776662,51.434723,5.4653797,1.301919071E9,776110,776759
776662,51.43477,5.465527,1.301919071E9,776110,776759
776662,51.43483,5.465657,1.301919071E9,776110,776759
776662,51.434902,5.4658113,1.301919071E9,776110,776759
776662,51.434975,5.4659634,1.301919071E9,776110,776759
776662,51.43505,5.4661345,1.301919071E9,776110,776759
776662,51.435116,5.466302,1.301919071E9,776110,776759
776662,51.435226,5.4664335,1.301919071E9,776110,776759
776662,51.43531,5.4666085,1.301919071E9,776110,776759
776662,51.435368,5.4667597,1.301919071E9,776110,776759
776662,51.435432,5.466934,1.301919071E9,776110,776759
776662,51.435505,5.467088,1.301919071E9,776110,776759
776662,51.43556,5.4672523,1.301919071E9,776110,776759
776662,51.43562,5.4674377,1.301919071E9,776110,776759
776662,51.43572,5.467493,1.301919071E9,776110,776759
776662,51.435818,5.4675064,1.301919071E9,776110,776759
776662,51.435894,5.4675646,1.301919071E9,776110,776759
776662,51.436176,5.4675937,1.301919071E9,776110,776759
776662,51.436333,5.467465,1.301919071E9,776110,776759
776662,51.436375,5.467325,1.301919071E9,776110,776759
776662,51.43649,5.467053,1.301919071E9,776110,776759
776662,51.436592,5.4669676,1.301919071E9,776110,776759
776662,51.436577,5.466671,1.301919071E9,776110,776759
776662,51.436493,5.4664097,1.301919071E9,776110,776759
776662,51.436417,5.46633,1.301919071E9,776110,776759
776662,51.43644,5.466182,1.301919071E9,776110,776759
776662,51.436493,5.4660754,1.301919071E9,776110,776759
776662,51.436516,5.466045,1.301919071E9,776110,776759
776662,51.43659,5.465926,1.301919071E9,776110,776759
776662,51.4365,5.4659734,1.301919071E9,776110,776759
776662,51.436447,5.466112,1.301919071E9,776110,776759
776662,51.436344,5.466228,1.301919071E9,776110,776759
776662,51.436287,5.466394,1.301919071E9,776110,776759
776662,51.436337,5.466917,1.301919071E9,776110,776759
776662,51.43631,5.4670544,1.301919071E9,776110,776759
776662,51.436264,5.4672146,1.301919071E9,776110,776759
776662,51.436237,5.467413,1.301919071E9,776110,776759
776662,51.43608,5.467397,1.301919071E9,776110,776759
776662,51.435974,5.467391,1.301919071E9,776110,776759
776662,51.43586,5.467388,1.301919071E9,776110,776759
776662,51.435757,5.4674907,1.301919071E9,776110,776759
776662,51.435677,5.4674973,1.301919071E9,776110,776759
776662,51.435562,5.467562,1.301919071E9,776110,776759
776662,51.435547,5.4676957,1.301919071E9,776110,776759
776662,51.435528,5.467866,1.301919071E9,776110,776759
776662,51.43546,5.4680076,1.301919071E9,776110,776759
776662,51.435375,5.468133,1.301919071E9,776110,776759
776662,51.43528,5.468145,1.301919071E9,776110,776759
776662,51.435192,5.468138,1.301919071E9,776110,776759
776662,51.435078,5.468121,1.301919071E9,776110,776759
776662,51.434994,5.468133,1.301919071E9,776110,776759
776662,51.43487,5.468142,1.301919071E9,776110,776759
776662,51.434788,5.468128,1.301919071E9,776110,776759
776662,51.43468,5.4681473,1.301919071E9,776110,776759
776662,51.434574,5.468111,1.301919071E9,776110,776759
776662,51.43449,5.4680643,1.301919071E9,776110,776759
776662,51.43439,5.468067,1.301919071E9,776110,776759
776662,51.434284,5.4680605,1.301919071E9,776110,776759
776662,51.43419,5.468028,1.301919071E9,776110,776759
776662,51.434097,5.4680576,1.301919071E9,776110,776759
776662,51.43407,5.4682136,1.301919071E9,776110,776759
776662,51.4341,5.468346,1.301919071E9,