76110,776759
776662,37.729088,-122.44899,1.301919071E9,776110,776759
776662,37.729088,-122.44899,1.301919071E9,776110,776759
776662,37.729088,-122.44899,1.301919071E9,776110,776759
776662,37.729668,-122.44887,1.301919071E9,776110,776759
776662,37.729935,-122.448906,1.301919071E9,776110,776759
776662,37.73009,-122.44894,1.301919071E9,776110,776759
776662,37.73051,-122.44897,1.301919071E9,776110,776759
776662,37.730858,-122.44889,1.301919071E9,776110,776759
776662,37.731094,-122.448944,1.301919071E9,776110,776759
776662,37.731293,-122.44899,1.301919071E9,776110,776759
776662,37.731472,-122.44903,1.301919071E9,776110,776759
776662,37.73151,-122.44917,1.301919071E9,776110,776759
776662,37.73151,-122.44917,1.301919071E9,776110,776759
776662,37.73151,-122.44917,1.301919071E9,776110,776759
776662,37.7314,-122.448975,1.301919071E9,776110,776759
776662,37.731407,-122.44899,1.301919071E9,776110,776759
776662,37.73145,-122.44909,1.301919071E9,776110,776759
776662,37.731472,-122.44921,1.301919071E9,776110,776759
776662,37.73145,-122.44933,1.301919071E9,776110,776759
776662,37.731426,-122.44945,1.301919071E9,776110,776759
776662,37.731407,-122.44955,1.301919071E9,776110,776759
776662,37.73141,-122.44967,1.301919071E9,776110,776759
776662,37.731438,-122.44979,1.301919071E9,776110,776759
776662,37.731453,-122.44991,1.301919071E9,776110,776759
776662,37.731457,-122.45003,1.301919071E9,776110,776759
776662,37.731453,-122.45014,1.301919071E9,776110,776759
776662,37.731438,-122.45025,1.301919071E9,776110,776759
776662,37.73144,-122.45036,1.301919071E9,776110,776759
776662,37.73144,-122.45047,1.301919071E9,776110,776759
776662,37.731426,-122.45058,1.301919071E9,776110,776759
776662,37.731438,-122.4507,1.301919071E9,776110,776759
776662,37.731476,-122.45081,1.301919071E9,776110,776759
776662,37.7315,-122.45092,1.301919071E9,776110,776759
776662,37.731453,-122.45102,1.301919071E9,776110,776759
776662,37.73146,-122.45112,1.301919071E9,776110,776759
776662,37.73144,-122.451256,1.301919071E9,776110,776759
776662,37.731422,-122.45138,1.301919071E9,776110,776759
776662,37.731403,-122.45151,1.301919071E9,776110,776759
776662,37.73135,-122.45162,1.301919071E9,776110,776759
776662,37.731316,-122.45173,1.301919071E9,776110,776759
776662,37.731304,-122.45185,1.301919071E9,776110,776759
776662,37.731316,-122.45197,1.301919071E9,776110,776759
776662,37.7313,-122.45209,1.301919071E9,776110,776759
776662,37.73127,-122.45219,1.301919071E9,776110,776759
776662,37.731262,-122.45229,1.301919071E9,776110,776759
776662,37.73129,-122.45239,1.301919071E9,776110,776759
776662,37.731297,-122.452515,1.301919071E9,776110,776759
776662,37.731243,-122.45261,1.301919071E9,776110,776759
776662,37.73122,-122.452705,1.301919071E9,776110,776759
776662,37.731194,-122.45281,1.301919071E9,776110,776759
776662,37.731174,-122.45295,1.301919071E9,776110,776759
776662,37.731182,-122.45307,1.301919071E9,776110,776759
776662,37.73121,-122.453186,1.301919071E9,776110,776759
776662,37.731255,-122.453285,1.301919071E9,776110,776759
776662,37.73131,-122.4534,1.301919071E9,776110,776759
776662,37.73134,-122.45351,1.301919071E9,776110,776759
776662,37.731354,-122.45362,1.301919071E9,776110,776759
776662,37.73136,-122.453735,1.301919071E9,776110,776759
776662,37.73136,-122.453835,1.301919071E9,776110,776759
776662,37.731365,-122.453964,1.301919071E9,776110,776759
776662,37.73136,-122.454094,1.301919071E9,776110,776759
776662,37.731365,-122.45422,1.301919071E9,776110,776759
776662,37.73137,-122.45433,1.301919071E9,776110,776759
776662,37.73136,-122.45444,1.301919071E9,776110,776759
776662,37.731354,-122.45455,1.301919071E9,776110,776759
776662,37.73136,-122.454666,1.301919071E9,776110,776759
776662,37.731384,-122.45477,1.301919071E9,776110,776759
776662,37.731377,-122.454895,1.301919071E9,776110,776759
776662,37.731365,-122.455,1.301919071E9,776110,776759
776662,37.731346,-122.4551,1.301919071E9,776110,776759
776662,37.731323,-122.45521,1.301919071E9,776110,776759
776662,37.731297,-122.455315,1.301919071E9,776110,776759
776662,37.731266,-122.455414,1.301919071E9,776110,776759
776662,37.731243,-122.45554,1.301919071E9,776110,776759
776662,37.731216,-122.45565,1.301919071E9,776110,776759
776662,37.731182,-122.45577,1.301919071E9,776110,776759
776662,37.731167,-122.455894,1.301919071E9,776110,776759
776662,37.731148,-122.456,1.301919071E9,776110,776759
776662,37.731144,-122.45611,1.301919071E9,776110,776759
776662,37.73114,-122.45623,1.301919071E9,776110,776759
776662,37.731113,-122.45636,1.301919071E9,776110,776759
776662,37.731083,-122.45648,1.301919071E9,776110,776759
776662,37.73107,-122.456604,1.301919071E9,776110,776759
776662,37.731064,-122.45672,1.301919071E9,776110,776759
776662,37.731014,-122.45684,1.301919071E9,776110,776759
776662,37.730972,-122.45695,1.301919071E9,776110,776759
776662,37.730946,-122.45707,1.301919071E9,776110,776759
776662,37.73091,-122.45719,1.301919071E9,776110,776759
776662,37.730873,-122.457306,1.301919071E9,776110,776759
776662,37.73082,-122.45743,1.301919071E9,776110,776759
776662,37.73077,-122.45755,1.301919071E9,776110,776759
776662,37.730755,-122.457664,1.301919071E9,776110,776759
776662,37.730736,-122.45779,1.301919071E9,776110,776759
776662,37.73071,-122.45791,1.301919071E9,776110,776759
776662,37.730698,-122.45803,1.301919071E9,776110,776759
776662,37.730705,-122.458176,1.301919071E9,776110,776759
776662,37.730717,-122.458275,1.301919071E9,776110,776759
776662,37.73072,-122.45838,1.301919071E9,776110,776759
776662,37.730713,-122.45848,1.301919071E9,776110,776759
776662,37.730694,-122.458595,1.301919071E9,776110,776759
776662,37.730675,-122.458725,1.301919071E9,776110,776759
776662,37.730686,-122.45884,1.301919071E9,776110,776759
776662,37.73069,-122.45898,1.301919071E9,776110,776759
776662,37.730682,-122.4591,1.301919071E9,776110,776759
776662,37.730667,-122.45921,1.301919071E9,776110,776759
776662,37.730656,-122.45933,1.301919071E9,776110,776759
776662,37.730656,-122.45946,1.301919071E9,776110,776759
776662,37.73066,-122.459564,1.301919071E9,776110,776759
776662,37.73065,-122.45967,1.301919071E9,776110,776759
776662,37.73062,-122.45977,1.301919071E9,776110,776759
776662,37.73059,-122.45988,1.301919071E9,776110,776759
776662,37.73056,-122.46,1.301919071E9,776110,776759
776662,37.73052,-122.46011,1.301919071E9,776110,776759
776662,37.730457,-122.460205,1.301919071E9,776110,776759
776662,37.730404,-122.460304,1.301919071E9,776110,776759
776662,37.730354,-122.460396,1.301919071E9,776110,776759
776662,37.73031,-122.46049,1.301919071E9,776110,776759
776662,37.730255,-122.46059,1.301919071E9,776110,776759
776662,37.730206,-122.46067,1.301919071E9,776110,776759
776662,37.73014,-122.46077,1.301919071E9,776110,776759
776662,37.73008,-122.46087,1.301919071E9,776110,776759
776662,37.730038,-122.46097,1.301919071E9,776110,776759
776662,37.729992,-122.46105,1.301919071E9,776110,776759
776662,37.72992,-122.46114,1.301919071E9,776110,776759
776662,37.729874,-122.46125,1.301919071E9,776110,776759
776662,37.729843,-122.461365,1.301919071E9,776110,776759
776662,37.729828,-122.461494,1.301919071E9,776110,776759
776662,37.72984,-122.4616,1.301919071E9,776110,776759
776662,37.729862,-122.461716,1.301919071E9,776110,776759
776662,37.7299,-122.46181,1.301919071E9,776110,776759
776662,37.729942,-122.46192,1.301919071E9,776110,776759
776662,37.729984,-122.46204,1.301919071E9,776110,776759
776662,37.730015,-122.462166,1.301919071E9,776110,776759
776662,37.73007,-122.46229,1.301919071E9,776110,776759
776662,37.73013,-122.46241,1.301919071E9,776110,776759
776662,37.730183,-122.462524,1.301919071E9,776110,776759
776662,37.730244,-122.46263,1.301919071E9,776110,776759
776662,37.730324,-122.46272,1.301919071E9,776110,776759
776662,37.73041,-122.46282,1.301919071E9,776110,776759
776662,37.730488,-122.46292,1.301919071E9,776110,776759
776662,37.730564,-122.46303,1.301919071E9,776110,776759
776662,37.730618,-122.46313,1.301919071E9,776110,776759
776662,37.73067,-122.46322,1.301919071E9,776110,776759
776662,37.7307