-90.48895,1.301919071E9,776110,776759
776662,38.705914,-90.48881,1.301919071E9,776110,776759
776662,38.70593,-90.48868,1.301919071E9,776110,776759
776662,38.705956,-90.48856,1.301919071E9,776110,776759
776662,38.705986,-90.48843,1.301919071E9,776110,776759
776662,38.705997,-90.4883,1.301919071E9,776110,776759
776662,38.70599,-90.48818,1.301919071E9,776110,776759
776662,38.705994,-90.48806,1.301919071E9,776110,776759
776662,38.706024,-90.48793,1.301919071E9,776110,776759
776662,38.706036,-90.4878,1.301919071E9,776110,776759
776662,38.706055,-90.48765,1.301919071E9,776110,776759
776662,38.706047,-90.48753,1.301919071E9,776110,776759
776662,38.70604,-90.48738,1.301919071E9,776110,776759
776662,38.706036,-90.48724,1.301919071E9,776110,776759
776662,38.70605,-90.487114,1.301919071E9,776110,776759
776662,38.70606,-90.48697,1.301919071E9,776110,776759
776662,38.706066,-90.486855,1.301919071E9,776110,776759
776662,38.706055,-90.486725,1.301919071E9,776110,776759
776662,38.706047,-90.48661,1.301919071E9,776110,776759
776662,38.706062,-90.486496,1.301919071E9,776110,776759
776662,38.706055,-90.48637,1.301919071E9,776110,776759
776662,38.706047,-90.48624,1.301919071E9,776110,776759
776662,38.706062,-90.4861,1.301919071E9,776110,776759
776662,38.706055,-90.48597,1.301919071E9,776110,776759
776662,38.706055,-90.48585,1.301919071E9,776110,776759
776662,38.706043,-90.4857,1.301919071E9,776110,776759
776662,38.706028,-90.48556,1.301919071E9,776110,776759
776662,38.70604,-90.485435,1.301919071E9,776110,776759
776662,38.706028,-90.48528,1.301919071E9,776110,776759
776662,38.70603,-90.48514,1.301919071E9,776110,776759
776662,38.705994,-90.485,1.301919071E9,776110,776759
776662,38.705956,-90.484856,1.301919071E9,776110,776759
776662,38.705936,-90.48475,1.301919071E9,776110,776759
776662,38.70595,-90.48463,1.301919071E9,776110,776759
776662,38.705967,-90.484505,1.301919071E9,776110,776759
776662,38.70598,-90.484375,1.301919071E9,776110,776759
776662,38.70593,-90.48422,1.301919071E9,776110,776759
776662,38.705914,-90.4841,1.301919071E9,776110,776759
776662,38.70594,-90.483986,1.301919071E9,776110,776759
776662,38.70596,-90.483864,1.301919071E9,776110,776759
776662,38.70596,-90.48372,1.301919071E9,776110,776759
776662,38.705933,-90.48358,1.301919071E9,776110,776759
776662,38.70591,-90.48344,1.301919071E9,776110,776759
776662,38.705956,-90.48333,1.301919071E9,776110,776759
776662,38.705975,-90.48322,1.301919071E9,776110,776759
776662,38.706036,-90.48313,1.301919071E9,776110,776759
776662,38.70613,-90.48309,1.301919071E9,776110,776759
776662,38.70622,-90.483025,1.301919071E9,776110,776759
776662,38.706318,-90.482994,1.301919071E9,776110,776759
776662,38.706425,-90.48297,1.301919071E9,776110,776759
776662,38.70653,-90.48297,1.301919071E9,776110,776759
776662,38.706627,-90.482956,1.301919071E9,776110,776759
776662,38.706738,-90.482864,1.301919071E9,776110,776759
776662,38.706833,-90.482796,1.301919071E9,776110,776759
776662,38.706924,-90.48274,1.301919071E9,776110,776759
776662,38.707016,-90.482704,1.301919071E9,776110,776759
776662,38.707115,-90.482666,1.301919071E9,776110,776759
776662,38.707207,-90.48261,1.301919071E9,776110,776759
776662,38.707302,-90.48253,1.301919071E9,776110,776759
776662,38.707417,-90.482445,1.301919071E9,776110,776759
776662,38.707523,-90.48239,1.301919071E9,776110,776759
776662,38.707638,-90.48239,1.301919071E9,776110,776759
776662,38.707756,-90.48232,1.301919071E9,776110,776759
776662,38.707832,-90.48224,1.301919071E9,776110,776759
776662,38.70792,-90.48214,1.301919071E9,776110,776759
776662,38.707993,-90.482056,1.301919071E9,776110,776759
776662,38.7081,-90.482,1.301919071E9,776110,776759
776662,38.70821,-90.48195,1.301919071E9,776110,776759
776662,38.708305,-90.48191,1.301919071E9,776110,776759
776662,38.708397,-90.48185,1.301919071E9,776110,776759
776662,38.70849,-90.48182,1.301919071E9,776110,776759
776662,38.708576,-90.48178,1.301919071E9,776110,776759
776662,38.708668,-90.48172,1.301919071E9,776110,776759
776662,38.70876,-90.48166,1.301919071E9,776110,776759
776662,38.708862,-90.4816,1.301919071E9,776110,776759
776662,38.708942,-90.48154,1.301919071E9,776110,776759
776662,38.709034,-90.48146,1.301919071E9,776110,776759
776662,38.709118,-90.48139,1.301919071E9,776110,776759
776662,38.709213,-90.481316,1.301919071E9,776110,776759
776662,38.709293,-90.48125,1.301919071E9,776110,776759
776662,38.70938,-90.481186,1.301919071E9,776110,776759
776662,38.709488,-90.48111,1.301919071E9,776110,776759
776662,38.70959,-90.48106,1.301919071E9,776110,776759
776662,38.70969,-90.48099,1.301919071E9,776110,776759
776662,38.709785,-90.48092,1.301919071E9,776110,776759
776662,38.709873,-90.48086,1.301919071E9,776110,776759
776662,38.70997,-90.48078,1.301919071E9,776110,776759
776662,38.710056,-90.4807,1.301919071E9,776110,776759
776662,38.710155,-90.48065,1.301919071E9,776110,776759
776662,38.710255,-90.48065,1.301919071E9,776110,776759
776662,38.710365,-90.48064,1.301919071E9,776110,776759
776662,38.71045,-90.480576,1.301919071E9,776110,776759
776662,38.71053,-90.48052,1.301919071E9,776110,776759
776662,38.71063,-90.48046,1.301919071E9,776110,776759
776662,38.7107,-90.48039,1.301919071E9,776110,776759
776662,38.710796,-90.48033,1.301919071E9,776110,776759
776662,38.710896,-90.4803,1.301919071E9,776110,776759
776662,38.710987,-90.48028,1.301919071E9,776110,776759
776662,38.711094,-90.48024,1.301919071E9,776110,776759
776662,38.711205,-90.48021,1.301919071E9,776110,776759
776662,38.71131,-90.48019,1.301919071E9,776110,776759
776662,38.711433,-90.480194,1.301919071E9,776110,776759
776662,38.711536,-90.48021,1.301919071E9,776110,776759
776662,38.71164,-90.48023,1.301919071E9,776110,776759
776662,38.71173,-90.48022,1.301919071E9,776110,776759
776662,38.71185,-90.48019,1.301919071E9,776110,776759
776662,38.711952,-90.48015,1.301919071E9,776110,776759
776662,38.712044,-90.4801,1.301919071E9,776110,776759
776662,38.712143,-90.48006,1.301919071E9,776110,776759
776662,38.712242,-90.48,1.301919071E9,776110,776759
776662,38.712357,-90.479904,1.301919071E9,776110,776759
776662,38.71243,-90.47979,1.301919071E9,776110,776759
776662,38.712486,-90.47965,1.301919071E9,776110,776759
776662,38.712543,-90.47956,1.301919071E9,776110,776759
776662,38.712624,-90.479485,1.301919071E9,776110,776759
776662,38.712624,-90.479485,1.301919071E9,776110,776759
776662,38.72485,-90.48594,1.301919071E9,776110,776759
776662,38.724865,-90.4858,1.301919071E9,776110,776759
776662,38.724846,-90.48569,1.301919071E9,776110,776759
776662,38.72482,-90.48557,1.301919071E9,776110,776759
776662,38.72477,-90.485466,1.301919071E9,776110,776759
776662,38.72472,-90.48536,1.301919071E9,776110,776759
776662,38.72465,-90.48527,1.301919071E9,776110,776759
776662,38.724586,-90.48518,1.301919071E9,776110,776759
776662,38.72452,-90.48509,1.301919071E9,776110,776759
776662,38.72446,-90.484985,1.301919071E9,776110,776759
776662,38.724403,-90.48486,1.301919071E9,776110,776759
776662,38.724354,-90.484764,1.301919071E9,776110,776759
776662,38.724285,-90.484665,1.301919071E9,776110,776759
776662,38.72422,-90.484566,1.301919071E9,776110,776759
776662,38.72415,-90.48447,1.301919071E9,776110,776759
776662,38.72409,-90.48436,1.301919071E9,776110,776759
776662,38.72405,-90.48425,1.301919071E9,776110,776759
776662,38.724007,-90.484116,1.301919071E9,776110,776759
776662,38.723965,-90.48399,1.301919071E9,776110,776759
776662,38.723923,-90.48387,1.301919071E9,776110,776759
776662,38.723885,-90.48374,1.301919071E9,776110,776759
776662,38.723858,-90.48362,1.301919071E9,776110,776759
776662,38.723835,-90.483505,1.301919071E9,776110,776759
776662,38.723812,-90.48338,1.301919071E9,776110,776759
776662,38.723793,-90.48325,1.301919071E9,776110,776759
776662,38.72378,-90.48314,1.301919071E9,776110,776759
776662,38.72377,-90.48301,1.301919071E9,776110,776759
776662,38.72375,-90.48289,1.301919071E9,776110,776759
776662,38.723724,-90.48276,1.301919071E9,776110,776759
776662,38.723686,-90.48265,1.301919071E9,776110,776759
776662,38.723618,-90.4