5.02496,1.301919071E9,776110,776759
776662,-37.872498,145.02504,1.301919071E9,776110,776759
776662,-37.872543,145.02515,1.301919071E9,776110,776759
776662,-37.872585,145.02525,1.301919071E9,776110,776759
776662,-37.872643,145.02538,1.301919071E9,776110,776759
776662,-37.872692,145.02548,1.301919071E9,776110,776759
776662,-37.872726,145.0256,1.301919071E9,776110,776759
776662,-37.872757,145.02574,1.301919071E9,776110,776759
776662,-37.872784,145.02588,1.301919071E9,776110,776759
776662,-37.872818,145.02602,1.301919071E9,776110,776759
776662,-37.872856,145.02612,1.301919071E9,776110,776759
776662,-37.87292,145.02634,1.301919071E9,776110,776759
776662,-37.87295,145.02649,1.301919071E9,776110,776759
776662,-37.87297,145.02664,1.301919071E9,776110,776759
776662,-37.872974,145.02676,1.301919071E9,776110,776759
776662,-37.873005,145.02698,1.301919071E9,776110,776759
776662,-37.873016,145.02713,1.301919071E9,776110,776759
776662,-37.87302,145.02727,1.301919071E9,776110,776759
776662,-37.87302,145.0274,1.301919071E9,776110,776759
776662,-37.873028,145.02756,1.301919071E9,776110,776759
776662,-37.873035,145.02768,1.301919071E9,776110,776759
776662,-37.87305,145.0278,1.301919071E9,776110,776759
776662,-37.873062,145.02792,1.301919071E9,776110,776759
776662,-37.873077,145.02806,1.301919071E9,776110,776759
776662,-37.873093,145.02818,1.301919071E9,776110,776759
776662,-37.8731,145.02832,1.301919071E9,776110,776759
776662,-37.87311,145.02844,1.301919071E9,776110,776759
776662,-37.873127,145.02858,1.301919071E9,776110,776759
776662,-37.873135,145.0287,1.301919071E9,776110,776759
776662,-37.873158,145.02884,1.301919071E9,776110,776759
776662,-37.873165,145.02899,1.301919071E9,776110,776759
776662,-37.87317,145.02913,1.301919071E9,776110,776759
776662,-37.873184,145.02925,1.301919071E9,776110,776759
776662,-37.87321,145.02937,1.301919071E9,776110,776759
776662,-37.87324,145.02951,1.301919071E9,776110,776759
776662,-37.873253,145.02965,1.301919071E9,776110,776759
776662,-37.873272,145.02977,1.301919071E9,776110,776759
776662,-37.87329,145.02989,1.301919071E9,776110,776759
776662,-37.87332,145.03004,1.301919071E9,776110,776759
776662,-37.873344,145.03018,1.301919071E9,776110,776759
776662,-37.873356,145.03029,1.301919071E9,776110,776759
776662,-37.873363,145.03043,1.301919071E9,776110,776759
776662,-37.873375,145.03055,1.301919071E9,776110,776759
776662,-37.873394,145.03069,1.301919071E9,776110,776759
776662,-37.873417,145.0308,1.301919071E9,776110,776759
776662,-37.87344,145.03094,1.301919071E9,776110,776759
776662,-37.87346,145.03107,1.301919071E9,776110,776759
776662,-37.873466,145.03122,1.301919071E9,776110,776759
776662,-37.873474,145.03134,1.301919071E9,776110,776759
776662,-37.87349,145.03146,1.301919071E9,776110,776759
776662,-37.873516,145.0316,1.301919071E9,776110,776759
776662,-37.87353,145.03172,1.301919071E9,776110,776759
776662,-37.87354,145.03186,1.301919071E9,776110,776759
776662,-37.873547,145.03198,1.301919071E9,776110,776759
776662,-37.87356,145.0321,1.301919071E9,776110,776759
776662,-37.87357,145.03226,1.301919071E9,776110,776759
776662,-37.87358,145.03238,1.301919071E9,776110,776759
776662,-37.873604,145.03252,1.301919071E9,776110,776759
776662,-37.873627,145.03265,1.301919071E9,776110,776759
776662,-37.873646,145.03278,1.301919071E9,776110,776759
776662,-37.87367,145.03291,1.301919071E9,776110,776759
776662,-37.873684,145.03307,1.301919071E9,776110,776759
776662,-37.87369,145.03317,1.301919071E9,776110,776759
776662,-37.8737,145.03333,1.301919071E9,776110,776759
776662,-37.87371,145.03346,1.301919071E9,776110,776759
776662,-37.87371,145.03357,1.301919071E9,776110,776759
776662,-37.873714,145.03369,1.301919071E9,776110,776759
776662,-37.873722,145.03384,1.301919071E9,776110,776759
776662,-37.873737,145.03397,1.301919071E9,776110,776759
776662,-37.87374,145.0341,1.301919071E9,776110,776759
776662,-37.87368,145.03423,1.301919071E9,776110,776759
776662,-37.873596,145.03432,1.301919071E9,776110,776759
776662,-37.87349,145.03438,1.301919071E9,776110,776759
776662,-37.87338,145.03444,1.301919071E9,776110,776759
776662,-37.87329,145.03448,1.301919071E9,776110,776759
776662,-37.87319,145.03453,1.301919071E9,776110,776759
776662,-37.87308,145.03456,1.301919071E9,776110,776759
776662,-37.872974,145.0346,1.301919071E9,776110,776759
776662,-37.872868,145.0346,1.301919071E9,776110,776759
776662,-37.872772,145.03458,1.301919071E9,776110,776759
776662,-37.872677,145.03452,1.301919071E9,776110,776759
776662,-37.87259,145.03445,1.301919071E9,776110,776759
776662,-37.872513,145.0344,1.301919071E9,776110,776759
776662,-37.872417,145.03432,1.301919071E9,776110,776759
776662,-37.872334,145.03424,1.301919071E9,776110,776759
776662,-37.872253,145.03413,1.301919071E9,776110,776759
776662,-37.872166,145.03404,1.301919071E9,776110,776759
776662,-37.872078,145.03395,1.301919071E9,776110,776759
776662,-37.872005,145.03386,1.301919071E9,776110,776759
776662,-37.871937,145.03378,1.301919071E9,776110,776759
776662,-37.871872,145.03369,1.301919071E9,776110,776759
776662,-37.871807,145.03362,1.301919071E9,776110,776759
776662,-37.871735,145.03354,1.301919071E9,776110,776759
776662,-37.871662,145.03345,1.301919071E9,776110,776759
776662,-37.871582,145.03337,1.301919071E9,776110,776759
776662,-37.8715,145.03331,1.301919071E9,776110,776759
776662,-37.871414,145.03326,1.301919071E9,776110,776759
776662,-37.871326,145.03322,1.301919071E9,776110,776759
776662,-37.87124,145.03317,1.301919071E9,776110,776759
776662,-37.871124,145.03314,1.301919071E9,776110,776759
776662,-37.87101,145.03311,1.301919071E9,776110,776759
776662,-37.87092,145.03307,1.301919071E9,776110,776759
776662,-37.87084,145.03294,1.301919071E9,776110,776759
776662,-37.87079,145.03285,1.301919071E9,776110,776759
776662,-37.87073,145.03271,1.301919071E9,776110,776759
776662,-37.87068,145.03258,1.301919071E9,776110,776759
776662,-37.870644,145.03246,1.301919071E9,776110,776759
776662,-37.87061,145.03232,1.301919071E9,776110,776759
776662,-37.87058,145.0322,1.301919071E9,776110,776759
776662,-37.870552,145.03207,1.301919071E9,776110,776759
776662,-37.870533,145.03195,1.301919071E9,776110,776759
776662,-37.870514,145.03185,1.301919071E9,776110,776759
776662,-37.870487,145.03171,1.301919071E9,776110,776759
776662,-37.870457,145.03157,1.301919071E9,776110,776759
776662,-37.870438,145.03146,1.301919071E9,776110,776759
776662,-37.87041,145.03134,1.301919071E9,776110,776759
776662,-37.870388,145.0312,1.301919071E9,776110,776759
776662,-37.87038,145.03108,1.301919071E9,776110,776759
776662,-37.870365,145.03096,1.301919071E9,776110,776759
776662,-37.870342,145.0308,1.301919071E9,776110,776759
776662,-37.870316,145.0307,1.301919071E9,776110,776759
776662,-37.870293,145.0306,1.301919071E9,776110,776759
776662,-37.870262,145.03044,1.301919071E9,776110,776759
776662,-37.87024,145.0303,1.301919071E9,776110,776759
776662,-37.870228,145.03017,1.301919071E9,776110,776759
776662,-37.870193,145.02983,1.301919071E9,776110,776759
776662,-37.87018,145.02971,1.301919071E9,776110,776759
776662,-37.87014,145.02942,1.301919071E9,776110,776759
776662,-37.870117,145.02927,1.301919071E9,776110,776759
776662,-37.8701,145.02913,1.301919071E9,776110,776759
776662,-37.870075,145.02899,1.301919071E9,776110,776759
776662,-37.870056,145.02885,1.301919071E9,776110,776759
776662,-37.870037,145.02872,1.301919071E9,776110,776759
776662,-37.87001,145.02856,1.301919071E9,776110,776759
776662,-37.869995,145.02841,1.301919071E9,776110,776759
776662,-37.869984,145.02829,1.301919071E9,776110,776759
776662,-37.869972,145.02817,1.301919071E9,776110,776759
776662,-37.86996,145.02803,1.301919071E9,776110,776759
776662,-37.869938,145.0279,1.301919071E9,776110,776759
776662,-37.869907,145.02776,1.301919071E9,776110,776759
776662,-37.869884,145.02763,1.301919071E9,776110,776759
776662,-37.869865,145.02751,1.301919071E9,776110,776759
776662,-37.869846,145.02739,1.301919071E9,776110,776759
776662,-37.869823,145.02727,1.301919071E9,776110,776759
776662,-37.869812,145.02715,1.