76110,776759
776662,38.095036,-97.912994,1.301919071E9,776110,776759
776662,38.09495,-97.913,1.301919071E9,776110,776759
776662,38.09485,-97.912994,1.301919071E9,776110,776759
776662,38.09477,-97.912994,1.301919071E9,776110,776759
776662,38.094658,-97.913,1.301919071E9,776110,776759
776662,38.09457,-97.91301,1.301919071E9,776110,776759
776662,38.094463,-97.913,1.301919071E9,776110,776759
776662,38.094376,-97.91301,1.301919071E9,776110,776759
776662,38.094273,-97.913,1.301919071E9,776110,776759
776662,38.094166,-97.91301,1.301919071E9,776110,776759
776662,38.09408,-97.91301,1.301919071E9,776110,776759
776662,38.093994,-97.91302,1.301919071E9,776110,776759
776662,38.09391,-97.91296,1.301919071E9,776110,776759
776662,38.09391,-97.91284,1.301919071E9,776110,776759
776662,38.093914,-97.9127,1.301919071E9,776110,776759
776662,38.093914,-97.9126,1.301919071E9,776110,776759
776662,38.093914,-97.91247,1.301919071E9,776110,776759
776662,38.09392,-97.91236,1.301919071E9,776110,776759
776662,38.09392,-97.91225,1.301919071E9,776110,776759
776662,38.09392,-97.91215,1.301919071E9,776110,776759
776662,38.093925,-97.91202,1.301919071E9,776110,776759
776662,38.093925,-97.911896,1.301919071E9,776110,776759
776662,38.0939,-97.91176,1.301919071E9,776110,776759
776662,38.09386,-97.911606,1.301919071E9,776110,776759
776662,38.09385,-97.911476,1.301919071E9,776110,776759
776662,38.09385,-97.91134,1.301919071E9,776110,776759
776662,38.09385,-97.91122,1.301919071E9,776110,776759
776662,38.093845,-97.91109,1.301919071E9,776110,776759
776662,38.093845,-97.91096,1.301919071E9,776110,776759
776662,38.09384,-97.91083,1.301919071E9,776110,776759
776662,38.09384,-97.91072,1.301919071E9,776110,776759
776662,38.09384,-97.91061,1.301919071E9,776110,776759
776662,38.09384,-97.91043,1.301919071E9,776110,776759
776662,38.093845,-97.9103,1.301919071E9,776110,776759
776662,38.09385,-97.910194,1.301919071E9,776110,776759
776662,38.09386,-97.91007,1.301919071E9,776110,776759
776662,38.093853,-97.909966,1.301919071E9,776110,776759
776662,38.093853,-97.909966,1.301919071E9,776110,776759
776662,38.093674,-97.90999,1.301919071E9,776110,776759
776662,38.09358,-97.90993,1.301919071E9,776110,776759
776662,38.09366,-97.90985,1.301919071E9,776110,776759
776662,38.093746,-97.90983,1.301919071E9,776110,776759
776662,38.09385,-97.90979,1.301919071E9,776110,776759
776662,38.093933,-97.90974,1.301919071E9,776110,776759
776662,38.09404,-97.90972,1.301919071E9,776110,776759
776662,38.094162,-97.90971,1.301919071E9,776110,776759
776662,38.094246,-97.909706,1.301919071E9,776110,776759
776662,38.094334,-97.90968,1.301919071E9,776110,776759
776662,38.09444,-97.9097,1.301919071E9,776110,776759
776662,38.094547,-97.9097,1.301919071E9,776110,776759
776662,38.094658,-97.90972,1.301919071E9,776110,776759
776662,38.094746,-97.909805,1.301919071E9,776110,776759
776662,38.09479,-97.90991,1.301919071E9,776110,776759
776662,38.09482,-97.910034,1.301919071E9,776110,776759
776662,38.09483,-97.910164,1.301919071E9,776110,776759
776662,38.094845,-97.91029,1.301919071E9,776110,776759
776662,38.094852,-97.91042,1.301919071E9,776110,776759
776662,38.094852,-97.91056,1.301919071E9,776110,776759
776662,38.094833,-97.9107,1.301919071E9,776110,776759
776662,38.094822,-97.91084,1.301919071E9,776110,776759
776662,38.09482,-97.91099,1.301919071E9,776110,776759
776662,38.09481,-97.91114,1.301919071E9,776110,776759
776662,38.09481,-97.9113,1.301919071E9,776110,776759
776662,38.094822,-97.911545,1.301919071E9,776110,776759
776662,38.09484,-97.91171,1.301919071E9,776110,776759
776662,38.094852,-97.911865,1.301919071E9,776110,776759
776662,38.094868,-97.912025,1.301919071E9,776110,776759
776662,38.094875,-97.912186,1.301919071E9,776110,776759
776662,38.09488,-97.912346,1.301919071E9,776110,776759
776662,38.094887,-97.912506,1.301919071E9,776110,776759
776662,38.094887,-97.91267,1.301919071E9,776110,776759
776662,38.094917,-97.912895,1.301919071E9,776110,776759
776662,38.095,-97.91301,1.301919071E9,776110,776759
776662,38.09511,-97.91306,1.301919071E9,776110,776759
776662,38.095226,-97.91306,1.301919071E9,776110,776759
776662,38.09534,-97.91305,1.301919071E9,776110,776759
776662,38.095448,-97.91304,1.301919071E9,776110,776759
776662,38.09555,-97.91303,1.301919071E9,776110,776759
776662,38.095657,-97.91303,1.301919071E9,776110,776759
776662,38.095757,-97.913025,1.301919071E9,776110,776759
776662,38.095863,-97.91302,1.301919071E9,776110,776759
776662,38.095963,-97.91301,1.301919071E9,776110,776759
776662,38.09606,-97.91302,1.301919071E9,776110,776759
776662,38.09616,-97.91302,1.301919071E9,776110,776759
776662,38.09627,-97.913025,1.301919071E9,776110,776759
776662,38.09638,-97.91304,1.301919071E9,776110,776759
776662,38.096497,-97.913055,1.301919071E9,776110,776759
776662,38.096603,-97.91306,1.301919071E9,776110,776759
776662,38.096695,-97.913055,1.301919071E9,776110,776759
776662,38.09687,-97.91307,1.301919071E9,776110,776759
776662,38.09696,-97.913055,1.301919071E9,776110,776759
776662,38.09703,-97.91301,1.301919071E9,776110,776759
776662,38.09709,-97.912926,1.301919071E9,776110,776759
776662,38.09712,-97.91282,1.301919071E9,776110,776759
776662,38.097115,-97.912704,1.301919071E9,776110,776759
776662,38.09711,-97.91258,1.301919071E9,776110,776759
776662,38.097103,-97.91246,1.301919071E9,776110,776759
776662,38.09711,-97.91234,1.301919071E9,776110,776759
776662,38.09711,-97.91222,1.301919071E9,776110,776759
776662,38.097103,-97.91209,1.301919071E9,776110,776759
776662,38.0971,-97.911964,1.301919071E9,776110,776759
776662,38.097103,-97.911835,1.301919071E9,776110,776759
776662,38.097115,-97.91171,1.301919071E9,776110,776759
776662,38.09712,-97.91158,1.301919071E9,776110,776759
776662,38.09712,-97.91145,1.301919071E9,776110,776759
776662,38.09712,-97.91132,1.301919071E9,776110,776759
776662,38.097115,-97.911194,1.301919071E9,776110,776759
776662,38.097115,-97.91106,1.301919071E9,776110,776759
776662,38.097115,-97.91093,1.301919071E9,776110,776759
776662,38.09711,-97.91079,1.301919071E9,776110,776759
776662,38.097103,-97.91066,1.301919071E9,776110,776759
776662,38.0971,-97.91052,1.301919071E9,776110,776759
776662,38.097103,-97.910385,1.301919071E9,776110,776759
776662,38.09709,-97.91025,1.301919071E9,776110,776759
776662,38.09709,-97.91011,1.301919071E9,776110,776759
776662,38.09709,-97.90997,1.301919071E9,776110,776759
776662,38.097088,-97.90984,1.301919071E9,776110,776759
776662,38.097084,-97.90971,1.301919071E9,776110,776759
776662,38.097084,-97.90958,1.301919071E9,776110,776759
776662,38.097084,-97.909454,1.301919071E9,776110,776759
776662,38.09709,-97.90932,1.301919071E9,776110,776759
776662,38.097095,-97.90919,1.301919071E9,776110,776759
776662,38.097103,-97.90905,1.301919071E9,776110,776759
776662,38.0971,-97.90892,1.301919071E9,776110,776759
776662,38.097095,-97.90878,1.301919071E9,776110,776759
776662,38.0971,-97.908646,1.301919071E9,776110,776759
776662,38.0971,-97.90852,1.301919071E9,776110,776759
776662,38.097095,-97.908394,1.301919071E9,776110,776759
776662,38.09709,-97.90826,1.301919071E9,776110,776759
776662,38.09709,-97.90813,1.301919071E9,776110,776759
776662,38.097084,-97.90799,1.301919071E9,776110,776759
776662,38.097088,-97.90787,1.301919071E9,776110,776759
776662,38.097084,-97.907745,1.301919071E9,776110,776759
776662,38.097057,-97.90755,1.301919071E9,776110,776759
776662,38.096992,-97.907455,1.301919071E9,776110,776759
776662,38.096916,-97.90741,1.301919071E9,776110,776759
776662,38.096817,-97.9074,1.301919071E9,776110,776759
776662,38.09671,-97.907394,1.301919071E9,776110,776759
776662,38.0966,-97.907394,1.301919071E9,776110,776759
776662,38.096493,-97.9074,1.301919071E9,776110,776759
776662,38.096386,-97.9074,1.301919071E9,776110,776759
776662,38.09628,-97.9074,1.301919071E9,776110,776759
776662,38.096123,-97.90741,1.301919071E9,776110,776759
776662,38.096016,-97.90741,1.301919071E9,776110,776759
776662,38.09591,-97.90742,1.301919071E9,776110,776759
776662,38.0958,-97.90742,1.301919071E9,776110,776759
776662,38.095684,-