4317,1.301919071E9,776110,776759
776662,56.27386,43.94329,1.301919071E9,776110,776759
776662,56.27393,43.94343,1.301919071E9,776110,776759
776662,56.274006,43.94355,1.301919071E9,776110,776759
776662,56.274063,43.943707,1.301919071E9,776110,776759
776662,56.274136,43.943874,1.301919071E9,776110,776759
776662,56.274204,43.944023,1.301919071E9,776110,776759
776662,56.274254,43.944176,1.301919071E9,776110,776759
776662,56.274307,43.94432,1.301919071E9,776110,776759
776662,56.274364,43.944466,1.301919071E9,776110,776759
776662,56.27441,43.944614,1.301919071E9,776110,776759
776662,56.274433,43.944813,1.301919071E9,776110,776759
776662,56.274452,43.944996,1.301919071E9,776110,776759
776662,56.274487,43.945156,1.301919071E9,776110,776759
776662,56.27452,43.945335,1.301919071E9,776110,776759
776662,56.274555,43.945488,1.301919071E9,776110,776759
776662,56.27457,43.94566,1.301919071E9,776110,776759
776662,56.274643,43.94583,1.301919071E9,776110,776759
776662,56.27472,43.94602,1.301919071E9,776110,776759
776662,56.274765,43.94621,1.301919071E9,776110,776759
776662,56.274803,43.946358,1.301919071E9,776110,776759
776662,56.274857,43.94653,1.301919071E9,776110,776759
776662,56.274933,43.946632,1.301919071E9,776110,776759
776662,56.27503,43.94676,1.301919071E9,776110,776759
776662,56.275135,43.946854,1.301919071E9,776110,776759
776662,56.275227,43.946945,1.301919071E9,776110,776759
776662,56.2753,43.94705,1.301919071E9,776110,776759
776662,56.27539,43.947147,1.301919071E9,776110,776759
776662,56.27548,43.94724,1.301919071E9,776110,776759
776662,56.275562,43.947308,1.301919071E9,776110,776759
776662,56.275654,43.947407,1.301919071E9,776110,776759
776662,56.27575,43.947495,1.301919071E9,776110,776759
776662,56.275837,43.947544,1.301919071E9,776110,776759
776662,56.27595,43.947582,1.301919071E9,776110,776759
776662,56.27605,43.947643,1.301919071E9,776110,776759
776662,56.27614,43.94773,1.301919071E9,776110,776759
776662,56.276222,43.947826,1.301919071E9,776110,776759
776662,56.276318,43.94788,1.301919071E9,776110,776759
776662,56.276432,43.947865,1.301919071E9,776110,776759
776662,56.27652,43.947884,1.301919071E9,776110,776759
776662,56.27662,43.94791,1.301919071E9,776110,776759
776662,56.276703,43.94785,1.301919071E9,776110,776759
776662,56.276775,43.947716,1.301919071E9,776110,776759
776662,56.276836,43.947586,1.301919071E9,776110,776759
776662,56.276924,43.947544,1.301919071E9,776110,776759
776662,56.277016,43.94761,1.301919071E9,776110,776759
776662,56.277103,43.947693,1.301919071E9,776110,776759
776662,56.277195,43.94778,1.301919071E9,776110,776759
776662,56.277294,43.947853,1.301919071E9,776110,776759
776662,56.27738,43.947906,1.301919071E9,776110,776759
776662,56.27748,43.94794,1.301919071E9,776110,776759
776662,56.277588,43.94792,1.301919071E9,776110,776759
776662,56.277676,43.94789,1.301919071E9,776110,776759
776662,56.277782,43.947876,1.301919071E9,776110,776759
776662,56.277874,43.94794,1.301919071E9,776110,776759
776662,56.27796,43.948006,1.301919071E9,776110,776759
776662,56.27806,43.94805,1.301919071E9,776110,776759
776662,56.27815,43.948093,1.301919071E9,776110,776759
776662,56.278267,43.948135,1.301919071E9,776110,776759
776662,56.27837,43.948177,1.301919071E9,776110,776759
776662,56.278484,43.94822,1.301919071E9,776110,776759
776662,56.27851,43.948048,1.301919071E9,776110,776759
776662,56.278564,43.947895,1.301919071E9,776110,776759
776662,56.278576,43.947735,1.301919071E9,776110,776759
776662,56.278572,43.947556,1.301919071E9,776110,776759
776662,56.278603,43.947403,1.301919071E9,776110,776759
776662,56.278656,43.94723,1.301919071E9,776110,776759
776662,56.278706,43.947067,1.301919071E9,776110,776759
776662,56.278774,43.946953,1.301919071E9,776110,776759
776662,56.278835,43.94679,1.301919071E9,776110,776759
776662,56.278896,43.946667,1.301919071E9,776110,776759
776662,56.27892,43.946507,1.301919071E9,776110,776759
776662,56.27896,43.946342,1.301919071E9,776110,776759
776662,56.279015,43.946198,1.301919071E9,776110,776759
776662,56.279037,43.946033,1.301919071E9,776110,776759
776662,56.27907,43.94587,1.301919071E9,776110,776759
776662,56.27903,43.945724,1.301919071E9,776110,776759
776662,56.27903,43.945724,1.301919071E9,776110,776759
