10,776759
776662,18.36626,-66.12336,1.301919071E9,776110,776759
776662,18.36611,-66.1234,1.301919071E9,776110,776759
776662,18.365938,-66.12341,1.301919071E9,776110,776759
776662,18.365765,-66.123436,1.301919071E9,776110,776759
776662,18.36561,-66.12334,1.301919071E9,776110,776759
776662,18.365482,-66.12319,1.301919071E9,776110,776759
776662,18.365328,-66.123146,1.301919071E9,776110,776759
776662,18.36517,-66.123184,1.301919071E9,776110,776759
776662,18.36501,-66.123184,1.301919071E9,776110,776759
776662,18.364883,-66.12314,1.301919071E9,776110,776759
776662,18.364803,-66.1231,1.301919071E9,776110,776759
776662,18.36464,-66.12309,1.301919071E9,776110,776759
776662,18.36456,-66.1231,1.301919071E9,776110,776759
776662,18.364399,-66.12307,1.301919071E9,776110,776759
776662,18.364244,-66.12303,1.301919071E9,776110,776759
776662,18.36423,-66.12303,1.301919071E9,776110,776759
776662,18.36408,-66.122955,1.301919071E9,776110,776759
776662,18.36401,-66.1228,1.301919071E9,776110,776759
776662,18.364101,-66.12267,1.301919071E9,776110,776759
776662,18.364138,-66.12266,1.301919071E9,776110,776759
776662,18.364288,-66.12263,1.301919071E9,776110,776759
776662,18.364447,-66.12263,1.301919071E9,776110,776759
776662,18.364466,-66.12263,1.301919071E9,776110,776759
776662,18.364567,-66.122635,1.301919071E9,776110,776759
776662,18.364717,-66.12269,1.301919071E9,776110,776759
776662,18.36478,-66.12284,1.301919071E9,776110,776759
776662,18.364775,-66.123,1.301919071E9,776110,776759
776662,18.36492,-66.12306,1.301919071E9,776110,776759
776662,18.365084,-66.12304,1.301919071E9,776110,776759
776662,18.365244,-66.12302,1.301919071E9,776110,776759
776662,18.365398,-66.12302,1.301919071E9,776110,776759
776662,18.365538,-66.12301,1.301919071E9,776110,776759
776662,18.365635,-66.12301,1.301919071E9,776110,776759
776662,18.365805,-66.122986,1.301919071E9,776110,776759
776662,18.365953,-66.12297,1.301919071E9,776110,776759
776662,18.366043,-66.122955,1.301919071E9,776110,776759
776662,18.366209,-66.12293,1.301919071E9,776110,776759
776662,18.366339,-66.122955,1.301919071E9,776110,776759
776662,18.366405,-66.123024,1.301919071E9,776110,776759
776662,18.366459,-66.123184,1.301919071E9,776110,776759
776662,18.366407,-66.123375,1.301919071E9,776110,776759
776662,18.366302,-66.12341,1.301919071E9,776110,776759
776662,18.366146,-66.12344,1.301919071E9,776110,776759
776662,18.365973,-66.12346,1.301919071E9,776110,776759
776662,18.365791,-66.12345,1.301919071E9,776110,776759
776662,18.36563,-66.12338,1.301919071E9,776110,776759
776662,18.365414,-66.12319,1.301919071E9,776110,776759
776662,18.365257,-66.12317,1.301919071E9,776110,776759
776662,18.365091,-66.123215,1.301919071E9,776110,776759
776662,18.364935,-66.12318,1.301919071E9,776110,776759
776662,18.364798,-66.1231,1.301919071E9,776110,776759
776662,18.364725,-66.12308,1.301919071E9,776110,776759
776662,18.364567,-66.12308,1.301919071E9,776110,776759
776662,18.364414,-66.12306,1.301919071E9,776110,776759
776662,18.364252,-66.123024,1.301919071E9,776110,776759
776662,18.3641,-66.12297,1.301919071E9,776110,776759
776662,18.364035,-66.12281,1.301919071E9,776110,776759
776662,18.364126,-66.12267,1.301919071E9,776110,776759
776662,18.364279,-66.122635,1.301919071E9,776110,776759
776662,18.364443,-66.122635,1.301919071E9,776110,776759
776662,18.36453,-66.122635,1.301919071E9,776110,776759
776662,18.364717,-66.12287,1.301919071E9,776110,776759
776662,18.364717,-66.12287,1.301919071E9,776110,776759
776662,18.364658,-66.12286,1.301919071E9,776110,776759
776662,18.364765,-66.12301,1.301919071E9,776110,776759
776662,18.364922,-66.12302,1.301919071E9,776110,776759
776662,18.36509,-66.123,1.301919071E9,776110,776759
776662,18.36526,-66.122986,1.301919071E9,776110,776759
776662,18.365416,-66.12298,1.301919071E9,776110,776759
776662,18.365578,-66.12298,1.301919071E9,776110,776759
776662,18.36575,-66.122955,1.301919071E9,776110,776759
776662,18.365868,-66.12294,1.301919071E9,776110,776759
776662,18.365961,-66.12293,1.301919071E9,776110,776759
776662,18.36613,-66.1229,1.301919071E9,776110,776759
776662,18.366287,-66.12293,1.301919071E9,776110,776759
776662,18.366365,-66.12309,1.301919071E9,776110,776759
776662,18.36636,-66.12327,1.301919071E9,776110,776759
776662,18.366146,-66.1234,1.301919071E9,776110,776759
776662,18.365982,-66.12343,1.301919071E9,776110,776759
776662,18.365803,-66.12345,1.301919071E9,776110,776759
776662,18.365644,-66.123405,1.301919071E9,776110,776759
776662,18.36551,-66.123314,1.301919071E9,776110,776759
776662,18.365389,-66.1232,1.301919071E9,776110,776759
776662,18.365213,-66.1232,1.301919071E9,776110,776759
776662,18.36506,-66.12324,1.301919071E9,776110,776759
776662,18.364906,-66.12321,1.301919071E9,776110,776759
776662,18.364756,-66.12313,1.301919071E9,776110,776759
776662,18.36474,-66.12313,1.301919071E9,776110,776759
776662,18.364515,-66.12311,1.301919071E9,776110,776759
776662,18.364355,-66.12308,1.301919071E9,776110,776759
776662,18.36424,-66.12305,1.301919071E9,776110,776759
776662,18.364094,-66.12293,1.301919071E9,776110,776759
776662,18.364103,-66.122765,1.301919071E9,776110,776759
776662,18.36424,-66.12265,1.301919071E9,776110,776759
776662,18.364061,-66.12253,1.301919071E9,776110,776759
776662,18.364061,-66.12253,1.301919071E9,776110,776759
776662,18.363985,-66.122375,1.301919071E9,776110,776759
776662,18.363976,-66.12221,1.301919071E9,776110,776759
776662,18.363974,-66.12203,1.301919071E9,776110,776759
776662,18.36399,-66.12186,1.301919071E9,776110,776759
776662,18.364,-66.12171,1.301919071E9,776110,776759
776662,18.364008,-66.12161,1.301919071E9,776110,776759
776662,18.364012,-66.12151,1.301919071E9,776110,776759
776662,18.36401,-66.121346,1.301919071E9,776110,776759
776662,18.363962,-66.1209,1.301919071E9,776110,776759
776662,18.363972,-66.12078,1.301919071E9,776110,776759
776662,18.363977,-66.120605,1.301919071E9,776110,776759
776662,18.363974,-66.1204,1.301919071E9,776110,776759
776662,18.363935,-66.12001,1.301919071E9,776110,776759
776662,18.3638,-66.11984,1.301919071E9,776110,776759
776662,18.363586,-66.11983,1.301919071E9,776110,776759
776662,18.363503,-66.11983,1.301919071E9,776110,776759
776662,18.363298,-66.11983,1.301919071E9,776110,776759
776662,18.363144,-66.11983,1.301919071E9,776110,776759
776662,18.36305,-66.11983,1.301919071E9,776110,776759
776662,18.362795,-66.119865,1.301919071E9,776110,776759
776662,18.362375,-66.12002,1.301919071E9,776110,776759
776662,18.362259,-66.12009,1.301919071E9,776110,776759
776662,18.362165,-66.12025,1.301919071E9,776110,776759
776662,18.36219,-66.12045,1.301919071E9,776110,776759
776662,18.362276,-66.12067,1.301919071E9,776110,776759
776662,18.36233,-66.120834,1.301919071E9,776110,776759
776662,18.362387,-66.121025,1.301919071E9,776110,776759
776662,18.362425,-66.12118,1.301919071E9,776110,776759
776662,18.362438,-66.121346,1.301919071E9,776110,776759
776662,18.362474,-66.121506,1.301919071E9,776110,776759
776662,18.362556,-66.12174,1.301919071E9,776110,776759
776662,18.36261,-66.1219,1.301919071E9,776110,776759
776662,18.36265,-66.12208,1.301919071E9,776110,776759
776662,18.362707,-66.122246,1.301919071E9,776110,776759
776662,18.362768,-66.12239,1.301919071E9,776110,776759
776662,18.362799,-66.12247,1.301919071E9,776110,776759
776662,18.362846,-66.12263,1.301919071E9,776110,776759
776662,18.36288,-66.12279,1.301919071E9,776110,776759
776662,18.362965,-66.12299,1.301919071E9,776110,776759
776662,18.362991,-66.12309,1.301919071E9,776110,776759
776662,18.363022,-66.12325,1.301919071E9,776110,776759
776662,18.363056,-66.12342,1.301919071E9,776110,776759
776662,18.363106,-66.12359,1.301919071E9,776110,776759
776662,18.363152,-66.12375,1.301919071E9,776110,776759
776662,18.36321,-66.123924,1.301919071E9,776110,776759
776662,18.363274,-66.124084,1.301919071E9,776110,776759
776662,18.36328,-66.12412,1.301919071E9,776110,776759
776662,18.363308,-66.1243,1.301919071E9,776110,776759
776662,18.36333,-66.12447,1.301919071E9,776110,776759
776662,18.363354,-66.12465,1.301919071E9,