662,38.76998,-90.53784,1.301919071E9,776110,776759
776662,38.769928,-90.53794,1.301919071E9,776110,776759
776662,38.769886,-90.538055,1.301919071E9,776110,776759
776662,38.769833,-90.53817,1.301919071E9,776110,776759
776662,38.76978,-90.53827,1.301919071E9,776110,776759
776662,38.769733,-90.53839,1.301919071E9,776110,776759
776662,38.769672,-90.538506,1.301919071E9,776110,776759
776662,38.769623,-90.53861,1.301919071E9,776110,776759
776662,38.769558,-90.53873,1.301919071E9,776110,776759
776662,38.7695,-90.53883,1.301919071E9,776110,776759
776662,38.769444,-90.538956,1.301919071E9,776110,776759
776662,38.76939,-90.53906,1.301919071E9,776110,776759
776662,38.76933,-90.539154,1.301919071E9,776110,776759
776662,38.76927,-90.53925,1.301919071E9,776110,776759
776662,38.76919,-90.539314,1.301919071E9,776110,776759
776662,38.769104,-90.53937,1.301919071E9,776110,776759
776662,38.769005,-90.539444,1.301919071E9,776110,776759
776662,38.76892,-90.53951,1.301919071E9,776110,776759
776662,38.76883,-90.53956,1.301919071E9,776110,776759
776662,38.768738,-90.539604,1.301919071E9,776110,776759
776662,38.768646,-90.53966,1.301919071E9,776110,776759
776662,38.768555,-90.53971,1.301919071E9,776110,776759
776662,38.768444,-90.53975,1.301919071E9,776110,776759
776662,38.76835,-90.539795,1.301919071E9,776110,776759
776662,38.768253,-90.53985,1.301919071E9,776110,776759
776662,38.76817,-90.53992,1.301919071E9,776110,776759
776662,38.76808,-90.539986,1.301919071E9,776110,776759
776662,38.76801,-90.54007,1.301919071E9,776110,776759
776662,38.767937,-90.540146,1.301919071E9,776110,776759
776662,38.76786,-90.540245,1.301919071E9,776110,776759
776662,38.76779,-90.54034,1.301919071E9,776110,776759
776662,38.76772,-90.54042,1.301919071E9,776110,776759
776662,38.767635,-90.540504,1.301919071E9,776110,776759
776662,38.767536,-90.5406,1.301919071E9,776110,776759
776662,38.767456,-90.540695,1.301919071E9,776110,776759
776662,38.767372,-90.54075,1.301919071E9,776110,776759
776662,38.76727,-90.540794,1.301919071E9,776110,776759
776662,38.76718,-90.54082,1.301919071E9,776110,776759
776662,38.76708,-90.54083,1.301919071E9,776110,776759
776662,38.76698,-90.54087,1.301919071E9,776110,776759
776662,38.76688,-90.540924,1.301919071E9,776110,776759
776662,38.76678,-90.540985,1.301919071E9,776110,776759
776662,38.766685,-90.541046,1.301919071E9,776110,776759
776662,38.76659,-90.541084,1.301919071E9,776110,776759
776662,38.766525,-90.54118,1.301919071E9,776110,776759
776662,38.766476,-90.54128,1.301919071E9,776110,776759
776662,38.766422,-90.54141,1.301919071E9,776110,776759
776662,38.766357,-90.54152,1.301919071E9,776110,776759
776662,38.7663,-90.54163,1.301919071E9,776110,776759
776662,38.76625,-90.54174,1.301919071E9,776110,776759
776662,38.766186,-90.541855,1.301919071E9,776110,776759
776662,38.76612,-90.54195,1.301919071E9,776110,776759
776662,38.766052,-90.542046,1.301919071E9,776110,776759
776662,38.76598,-90.542145,1.301919071E9,776110,776759
776662,38.76592,-90.54225,1.301919071E9,776110,776759
776662,38.765877,-90.54236,1.301919071E9,776110,776759
776662,38.76584,-90.54247,1.301919071E9,776110,776759
776662,38.76579,-90.54258,1.301919071E9,776110,776759
776662,38.765724,-90.5427,1.301919071E9,776110,776759
776662,38.765667,-90.54281,1.301919071E9,776110,776759
776662,38.76562,-90.54291,1.301919071E9,776110,776759
776662,38.765537,-90.54301,1.301919071E9,776110,776759
776662,38.76547,-90.54308,1.301919071E9,776110,776759
776662,38.76538,-90.54315,1.301919071E9,776110,776759
776662,38.765285,-90.54321,1.301919071E9,776110,776759
776662,38.7652,-90.543274,1.301919071E9,776110,776759
776662,38.765114,-90.54337,1.301919071E9,776110,776759
776662,38.76505,-90.54346,1.301919071E9,776110,776759
776662,38.764954,-90.54349,1.301919071E9,776110,776759
776662,38.76501,-90.54337,1.301919071E9,776110,776759
776662,38.765083,-90.54329,1.301919071E9,776110,776759
776662,38.765156,-90.54322,1.301919071E9,776110,776759
776662,38.765236,-90.54316,1.301919071E9,776110,776759
776662,38.765324,-90.543106,1.301919071E9,776110,776759
776662,38.765396,-90.54304,1.301919071E9,776110,776759
776662,38.76547,-90.54296,1.301919071E9,776110,776759
776662,38.765545,-90.54287,1.301919071E9,776110,776759
776662,38.765614,-90.54278,1.301919071E9,776110,776759
776662,38.76568,-90.54267,1.301919071E9,776110,776759
776662,38.765743,-90.54255,1.301919071E9,776110,776759
776662,38.765797,-90.54245,1.301919071E9,776110,776759
776662,38.76583,-90.54234,1.301919071E9,776110,776759
776662,38.76587,-90.54224,1.301919071E9,776110,776759
776662,38.76593,-90.542114,1.301919071E9,776110,776759
776662,38.766006,-90.54201,1.301919071E9,776110,776759
776662,38.766064,-90.54191,1.301919071E9,776110,776759
776662,38.766113,-90.541794,1.301919071E9,776110,776759
776662,38.766167,-90.54169,1.301919071E9,776110,776759
776662,38.766224,-90.54159,1.301919071E9,776110,776759
776662,38.766277,-90.5415,1.301919071E9,776110,776759
776662,38.76633,-90.541374,1.301919071E9,776110,776759
776662,38.766388,-90.541275,1.301919071E9,776110,776759
776662,38.766457,-90.541176,1.301919071E9,776110,776759
776662,38.76654,-90.54108,1.301919071E9,776110,776759
776662,38.76664,-90.540985,1.301919071E9,776110,776759
776662,38.766716,-90.54092,1.301919071E9,776110,776759
776662,38.76681,-90.54086,1.301919071E9,776110,776759
776662,38.76692,-90.54081,1.301919071E9,776110,776759
776662,38.76701,-90.54078,1.301919071E9,776110,776759
776662,38.767128,-90.54076,1.301919071E9,776110,776759
776662,38.76725,-90.54073,1.301919071E9,776110,776759
776662,38.767345,-90.54071,1.301919071E9,776110,776759
776662,38.76745,-90.54066,1.301919071E9,776110,776759
776662,38.76753,-90.540596,1.301919071E9,776110,776759
776662,38.76761,-90.5405,1.301919071E9,776110,776759
776662,38.76767,-90.540405,1.301919071E9,776110,776759
776662,38.767742,-90.54031,1.301919071E9,776110,776759
776662,38.767803,-90.54022,1.301919071E9,776110,776759
776662,38.76786,-90.54011,1.301919071E9,776110,776759
776662,38.76793,-90.54001,1.301919071E9,776110,776759
776662,38.76802,-90.53993,1.301919071E9,776110,776759
776662,38.768105,-90.53986,1.301919071E9,776110,776759
776662,38.7682,-90.53979,1.301919071E9,776110,776759
776662,38.768284,-90.539734,1.301919071E9,776110,776759
776662,38.76838,-90.539696,1.301919071E9,776110,776759
776662,38.768467,-90.53966,1.301919071E9,776110,776759
776662,38.768555,-90.539604,1.301919071E9,776110,776759
776662,38.76865,-90.53959,1.301919071E9,776110,776759
776662,38.768738,-90.53956,1.301919071E9,776110,776759
776662,38.76883,-90.53951,1.301919071E9,776110,776759
776662,38.76893,-90.53944,1.301919071E9,776110,776759
776662,38.769005,-90.53937,1.301919071E9,776110,776759
776662,38.76908,-90.53931,1.301919071E9,776110,776759
776662,38.76918,-90.539215,1.301919071E9,776110,776759
776662,38.769257,-90.53913,1.301919071E9,776110,776759
776662,38.76932,-90.53904,1.301919071E9,776110,776759
776662,38.769375,-90.53894,1.301919071E9,776110,776759
776662,38.76944,-90.538826,1.301919071E9,776110,776759
776662,38.76949,-90.53871,1.301919071E9,776110,776759
776662,38.769543,-90.538605,1.301919071E9,776110,776759
776662,38.76961,-90.538506,1.301919071E9,776110,776759
776662,38.76966,-90.5384,1.301919071E9,776110,776759
776662,38.76972,-90.53828,1.301919071E9,776110,776759
776662,38.76977,-90.53817,1.301919071E9,776110,776759
776662,38.769836,-90.53804,1.301919071E9,776110,776759
776662,38.7699,-90.53792,1.301919071E9,776110,776759
776662,38.76996,-90.5378,1.301919071E9,776110,776759
776662,38.77001,-90.53769,1.301919071E9,776110,776759
776662,38.77006,-90.537575,1.301919071E9,776110,776759
776662,38.77011,-90.53746,1.301919071E9,776110,776759
776662,38.77016,-90.53735,1.301919071E9,776110,776759
776662,38.77023,-90.53724,1.301919071E9,776110,776759
776662,38.770287,-90.537125,1.301919071E9,776110,776759
776662,38.770336,-90.53702,1.301919071E9,776110,776759
776662,38.770386,-90.5369,1.301919071E9,776110,776759
776662,38.770447,-90.5368,1.301919071E9,776110,776759
776662,38.77051,-90.53