62,41.715626,-91.60374,1.301919071E9,776110,776759
776662,41.71573,-91.60377,1.301919071E9,776110,776759
776662,41.71582,-91.603745,1.301919071E9,776110,776759
776662,41.715904,-91.60368,1.301919071E9,776110,776759
776662,41.715977,-91.60359,1.301919071E9,776110,776759
776662,41.71606,-91.60351,1.301919071E9,776110,776759
776662,41.716152,-91.60344,1.301919071E9,776110,776759
776662,41.716255,-91.60342,1.301919071E9,776110,776759
776662,41.716354,-91.60342,1.301919071E9,776110,776759
776662,41.716457,-91.60341,1.301919071E9,776110,776759
776662,41.71656,-91.60342,1.301919071E9,776110,776759
776662,41.716656,-91.60342,1.301919071E9,776110,776759
776662,41.71674,-91.60342,1.301919071E9,776110,776759
776662,41.716858,-91.60342,1.301919071E9,776110,776759
776662,41.71697,-91.60343,1.301919071E9,776110,776759
776662,41.717083,-91.60342,1.301919071E9,776110,776759
776662,41.717167,-91.60342,1.301919071E9,776110,776759
776662,41.717262,-91.60341,1.301919071E9,776110,776759
776662,41.717365,-91.60341,1.301919071E9,776110,776759
776662,41.717457,-91.60341,1.301919071E9,776110,776759
776662,41.717552,-91.60341,1.301919071E9,776110,776759
776662,41.717644,-91.60341,1.301919071E9,776110,776759
776662,41.71773,-91.60341,1.301919071E9,776110,776759
776662,41.717842,-91.60341,1.301919071E9,776110,776759
776662,41.717953,-91.60341,1.301919071E9,776110,776759
776662,41.71805,-91.6034,1.301919071E9,776110,776759
776662,41.718155,-91.60339,1.301919071E9,776110,776759
776662,41.718258,-91.60339,1.301919071E9,776110,776759
776662,41.718376,-91.603386,1.301919071E9,776110,776759
776662,41.718468,-91.603386,1.301919071E9,776110,776759
776662,41.718567,-91.60338,1.301919071E9,776110,776759
776662,41.718674,-91.60338,1.301919071E9,776110,776759
776662,41.71879,-91.603386,1.301919071E9,776110,776759
776662,41.718914,-91.60338,1.301919071E9,776110,776759
776662,41.719044,-91.60337,1.301919071E9,776110,776759
776662,41.719173,-91.60337,1.301919071E9,776110,776759
776662,41.719315,-91.60336,1.301919071E9,776110,776759
776662,41.719437,-91.60337,1.301919071E9,776110,776759
776662,41.71953,-91.60336,1.301919071E9,776110,776759
776662,41.719654,-91.60336,1.301919071E9,776110,776759
776662,41.719784,-91.60336,1.301919071E9,776110,776759
776662,41.71991,-91.60337,1.301919071E9,776110,776759
776662,41.72004,-91.60337,1.301919071E9,776110,776759
776662,41.720154,-91.60338,1.301919071E9,776110,776759
776662,41.720272,-91.603355,1.301919071E9,776110,776759
776662,41.72043,-91.60337,1.301919071E9,776110,776759
776662,41.72067,-91.60334,1.301919071E9,776110,776759
776662,41.72088,-91.60336,1.301919071E9,776110,776759
776662,41.720997,-91.60335,1.301919071E9,776110,776759
776662,41.72111,-91.60335,1.301919071E9,776110,776759
776662,41.721233,-91.60333,1.301919071E9,776110,776759
776662,41.721336,-91.603325,1.301919071E9,776110,776759
776662,41.72143,-91.60331,1.301919071E9,776110,776759
776662,41.72154,-91.603294,1.301919071E9,776110,776759
776662,41.721672,-91.60329,1.301919071E9,776110,776759
776662,41.721798,-91.603294,1.301919071E9,776110,776759
776662,41.72193,-91.60331,1.301919071E9,776110,776759
776662,41.722054,-91.60331,1.301919071E9,776110,776759
776662,41.722176,-91.60331,1.301919071E9,776110,776759
776662,41.722298,-91.60331,1.301919071E9,776110,776759
776662,41.722412,-91.60332,1.301919071E9,776110,776759
776662,41.72253,-91.603325,1.301919071E9,776110,776759
776662,41.72264,-91.60331,1.301919071E9,776110,776759
776662,41.72274,-91.60331,1.301919071E9,776110,776759
776662,41.72283,-91.6033,1.301919071E9,776110,776759
776662,41.72292,-91.60332,1.301919071E9,776110,776759
776662,41.723026,-91.603325,1.301919071E9,776110,776759
776662,41.72313,-91.60334,1.301919071E9,776110,776759
776662,41.723225,-91.603355,1.301919071E9,776110,776759
776662,41.723316,-91.60335,1.301919071E9,776110,776759
776662,41.72341,-91.60335,1.301919071E9,776110,776759
776662,41.72353,-91.603355,1.301919071E9,776110,776759
776662,41.723625,-91.603355,1.301919071E9,776110,776759
776662,41.723717,-91.60334,1.301919071E9,776110,776759
776662,41.72383,-91.60332,1.301919071E9,776110,776759
776662,41.723953,-91.6033,1.301919071E9,776110,776759
776662,41.72404,-91.603294,1.301919071E9,776110,776759
776662,41.72419,-91.603294,1.301919071E9,776110,776759
776662,41.724335,-91.603294,1.301919071E9,776110,776759
776662,41.724457,-91.60333,1.301919071E9,776110,776759
776662,41.72457,-91.60339,1.301919071E9,776110,776759
776662,41.724686,-91.60338,1.301919071E9,776110,776759
776662,41.724777,-91.60342,1.301919071E9,776110,776759
776662,41.724876,-91.603424,1.301919071E9,776110,776759
776662,41.724964,-91.60343,1.301919071E9,776110,776759
776662,41.725136,-91.60344,1.301919071E9,776110,776759
776662,41.725227,-91.60346,1.301919071E9,776110,776759
776662,41.725307,-91.60347,1.301919071E9,776110,776759
776662,41.725452,-91.60347,1.301919071E9,776110,776759
776662,41.7256,-91.60345,1.301919071E9,776110,776759
776662,41.72574,-91.60345,1.301919071E9,776110,776759
776662,41.72587,-91.603386,1.301919071E9,776110,776759
776662,41.725975,-91.60337,1.301919071E9,776110,776759
776662,41.726124,-91.60335,1.301919071E9,776110,776759
776662,41.726273,-91.60333,1.301919071E9,776110,776759
776662,41.726402,-91.603355,1.301919071E9,776110,776759
776662,41.72652,-91.60333,1.301919071E9,776110,776759
776662,41.726627,-91.603325,1.301919071E9,776110,776759
776662,41.726757,-91.60329,1.301919071E9,776110,776759
776662,41.726887,-91.6033,1.301919071E9,776110,776759
776662,41.727036,-91.60325,1.301919071E9,776110,776759
776662,41.727196,-91.60326,1.301919071E9,776110,776759
776662,41.727337,-91.60323,1.301919071E9,776110,776759
776662,41.727493,-91.603226,1.301919071E9,776110,776759
776662,41.72763,-91.60321,1.301919071E9,776110,776759
776662,41.72772,-91.6032,1.301919071E9,776110,776759
776662,41.727886,-91.603195,1.301919071E9,776110,776759
776662,41.72803,-91.603195,1.301919071E9,776110,776759
776662,41.728123,-91.603195,1.301919071E9,776110,776759
776662,41.728207,-91.60318,1.301919071E9,776110,776759
776662,41.72834,-91.60316,1.301919071E9,776110,776759
776662,41.728523,-91.60319,1.301919071E9,776110,776759
776662,41.728626,-91.603195,1.301919071E9,776110,776759
776662,41.72874,-91.60322,1.301919071E9,776110,776759
776662,41.728832,-91.60323,1.301919071E9,776110,776759
776662,41.728924,-91.60325,1.301919071E9,776110,776759
776662,41.729008,-91.60325,1.301919071E9,776110,776759
776662,41.72909,-91.60326,1.301919071E9,776110,776759
776662,41.729176,-91.60327,1.301919071E9,776110,776759
776662,41.72933,-91.60327,1.301919071E9,776110,776759
776662,41.729465,-91.603264,1.301919071E9,776110,776759
776662,41.729595,-91.60327,1.301919071E9,776110,776759
776662,41.729717,-91.603264,1.301919071E9,776110,776759
776662,41.729824,-91.603264,1.301919071E9,776110,776759
776662,41.72992,-91.60327,1.301919071E9,776110,776759
776662,41.730007,-91.60327,1.301919071E9,776110,776759
776662,41.730095,-91.603264,1.301919071E9,776110,776759
776662,41.730206,-91.603264,1.301919071E9,776110,776759
776662,41.730297,-91.60329,1.301919071E9,776110,776759
776662,41.73039,-91.60331,1.301919071E9,776110,776759
776662,41.730473,-91.60332,1.301919071E9,776110,776759
776662,41.73059,-91.6033,1.301919071E9,776110,776759
776662,41.73067,-91.603386,1.301919071E9,776110,776759
776662,41.73078,-91.60338,1.301919071E9,776110,776759
776662,41.730873,-91.60338,1.301919071E9,776110,776759
776662,41.730988,-91.60338,1.301919071E9,776110,776759
776662,41.731094,-91.60333,1.301919071E9,776110,776759
776662,41.73119,-91.60331,1.301919071E9,776110,776759
776662,41.731285,-91.60332,1.301919071E9,776110,776759
776662,41.731403,-91.60333,1.301919071E9,776110,776759
776662,41.731487,-91.60332,1.301919071E9,776110,776759
776662,41.731606,-91.60332,1.301919071E9,776110,776759
776662,41.731693,-91.60332,1.301919071E9,776110,776759
776662,41.731777,-91.60319,1.301919071E9,776110,776759
776662,41.731846,-91.60313,1.301919071E9,776110,776759
776662,41.73194,-91.60313,1.301919071E9,776110,776759