62,41.87818,-87.62939,1.301919071E9,776110,776759
776662,41.878357,-87.629524,1.301919071E9,776110,776759
776662,41.878716,-87.62954,1.301919071E9,776110,776759
776662,41.878952,-87.629524,1.301919071E9,776110,776759
776662,41.878174,-87.62989,1.301919071E9,776110,776759
776662,41.87793,-87.62964,1.301919071E9,776110,776759
776662,41.877895,-87.62931,1.301919071E9,776110,776759
776662,41.878014,-87.629326,1.301919071E9,776110,776759
776662,41.878395,-87.629166,1.301919071E9,776110,776759
776662,41.87842,-87.62956,1.301919071E9,776110,776759
776662,41.87848,-87.62974,1.301919071E9,776110,776759
776662,41.87849,-87.62987,1.301919071E9,776110,776759
776662,41.87854,-87.63003,1.301919071E9,776110,776759
776662,41.878407,-87.62997,1.301919071E9,776110,776759
776662,41.87851,-87.63003,1.301919071E9,776110,776759
776662,41.878677,-87.62997,1.301919071E9,776110,776759
776662,41.878777,-87.62988,1.301919071E9,776110,776759
776662,41.878883,-87.62978,1.301919071E9,776110,776759
776662,41.87897,-87.62976,1.301919071E9,776110,776759
776662,41.879105,-87.62972,1.301919071E9,776110,776759
776662,41.879314,-87.62963,1.301919071E9,776110,776759
776662,41.879414,-87.6296,1.301919071E9,776110,776759
776662,41.879513,-87.62969,1.301919071E9,776110,776759
776662,41.87964,-87.629684,1.301919071E9,776110,776759
776662,41.879753,-87.629684,1.301919071E9,776110,776759
776662,41.879864,-87.629684,1.301919071E9,776110,776759
776662,41.879986,-87.62971,1.301919071E9,776110,776759
776662,41.880154,-87.62974,1.301919071E9,776110,776759
776662,41.880272,-87.62976,1.301919071E9,776110,776759
776662,41.880383,-87.62979,1.301919071E9,776110,776759
776662,41.880486,-87.6298,1.301919071E9,776110,776759
776662,41.88059,-87.62979,1.301919071E9,776110,776759
776662,41.8807,-87.629814,1.301919071E9,776110,776759
776662,41.88079,-87.62987,1.301919071E9,776110,776759
776662,41.880856,-87.62999,1.301919071E9,776110,776759
776662,41.88077,-87.630035,1.301919071E9,776110,776759
776662,41.880695,-87.63012,1.301919071E9,776110,776759
776662,41.8806,-87.63013,1.301919071E9,776110,776759
776662,41.880512,-87.630066,1.301919071E9,776110,776759
776662,41.88043,-87.63002,1.301919071E9,776110,776759
776662,41.880375,-87.62988,1.301919071E9,776110,776759
776662,41.880417,-87.62977,1.301919071E9,776110,776759
776662,41.880527,-87.62975,1.301919071E9,776110,776759
776662,41.88066,-87.62982,1.301919071E9,776110,776759
776662,41.88076,-87.62994,1.301919071E9,776110,776759
776662,41.88095,-87.63007,1.301919071E9,776110,776759
776662,41.8811,-87.630135,1.301919071E9,776110,776759
776662,41.881218,-87.630135,1.301919071E9,776110,776759
776662,41.881348,-87.630196,1.301919071E9,776110,776759
776662,41.88147,-87.63026,1.301919071E9,776110,776759
776662,41.88156,-87.630226,1.301919071E9,776110,776759
776662,41.88163,-87.63009,1.301919071E9,776110,776759
776662,41.881706,-87.62999,1.301919071E9,776110,776759
776662,41.88175,-87.629875,1.301919071E9,776110,776759
776662,41.881847,-87.62979,1.301919071E9,776110,776759
776662,41.881897,-87.629684,1.301919071E9,776110,776759
776662,41.88199,-87.6296,1.301919071E9,776110,776759
776662,41.882088,-87.62963,1.301919071E9,776110,776759
776662,41.8822,-87.629654,1.301919071E9,776110,776759
776662,41.882263,-87.62967,1.301919071E9,776110,776759
776662,41.8821,-87.62941,1.301919071E9,776110,776759
776662,41.881897,-87.62944,1.301919071E9,776110,776759
776662,41.881874,-87.62991,1.301919071E9,776110,776759
776662,41.882076,-87.62986,1.301919071E9,776110,776759
776662,41.881836,-87.62946,1.301919071E9,776110,776759
776662,41.881676,-87.6298,1.301919071E9,776110,776759
776662,41.881386,-87.629654,1.301919071E9,776110,776759
776662,41.881767,-87.63051,1.301919071E9,776110,776759
776662,41.881878,-87.63032,1.301919071E9,776110,776759
776662,41.88229,-87.63006,1.301919071E9,776110,776759
776662,41.88252,-87.629974,1.301919071E9,776110,776759
776662,41.882397,-87.62879,1.301919071E9,776110,776759
776662,41.882027,-87.62818,1.301919071E9,776110,776759
776662,41.881935,-87.62826,1.301919071E9,776110,776759
776662,41.882023,-87.628914,1.301919071E9,776110,776759
776662,41.882545,-87.62947,1.301919071E9,776110,776759
776662,41.88263,-87.62958,1.301919071E9,776110,776759
776662,41.882973,-87.63002,1.301919071E9,776110,776759
776662,41.88292,-87.63014,1.301919071E9,776110,776759
776662,41.88277,-87.630264,1.301919071E9,776110,776759
776662,41.882626,-87.630325,1.301919071E9,776110,776759
776662,41.882523,-87.63039,1.301919071E9,776110,776759
776662,41.88244,-87.630455,1.301919071E9,776110,776759
776662,41.88235,-87.63039,1.301919071E9,776110,776759
776662,41.88159,-87.62914,1.301919071E9,776110,776759
776662,41.881718,-87.6291,1.301919071E9,776110,776759
776662,41.88128,-87.629776,1.301919071E9,776110,776759
776662,41.881344,-87.62995,1.301919071E9,776110,776759
776662,41.88159,-87.62989,1.301919071E9,776110,776759
776662,41.88135,-87.629814,1.301919071E9,776110,776759
776662,41.881268,-87.62969,1.301919071E9,776110,776759
776662,41.881165,-87.62969,1.301919071E9,776110,776759
776662,41.881042,-87.62966,1.301919071E9,776110,776759
776662,41.88075,-87.62947,1.301919071E9,776110,776759
776662,41.88064,-87.6294,1.301919071E9,776110,776759
776662,41.88055,-87.62934,1.301919071E9,776110,776759
776662,41.88043,-87.62926,1.301919071E9,776110,776759
776662,41.88033,-87.629196,1.301919071E9,776110,776759
776662,41.880245,-87.62914,1.301919071E9,776110,776759
776662,41.88008,-87.62926,1.301919071E9,776110,776759
776662,41.879986,-87.62931,1.301919071E9,776110,776759
776662,41.879875,-87.62936,1.301919071E9,776110,776759
776662,41.877975,-87.63024,1.301919071E9,776110,776759
776662,41.87778,-87.63045,1.301919071E9,776110,776759
776662,41.877876,-87.63041,1.301919071E9,776110,776759
776662,41.877975,-87.63034,1.301919071E9,776110,776759
776662,41.87804,-87.63023,1.301919071E9,776110,776759
776662,41.87797,-87.63006,1.301919071E9,776110,776759
776662,41.87789,-87.62989,1.301919071E9,776110,776759
776662,41.877846,-87.629875,1.301919071E9,776110,776759
776662,41.884323,-87.79441,1.301919071E9,776110,776759
776662,41.88506,-87.78943,1.301919071E9,776110,776759
776662,41.888443,-87.78943,1.301919071E9,776110,776759
776662,41.888252,-87.78308,1.301919071E9,776110,776759
776662,41.888157,-87.780975,1.301919071E9,776110,776759
776662,41.88752,-87.78102,1.301919071E9,776110,776759
776662,41.88742,-87.78454,1.301919071E9,776110,776759
776662,41.88691,-87.784584,1.301919071E9,776110,776759
776662,41.88685,-87.79428,1.301919071E9,776110,776759
776662,41.888668,-87.79445,1.301919071E9,776110,776759
776662,41.888733,-87.79621,1.301919071E9,776110,776759
776662,41.8887,-87.79711,1.301919071E9,776110,776759
776662,41.885185,-87.797066,1.301919071E9,776110,776759
776662,41.88522,-87.7951,1.301919071E9,776110,776759
776662,41.884388,-87.795135,1.301919071E9,776110,776759
776662,41.86534,-87.783936,1.301919071E9,776110,776759
776662,41.88701,-87.784584,1.301919071E9,776110,776759
776662,41.88685,-87.79445,1.301919071E9,776110,776759
776662,41.88675,-87.79518,1.301919071E9,776110,776759
776662,41.883427,-87.79497,1.301919071E9,776110,776759
776662,41.88231,-87.79471,1.301919071E9,776110,776759
776662,41.8871,-87.79344,1.301919071E9,776110,776759
776662,41.887146,-87.79361,1.301919071E9,776110,776759
776662,41.887146,-87.79375,1.301919071E9,776110,776759
776662,41.887096,-87.79385,1.301919071E9,776110,776759
776662,41.887016,-87.79401,1.301919071E9,776110,776759
776662,41.887,-87.79414,1.301919071E9,776110,776759
776662,41.887104,-87.79426,1.301919071E9,776110,776759
776662,41.887234,-87.79426,1.301919071E9,776110,776759
776662,41.887337,-87.79427,1.301919071E9,776110,776759
776662,41.887444,-87.79432,1.301919071E9,776110,776759
776662,41.88755,-87.794365,1.301919071E9,776110,776759
776662,41.887688,-87.79443,1.301919071E9,776110,776759
776662,41.88779,-87.79449,1.301919071E9,776110,776759
776662,41.887882,-87.79452,1.301919071E9,776110,776759
776662,41.887974,-87.79451,1.301919071E9,776110,776759
776662,41.888103,-8