01919071E9,776110,776759
776662,45.599506,-122.620476,1.301919071E9,776110,776759
776662,45.599472,-122.62024,1.301919071E9,776110,776759
776662,45.599438,-122.62001,1.301919071E9,776110,776759
776662,45.599438,-122.61978,1.301919071E9,776110,776759
776662,45.599415,-122.61955,1.301919071E9,776110,776759
776662,45.599392,-122.61934,1.301919071E9,776110,776759
776662,45.59939,-122.61912,1.301919071E9,776110,776759
776662,45.59935,-122.61892,1.301919071E9,776110,776759
776662,45.599323,-122.618706,1.301919071E9,776110,776759
776662,45.5993,-122.6185,1.301919071E9,776110,776759
776662,45.59929,-122.618286,1.301919071E9,776110,776759
776662,45.5993,-122.61809,1.301919071E9,776110,776759
776662,45.599293,-122.617874,1.301919071E9,776110,776759
776662,45.599262,-122.61765,1.301919071E9,776110,776759
776662,45.599255,-122.61747,1.301919071E9,776110,776759
776662,45.59929,-122.617256,1.301919071E9,776110,776759
776662,45.599453,-122.61721,1.301919071E9,776110,776759
776662,45.59954,-122.61717,1.301919071E9,776110,776759
776662,45.599667,-122.61716,1.301919071E9,776110,776759
776662,45.599785,-122.61717,1.301919071E9,776110,776759
776662,45.59984,-122.61705,1.301919071E9,776110,776759
776662,45.599857,-122.616905,1.301919071E9,776110,776759
776662,45.599922,-122.616714,1.301919071E9,776110,776759
776662,45.5999,-122.61651,1.301919071E9,776110,776759
776662,45.599884,-122.616356,1.301919071E9,776110,776759
776662,45.599937,-122.61619,1.301919071E9,776110,776759
776662,45.599968,-122.61602,1.301919071E9,776110,776759
776662,45.599964,-122.61585,1.301919071E9,776110,776759
776662,45.599926,-122.61568,1.301919071E9,776110,776759
776662,45.5999,-122.61549,1.301919071E9,776110,776759
776662,45.599888,-122.61532,1.301919071E9,776110,776759
776662,45.599873,-122.61512,1.301919071E9,776110,776759
776662,45.59987,-122.61494,1.301919071E9,776110,776759
776662,45.599857,-122.61475,1.301919071E9,776110,776759
776662,45.599854,-122.61453,1.301919071E9,776110,776759
776662,45.59984,-122.61431,1.301919071E9,776110,776759
776662,45.59983,-122.61409,1.301919071E9,776110,776759
776662,45.59984,-122.61387,1.301919071E9,776110,776759
776662,45.59982,-122.61367,1.301919071E9,776110,776759
776662,45.59981,-122.61347,1.301919071E9,776110,776759
776662,45.59979,-122.61326,1.301919071E9,776110,776759
776662,45.59975,-122.61314,1.301919071E9,776110,776759
776662,45.59974,-122.61295,1.301919071E9,776110,776759
776662,45.599766,-122.61274,1.301919071E9,776110,776759
776662,45.599735,-122.61257,1.301919071E9,776110,776759
776662,45.5997,-122.61235,1.301919071E9,776110,776759
776662,45.59971,-122.612114,1.301919071E9,776110,776759
776662,45.599693,-122.6119,1.301919071E9,776110,776759
776662,45.599663,-122.611725,1.301919071E9,776110,776759
776662,45.599625,-122.61153,1.301919071E9,776110,776759
776662,45.599598,-122.6113,1.301919071E9,776110,776759
776662,45.599564,-122.6111,1.301919071E9,776110,776759
776662,45.59955,-122.61088,1.301919071E9,776110,776759
776662,45.59954,-122.61066,1.301919071E9,776110,776759
776662,45.599533,-122.61045,1.301919071E9,776110,776759
776662,45.599525,-122.610214,1.301919071E9,776110,776759
776662,45.59951,-122.610016,1.301919071E9,776110,776759
776662,45.599514,-122.60977,1.301919071E9,776110,776759
776662,45.599503,-122.60955,1.301919071E9,776110,776759
776662,45.59949,-122.60932,1.301919071E9,776110,776759
776662,45.599487,-122.609116,1.301919071E9,776110,776759
776662,45.599464,-122.60891,1.301919071E9,776110,776759
776662,45.599438,-122.60868,1.301919071E9,776110,776759
776662,45.599457,-122.608505,1.301919071E9,776110,776759
776662,45.599438,-122.60832,1.301919071E9,776110,776759
776662,45.599438,-122.60815,1.301919071E9,776110,776759
776662,45.599438,-122.607994,1.301919071E9,776110,776759
776662,45.59945,-122.60779,1.301919071E9,776110,776759
776662,45.599422,-122.6076,1.301919071E9,776110,776759
776662,45.599396,-122.60738,1.301919071E9,776110,776759
776662,45.599377,-122.60716,1.301919071E9,776110,776759
776662,45.599384,-122.60703,1.301919071E9,776110,776759
776662,45.599384,-122.6068,1.301919071E9,776110,776759
776662,45.59936,-122.60656,1.301919071E9,776110,776759
776662,45.599346,-122.60634,1.301919071E9,776110,776759
776662,45.599358,-122.60611,1.301919071E9,776110,776759
776662,45.599327,-122.60599,1.301919071E9,776110,776759
776662,45.59932,-122.605774,1.301919071E9,776110,776759
776662,45.59927,-122.60554,1.301919071E9,776110,776759
776662,45.599243,-122.605415,1.301919071E9,776110,776759
776662,45.5992,-122.60519,1.301919071E9,776110,776759
776662,45.599148,-122.60507,1.301919071E9,776110,776759
776662,45.599197,-122.604904,1.301919071E9,776110,776759
776662,45.599125,-122.60468,1.301919071E9,776110,776759
776662,45.599075,-122.60451,1.301919071E9,776110,776759
776662,45.599045,-122.604385,1.301919071E9,776110,776759
776662,45.59906,-122.60424,1.301919071E9,776110,776759
776662,45.599052,-122.60409,1.301919071E9,776110,776759
776662,45.59902,-122.60386,1.301919071E9,776110,776759
776662,45.598965,-122.60364,1.301919071E9,776110,776759
776662,45.598953,-122.60349,1.301919071E9,776110,776759
776662,45.598915,-122.60329,1.301919071E9,776110,776759
776662,45.598896,-122.603065,1.301919071E9,776110,776759
776662,45.59885,-122.602844,1.301919071E9,776110,776759
776662,45.5988,-122.60267,1.301919071E9,776110,776759
776662,45.598785,-122.60254,1.301919071E9,776110,776759
776662,45.59877,-122.6023,1.301919071E9,776110,776759
776662,45.598778,-122.60209,1.301919071E9,776110,776759
776662,45.59873,-122.601875,1.301919071E9,776110,776759
776662,45.5987,-122.60173,1.301919071E9,776110,776759
776662,45.598766,-122.601555,1.301919071E9,776110,776759
776662,45.598743,-122.60141,1.301919071E9,776110,776759
776662,45.59871,-122.60129,1.301919071E9,776110,776759
776662,45.598682,-122.601074,1.301919071E9,776110,776759
776662,45.59865,-122.60095,1.301919071E9,776110,776759
776662,45.598534,-122.60082,1.301919071E9,776110,776759
776662,45.598537,-122.60067,1.301919071E9,776110,776759
776662,45.59853,-122.60053,1.301919071E9,776110,776759
776662,45.598522,-122.600395,1.301919071E9,776110,776759
776662,45.59852,-122.60017,1.301919071E9,776110,776759
776662,45.598484,-122.599945,1.301919071E9,776110,776759
776662,45.59848,-122.59973,1.301919071E9,776110,776759
776662,45.59849,-122.59959,1.301919071E9,776110,776759
776662,45.59851,-122.59943,1.301919071E9,776110,776759
776662,45.59846,-122.599236,1.301919071E9,776110,776759
776662,45.598415,-122.59903,1.301919071E9,776110,776759
776662,45.598347,-122.59885,1.301919071E9,776110,776759
776662,45.598305,-122.59873,1.301919071E9,776110,776759
776662,45.598225,-122.59855,1.301919071E9,776110,776759
776662,45.59817,-122.59843,1.301919071E9,776110,776759
776662,45.598145,-122.598274,1.301919071E9,776110,776759
776662,45.59809,-122.598114,1.301919071E9,776110,776759
776662,45.598087,-122.59787,1.301919071E9,776110,776759
776662,45.59812,-122.59769,1.301919071E9,776110,776759
776662,45.59807,-122.59752,1.301919071E9,776110,776759
776662,45.598057,-122.59739,1.301919071E9,776110,776759
776662,45.59796,-122.59726,1.301919071E9,776110,776759
776662,45.597904,-122.59711,1.301919071E9,776110,776759
776662,45.597836,-122.59691,1.301919071E9,776110,776759
776662,45.597763,-122.5967,1.301919071E9,776110,776759
776662,45.597713,-122.59648,1.301919071E9,776110,776759
776662,45.597626,-122.596306,1.301919071E9,776110,776759
776662,45.597572,-122.59611,1.301919071E9,776110,776759
776662,45.597477,-122.595924,1.301919071E9,776110,776759
776662,45.597385,-122.59573,1.301919071E9,776110,776759
776662,45.597305,-122.59556,1.301919071E9,776110,776759
776662,45.597237,-122.59536,1.301919071E9,776110,776759
776662,45.597157,-122.59516,1.301919071E9,776110,776759
776662,45.597115,-122.594955,1.301919071E9,776110,776759
776662,45.597057,-122.59481,1.301919071E9,776110,776759
776662,45.59697,-122.59462,1.301919071E9,776110,776759
776662,45.596878,-122.59444,1.301919071E9,776110,776759
776662,45.596806,-122.59425,1.301919071E9,776110,776759
77