8,1.301919071E9,776110,776759
776662,48.857414,2.327766,1.301919071E9,776110,776759
776662,48.857304,2.327746,1.301919071E9,776110,776759
776662,48.857185,2.3277,1.301919071E9,776110,776759
776662,48.857086,2.327681,1.301919071E9,776110,776759
776662,48.856983,2.327623,1.301919071E9,776110,776759
776662,48.856888,2.327566,1.301919071E9,776110,776759
776662,48.856796,2.327469,1.301919071E9,776110,776759
776662,48.856716,2.327356,1.301919071E9,776110,776759
776662,48.856647,2.327243,1.301919071E9,776110,776759
776662,48.856617,2.327107,1.301919071E9,776110,776759
776662,48.85657,2.32695,1.301919071E9,776110,776759
776662,48.856487,2.326832,1.301919071E9,776110,776759
776662,48.85638,2.32667,1.301919071E9,776110,776759
776662,48.856277,2.326608,1.301919071E9,776110,776759
776662,48.856186,2.326555,1.301919071E9,776110,776759
776662,48.85608,2.326494,1.301919071E9,776110,776759
776662,48.85608,2.326494,1.301919071E9,776110,776759
776662,48.855583,2.325784,1.301919071E9,776110,776759
776662,48.85553,2.325774,1.301919071E9,776110,776759
776662,48.85541,2.325725,1.301919071E9,776110,776759
776662,48.855312,2.325734,1.301919071E9,776110,776759
776662,48.85521,2.325753,1.301919071E9,776110,776759
776662,48.8551,2.325724,1.301919071E9,776110,776759
776662,48.855,2.325726,1.301919071E9,776110,776759
776662,48.854897,2.325706,1.301919071E9,776110,776759
776662,48.8548,2.325754,1.301919071E9,776110,776759
776662,48.854702,2.325834,1.301919071E9,776110,776759
776662,48.85459,2.325875,1.301919071E9,776110,776759
776662,48.854496,2.325866,1.301919071E9,776110,776759
776662,48.854378,2.32586,1.301919071E9,776110,776759
776662,48.854256,2.325916,1.301919071E9,776110,776759
776662,48.85418,2.32599,1.301919071E9,776110,776759
776662,48.854065,2.326006,1.301919071E9,776110,776759
776662,48.853962,2.326007,1.301919071E9,776110,776759
776662,48.853855,2.326008,1.301919071E9,776110,776759
776662,48.85376,2.326015,1.301919071E9,776110,776759
776662,48.853672,2.325994,1.301919071E9,776110,776759
776662,48.85355,2.326021,1.301919071E9,776110,776759
776662,48.85346,2.326057,1.301919071E9,776110,776759
776662,48.853348,2.326086,1.301919071E9,776110,776759
776662,48.85325,2.326154,1.301919071E9,776110,776759
776662,48.85318,2.326253,1.301919071E9,776110,776759
776662,48.85309,2.32633,1.301919071E9,776110,776759
776662,48.852985,2.326364,1.301919071E9,776110,776759
776662,48.85289,2.326385,1.301919071E9,776110,776759
776662,48.85278,2.326423,1.301919071E9,776110,776759
776662,48.85267,2.326445,1.301919071E9,776110,776759
776662,48.85257,2.326422,1.301919071E9,776110,776759
776662,48.852448,2.326411,1.301919071E9,776110,776759
776662,48.85235,2.326456,1.301919071E9,776110,776759
776662,48.85225,2.326535,1.301919071E9,776110,776759
776662,48.852146,2.326589,1.301919071E9,776110,776759
776662,48.85202,2.326603,1.301919071E9,776110,776759
776662,48.851906,2.32663,1.301919071E9,776110,776759
776662,48.851776,2.326633,1.301919071E9,776110,776759
776662,48.851685,2.326708,1.301919071E9,776110,776759
776662,48.85159,2.326771,1.301919071E9,776110,776759
776662,48.85149,2.326837,1.301919071E9,776110,776759
776662,48.851395,2.326873,1.301919071E9,776110,776759
776662,48.85128,2.326918,1.301919071E9,776110,776759
776662,48.851185,2.326945,1.301919071E9,776110,776759
776662,48.85107,2.326957,1.301919071E9,776110,776759
776662,48.850964,2.326974,1.301919071E9,776110,776759
776662,48.85087,2.326975,1.301919071E9,776110,776759
776662,48.85077,2.326967,1.301919071E9,776110,776759
776662,48.850655,2.327087,1.301919071E9,776110,776759
776662,48.850567,2.327194,1.301919071E9,776110,776759
776662,48.850494,2.327307,1.301919071E9,776110,776759
776662,48.850407,2.327445,1.301919071E9,776110,776759
776662,48.85036,2.327605,1.301919071E9,776110,776759
776662,48.850273,2.327721,1.301919071E9,776110,776759
776662,48.850178,2.327799,1.301919071E9,776110,776759
776662,48.85009,2.327872,1.301919071E9,776110,776759
776662,48.84999,2.327938,1.301919071E9,776110,776759
776662,48.849888,2.328036,1.301919071E9,776110,776759
776662,48.8498,2.328116,1.301919071E9,776110,776759
776662,48.84968,2.328223,1.301919071E9,776110,776759
776662,48.8496,2.328295,1.301919071E9,776110,776759
776662,48.849495,2.328374,1.301919071E9,776110,776759
776662,48.849407,2.328439,1.301919071E9,776110,776759
776662,48.84931,2.328525,1.301919071E9,776110,776759
776662,48.84924,2.328615,1.301919071E9,776110,776759
776662,48.849163,2.328719,1.301919071E9,776110,776759
776662,48.84907,2.328786,1.301919071E9,776110,776759
776662,48.848965,2.3288,1.301919071E9,776110,776759
776662,48.848873,2.328822,1.301919071E9,776110,776759
776662,48.848778,2.328891,1.301919071E9,776110,776759
776662,48.84866,2.328947,1.301919071E9,776110,776759
776662,48.848537,2.328974,1.301919071E9,776110,776759
776662,48.848442,2.329024,1.301919071E9,776110,776759
776662,48.848366,2.329103,1.301919071E9,776110,776759
776662,48.84827,2.329199,1.301919071E9,776110,776759
776662,48.848198,2.329303,1.301919071E9,776110,776759
776662,48.848106,2.329381,1.301919071E9,776110,776759
776662,48.848015,2.329433,1.301919071E9,776110,776759
776662,48.84792,2.329486,1.301919071E9,776110,776759
776662,48.847897,2.329678,1.301919071E9,776110,776759
776662,48.847942,2.329818,1.301919071E9,776110,776759
776662,48.847992,2.329945,1.301919071E9,776110,776759
776662,48.848022,2.330094,1.301919071E9,776110,776759
776662,48.8481,2.330208,1.301919071E9,776110,776759
776662,48.848156,2.330327,1.301919071E9,776110,776759
776662,48.848217,2.330436,1.301919071E9,776110,776759
776662,48.848263,2.330579,1.301919071E9,776110,776759
776662,48.848316,2.330713,1.301919071E9,776110,776759
776662,48.848354,2.330867,1.301919071E9,776110,776759
776662,48.84832,2.330998,1.301919071E9,776110,776759
776662,48.848286,2.331138,1.301919071E9,776110,776759
776662,48.848324,2.331293,1.301919071E9,776110,776759
776662,48.84839,2.331439,1.301919071E9,776110,776759
776662,48.84844,2.331577,1.301919071E9,776110,776759
776662,48.84848,2.331714,1.301919071E9,776110,776759
776662,48.84851,2.33185,1.301919071E9,776110,776759
776662,48.84852,2.332004,1.301919071E9,776110,776759
776662,48.84852,2.332141,1.301919071E9,776110,776759
776662,48.848488,2.33232,1.301919071E9,776110,776759
776662,48.84844,2.332486,1.301919071E9,776110,776759
776662,48.8484,2.332623,1.301919071E9,776110,776759
776662,48.848286,2.332634,1.301919071E9,776110,776759
776662,48.848175,2.332597,1.301919071E9,776110,776759
776662,48.84813,2.332716,1.301919071E9,776110,776759
776662,48.848133,2.332896,1.301919071E9,776110,776759
776662,48.848156,2.333031,1.301919071E9,776110,776759
776662,48.848118,2.333205,1.301919071E9,776110,776759
776662,48.848125,2.333361,1.301919071E9,776110,776759
776662,48.84809,2.333547,1.301919071E9,776110,776759
776662,48.84802,2.333639,1.301919071E9,776110,776759
776662,48.84791,2.333689,1.301919071E9,776110,776759
776662,48.84781,2.333715,1.301919071E9,776110,776759
776662,48.8477,2.333741,1.301919071E9,776110,776759
776662,48.847603,2.333733,1.301919071E9,776110,776759
776662,48.847507,2.333725,1.301919071E9,776110,776759
776662,48.847416,2.3337,1.301919071E9,776110,776759
776662,48.847313,2.333682,1.301919071E9,776110,776759
776662,48.847206,2.333708,1.301919071E9,776110,776759
776662,48.84713,2.333806,1.301919071E9,776110,776759
776662,48.84707,2.333926,1.301919071E9,776110,776759
776662,48.84701,2.334088,1.301919071E9,776110,776759
776662,48.846977,2.334265,1.301919071E9,776110,776759
776662,48.846992,2.334427,1.301919071E9,776110,776759
776662,48.84697,2.334583,1.301919071E9,776110,776759
776662,48.84692,2.334716,1.301919071E9,776110,776759
776662,48.846848,2.33484,1.301919071E9,776110,776759
776662,48.846767,2.334962,1.301919071E9,776110,776759
776662,48.846684,2.335081,1.301919071E9,776110,776759
776662,48.846596,2.335221,1.301919071E9,776110,776759
776662,48.846527,2.335319,1.301919071E9,776110,776759
776662,48.846443,2.33543,1.301919071E9,776110,776759
776662,48.846375,2.335528,1.301919071E9,776110,776759
776662,48.846