0,776759
776662,39.961018,-82.99778,1.301919071E9,776110,776759
776662,39.96092,-82.99775,1.301919071E9,776110,776759
776662,39.960823,-82.99768,1.301919071E9,776110,776759
776662,39.960735,-82.99766,1.301919071E9,776110,776759
776662,39.960632,-82.99765,1.301919071E9,776110,776759
776662,39.960518,-82.99763,1.301919071E9,776110,776759
776662,39.960426,-82.99761,1.301919071E9,776110,776759
776662,39.96031,-82.99761,1.301919071E9,776110,776759
776662,39.96021,-82.99758,1.301919071E9,776110,776759
776662,39.960125,-82.99753,1.301919071E9,776110,776759
776662,39.960022,-82.997444,1.301919071E9,776110,776759
776662,39.959915,-82.99742,1.301919071E9,776110,776759
776662,39.95981,-82.9974,1.301919071E9,776110,776759
776662,39.959717,-82.99739,1.301919071E9,776110,776759
776662,39.959614,-82.997406,1.301919071E9,776110,776759
776662,39.959366,-82.9974,1.301919071E9,776110,776759
776662,39.95926,-82.99739,1.301919071E9,776110,776759
776662,39.95921,-82.99752,1.301919071E9,776110,776759
776662,39.959164,-82.99763,1.301919071E9,776110,776759
776662,39.959114,-82.99775,1.301919071E9,776110,776759
776662,39.95904,-82.99783,1.301919071E9,776110,776759
776662,39.958996,-82.99794,1.301919071E9,776110,776759
776662,39.958965,-82.99809,1.301919071E9,776110,776759
776662,39.958973,-82.998215,1.301919071E9,776110,776759
776662,39.95897,-82.99834,1.301919071E9,776110,776759
776662,39.95896,-82.99849,1.301919071E9,776110,776759
776662,39.958946,-82.99863,1.301919071E9,776110,776759
776662,39.958927,-82.99876,1.301919071E9,776110,776759
776662,39.95891,-82.99889,1.301919071E9,776110,776759
776662,39.958908,-82.99903,1.301919071E9,776110,776759
776662,39.95889,-82.99917,1.301919071E9,776110,776759
776662,39.958866,-82.9993,1.301919071E9,776110,776759
776662,39.958847,-82.99941,1.301919071E9,776110,776759
776662,39.958828,-82.99955,1.301919071E9,776110,776759
776662,39.95882,-82.999664,1.301919071E9,776110,776759
776662,39.95885,-82.999794,1.301919071E9,776110,776759
776662,39.95893,-82.99987,1.301919071E9,776110,776759
776662,39.959034,-82.99993,1.301919071E9,776110,776759
776662,39.959133,-82.999985,1.301919071E9,776110,776759
776662,39.95923,-83.00002,1.301919071E9,776110,776759
776662,39.959496,-83.00011,1.301919071E9,776110,776759
776662,39.959686,-83.000084,1.301919071E9,776110,776759
776662,39.95973,-82.99993,1.301919071E9,776110,776759
776662,39.95981,-82.99965,1.301919071E9,776110,776759
776662,39.959812,-82.99949,1.301919071E9,776110,776759
776662,39.959724,-82.999214,1.301919071E9,776110,776759
776662,39.959717,-82.99909,1.301919071E9,776110,776759
776662,39.959843,-82.99912,1.301919071E9,776110,776759
776662,39.95994,-82.99913,1.301919071E9,776110,776759
776662,39.960052,-82.99912,1.301919071E9,776110,776759
776662,39.96015,-82.99903,1.301919071E9,776110,776759
776662,39.960236,-82.99894,1.301919071E9,776110,776759
776662,39.96032,-82.99885,1.301919071E9,776110,776759
776662,39.960377,-82.99876,1.301919071E9,776110,776759
776662,39.960438,-82.99863,1.301919071E9,776110,776759
776662,39.96048,-82.9985,1.301919071E9,776110,776759
776662,39.9605,-82.99838,1.301919071E9,776110,776759
776662,39.960464,-82.99825,1.301919071E9,776110,776759
776662,39.960423,-82.99813,1.301919071E9,776110,776759
776662,39.960423,-82.99801,1.301919071E9,776110,776759
776662,39.96045,-82.997894,1.301919071E9,776110,776759
776662,39.96052,-82.997795,1.301919071E9,776110,776759
776662,39.960613,-82.99778,1.301919071E9,776110,776759
776662,39.960716,-82.9978,1.301919071E9,776110,776759
776662,39.960823,-82.997826,1.301919071E9,776110,776759
776662,39.960922,-82.99782,1.301919071E9,776110,776759
776662,39.961037,-82.99785,1.301919071E9,776110,776759
776662,39.961143,-82.99789,1.301919071E9,776110,776759
776662,39.961246,-82.997925,1.301919071E9,776110,776759
776662,39.961338,-82.99795,1.301919071E9,776110,776759
776662,39.96144,-82.99798,1.301919071E9,776110,776759
776662,39.961533,-82.998,1.301919071E9,776110,776759
776662,39.961643,-82.99801,1.301919071E9,776110,776759
776662,39.96174,-82.99801,1.301919071E9,776110,776759
776662,39.961845,-82.99801,1.301919071E9,776110,776759
776662,39.961956,-82.998024,1.301919071E9,776110,776759
776662,39.962048,-82.99805,1.301919071E9,776110,776759
776662,39.96215,-82.99809,1.301919071E9,776110,776759
776662,39.96224,-82.99818,1.301919071E9,776110,776759
776662,39.9623,-82.9983,1.301919071E9,776110,776759
776662,39.96233,-82.99843,1.301919071E9,776110,776759
776662,39.962326,-82.99856,1.301919071E9,776110,776759
776662,39.962307,-82.99868,1.301919071E9,776110,776759
776662,39.96229,-82.9988,1.301919071E9,776110,776759
776662,39.962276,-82.998924,1.301919071E9,776110,776759
776662,39.96226,-82.99905,1.301919071E9,776110,776759
776662,39.96224,-82.99918,1.301919071E9,776110,776759
776662,39.962234,-82.99932,1.301919071E9,776110,776759
776662,39.96221,-82.999435,1.301919071E9,776110,776759
776662,39.962185,-82.99957,1.301919071E9,776110,776759
776662,39.962162,-82.99971,1.301919071E9,776110,776759
776662,39.962147,-82.99983,1.301919071E9,776110,776759
776662,39.962135,-82.999954,1.301919071E9,776110,776759
776662,39.96211,-83.000084,1.301919071E9,776110,776759
776662,39.96209,-83.00023,1.301919071E9,776110,776759
776662,39.962055,-83.00035,1.301919071E9,776110,776759
776662,39.961823,-83.00021,1.301919071E9,776110,776759
776662,39.961735,-83.00013,1.301919071E9,776110,776759
776662,39.961594,-83.00013,1.301919071E9,776110,776759
776662,39.96149,-83.00016,1.301919071E9,776110,776759
776662,39.96139,-83.00016,1.301919071E9,776110,776759
776662,39.9613,-83.00015,1.301919071E9,776110,776759
776662,39.961205,-83.000145,1.301919071E9,776110,776759
776662,39.961113,-83.00013,1.301919071E9,776110,776759
776662,39.961006,-83.00011,1.301919071E9,776110,776759
776662,39.96091,-83.00009,1.301919071E9,776110,776759
776662,39.960804,-83.00007,1.301919071E9,776110,776759
776662,39.96061,-83.00018,1.301919071E9,776110,776759
776662,39.96049,-83.000175,1.301919071E9,776110,776759
776662,39.96039,-83.00016,1.301919071E9,776110,776759
776662,39.959904,-83.00017,1.301919071E9,776110,776759
776662,39.959698,-83.000084,1.301919071E9,776110,776759
776662,39.95956,-83.00002,1.301919071E9,776110,776759
776662,39.95946,-82.999985,1.301919071E9,776110,776759
776662,39.95937,-82.99995,1.301919071E9,776110,776759
776662,39.95927,-82.999916,1.301919071E9,776110,776759
776662,39.95917,-82.99989,1.301919071E9,776110,776759
776662,39.959084,-82.99986,1.301919071E9,776110,776759
776662,39.95899,-82.99983,1.301919071E9,776110,776759
776662,39.958908,-82.99975,1.301919071E9,776110,776759
776662,39.958893,-82.99962,1.301919071E9,776110,776759
776662,39.958897,-82.999466,1.301919071E9,776110,776759
776662,39.958904,-82.999344,1.301919071E9,776110,776759
776662,39.958923,-82.99922,1.301919071E9,776110,776759
776662,39.95894,-82.99907,1.301919071E9,776110,776759
776662,39.958958,-82.998955,1.301919071E9,776110,776759
776662,39.958973,-82.998825,1.301919071E9,776110,776759
776662,39.958992,-82.9987,1.301919071E9,776110,776759
776662,39.95901,-82.99857,1.301919071E9,776110,776759
776662,39.959023,-82.99845,1.301919071E9,776110,776759
776662,39.959045,-82.998314,1.301919071E9,776110,776759
776662,39.95906,-82.998184,1.301919071E9,776110,776759
776662,39.959087,-82.998055,1.301919071E9,776110,776759
776662,39.95913,-82.99794,1.301919071E9,776110,776759
776662,39.959167,-82.99782,1.301919071E9,776110,776759
776662,39.95917,-82.99769,1.301919071E9,776110,776759
776662,39.959167,-82.99757,1.301919071E9,776110,776759
776662,39.959213,-82.99746,1.301919071E9,776110,776759
776662,39.9593,-82.99741,1.301919071E9,776110,776759
776662,39.95946,-82.997475,1.301919071E9,776110,776759
776662,39.959553,-82.99749,1.301919071E9,776110,776759
776662,39.959824,-82.99745,1.301919071E9,776110,776759
776662,39.959915,-82.99738,1.301919071E9,776110,776759
776662,39.96001,-82.99731,1.301919071E9,776110,776759
776662,39.960114,-82.99729,1.301919071E9,776110,776759
776662,39.96023,-82.99735,1.301919071E9,776110,776759
776