,776759
776662,38.776466,-90.61456,1.301919071E9,776110,776759
776662,38.776512,-90.61467,1.301919071E9,776110,776759
776662,38.776546,-90.614784,1.301919071E9,776110,776759
776662,38.776577,-90.6149,1.301919071E9,776110,776759
776662,38.77658,-90.61501,1.301919071E9,776110,776759
776662,38.776554,-90.61513,1.301919071E9,776110,776759
776662,38.776524,-90.61524,1.301919071E9,776110,776759
776662,38.776466,-90.61534,1.301919071E9,776110,776759
776662,38.776413,-90.61546,1.301919071E9,776110,776759
776662,38.77634,-90.61558,1.301919071E9,776110,776759
776662,38.776283,-90.61569,1.301919071E9,776110,776759
776662,38.776226,-90.61579,1.301919071E9,776110,776759
776662,38.77618,-90.615906,1.301919071E9,776110,776759
776662,38.776108,-90.616,1.301919071E9,776110,776759
776662,38.776035,-90.616066,1.301919071E9,776110,776759
776662,38.77595,-90.61612,1.301919071E9,776110,776759
776662,38.77586,-90.616135,1.301919071E9,776110,776759
776662,38.775757,-90.616165,1.301919071E9,776110,776759
776662,38.77565,-90.616196,1.301919071E9,776110,776759
776662,38.77556,-90.61624,1.301919071E9,776110,776759
776662,38.775524,-90.61638,1.301919071E9,776110,776759
776662,38.77553,-90.61652,1.301919071E9,776110,776759
776662,38.775528,-90.61667,1.301919071E9,776110,776759
776662,38.77552,-90.6168,1.301919071E9,776110,776759
776662,38.775505,-90.61693,1.301919071E9,776110,776759
776662,38.7755,-90.61704,1.301919071E9,776110,776759
776662,38.775505,-90.617165,1.301919071E9,776110,776759
776662,38.775574,-90.61725,1.301919071E9,776110,776759
776662,38.775677,-90.617256,1.301919071E9,776110,776759
776662,38.775772,-90.61726,1.301919071E9,776110,776759
776662,38.775852,-90.61735,1.301919071E9,776110,776759
776662,38.775852,-90.617485,1.301919071E9,776110,776759
776662,38.77584,-90.6176,1.301919071E9,776110,776759
776662,38.775845,-90.617714,1.301919071E9,776110,776759
776662,38.775864,-90.61784,1.301919071E9,776110,776759
776662,38.775894,-90.61796,1.301919071E9,776110,776759
776662,38.77595,-90.61807,1.301919071E9,776110,776759
776662,38.776028,-90.61818,1.301919071E9,776110,776759
776662,38.776115,-90.61825,1.301919071E9,776110,776759
776662,38.776196,-90.61831,1.301919071E9,776110,776759
776662,38.776264,-90.61841,1.301919071E9,776110,776759
776662,38.776306,-90.61852,1.301919071E9,776110,776759
776662,38.776333,-90.618645,1.301919071E9,776110,776759
776662,38.77633,-90.61877,1.301919071E9,776110,776759
776662,38.776306,-90.61888,1.301919071E9,776110,776759
776662,38.776253,-90.61898,1.301919071E9,776110,776759
776662,38.7762,-90.6191,1.301919071E9,776110,776759
776662,38.77613,-90.6192,1.301919071E9,776110,776759
776662,38.776066,-90.619286,1.301919071E9,776110,776759
776662,38.77599,-90.61936,1.301919071E9,776110,776759
776662,38.776093,-90.61936,1.301919071E9,776110,776759
776662,38.77619,-90.61934,1.301919071E9,776110,776759
776662,38.77625,-90.61925,1.301919071E9,776110,776759
776662,38.776306,-90.61915,1.301919071E9,776110,776759
776662,38.776356,-90.619026,1.301919071E9,776110,776759
776662,38.7764,-90.61892,1.301919071E9,776110,776759
776662,38.776432,-90.61879,1.301919071E9,776110,776759
776662,38.776436,-90.61865,1.301919071E9,776110,776759
776662,38.7764,-90.61852,1.301919071E9,776110,776759
776662,38.776352,-90.61841,1.301919071E9,776110,776759
776662,38.776276,-90.61832,1.301919071E9,776110,776759
776662,38.7762,-90.618225,1.301919071E9,776110,776759
776662,38.776115,-90.61813,1.301919071E9,776110,776759
776662,38.776047,-90.61805,1.301919071E9,776110,776759
776662,38.776012,-90.61791,1.301919071E9,776110,776759
776662,38.776,-90.6178,1.301919071E9,776110,776759
776662,38.776005,-90.617676,1.301919071E9,776110,776759
776662,38.77601,-90.61755,1.301919071E9,776110,776759
776662,38.776047,-90.61744,1.301919071E9,776110,776759
776662,38.776134,-90.61739,1.301919071E9,776110,776759
776662,38.776237,-90.61742,1.301919071E9,776110,776759
776662,38.77634,-90.61739,1.301919071E9,776110,776759
776662,38.776436,-90.617355,1.301919071E9,776110,776759
776662,38.776535,-90.617294,1.301919071E9,776110,776759
776662,38.776604,-90.61721,1.301919071E9,776110,776759
776662,38.776695,-90.61718,1.301919071E9,776110,776759
776662,38.77679,-90.61725,1.301919071E9,776110,776759
776662,38.77688,-90.617325,1.301919071E9,776110,776759
776662,38.77695,-90.61742,1.301919071E9,776110,776759
776662,38.776962,-90.617546,1.301919071E9,776110,776759
776662,38.777054,-90.617584,1.301919071E9,776110,776759
776662,38.77712,-90.617485,1.301919071E9,776110,776759
776662,38.777077,-90.617386,1.301919071E9,776110,776759
776662,38.776993,-90.6173,1.301919071E9,776110,776759
776662,38.776917,-90.617226,1.301919071E9,776110,776759
776662,38.77685,-90.61714,1.301919071E9,776110,776759
776662,38.776783,-90.61703,1.301919071E9,776110,776759
776662,38.776806,-90.61692,1.301919071E9,776110,776759
776662,38.776863,-90.6168,1.301919071E9,776110,776759
776662,38.776917,-90.6167,1.301919071E9,776110,776759
776662,38.77698,-90.61659,1.301919071E9,776110,776759
776662,38.77704,-90.61649,1.301919071E9,776110,776759
776662,38.777107,-90.6164,1.301919071E9,776110,776759
776662,38.777203,-90.61642,1.301919071E9,776110,776759
776662,38.77728,-90.61648,1.301919071E9,776110,776759
776662,38.777367,-90.61654,1.301919071E9,776110,776759
776662,38.77745,-90.6166,1.301919071E9,776110,776759
776662,38.77753,-90.61668,1.301919071E9,776110,776759
776662,38.77762,-90.616745,1.301919071E9,776110,776759
776662,38.77771,-90.61681,1.301919071E9,776110,776759
776662,38.77775,-90.616936,1.301919071E9,776110,776759
776662,38.777775,-90.617065,1.301919071E9,776110,776759
776662,38.77776,-90.617195,1.301919071E9,776110,776759
776662,38.777752,-90.617325,1.301919071E9,776110,776759
776662,38.77775,-90.617455,1.301919071E9,776110,776759
776662,38.777756,-90.617584,1.301919071E9,776110,776759
776662,38.777744,-90.61771,1.301919071E9,776110,776759
776662,38.777706,-90.617836,1.301919071E9,776110,776759
776662,38.77765,-90.61794,1.301919071E9,776110,776759
776662,38.77759,-90.618065,1.301919071E9,776110,776759
776662,38.777534,-90.61819,1.301919071E9,776110,776759
776662,38.77749,-90.61831,1.301919071E9,776110,776759
776662,38.77744,-90.61843,1.301919071E9,776110,776759
776662,38.777386,-90.61856,1.301919071E9,776110,776759
776662,38.77733,-90.618675,1.301919071E9,776110,776759
776662,38.777283,-90.61879,1.301919071E9,776110,776759
776662,38.777233,-90.618904,1.301919071E9,776110,776759
776662,38.777176,-90.61901,1.301919071E9,776110,776759
776662,38.777122,-90.6191,1.301919071E9,776110,776759
776662,38.77708,-90.61921,1.301919071E9,776110,776759
776662,38.77704,-90.61933,1.301919071E9,776110,776759
776662,38.77701,-90.61947,1.301919071E9,776110,776759
776662,38.777023,-90.61959,1.301919071E9,776110,776759
776662,38.777084,-90.61971,1.301919071E9,776110,776759
776662,38.77716,-90.61979,1.301919071E9,776110,776759
776662,38.77725,-90.61987,1.301919071E9,776110,776759
776662,38.77733,-90.61995,1.301919071E9,776110,776759
776662,38.777405,-90.62001,1.301919071E9,776110,776759
776662,38.7775,-90.62009,1.301919071E9,776110,776759
776662,38.777596,-90.62007,1.301919071E9,776110,776759
776662,38.777668,-90.619995,1.301919071E9,776110,776759
776662,38.777725,-90.619896,1.301919071E9,776110,776759
776662,38.777824,-90.61988,1.301919071E9,776110,776759
776662,38.77789,-90.61979,1.301919071E9,776110,776759
776662,38.777946,-90.61969,1.301919071E9,776110,776759
776662,38.778008,-90.619576,1.301919071E9,776110,776759
776662,38.778072,-90.61945,1.301919071E9,776110,776759
776662,38.778145,-90.61935,1.301919071E9,776110,776759
776662,38.778202,-90.61924,1.301919071E9,776110,776759
776662,38.778255,-90.61913,1.301919071E9,776110,776759
776662,38.778313,-90.61903,1.301919071E9,776110,776759
776662,38.77837,-90.61891,1.301919071E9,776110,776759
776662,38.77842,-90.618805,1.301919071E9,776110,776759
776662,38.778465,-90.6187,1.301919071E9,776110,776759
776662,38.77852,-90.61858,1.301919071E9,776110,776759
776662,38.77856,-90.61847,1.301919071E9,776110,776759
776