1.301919071E9,776110,776759
776662,38.708836,-90.48125,1.301919071E9,776110,776759
776662,38.70874,-90.48129,1.301919071E9,776110,776759
776662,38.70865,-90.48136,1.301919071E9,776110,776759
776662,38.70857,-90.481415,1.301919071E9,776110,776759
776662,38.708477,-90.481476,1.301919071E9,776110,776759
776662,38.708385,-90.48154,1.301919071E9,776110,776759
776662,38.708294,-90.48158,1.301919071E9,776110,776759
776662,38.708202,-90.481636,1.301919071E9,776110,776759
776662,38.70811,-90.48171,1.301919071E9,776110,776759
776662,38.708035,-90.48179,1.301919071E9,776110,776759
776662,38.70795,-90.48184,1.301919071E9,776110,776759
776662,38.70786,-90.4819,1.301919071E9,776110,776759
776662,38.70777,-90.481964,1.301919071E9,776110,776759
776662,38.70769,-90.48203,1.301919071E9,776110,776759
776662,38.707603,-90.48208,1.301919071E9,776110,776759
776662,38.707508,-90.482124,1.301919071E9,776110,776759
776662,38.707424,-90.48217,1.301919071E9,776110,776759
776662,38.707314,-90.48221,1.301919071E9,776110,776759
776662,38.707222,-90.48225,1.301919071E9,776110,776759
776662,38.70714,-90.48231,1.301919071E9,776110,776759
776662,38.707073,-90.48238,1.301919071E9,776110,776759
776662,38.707,-90.482445,1.301919071E9,776110,776759
776662,38.706917,-90.48251,1.301919071E9,776110,776759
776662,38.706833,-90.482574,1.301919071E9,776110,776759
776662,38.706722,-90.48261,1.301919071E9,776110,776759
776662,38.7066,-90.48264,1.301919071E9,776110,776759
776662,38.706486,-90.48266,1.301919071E9,776110,776759
776662,38.706394,-90.48268,1.301919071E9,776110,776759
776662,38.70631,-90.482735,1.301919071E9,776110,776759
776662,38.706238,-90.4828,1.301919071E9,776110,776759
776662,38.706165,-90.482895,1.301919071E9,776110,776759
776662,38.706112,-90.483,1.301919071E9,776110,776759
776662,38.706062,-90.48312,1.301919071E9,776110,776759
776662,38.706036,-90.48327,1.301919071E9,776110,776759
776662,38.706013,-90.483376,1.301919071E9,776110,776759
776662,38.70598,-90.48354,1.301919071E9,776110,776759
776662,38.705956,-90.483696,1.301919071E9,776110,776759
776662,38.705936,-90.48382,1.301919071E9,776110,776759
776662,38.70592,-90.48396,1.301919071E9,776110,776759
776662,38.70589,-90.4841,1.301919071E9,776110,776759
776662,38.70585,-90.48422,1.301919071E9,776110,776759
776662,38.705822,-90.484344,1.301919071E9,776110,776759
776662,38.705803,-90.48447,1.301919071E9,776110,776759
776662,38.705795,-90.48459,1.301919071E9,776110,776759
776662,38.70581,-90.48473,1.301919071E9,776110,776759
776662,38.705833,-90.48485,1.301919071E9,776110,776759
776662,38.705833,-90.48498,1.301919071E9,776110,776759
776662,38.705845,-90.4851,1.301919071E9,776110,776759
776662,38.705856,-90.48523,1.301919071E9,776110,776759
776662,38.705856,-90.485344,1.301919071E9,776110,776759
776662,38.705833,-90.48548,1.301919071E9,776110,776759
776662,38.705837,-90.48562,1.301919071E9,776110,776759
776662,38.70586,-90.485756,1.301919071E9,776110,776759
776662,38.705868,-90.48589,1.301919071E9,776110,776759
776662,38.705853,-90.48602,1.301919071E9,776110,776759
776662,38.705853,-90.486145,1.301919071E9,776110,776759
776662,38.70585,-90.486275,1.301919071E9,776110,776759
776662,38.70581,-90.486404,1.301919071E9,776110,776759
776662,38.705795,-90.486534,1.301919071E9,776110,776759
776662,38.70576,-90.48666,1.301919071E9,776110,776759
776662,38.70573,-90.48678,1.301919071E9,776110,776759
776662,38.705723,-90.48689,1.301919071E9,776110,776759
776662,38.705738,-90.487015,1.301919071E9,776110,776759
776662,38.705734,-90.48715,1.301919071E9,776110,776759
776662,38.705715,-90.48729,1.301919071E9,776110,776759
776662,38.705723,-90.48742,1.301919071E9,776110,776759
776662,38.705723,-90.48756,1.301919071E9,776110,776759
776662,38.70572,-90.4877,1.301919071E9,776110,776759
776662,38.70572,-90.48785,1.301919071E9,776110,776759
776662,38.705715,-90.48798,1.301919071E9,776110,776759
776662,38.705685,-90.488106,1.301919071E9,776110,776759
776662,38.705685,-90.488235,1.301919071E9,776110,776759
776662,38.70567,-90.48836,1.301919071E9,776110,776759
776662,38.70565,-90.48848,1.301919071E9,776110,776759
776662,38.705635,-90.4886,1.301919071E9,776110,776759
776662,38.705616,-90.48872,1.301919071E9,776110,776759
776662,38.705643,-90.48885,1.301919071E9,776110,776759
776662,38.705692,-90.48898,1.301919071E9,776110,776759
776662,38.70575,-90.489105,1.301919071E9,776110,776759
776662,38.705803,-90.489235,1.301919071E9,776110,776759
776662,38.705837,-90.48937,1.301919071E9,776110,776759
776662,38.705864,-90.48951,1.301919071E9,776110,776759
776662,38.70586,-90.48964,1.301919071E9,776110,776759
776662,38.705826,-90.48978,1.301919071E9,776110,776759
776662,38.705765,-90.48987,1.301919071E9,776110,776759
776662,38.705673,-90.48988,1.301919071E9,776110,776759
776662,38.705563,-90.48988,1.301919071E9,776110,776759
776662,38.70547,-90.489876,1.301919071E9,776110,776759
776662,38.705368,-90.48989,1.301919071E9,776110,776759
776662,38.705276,-90.48995,1.301919071E9,776110,776759
776662,38.705193,-90.49001,1.301919071E9,776110,776759
776662,38.705105,-90.49005,1.301919071E9,776110,776759
776662,38.70502,-90.49011,1.301919071E9,776110,776759
776662,38.704956,-90.49022,1.301919071E9,776110,776759
776662,38.70493,-90.49034,1.301919071E9,776110,776759
776662,38.704937,-90.490486,1.301919071E9,776110,776759
776662,38.704952,-90.49061,1.301919071E9,776110,776759
776662,38.70497,-90.49072,1.301919071E9,776110,776759
776662,38.704975,-90.49087,1.301919071E9,776110,776759
776662,38.70498,-90.49101,1.301919071E9,776110,776759
776662,38.704983,-90.49115,1.301919071E9,776110,776759
776662,38.704983,-90.49129,1.301919071E9,776110,776759
776662,38.704983,-90.4914,1.301919071E9,776110,776759
776662,38.705006,-90.49154,1.301919071E9,776110,776759
776662,38.705025,-90.49168,1.301919071E9,776110,776759
776662,38.705032,-90.491806,1.301919071E9,776110,776759
776662,38.705055,-90.491936,1.301919071E9,776110,776759
776662,38.70505,-90.49207,1.301919071E9,776110,776759
776662,38.705032,-90.4922,1.301919071E9,776110,776759
776662,38.70504,-90.492325,1.301919071E9,776110,776759
776662,38.705055,-90.49246,1.301919071E9,776110,776759
776662,38.70508,-90.4926,1.301919071E9,776110,776759
776662,38.705097,-90.49272,1.301919071E9,776110,776759
776662,38.705112,-90.49285,1.301919071E9,776110,776759
776662,38.705128,-90.49298,1.301919071E9,776110,776759
776662,38.705097,-90.4931,1.301919071E9,776110,776759
776662,38.705013,-90.49315,1.301919071E9,776110,776759
776662,38.70492,-90.49318,1.301919071E9,776110,776759
776662,38.704823,-90.4932,1.301919071E9,776110,776759
776662,38.70473,-90.49327,1.301919071E9,776110,776759
776662,38.70464,-90.49334,1.301919071E9,776110,776759
776662,38.70457,-90.49344,1.301919071E9,776110,776759
776662,38.704525,-90.493546,1.301919071E9,776110,776759
776662,38.704475,-90.49367,1.301919071E9,776110,776759
776662,38.70442,-90.49376,1.301919071E9,776110,776759
776662,38.704365,-90.49386,1.301919071E9,776110,776759
776662,38.704285,-90.49396,1.301919071E9,776110,776759
776662,38.704216,-90.49406,1.301919071E9,776110,776759
776662,38.70416,-90.49417,1.301919071E9,776110,776759
776662,38.704147,-90.4943,1.301919071E9,776110,776759
776662,38.704155,-90.49443,1.301919071E9,776110,776759
776662,38.704163,-90.49455,1.301919071E9,776110,776759
776662,38.704166,-90.494675,1.301919071E9,776110,776759
776662,38.704166,-90.49481,1.301919071E9,776110,776759
776662,38.70413,-90.494934,1.301919071E9,776110,776759
776662,38.704052,-90.49502,1.301919071E9,776110,776759
776662,38.703968,-90.49509,1.301919071E9,776110,776759
776662,38.703888,-90.49517,1.301919071E9,776110,776759
776662,38.703804,-90.49525,1.301919071E9,776110,776759
776662,38.703712,-90.495316,1.301919071E9,776110,776759
776662,38.703648,-90.49544,1.301919071E9,776110,776759
776662,38.70364,-90.49557,1.301919071E9,776110,776759
776662,38.703667,-90.4957,1.301919071E9,776110,776759
776662,38.703682,-90.49582,1.301919071E9,776110,776759
776662,38.703682,-90.49595,1.301919071E9,776110,776759
776662,38.703644,-90.49606,