.228682,1.301919071E9,776110,776759
776662,48.8559,2.228707,1.301919071E9,776110,776759
776662,48.8558,2.228716,1.301919071E9,776110,776759
776662,48.855705,2.228706,1.301919071E9,776110,776759
776662,48.85559,2.228721,1.301919071E9,776110,776759
776662,48.85548,2.228749,1.301919071E9,776110,776759
776662,48.855377,2.228772,1.301919071E9,776110,776759
776662,48.85529,2.22883,1.301919071E9,776110,776759
776662,48.855198,2.228878,1.301919071E9,776110,776759
776662,48.85509,2.228941,1.301919071E9,776110,776759
776662,48.854996,2.228987,1.301919071E9,776110,776759
776662,48.854897,2.229021,1.301919071E9,776110,776759
776662,48.854797,2.229058,1.301919071E9,776110,776759
776662,48.854675,2.229087,1.301919071E9,776110,776759
776662,48.854572,2.229112,1.301919071E9,776110,776759
776662,48.854458,2.229161,1.301919071E9,776110,776759
776662,48.85435,2.229217,1.301919071E9,776110,776759
776662,48.854267,2.229271,1.301919071E9,776110,776759
776662,48.85417,2.22934,1.301919071E9,776110,776759
776662,48.854073,2.229404,1.301919071E9,776110,776759
776662,48.853992,2.229472,1.301919071E9,776110,776759
776662,48.853893,2.229557,1.301919071E9,776110,776759
776662,48.853798,2.229643,1.301919071E9,776110,776759
776662,48.853695,2.229707,1.301919071E9,776110,776759
776662,48.8536,2.229782,1.301919071E9,776110,776759
776662,48.85351,2.229861,1.301919071E9,776110,776759
776662,48.853424,2.229948,1.301919071E9,776110,776759
776662,48.853336,2.230045,1.301919071E9,776110,776759
776662,48.85326,2.230123,1.301919071E9,776110,776759
776662,48.853165,2.230212,1.301919071E9,776110,776759
776662,48.85308,2.230296,1.301919071E9,776110,776759
776662,48.853,2.230397,1.301919071E9,776110,776759
776662,48.85292,2.230489,1.301919071E9,776110,776759
776662,48.852844,2.23057,1.301919071E9,776110,776759
776662,48.85277,2.230681,1.301919071E9,776110,776759
776662,48.8527,2.230787,1.301919071E9,776110,776759
776662,48.85264,2.230902,1.301919071E9,776110,776759
776662,48.85258,2.231024,1.301919071E9,776110,776759
776662,48.85252,2.23114,1.301919071E9,776110,776759
776662,48.852463,2.23128,1.301919071E9,776110,776759
776662,48.852406,2.231427,1.301919071E9,776110,776759
776662,48.852345,2.231565,1.301919071E9,776110,776759
776662,48.8523,2.23171,1.301919071E9,776110,776759
776662,48.85225,2.231837,1.301919071E9,776110,776759
776662,48.85219,2.23197,1.301919071E9,776110,776759
776662,48.852146,2.232103,1.301919071E9,776110,776759
776662,48.8521,2.232229,1.301919071E9,776110,776759
776662,48.852062,2.232356,1.301919071E9,776110,776759
776662,48.85202,2.2325,1.301919071E9,776110,776759
776662,48.85198,2.232662,1.301919071E9,776110,776759
776662,48.851933,2.232816,1.301919071E9,776110,776759
776662,48.851887,2.232956,1.301919071E9,776110,776759
776662,48.851852,2.233094,1.301919071E9,776110,776759
776662,48.851814,2.233231,1.301919071E9,776110,776759
776662,48.85178,2.233371,1.301919071E9,776110,776759
776662,48.851746,2.233517,1.301919071E9,776110,776759
776662,48.85172,2.233656,1.301919071E9,776110,776759
776662,48.851692,2.233799,1.301919071E9,776110,776759
776662,48.851665,2.233953,1.301919071E9,776110,776759
776662,48.851643,2.234123,1.301919071E9,776110,776759
776662,48.85162,2.234271,1.301919071E9,776110,776759
776662,48.851604,2.234419,1.301919071E9,776110,776759
776662,48.851585,2.234566,1.301919071E9,776110,776759
776662,48.85157,2.234713,1.301919071E9,776110,776759
776662,48.851562,2.234878,1.301919071E9,776110,776759
776662,48.851547,2.235017,1.301919071E9,776110,776759
776662,48.851543,2.235158,1.301919071E9,776110,776759
776662,48.85153,2.235296,1.301919071E9,776110,776759
776662,48.851486,2.235428,1.301919071E9,776110,776759
776662,48.851418,2.235568,1.301919071E9,776110,776759
776662,48.851406,2.235612,1.301919071E9,776110,776759
776662,48.850685,2.237772,1.301919071E9,776110,776759
776662,48.850567,2.237754,1.301919071E9,776110,776759
776662,48.850468,2.237715,1.301919071E9,776110,776759
776662,48.850372,2.237689,1.301919071E9,776110,776759
776662,48.850258,2.237667,1.301919071E9,776110,776759
776662,48.85016,2.237654,1.301919071E9,776110,776759
776662,48.850075,2.237607,1.301919071E9,776110,776759
776662,48.84997,2.237572,1.301919071E9,776110,776759
776662,48.849873,2.237562,1.301919071E9,776110,776759
776662,48.849773,2.237539,1.301919071E9,776110,776759
776662,48.849655,2.237529,1.301919071E9,776110,776759
776662,48.849556,2.237487,1.301919071E9,776110,776759
776662,48.84945,2.237443,1.301919071E9,776110,776759
776662,48.84934,2.237406,1.301919071E9,776110,776759
776662,48.849247,2.237371,1.301919071E9,776110,776759
776662,48.84917,2.237373,1.301919071E9,776110,776759
776662,48.84906,2.237348,1.301919071E9,776110,776759
776662,48.848953,2.237316,1.301919071E9,776110,776759
776662,48.848846,2.237286,1.301919071E9,776110,776759
776662,48.84874,2.237253,1.301919071E9,776110,776759
776662,48.84863,2.237217,1.301919071E9,776110,776759
776662,48.84854,2.237193,1.301919071E9,776110,776759
776662,48.848434,2.237174,1.301919071E9,776110,776759
776662,48.848324,2.237135,1.301919071E9,776110,776759
776662,48.848232,2.237097,1.301919071E9,776110,776759
776662,48.848133,2.237068,1.301919071E9,776110,776759
776662,48.848022,2.237045,1.301919071E9,776110,776759
776662,48.847927,2.237025,1.301919071E9,776110,776759
776662,48.847836,2.237011,1.301919071E9,776110,776759
776662,48.847736,2.236994,1.301919071E9,776110,776759
776662,48.84764,2.236969,1.301919071E9,776110,776759
776662,48.847523,2.23694,1.301919071E9,776110,776759
776662,48.847424,2.236913,1.301919071E9,776110,776759
776662,48.847305,2.236883,1.301919071E9,776110,776759
776662,48.84721,2.23688,1.301919071E9,776110,776759
776662,48.84709,2.236867,1.301919071E9,776110,776759
776662,48.846985,2.236839,1.301919071E9,776110,776759
776662,48.846867,2.236821,1.301919071E9,776110,776759
776662,48.846756,2.236829,1.301919071E9,776110,776759
776662,48.84665,2.236837,1.301919071E9,776110,776759
776662,48.846554,2.236844,1.301919071E9,776110,776759
776662,48.846462,2.236858,1.301919071E9,776110,776759
776662,48.846348,2.236879,1.301919071E9,776110,776759
776662,48.846237,2.236901,1.301919071E9,776110,776759
776662,48.846123,2.236921,1.301919071E9,776110,776759
776662,48.846012,2.236936,1.301919071E9,776110,776759
776662,48.845917,2.236916,1.301919071E9,776110,776759
776662,48.845802,2.236961,1.301919071E9,776110,776759
776662,48.845715,2.237003,1.301919071E9,776110,776759
776662,48.84561,2.237057,1.301919071E9,776110,776759
776662,48.845512,2.23709,1.301919071E9,776110,776759
776662,48.845413,2.237113,1.301919071E9,776110,776759
776662,48.845306,2.237141,1.301919071E9,776110,776759
776662,48.845196,2.23717,1.301919071E9,776110,776759
776662,48.845093,2.237223,1.301919071E9,776110,776759
776662,48.844994,2.237251,1.301919071E9,776110,776759
776662,48.8449,2.237254,1.301919071E9,776110,776759
776662,48.844803,2.237293,1.301919071E9,776110,776759
776662,48.844532,2.237427,1.301919071E9,776110,776759
776662,48.844357,2.237624,1.301919071E9,776110,776759
776662,48.84427,2.237667,1.301919071E9,776110,776759
776662,48.844154,2.237721,1.301919071E9,776110,776759
776662,48.84407,2.237765,1.301919071E9,776110,776759
776662,48.843967,2.237824,1.301919071E9,776110,776759
776662,48.843872,2.237883,1.301919071E9,776110,776759
776662,48.843784,2.237935,1.301919071E9,776110,776759
776662,48.84368,2.237999,1.301919071E9,776110,776759
776662,48.843586,2.238061,1.301919071E9,776110,776759
776662,48.843483,2.238079,1.301919071E9,776110,776759
776662,48.843384,2.238067,1.301919071E9,776110,776759
776662,48.843285,2.238106,1.301919071E9,776110,776759
776662,48.843132,2.238203,1.301919071E9,776110,776759
776662,48.84304,2.238301,1.301919071E9,776110,776759
776662,48.842976,2.2384,1.301919071E9,776110,776759
776662,48.842674,2.238534,1.301919071E9,776110,776759
776662,48.84249,2.238634,1.301919071E9,776110,776759
776662,48.84237,2.238672,1.301919071E9,776110,776759
776662,48.842243,2.238708,1.301919071E9,776110,776759
776662,48.84215,2.238731,1.301919071E9,776110,7