1919071E9,776110,776759
776662,43.35567,-70.45039,1.301919071E9,776110,776759
776662,43.355774,-70.45043,1.301919071E9,776110,776759
776662,43.35588,-70.450485,1.301919071E9,776110,776759
776662,43.355965,-70.45055,1.301919071E9,776110,776759
776662,43.35605,-70.4506,1.301919071E9,776110,776759
776662,43.356144,-70.45065,1.301919071E9,776110,776759
776662,43.356236,-70.45072,1.301919071E9,776110,776759
776662,43.35631,-70.45079,1.301919071E9,776110,776759
776662,43.356388,-70.45088,1.301919071E9,776110,776759
776662,43.356457,-70.45098,1.301919071E9,776110,776759
776662,43.356544,-70.451065,1.301919071E9,776110,776759
776662,43.356632,-70.451164,1.301919071E9,776110,776759
776662,43.3567,-70.451256,1.301919071E9,776110,776759
776662,43.35677,-70.45136,1.301919071E9,776110,776759
776662,43.35685,-70.451454,1.301919071E9,776110,776759
776662,43.35693,-70.45153,1.301919071E9,776110,776759
776662,43.357006,-70.45161,1.301919071E9,776110,776759
776662,43.35709,-70.45169,1.301919071E9,776110,776759
776662,43.357185,-70.45179,1.301919071E9,776110,776759
776662,43.357273,-70.45187,1.301919071E9,776110,776759
776662,43.35737,-70.451935,1.301919071E9,776110,776759
776662,43.357452,-70.45199,1.301919071E9,776110,776759
776662,43.357533,-70.452065,1.301919071E9,776110,776759
776662,43.357605,-70.45215,1.301919071E9,776110,776759
776662,43.357693,-70.45225,1.301919071E9,776110,776759
776662,43.357777,-70.45235,1.301919071E9,776110,776759
776662,43.357853,-70.45243,1.301919071E9,776110,776759
776662,43.35794,-70.45254,1.301919071E9,776110,776759
776662,43.358013,-70.45264,1.301919071E9,776110,776759
776662,43.358078,-70.452736,1.301919071E9,776110,776759
776662,43.35815,-70.45285,1.301919071E9,776110,776759
776662,43.358215,-70.452965,1.301919071E9,776110,776759
776662,43.358273,-70.453064,1.301919071E9,776110,776759
776662,43.35833,-70.45317,1.301919071E9,776110,776759
776662,43.3584,-70.45329,1.301919071E9,776110,776759
776662,43.358467,-70.4534,1.301919071E9,776110,776759
776662,43.35854,-70.45351,1.301919071E9,776110,776759
776662,43.358612,-70.45361,1.301919071E9,776110,776759
776662,43.358685,-70.45372,1.301919071E9,776110,776759
776662,43.35876,-70.453835,1.301919071E9,776110,776759
776662,43.358818,-70.45394,1.301919071E9,776110,776759
776662,43.358883,-70.45406,1.301919071E9,776110,776759
776662,43.358944,-70.45419,1.301919071E9,776110,776759
776662,43.359,-70.4543,1.301919071E9,776110,776759
776662,43.359062,-70.454414,1.301919071E9,776110,776759
776662,43.359104,-70.45452,1.301919071E9,776110,776759
776662,43.359146,-70.454636,1.301919071E9,776110,776759
776662,43.3592,-70.45474,1.301919071E9,776110,776759
776662,43.35937,-70.45506,1.301919071E9,776110,776759
776662,43.35944,-70.45518,1.301919071E9,776110,776759
776662,43.359497,-70.455284,1.301919071E9,776110,776759
776662,43.359562,-70.455414,1.301919071E9,776110,776759
776662,43.35962,-70.45554,1.301919071E9,776110,776759
776662,43.35968,-70.455666,1.301919071E9,776110,776759
776662,43.359737,-70.45579,1.301919071E9,776110,776759
776662,43.3598,-70.45591,1.301919071E9,776110,776759
776662,43.359848,-70.456055,1.301919071E9,776110,776759
776662,43.359886,-70.45619,1.301919071E9,776110,776759
776662,43.359924,-70.45632,1.301919071E9,776110,776759
776662,43.359966,-70.45645,1.301919071E9,776110,776759
776662,43.360012,-70.45659,1.301919071E9,776110,776759
776662,43.360065,-70.45669,1.301919071E9,776110,776759
776662,43.36013,-70.45681,1.301919071E9,776110,776759
776662,43.3602,-70.456924,1.301919071E9,776110,776759
776662,43.360252,-70.45703,1.301919071E9,776110,776759
776662,43.360306,-70.457146,1.301919071E9,776110,776759
776662,43.360355,-70.45727,1.301919071E9,776110,776759
776662,43.3604,-70.45738,1.301919071E9,776110,776759
776662,43.36044,-70.45752,1.301919071E9,776110,776759
776662,43.36049,-70.45765,1.301919071E9,776110,776759
776662,43.36053,-70.45777,1.301919071E9,776110,776759
776662,43.36055,-70.4579,1.301919071E9,776110,776759
776662,43.36056,-70.45803,1.301919071E9,776110,776759
776662,43.360554,-70.45817,1.301919071E9,776110,776759
776662,43.36054,-70.45829,1.301919071E9,776110,776759
776662,43.36052,-70.458435,1.301919071E9,776110,776759
776662,43.3605,-70.45859,1.301919071E9,776110,776759
776662,43.360485,-70.45874,1.301919071E9,776110,776759
776662,43.360477,-70.458885,1.301919071E9,776110,776759
776662,43.360474,-70.45904,1.301919071E9,776110,776759
776662,43.36047,-70.45917,1.301919071E9,776110,776759
776662,43.360466,-70.4593,1.301919071E9,776110,776759
776662,43.360466,-70.45943,1.301919071E9,776110,776759
776662,43.360462,-70.45956,1.301919071E9,776110,776759
776662,43.360462,-70.459694,1.301919071E9,776110,776759
776662,43.360466,-70.45984,1.301919071E9,776110,776759
776662,43.36047,-70.45998,1.301919071E9,776110,776759
776662,43.36047,-70.46011,1.301919071E9,776110,776759
776662,43.36049,-70.46025,1.301919071E9,776110,776759
776662,43.360497,-70.46038,1.301919071E9,776110,776759
776662,43.360504,-70.4605,1.301919071E9,776110,776759
776662,43.360508,-70.46065,1.301919071E9,776110,776759
776662,43.360516,-70.46081,1.301919071E9,776110,776759
776662,43.3605,-70.46095,1.301919071E9,776110,776759
776662,43.360474,-70.4611,1.301919071E9,776110,776759
776662,43.36044,-70.46122,1.301919071E9,776110,776759
776662,43.360386,-70.46135,1.301919071E9,776110,776759
776662,43.36034,-70.46148,1.301919071E9,776110,776759
776662,43.360294,-70.4616,1.301919071E9,776110,776759
776662,43.36024,-70.46173,1.301919071E9,776110,776759
776662,43.360184,-70.46185,1.301919071E9,776110,776759
776662,43.360115,-70.46198,1.301919071E9,776110,776759
776662,43.36005,-70.4621,1.301919071E9,776110,776759
776662,43.35999,-70.46221,1.301919071E9,776110,776759
776662,43.359936,-70.46231,1.301919071E9,776110,776759
776662,43.359875,-70.46244,1.301919071E9,776110,776759
776662,43.359814,-70.462555,1.301919071E9,776110,776759
776662,43.35975,-70.46267,1.301919071E9,776110,776759
776662,43.35968,-70.462776,1.301919071E9,776110,776759
776662,43.359615,-70.46289,1.301919071E9,776110,776759
776662,43.359547,-70.462975,1.301919071E9,776110,776759
776662,43.359493,-70.46308,1.301919071E9,776110,776759
776662,43.359444,-70.46318,1.301919071E9,776110,776759
776662,43.35939,-70.46329,1.301919071E9,776110,776759
776662,43.359337,-70.463394,1.301919071E9,776110,776759
776662,43.35927,-70.46352,1.301919071E9,776110,776759
776662,43.359203,-70.46362,1.301919071E9,776110,776759
776662,43.35914,-70.46374,1.301919071E9,776110,776759
776662,43.35907,-70.46387,1.301919071E9,776110,776759
776662,43.359024,-70.463974,1.301919071E9,776110,776759
776662,43.35898,-70.464096,1.301919071E9,776110,776759
776662,43.358932,-70.46421,1.301919071E9,776110,776759
776662,43.358894,-70.46434,1.301919071E9,776110,776759
776662,43.35885,-70.46447,1.301919071E9,776110,776759
776662,43.358772,-70.46464,1.301919071E9,776110,776759
776662,43.35872,-70.464745,1.301919071E9,776110,776759
776662,43.358665,-70.46487,1.301919071E9,776110,776759
776662,43.358612,-70.46498,1.301919071E9,776110,776759
776662,43.358547,-70.46511,1.301919071E9,776110,776759
776662,43.358482,-70.465225,1.301919071E9,776110,776759
776662,43.35842,-70.46533,1.301919071E9,776110,776759
776662,43.358364,-70.46545,1.301919071E9,776110,776759
776662,43.358303,-70.46555,1.301919071E9,776110,776759
776662,43.358242,-70.46567,1.301919071E9,776110,776759
776662,43.35818,-70.46579,1.301919071E9,776110,776759
776662,43.358124,-70.465904,1.301919071E9,776110,776759
776662,43.358067,-70.46602,1.301919071E9,776110,776759
776662,43.35801,-70.466125,1.301919071E9,776110,776759
776662,43.357956,-70.46623,1.301919071E9,776110,776759
776662,43.357906,-70.466354,1.301919071E9,776110,776759
776662,43.35787,-70.46647,1.301919071E9,776110,776759
776662,43.357826,-70.4666,1.301919071E9,776110,776759
776662,43.357784,-70.46671,1.301919071E9,776110,776759
776662,43.357746,-70.466835,1.301919071E9,776110,776759
776662,43.35771,-70.46697,1.301919071E9,776110,776759
776662,43.35768,-70.46711,1.301919071E9,77611