776110,776759
776662,37.709667,-122.45878,1.301919071E9,776110,776759
776662,37.709694,-122.458435,1.301919071E9,776110,776759
776662,37.70967,-122.4581,1.301919071E9,776110,776759
776662,37.70965,-122.45779,1.301919071E9,776110,776759
776662,37.709644,-122.45776,1.301919071E9,776110,776759
776662,37.709705,-122.4574,1.301919071E9,776110,776759
776662,37.709854,-122.45725,1.301919071E9,776110,776759
776662,37.70998,-122.457146,1.301919071E9,776110,776759
776662,37.710167,-122.456955,1.301919071E9,776110,776759
776662,37.71035,-122.45665,1.301919071E9,776110,776759
776662,37.710644,-122.456314,1.301919071E9,776110,776759
776662,37.711224,-122.45584,1.301919071E9,776110,776759
776662,37.71114,-122.45568,1.301919071E9,776110,776759
776662,37.71149,-122.45543,1.301919071E9,776110,776759
776662,37.71165,-122.45513,1.301919071E9,776110,776759
776662,37.711678,-122.454865,1.301919071E9,776110,776759
776662,37.71183,-122.45452,1.301919071E9,776110,776759
776662,37.712048,-122.45425,1.301919071E9,776110,776759
776662,37.712196,-122.4541,1.301919071E9,776110,776759
776662,37.71246,-122.45396,1.301919071E9,776110,776759
776662,37.712833,-122.45385,1.301919071E9,776110,776759
776662,37.71313,-122.4535,1.301919071E9,776110,776759
776662,37.713326,-122.453186,1.301919071E9,776110,776759
776662,37.713486,-122.45286,1.301919071E9,776110,776759
776662,37.713596,-122.4527,1.301919071E9,776110,776759
776662,37.71377,-122.45242,1.301919071E9,776110,776759
776662,37.714005,-122.45222,1.301919071E9,776110,776759
776662,37.714302,-122.451965,1.301919071E9,776110,776759
776662,37.714447,-122.45184,1.301919071E9,776110,776759
776662,37.714756,-122.45157,1.301919071E9,776110,776759
776662,37.715084,-122.45124,1.301919071E9,776110,776759
776662,37.715515,-122.45095,1.301919071E9,776110,776759
776662,37.71582,-122.45071,1.301919071E9,776110,776759
776662,37.71617,-122.45037,1.301919071E9,776110,776759
776662,37.716373,-122.45021,1.301919071E9,776110,776759
776662,37.71656,-122.45005,1.301919071E9,776110,776759
776662,37.716724,-122.44989,1.301919071E9,776110,776759
776662,37.717003,-122.449684,1.301919071E9,776110,776759
776662,37.717182,-122.44953,1.301919071E9,776110,776759
776662,37.717354,-122.44937,1.301919071E9,776110,776759
776662,37.717808,-122.44908,1.301919071E9,776110,776759
776662,37.718067,-122.44892,1.301919071E9,776110,776759
776662,37.71834,-122.448685,1.301919071E9,776110,776759
776662,37.718582,-122.448395,1.301919071E9,776110,776759
776662,37.718815,-122.44805,1.301919071E9,776110,776759
776662,37.719135,-122.4478,1.301919071E9,776110,776759
776662,37.71928,-122.44769,1.301919071E9,776110,776759
776662,37.719555,-122.44747,1.301919071E9,776110,776759
776662,37.719864,-122.44735,1.301919071E9,776110,776759
776662,37.72012,-122.44711,1.301919071E9,776110,776759
776662,37.72041,-122.446915,1.301919071E9,776110,776759
776662,37.72052,-122.44679,1.301919071E9,776110,776759
776662,37.720688,-122.44665,1.301919071E9,776110,776759
776662,37.720905,-122.44687,1.301919071E9,776110,776759
776662,37.720997,-122.44714,1.301919071E9,776110,776759
776662,37.721096,-122.44742,1.301919071E9,776110,776759
776662,37.721184,-122.44764,1.301919071E9,776110,776759
776662,37.721386,-122.4482,1.301919071E9,776110,776759
776662,37.72151,-122.44855,1.301919071E9,776110,776759
776662,37.721603,-122.44878,1.301919071E9,776110,776759
776662,37.721733,-122.449104,1.301919071E9,776110,776759
776662,37.72185,-122.44939,1.301919071E9,776110,776759
776662,37.72197,-122.449684,1.301919071E9,776110,776759
776662,37.722015,-122.44981,1.301919071E9,776110,776759
776662,37.72207,-122.44992,1.301919071E9,776110,776759
776662,37.7222,-122.450165,1.301919071E9,776110,776759
776662,37.72225,-122.45026,1.301919071E9,776110,776759
776662,37.722294,-122.45034,1.301919071E9,776110,776759
776662,37.722324,-122.450424,1.301919071E9,776110,776759
776662,37.722443,-122.450745,1.301919071E9,776110,776759
776662,37.7225,-122.450905,1.301919071E9,776110,776759
776662,37.722584,-122.45119,1.301919071E9,776110,776759
776662,37.722755,-122.45128,1.301919071E9,776110,776759
776662,37.72293,-122.45125,1.301919071E9,776110,776759
776662,37.72309,-122.45123,1.301919071E9,776110,776759
776662,37.723324,-122.45125,1.301919071E9,776110,776759
776662,37.723404,-122.451675,1.301919071E9,776110,776759
776662,37.72341,-122.45186,1.301919071E9,776110,776759
776662,37.723534,-122.452095,1.301919071E9,776110,776759
776662,37.723812,-122.4523,1.301919071E9,776110,776759
776662,37.724037,-122.45227,1.301919071E9,776110,776759
776662,37.72411,-122.452286,1.301919071E9,776110,776759
776662,37.72435,-122.45237,1.301919071E9,776110,776759
776662,37.724598,-122.452415,1.301919071E9,776110,776759
776662,37.724945,-122.45237,1.301919071E9,776110,776759
776662,37.725227,-122.45243,1.301919071E9,776110,776759
776662,37.725456,-122.45243,1.301919071E9,776110,776759
776662,37.725662,-122.45242,1.301919071E9,776110,776759
776662,37.726044,-122.45243,1.301919071E9,776110,776759
776662,37.72632,-122.4524,1.301919071E9,776110,776759
776662,37.726547,-122.45237,1.301919071E9,776110,776759
776662,37.726902,-122.45235,1.301919071E9,776110,776759
776662,37.72705,-122.45237,1.301919071E9,776110,776759
776662,37.727165,-122.45238,1.301919071E9,776110,776759
776662,37.727497,-122.45233,1.301919071E9,776110,776759
776662,37.727825,-122.45236,1.301919071E9,776110,776759
776662,37.72805,-122.45233,1.301919071E9,776110,776759
776662,37.728237,-122.452194,1.301919071E9,776110,776759
776662,37.72836,-122.451836,1.301919071E9,776110,776759
776662,37.728397,-122.45155,1.301919071E9,776110,776759
776662,37.728394,-122.45131,1.301919071E9,776110,776759
776662,37.728577,-122.45114,1.301919071E9,776110,776759
776662,37.728832,-122.45117,1.301919071E9,776110,776759
776662,37.729164,-122.451164,1.301919071E9,776110,776759
776662,37.72936,-122.45118,1.301919071E9,776110,776759
776662,37.729603,-122.45119,1.301919071E9,776110,776759
776662,37.729824,-122.45117,1.301919071E9,776110,776759
776662,37.729984,-122.45113,1.301919071E9,776110,776759
776662,37.73017,-122.451164,1.301919071E9,776110,776759
776662,37.730434,-122.451164,1.301919071E9,776110,776759
776662,37.73068,-122.45117,1.301919071E9,776110,776759
776662,37.73098,-122.45118,1.301919071E9,776110,776759
776662,37.73122,-122.45115,1.301919071E9,776110,776759
776662,37.731422,-122.45113,1.301919071E9,776110,776759
776662,37.73154,-122.45093,1.301919071E9,776110,776759
776662,37.731514,-122.45045,1.301919071E9,776110,776759
776662,37.731495,-122.44999,1.301919071E9,776110,776759
776662,37.73151,-122.44951,1.301919071E9,776110,776759
776662,37.731518,-122.449234,1.301919071E9,776110,776759
776662,37.731518,-122.449234,1.301919071E9,776110,776759
776662,37.731518,-122.449234,1.301919071E9,776110,776759
776662,37.65749,-122.37974,1.301919071E9,776110,776759
776662,37.65749,-122.37974,1.301919071E9,776110,776759
776662,37.657585,-122.379585,1.301919071E9,776110,776759
776662,37.657833,-122.3794,1.301919071E9,776110,776759
776662,37.657974,-122.37926,1.301919071E9,776110,776759
776662,37.658512,-122.37982,1.301919071E9,776110,776759
776662,37.658695,-122.38026,1.301919071E9,776110,776759
776662,37.658813,-122.38065,1.301919071E9,776110,776759
776662,37.658916,-122.38102,1.301919071E9,776110,776759
776662,37.65896,-122.38119,1.301919071E9,776110,776759
776662,37.65902,-122.381424,1.301919071E9,776110,776759
776662,37.65912,-122.381905,1.301919071E9,776110,776759
776662,37.65917,-122.38225,1.301919071E9,776110,776759
776662,37.65919,-122.38246,1.301919071E9,776110,776759
776662,37.659218,-122.38279,1.301919071E9,776110,776759
776662,37.659233,-122.383,1.301919071E9,776110,776759
776662,37.659237,-122.3832,1.301919071E9,776110,776759
776662,37.65924,-122.38356,1.301919071E9,776110,776759
776662,37.659245,-122.38399,1.301919071E9,776110,776759
776662,37.65925,-122.38433,1.301919071E9,776110,776759
776662,37.659245,-122.38471,1.301919071E9,776110,776759
776662,37.659225,-122.38491,1.301919071E9,776110,776759
776662,37.65