1.301919071E9,776110,776759
776662,41.38928,-81.97137,1.301919071E9,776110,776759
776662,41.38986,-81.97053,1.301919071E9,776110,776759
776662,41.38991,-81.97037,1.301919071E9,776110,776759
776662,41.39648,-81.96111,1.301919071E9,776110,776759
776662,41.4048,-81.94792,1.301919071E9,776110,776759
776662,41.4048,-81.94792,1.301919071E9,776110,776759
776662,41.40609,-81.94584,1.301919071E9,776110,776759
776662,41.40677,-81.94445,1.301919071E9,776110,776759
776662,41.41126,-81.93296,1.301919071E9,776110,776759
776662,41.41126,-81.93296,1.301919071E9,776110,776759
776662,41.41213,-81.93067,1.301919071E9,776110,776759
776662,41.41314,-81.92825,1.301919071E9,776110,776759
776662,41.41314,-81.92825,1.301919071E9,776110,776759
776662,41.41305,-81.92843,1.301919071E9,776110,776759
776662,41.41859,-81.92832,1.301919071E9,776110,776759
776662,41.42049,-81.92914,1.301919071E9,776110,776759
776662,41.42246,-81.92949,1.301919071E9,776110,776759
776662,41.42246,-81.92949,1.301919071E9,776110,776759
776662,41.42327,-81.92963,1.301919071E9,776110,776759
776662,41.42359,-81.92981,1.301919071E9,776110,776759
776662,41.42394,-81.93007,1.301919071E9,776110,776759
776662,41.42541,-81.93167,1.301919071E9,776110,776759
776662,41.42915,-81.93628,1.301919071E9,776110,776759
776662,41.42995,-81.93734,1.301919071E9,776110,776759
776662,41.43027,-81.93786,1.301919071E9,776110,776759
776662,41.43068,-81.93886,1.301919071E9,776110,776759
776662,41.43068,-81.93886,1.301919071E9,776110,776759
776662,41.43261,-81.94369,1.301919071E9,776110,776759
776662,41.43334,-81.94302,1.301919071E9,776110,776759
776662,41.43334,-81.94302,1.301919071E9,776110,776759
776662,41.43797,-81.93878,1.301919071E9,776110,776759
776662,41.43797,-81.93878,1.301919071E9,776110,776759
776662,41.43799,-81.93876,1.301919071E9,776110,776759
776662,41.43872,-81.94032,1.301919071E9,776110,776759
776662,41.43916,-81.94113,1.301919071E9,776110,776759
776662,41.43938,-81.94178,1.301919071E9,776110,776759
776662,41.43946,-81.94234,1.301919071E9,776110,776759
776662,41.4396,-81.95469,1.301919071E9,776110,776759
776662,41.4396,-81.95469,1.301919071E9,776110,776759
776662,41.43967,-81.95791,1.301919071E9,776110,776759
776662,41.43939,-81.95859,1.301919071E9,776110,776759
776662,41.43881,-81.96099,1.301919071E9,776110,776759
776662,41.43881,-81.96099,1.301919071E9,776110,776759
776662,41.43874,-81.96128,1.301919071E9,776110,776759
776662,41.44146,-81.96123,1.301919071E9,776110,776759
776662,41.44147,-81.96245,1.301919071E9,776110,776759
776662,41.44147,-81.96245,1.301919071E9,776110,776759
776662,41.44151,-81.96947,1.301919071E9,776110,776759
776662,41.44156,-81.96961,1.301919071E9,776110,776759
776662,41.4419,-81.96977,1.301919071E9,776110,776759
776662,41.44197,-81.96995,1.301919071E9,776110,776759
776662,41.44216,-81.98876,1.301919071E9,776110,776759
776662,41.44213,-81.98932,1.301919071E9,776110,776759
776662,41.44213,-81.98932,1.301919071E9,776110,776759
776662,41.44121,-81.99412,1.301919071E9,776110,776759
776662,41.36963,-81.99861,1.301919071E9,776110,776759
776662,41.36963,-81.99861,1.301919071E9,776110,776759
776662,41.36644,-81.99582,1.301919071E9,776110,776759
776662,41.36162,-81.99182,1.301919071E9,776110,776759
776662,41.36162,-81.99183,1.301919071E9,776110,776759
776662,41.36108,-81.99138,1.301919071E9,776110,776759
776662,41.35759,-81.99146,1.301919071E9,776110,776759
776662,41.35758,-81.99082,1.301919071E9,776110,776759
776662,41.380157,-81.83331,1.301919071E9,776110,776759
776662,41.379726,-81.833305,1.301919071E9,776110,776759
776662,41.379723,-81.83357,1.301919071E9,776110,776759
776662,41.3807,-81.833565,1.301919071E9,776110,776759
776662,41.38076,-81.83346,1.301919071E9,776110,776759
776662,41.380775,-81.833336,1.301919071E9,776110,776759
776662,41.38084,-81.83301,1.301919071E9,776110,776759
776662,41.38085,-81.83278,1.301919071E9,776110,776759
776662,41.380913,-81.83278,1.301919071E9,776110,776759
776662,41.38096,-81.83273,1.301919071E9,776110,776759
776662,41.380997,-81.83269,1.301919071E9,776110,776759
776662,41.381035,-81.832664,1.301919071E9,776110,776759
776662,41.38109,-81.83265,1.301919071E9,776110,776759
776662,41.381363,-81.83264,1.301919071E9,776110,776759
776662,41.38296,-81.8326,1.301919071E9,776110,776759
776662,41.384235,-81.83258,1.301919071E9,776110,776759
776662,41.384235,-81.83245,1.301919071E9,776110,776759
776662,41.38292,-81.8325,1.301919071E9,776110,776759
776662,41.38127,-81.832535,1.301919071E9,776110,776759
776662,41.381252,-81.83251,1.301919071E9,776110,776759
776662,41.38123,-81.83247,1.301919071E9,776110,776759
776662,41.38122,-81.83242,1.301919071E9,776110,776759
776662,41.38122,-81.83229,1.301919071E9,776110,776759
776662,41.381203,-81.830925,1.301919071E9,776110,776759
776662,41.380795,-81.830925,1.301919071E9,776110,776759
776662,41.380802,-81.831436,1.301919071E9,776110,776759
776662,41.380817,-81.83228,1.301919071E9,776110,776759
776662,41.380817,-81.83233,1.301919071E9,776110,776759
776662,41.380806,-81.83237,1.301919071E9,776110,776759
776662,41.380787,-81.83244,1.301919071E9,776110,776759
776662,41.38074,-81.83253,1.301919071E9,776110,776759
776662,41.380726,-81.83259,1.301919071E9,776110,776759
776662,41.380726,-81.83265,1.301919071E9,776110,776759
776662,41.38075,-81.83272,1.301919071E9,776110,776759
776662,41.38077,-81.83275,1.301919071E9,776110,776759
776662,41.38084,-81.83278,1.301919071E9,776110,776759
776662,41.38089,-81.83279,1.301919071E9,776110,776759
776662,41.38092,-81.832756,1.301919071E9,776110,776759
776662,41.380962,-81.83272,1.301919071E9,776110,776759
776662,41.38101,-81.83267,1.301919071E9,776110,776759
776662,41.38107,-81.83265,1.301919071E9,776110,776759
776662,41.381104,-81.83264,1.301919071E9,776110,776759
776662,41.38425,-81.832596,1.301919071E9,776110,776759
776662,41.38422,-81.832436,1.301919071E9,776110,776759
776662,41.381252,-81.832535,1.301919071E9,776110,776759
776662,41.381214,-81.83244,1.301919071E9,776110,776759
776662,41.38119,-81.83091,1.301919071E9,776110,776759
776662,41.380775,-81.83091,1.301919071E9,776110,776759
776662,41.3808,-81.83228,1.301919071E9,776110,776759
776662,41.380795,-81.83233,1.301919071E9,776110,776759
776662,41.38078,-81.83239,1.301919071E9,776110,776759
776662,41.380756,-81.83243,1.301919071E9,776110,776759
776662,41.38073,-81.8325,1.301919071E9,776110,776759
776662,41.38071,-81.832565,1.301919071E9,776110,776759
776662,41.3807,-81.83265,1.301919071E9,776110,776759
776662,41.38073,-81.83273,1.301919071E9,776110,776759
776662,41.380783,-81.8328,1.301919071E9,776110,776759
776662,41.380882,-81.83284,1.301919071E9,776110,776759
776662,41.380974,-81.832794,1.301919071E9,776110,776759
776662,41.381054,-81.83273,1.301919071E9,776110,776759
776662,41.381123,-81.832695,1.301919071E9,776110,776759
776662,41.381134,-81.83266,1.301919071E9,776110,776759
776662,41.38422,-81.832565,1.301919071E9,776110,776759
776662,41.384247,-81.83243,1.301919071E9,776110,776759
776662,41.38127,-81.832504,1.301919071E9,776110,776759
776662,41.38122,-81.8325,1.301919071E9,776110,776759
776662,41.381207,-81.83241,1.301919071E9,776110,776759
776662,41.38121,-81.830894,1.301919071E9,776110,776759
776662,41.38076,-81.8309,1.301919071E9,776110,776759
776662,41.38081,-81.832306,1.301919071E9,776110,776759
776662,41.380802,-81.83235,1.301919071E9,776110,776759
776662,41.38079,-81.832405,1.301919071E9,776110,776759
776662,41.380768,-81.832436,1.301919071E9,776110,776759
776662,41.38074,-81.83251,1.301919071E9,776110,776759
776662,41.38072,-81.8326,1.301919071E9,776110,776759
776662,41.38072,-81.832664,1.301919071E9,776110,776759
776662,41.38078,-81.83277,1.301919071E9,776110,776759
776662,41.38087,-81.8328,1.301919071E9,776110,776759
776662,41.380928,-81.832794,1.301919071E9,776110,776759
776662,41.381123,-81.83266,1.301919071E9,776110,776759
776662,41.384243,-81.83257,1.301919071E9,776110,776759
776662,41.384235,-81.832436,1.301919071E9,776110,776759
776662,41.38328,-81.83247,1.301919071E9,776110,776759
776662,41.382217,-81.8325,1.301919071E9