1.301919071E9,776110,776759
776662,48.864365,2.300688,1.301919071E9,776110,776759
776662,48.864307,2.300831,1.301919071E9,776110,776759
776662,48.86426,2.300968,1.301919071E9,776110,776759
776662,48.864212,2.301085,1.301919071E9,776110,776759
776662,48.864197,2.301222,1.301919071E9,776110,776759
776662,48.86413,2.301362,1.301919071E9,776110,776759
776662,48.864048,2.301461,1.301919071E9,776110,776759
776662,48.863937,2.301486,1.301919071E9,776110,776759
776662,48.86383,2.301491,1.301919071E9,776110,776759
776662,48.86373,2.301509,1.301919071E9,776110,776759
776662,48.863625,2.301513,1.301919071E9,776110,776759
776662,48.86351,2.301523,1.301919071E9,776110,776759
776662,48.8634,2.301535,1.301919071E9,776110,776759
776662,48.8633,2.301553,1.301919071E9,776110,776759
776662,48.8632,2.301563,1.301919071E9,776110,776759
776662,48.863094,2.301572,1.301919071E9,776110,776759
776662,48.862988,2.301575,1.301919071E9,776110,776759
776662,48.86288,2.301595,1.301919071E9,776110,776759
776662,48.86279,2.301603,1.301919071E9,776110,776759
776662,48.8627,2.301555,1.301919071E9,776110,776759
776662,48.862614,2.301451,1.301919071E9,776110,776759
776662,48.86256,2.301317,1.301919071E9,776110,776759
776662,48.862568,2.301164,1.301919071E9,776110,776759
776662,48.862595,2.301021,1.301919071E9,776110,776759
776662,48.862625,2.300891,1.301919071E9,776110,776759
776662,48.862606,2.300746,1.301919071E9,776110,776759
776662,48.862587,2.300573,1.301919071E9,776110,776759
776662,48.862576,2.300428,1.301919071E9,776110,776759
776662,48.862553,2.300291,1.301919071E9,776110,776759
776662,48.86253,2.300137,1.301919071E9,776110,776759
776662,48.86252,2.299995,1.301919071E9,776110,776759
776662,48.8625,2.299834,1.301919071E9,776110,776759
776662,48.862526,2.299994,1.301919071E9,776110,776759
776662,48.862537,2.300141,1.301919071E9,776110,776759
776662,48.862545,2.300298,1.301919071E9,776110,776759
776662,48.86256,2.300466,1.301919071E9,776110,776759
776662,48.862576,2.300641,1.301919071E9,776110,776759
776662,48.862587,2.300796,1.301919071E9,776110,776759
776662,48.86258,2.30065,1.301919071E9,776110,776759
776662,48.862568,2.300509,1.301919071E9,776110,776759
776662,48.862537,2.300365,1.301919071E9,776110,776759
776662,48.862526,2.300199,1.301919071E9,776110,776759
776662,48.862514,2.30006,1.301919071E9,776110,776759
776662,48.862488,2.299912,1.301919071E9,776110,776759
776662,48.862484,2.300068,1.301919071E9,776110,776759
776662,48.86252,2.300211,1.301919071E9,776110,776759
776662,48.862553,2.300376,1.301919071E9,776110,776759
776662,48.862583,2.300565,1.301919071E9,776110,776759
776662,48.8626,2.300724,1.301919071E9,776110,776759
776662,48.862606,2.300872,1.301919071E9,776110,776759
776662,48.862583,2.300731,1.301919071E9,776110,776759
776662,48.862576,2.300585,1.301919071E9,776110,776759
776662,48.86257,2.30044,1.301919071E9,776110,776759
776662,48.862556,2.300295,1.301919071E9,776110,776759
776662,48.862534,2.300161,1.301919071E9,776110,776759
776662,48.862522,2.300023,1.301919071E9,776110,776759
776662,48.862488,2.299886,1.301919071E9,776110,776759
776662,48.86252,2.300043,1.301919071E9,776110,776759
776662,48.862545,2.300236,1.301919071E9,776110,776759
776662,48.862564,2.30042,1.301919071E9,776110,776759
776662,48.862583,2.300621,1.301919071E9,776110,776759
776662,48.862602,2.300824,1.301919071E9,776110,776759
776662,48.862602,2.30097,1.301919071E9,776110,776759
776662,48.86258,2.300808,1.301919071E9,776110,776759
776662,48.862576,2.300666,1.301919071E9,776110,776759
776662,48.86255,2.300518,1.301919071E9,776110,776759
776662,48.86253,2.300384,1.301919071E9,776110,776759
776662,48.862507,2.300223,1.301919071E9,776110,776759
776662,48.86249,2.300061,1.301919071E9,776110,776759
776662,48.862473,2.299916,1.301919071E9,776110,776759
776662,48.86245,2.299754,1.301919071E9,776110,776759
776662,48.862415,2.299614,1.301919071E9,776110,776759
776662,48.862392,2.299455,1.301919071E9,776110,776759
776662,48.86237,2.299296,1.301919071E9,776110,776759
776662,48.862343,2.299146,1.301919071E9,776110,776759
776662,48.86232,2.298988,1.301919071E9,776110,776759
776662,48.86229,2.298846,1.301919071E9,776110,776759
776662,48.862255,2.298685,1.301919071E9,776110,776759
776662,48.86222,2.298523,1.301919071E9,776110,776759
776662,48.862186,2.29837,1.301919071E9,776110,776759
776662,48.862144,2.298238,1.301919071E9,776110,776759
776662,48.862103,2.298068,1.301919071E9,776110,776759
776662,48.86207,2.297934,1.301919071E9,776110,776759
776662,48.862026,2.297783,1.301919071E9,776110,776759
776662,48.861984,2.297645,1.301919071E9,776110,776759
776662,48.861942,2.29751,1.301919071E9,776110,776759
776662,48.861904,2.297382,1.301919071E9,776110,776759
776662,48.861855,2.297251,1.301919071E9,776110,776759
776662,48.861805,2.297133,1.301919071E9,776110,776759
776662,48.86174,2.297012,1.301919071E9,776110,776759
776662,48.861687,2.29687,1.301919071E9,776110,776759
776662,48.861637,2.296748,1.301919071E9,776110,776759
776662,48.861576,2.296622,1.301919071E9,776110,776759
776662,48.86152,2.296505,1.301919071E9,776110,776759
776662,48.86147,2.296389,1.301919071E9,776110,776759
776662,48.8614,2.296268,1.301919071E9,776110,776759
776662,48.861332,2.296128,1.301919071E9,776110,776759
776662,48.861263,2.296008,1.301919071E9,776110,776759
776662,48.86121,2.295888,1.301919071E9,776110,776759
776662,48.861137,2.295778,1.301919071E9,776110,776759
776662,48.861057,2.295659,1.301919071E9,776110,776759
776662,48.860992,2.295534,1.301919071E9,776110,776759
776662,48.860928,2.295437,1.301919071E9,776110,776759
776662,48.86085,2.295327,1.301919071E9,776110,776759
776662,48.860783,2.295191,1.301919071E9,776110,776759
776662,48.86072,2.295078,1.301919071E9,776110,776759
776662,48.86065,2.294941,1.301919071E9,776110,776759
776662,48.860584,2.294824,1.301919071E9,776110,776759
776662,48.860504,2.294728,1.301919071E9,776110,776759
776662,48.860428,2.294616,1.301919071E9,776110,776759
776662,48.860355,2.294488,1.301919071E9,776110,776759
776662,48.860283,2.294385,1.301919071E9,776110,776759
776662,48.86021,2.294285,1.301919071E9,776110,776759
776662,48.860138,2.294188,1.301919071E9,776110,776759
776662,48.860065,2.294084,1.301919071E9,776110,776759
776662,48.859985,2.293976,1.301919071E9,776110,776759
776662,48.859913,2.293878,1.301919071E9,776110,776759
776662,48.859833,2.293764,1.301919071E9,776110,776759
776662,48.859768,2.293662,1.301919071E9,776110,776759
776662,48.859707,2.293546,1.301919071E9,776110,776759
776662,48.859623,2.293459,1.301919071E9,776110,776759
776662,48.85952,2.293429,1.301919071E9,776110,776759
776662,48.85941,2.293371,1.301919071E9,776110,776759
776662,48.859375,2.293237,1.301919071E9,776110,776759
776662,48.859364,2.293096,1.301919071E9,776110,776759
776662,48.85941,2.292965,1.301919071E9,776110,776759
776662,48.85947,2.292838,1.301919071E9,776110,776759
776662,48.859543,2.292711,1.301919071E9,776110,776759
776662,48.85961,2.292618,1.301919071E9,776110,776759
776662,48.85968,2.292519,1.301919071E9,776110,776759
776662,48.859756,2.292394,1.301919071E9,776110,776759
776662,48.85983,2.292287,1.301919071E9,776110,776759
776662,48.85989,2.292176,1.301919071E9,776110,776759
776662,48.85996,2.292061,1.301919071E9,776110,776759
776662,48.86004,2.291941,1.301919071E9,776110,776759
776662,48.8601,2.291844,1.301919071E9,776110,776759
776662,48.860172,2.29174,1.301919071E9,776110,776759
776662,48.860237,2.291636,1.301919071E9,776110,776759
776662,48.860306,2.291535,1.301919071E9,776110,776759
776662,48.860382,2.291436,1.301919071E9,776110,776759
776662,48.860466,2.291483,1.301919071E9,776110,776759
776662,48.860546,2.29157,1.301919071E9,776110,776759
776662,48.8606,2.291682,1.301919071E9,776110,776759
776662,48.860695,2.291677,1.301919071E9,776110,776759
776662,48.860783,2.291644,1.301919071E9,776110,776759
776662,48.86088,2.291602,1.301919071E9,776110,776759
776662,48.86097,2.291526,1.301919071E9,776110,776759
776662,48.861046,2.291437,1.301919071E9,776110,776759
776662,48.861095,2.291306,1.301919071E9,776110,776759