110,776759
776662,41.76454,-91.61097,1.301919071E9,776110,776759
776662,41.764454,-91.61081,1.301919071E9,776110,776759
776662,41.764397,-91.61066,1.301919071E9,776110,776759
776662,41.764313,-91.61049,1.301919071E9,776110,776759
776662,41.764236,-91.61036,1.301919071E9,776110,776759
776662,41.764164,-91.61027,1.301919071E9,776110,776759
776662,41.764137,-91.61013,1.301919071E9,776110,776759
776662,41.764084,-91.60996,1.301919071E9,776110,776759
776662,41.764053,-91.60977,1.301919071E9,776110,776759
776662,41.764015,-91.609604,1.301919071E9,776110,776759
776662,41.76398,-91.60942,1.301919071E9,776110,776759
776662,41.763958,-91.60924,1.301919071E9,776110,776759
776662,41.763943,-91.609024,1.301919071E9,776110,776759
776662,41.763935,-91.60884,1.301919071E9,776110,776759
776662,41.76395,-91.60869,1.301919071E9,776110,776759
776662,41.763966,-91.60851,1.301919071E9,776110,776759
776662,41.76398,-91.60835,1.301919071E9,776110,776759
776662,41.763966,-91.60822,1.301919071E9,776110,776759
776662,41.763943,-91.608086,1.301919071E9,776110,776759
776662,41.763947,-91.60792,1.301919071E9,776110,776759
776662,41.763977,-91.6078,1.301919071E9,776110,776759
776662,41.763977,-91.60766,1.301919071E9,776110,776759
776662,41.76398,-91.60753,1.301919071E9,776110,776759
776662,41.763878,-91.607475,1.301919071E9,776110,776759
776662,41.763786,-91.60749,1.301919071E9,776110,776759
776662,41.76367,-91.607506,1.301919071E9,776110,776759
776662,41.763393,-91.60756,1.301919071E9,776110,776759
776662,41.763283,-91.60755,1.301919071E9,776110,776759
776662,41.76317,-91.60753,1.301919071E9,776110,776759
776662,41.763054,-91.60752,1.301919071E9,776110,776759
776662,41.762947,-91.607506,1.301919071E9,776110,776759
776662,41.76282,-91.60749,1.301919071E9,776110,776759
776662,41.762554,-91.607475,1.301919071E9,776110,776759
776662,41.762432,-91.60746,1.301919071E9,776110,776759
776662,41.762295,-91.60746,1.301919071E9,776110,776759
776662,41.762066,-91.6074,1.301919071E9,776110,776759
776662,41.76196,-91.60743,1.301919071E9,776110,776759
776662,41.76183,-91.60744,1.301919071E9,776110,776759
776662,41.76172,-91.607414,1.301919071E9,776110,776759
776662,41.761597,-91.60738,1.301919071E9,776110,776759
776662,41.761467,-91.60735,1.301919071E9,776110,776759
776662,41.761326,-91.607346,1.301919071E9,776110,776759
776662,41.76123,-91.60735,1.301919071E9,776110,776759
776662,41.761112,-91.6074,1.301919071E9,776110,776759
776662,41.761,-91.60739,1.301919071E9,776110,776759
776662,41.760914,-91.60729,1.301919071E9,776110,776759
776662,41.76088,-91.60715,1.301919071E9,776110,776759
776662,41.760876,-91.606995,1.301919071E9,776110,776759
776662,41.760914,-91.606705,1.301919071E9,776110,776759
776662,41.76091,-91.60657,1.301919071E9,776110,776759
776662,41.760925,-91.60644,1.301919071E9,776110,776759
776662,41.76094,-91.60631,1.301919071E9,776110,776759
776662,41.760967,-91.60619,1.301919071E9,776110,776759
776662,41.760963,-91.606026,1.301919071E9,776110,776759
776662,41.760952,-91.605865,1.301919071E9,776110,776759
776662,41.760956,-91.60573,1.301919071E9,776110,776759
776662,41.760963,-91.60559,1.301919071E9,776110,776759
776662,41.760967,-91.60545,1.301919071E9,776110,776759
776662,41.760983,-91.605316,1.301919071E9,776110,776759
776662,41.76098,-91.60518,1.301919071E9,776110,776759
776662,41.760975,-91.60504,1.301919071E9,776110,776759
776662,41.76098,-91.604904,1.301919071E9,776110,776759
776662,41.76099,-91.604744,1.301919071E9,776110,776759
776662,41.760967,-91.60458,1.301919071E9,776110,776759
776662,41.76098,-91.60446,1.301919071E9,776110,776759
776662,41.760998,-91.604324,1.301919071E9,776110,776759
776662,41.76102,-91.60419,1.301919071E9,776110,776759
776662,41.761032,-91.60405,1.301919071E9,776110,776759
776662,41.761066,-91.603905,1.301919071E9,776110,776759
776662,41.761093,-91.603775,1.301919071E9,776110,776759
776662,41.76118,-91.60373,1.301919071E9,776110,776759
776662,41.76126,-91.60359,1.301919071E9,776110,776759
776662,41.76121,-91.603485,1.301919071E9,776110,776759
776662,41.76109,-91.60343,1.301919071E9,776110,776759
776662,41.76098,-91.60342,1.301919071E9,776110,776759
776662,41.76086,-91.60341,1.301919071E9,776110,776759
776662,41.760735,-91.60343,1.301919071E9,776110,776759
776662,41.760624,-91.60341,1.301919071E9,776110,776759
776662,41.760513,-91.60339,1.301919071E9,776110,776759
776662,41.760406,-91.60342,1.301919071E9,776110,776759
776662,41.760296,-91.60339,1.301919071E9,776110,776759
776662,41.760193,-91.603386,1.301919071E9,776110,776759
776662,41.76009,-91.60336,1.301919071E9,776110,776759
776662,41.759995,-91.603325,1.301919071E9,776110,776759
776662,41.75994,-91.6032,1.301919071E9,776110,776759
776662,41.75986,-91.60311,1.301919071E9,776110,776759
776662,41.75984,-91.60298,1.301919071E9,776110,776759
776662,41.759777,-91.60281,1.301919071E9,776110,776759
776662,41.75969,-91.60276,1.301919071E9,776110,776759
776662,41.759598,-91.60276,1.301919071E9,776110,776759
776662,41.75948,-91.602776,1.301919071E9,776110,776759
776662,41.759388,-91.60269,1.301919071E9,776110,776759
776662,41.759357,-91.60253,1.301919071E9,776110,776759
776662,41.759403,-91.60239,1.301919071E9,776110,776759
776662,41.759403,-91.60221,1.301919071E9,776110,776759
776662,41.75942,-91.60207,1.301919071E9,776110,776759
776662,41.759415,-91.60194,1.301919071E9,776110,776759
776662,41.75941,-91.60181,1.301919071E9,776110,776759
776662,41.759384,-91.60163,1.301919071E9,776110,776759
776662,41.75937,-91.601494,1.301919071E9,776110,776759
776662,41.759373,-91.60132,1.301919071E9,776110,776759
776662,41.759388,-91.60118,1.301919071E9,776110,776759
776662,41.75938,-91.60104,1.301919071E9,776110,776759
776662,41.759384,-91.600914,1.301919071E9,776110,776759
776662,41.75939,-91.60078,1.301919071E9,776110,776759
776662,41.759396,-91.6006,1.301919071E9,776110,776759
776662,41.75932,-91.60053,1.301919071E9,776110,776759
776662,41.759235,-91.60049,1.301919071E9,776110,776759
776662,41.759125,-91.600464,1.301919071E9,776110,776759
776662,41.758995,-91.600464,1.301919071E9,776110,776759
776662,41.758877,-91.60047,1.301919071E9,776110,776759
776662,41.758766,-91.60047,1.301919071E9,776110,776759
776662,41.758675,-91.60047,1.301919071E9,776110,776759
776662,41.758568,-91.60048,1.301919071E9,776110,776759
776662,41.75845,-91.6005,1.301919071E9,776110,776759
776662,41.75833,-91.60053,1.301919071E9,776110,776759
776662,41.758217,-91.60054,1.301919071E9,776110,776759
776662,41.758095,-91.600525,1.301919071E9,776110,776759
776662,41.757954,-91.600525,1.301919071E9,776110,776759
776662,41.757816,-91.600525,1.301919071E9,776110,776759
776662,41.75767,-91.600525,1.301919071E9,776110,776759
776662,41.75753,-91.6005,1.301919071E9,776110,776759
776662,41.75744,-91.60048,1.301919071E9,776110,776759
776662,41.75729,-91.60048,1.301919071E9,776110,776759
776662,41.757156,-91.60048,1.301919071E9,776110,776759
776662,41.75701,-91.600494,1.301919071E9,776110,776759
776662,41.756866,-91.60047,1.301919071E9,776110,776759
776662,41.756725,-91.60048,1.301919071E9,776110,776759
776662,41.75656,-91.60048,1.301919071E9,776110,776759
776662,41.756413,-91.60048,1.301919071E9,776110,776759
776662,41.756306,-91.60047,1.301919071E9,776110,776759
776662,41.756207,-91.60055,1.301919071E9,776110,776759
776662,41.756153,-91.6007,1.301919071E9,776110,776759
776662,41.756176,-91.60085,1.301919071E9,776110,776759
776662,41.756203,-91.60104,1.301919071E9,776110,776759
776662,41.75621,-91.601204,1.301919071E9,776110,776759
776662,41.756233,-91.60138,1.301919071E9,776110,776759
776662,41.75624,-91.60155,1.301919071E9,776110,776759
776662,41.75625,-91.60173,1.301919071E9,776110,776759
776662,41.756172,-91.601906,1.301919071E9,776110,776759
776662,41.756138,-91.60209,1.301919071E9,776110,776759
776662,41.756023,-91.6022,1.301919071E9,776110,776759
776662,41.75588,-91.60224,1.301919071E9,776110,776759
776662,41.75574,-91.60228,1.301919071E9,776110,776759
776662,41.755592,-91.6023,1.301919071E9,776110,776759
776662,41.75545,-91.60231,1.301919071E9,7761