59
776662,37.728287,-122.454506,1.301919071E9,776110,776759
776662,37.728336,-122.45463,1.301919071E9,776110,776759
776662,37.728348,-122.45475,1.301919071E9,776110,776759
776662,37.728325,-122.45488,1.301919071E9,776110,776759
776662,37.72831,-122.455,1.301919071E9,776110,776759
776662,37.728302,-122.45512,1.301919071E9,776110,776759
776662,37.728294,-122.45522,1.301919071E9,776110,776759
776662,37.72829,-122.45534,1.301919071E9,776110,776759
776662,37.728287,-122.45547,1.301919071E9,776110,776759
776662,37.728287,-122.45559,1.301919071E9,776110,776759
776662,37.728287,-122.4557,1.301919071E9,776110,776759
776662,37.72825,-122.455826,1.301919071E9,776110,776759
776662,37.728195,-122.45591,1.301919071E9,776110,776759
776662,37.72812,-122.45596,1.301919071E9,776110,776759
776662,37.728027,-122.455986,1.301919071E9,776110,776759
776662,37.727936,-122.455986,1.301919071E9,776110,776759
776662,37.727844,-122.45599,1.301919071E9,776110,776759
776662,37.72776,-122.45599,1.301919071E9,776110,776759
776662,37.72768,-122.45599,1.301919071E9,776110,776759
776662,37.7276,-122.45597,1.301919071E9,776110,776759
776662,37.72751,-122.45594,1.301919071E9,776110,776759
776662,37.72744,-122.455864,1.301919071E9,776110,776759
776662,37.727417,-122.455765,1.301919071E9,776110,776759
776662,37.727413,-122.45565,1.301919071E9,776110,776759
776662,37.727432,-122.45552,1.301919071E9,776110,776759
776662,37.727448,-122.45539,1.301919071E9,776110,776759
776662,37.72745,-122.45528,1.301919071E9,776110,776759
776662,37.72746,-122.455154,1.301919071E9,776110,776759
776662,37.727463,-122.45503,1.301919071E9,776110,776759
776662,37.72747,-122.45492,1.301919071E9,776110,776759
776662,37.727474,-122.4548,1.301919071E9,776110,776759
776662,37.727478,-122.45467,1.301919071E9,776110,776759
776662,37.727535,-122.454575,1.301919071E9,776110,776759
776662,37.727627,-122.45454,1.301919071E9,776110,776759
776662,37.72772,-122.454506,1.301919071E9,776110,776759
776662,37.7278,-122.45449,1.301919071E9,776110,776759
776662,37.727882,-122.45449,1.301919071E9,776110,776759
776662,37.727966,-122.45448,1.301919071E9,776110,776759
776662,37.72805,-122.454475,1.301919071E9,776110,776759
776662,37.728134,-122.45448,1.301919071E9,776110,776759
776662,37.728214,-122.454506,1.301919071E9,776110,776759
776662,37.72829,-122.4546,1.301919071E9,776110,776759
776662,37.728317,-122.45473,1.301919071E9,776110,776759
776662,37.728317,-122.45485,1.301919071E9,776110,776759
776662,37.72831,-122.454956,1.301919071E9,776110,776759
776662,37.728294,-122.45508,1.301919071E9,776110,776759
776662,37.728283,-122.455215,1.301919071E9,776110,776759
776662,37.728287,-122.45532,1.301919071E9,776110,776759
776662,37.72828,-122.45545,1.301919071E9,776110,776759
776662,37.72827,-122.45557,1.301919071E9,776110,776759
776662,37.728256,-122.4557,1.301919071E9,776110,776759
776662,37.72823,-122.455795,1.301919071E9,776110,776759
776662,37.728184,-122.455894,1.301919071E9,776110,776759
776662,37.72812,-122.45597,1.301919071E9,776110,776759
776662,37.72802,-122.45602,1.301919071E9,776110,776759
776662,37.72793,-122.456024,1.301919071E9,776110,776759
776662,37.72784,-122.456,1.301919071E9,776110,776759
776662,37.727734,-122.456,1.301919071E9,776110,776759
776662,37.72765,-122.45599,1.301919071E9,776110,776759
776662,37.727573,-122.455956,1.301919071E9,776110,776759
776662,37.72751,-122.45588,1.301919071E9,776110,776759
776662,37.72746,-122.45579,1.301919071E9,776110,776759
776662,37.727436,-122.45569,1.301919071E9,776110,776759
776662,37.727425,-122.455574,1.301919071E9,776110,776759
776662,37.727436,-122.45547,1.301919071E9,776110,776759
776662,37.727455,-122.45536,1.301919071E9,776110,776759
776662,37.727455,-122.45525,1.301919071E9,776110,776759
776662,37.72745,-122.455154,1.301919071E9,776110,776759
776662,37.727448,-122.45503,1.301919071E9,776110,776759
776662,37.727448,-122.454926,1.301919071E9,776110,776759
776662,37.727448,-122.45482,1.301919071E9,776110,776759
776662,37.727444,-122.4547,1.301919071E9,776110,776759
776662,37.727478,-122.4546,1.301919071E9,776110,776759
776662,37.727573,-122.45453,1.301919071E9,776110,776759
776662,37.727657,-122.45448,1.301919071E9,776110,776759
776662,37.72776,-122.454475,1.301919071E9,776110,776759
776662,37.72785,-122.45448,1.301919071E9,776110,776759
776662,37.72795,-122.45448,1.301919071E9,776110,776759
776662,37.728035,-122.45448,1.301919071E9,776110,776759
776662,37.728138,-122.45449,1.301919071E9,776110,776759
776662,37.728214,-122.45453,1.301919071E9,776110,776759
776662,37.72828,-122.45461,1.301919071E9,776110,776759
776662,37.72829,-122.45474,1.301919071E9,776110,776759
776662,37.72828,-122.45485,1.301919071E9,776110,776759
776662,37.72828,-122.45497,1.301919071E9,776110,776759
776662,37.728275,-122.4551,1.301919071E9,776110,776759
776662,37.728275,-122.45522,1.301919071E9,776110,776759
776662,37.728264,-122.45535,1.301919071E9,776110,776759
776662,37.728245,-122.45549,1.301919071E9,776110,776759
776662,37.72824,-122.455605,1.301919071E9,776110,776759
776662,37.728237,-122.45573,1.301919071E9,776110,776759
776662,37.728207,-122.455826,1.301919071E9,776110,776759
776662,37.728134,-122.455925,1.301919071E9,776110,776759
776662,37.728058,-122.45597,1.301919071E9,776110,776759
776662,37.727974,-122.455986,1.301919071E9,776110,776759
776662,37.727886,-122.45597,1.301919071E9,776110,776759
776662,37.727802,-122.45597,1.301919071E9,776110,776759
776662,37.7277,-122.45596,1.301919071E9,776110,776759
776662,37.727596,-122.45593,1.301919071E9,776110,776759
776662,37.72752,-122.45587,1.301919071E9,776110,776759
776662,37.727463,-122.4558,1.301919071E9,776110,776759
776662,37.72743,-122.4557,1.301919071E9,776110,776759
776662,37.72742,-122.45558,1.301919071E9,776110,776759
776662,37.727425,-122.45547,1.301919071E9,776110,776759
776662,37.727432,-122.45535,1.301919071E9,776110,776759
776662,37.727432,-122.45523,1.301919071E9,776110,776759
776662,37.72744,-122.4551,1.301919071E9,776110,776759
776662,37.727448,-122.454994,1.301919071E9,776110,776759
776662,37.72745,-122.454865,1.301919071E9,776110,776759
776662,37.727463,-122.45473,1.301919071E9,776110,776759
776662,37.727486,-122.454605,1.301919071E9,776110,776759
776662,37.72756,-122.454544,1.301919071E9,776110,776759
776662,37.727642,-122.454506,1.301919071E9,776110,776759
776662,37.727726,-122.45448,1.301919071E9,776110,776759
776662,37.72782,-122.45447,1.301919071E9,776110,776759
776662,37.727924,-122.454475,1.301919071E9,776110,776759
776662,37.728027,-122.454475,1.301919071E9,776110,776759
776662,37.728127,-122.454475,1.301919071E9,776110,776759
776662,37.728214,-122.45451,1.301919071E9,776110,776759
776662,37.72828,-122.45458,1.301919071E9,776110,776759
776662,37.728325,-122.45467,1.301919071E9,776110,776759
776662,37.72834,-122.45481,1.301919071E9,776110,776759
776662,37.728325,-122.454926,1.301919071E9,776110,776759
776662,37.728313,-122.45503,1.301919071E9,776110,776759
776662,37.728302,-122.45515,1.301919071E9,776110,776759
776662,37.728294,-122.45528,1.301919071E9,776110,776759
776662,37.728287,-122.4554,1.301919071E9,776110,776759
776662,37.728275,-122.45553,1.301919071E9,776110,776759
776662,37.728275,-122.45566,1.301919071E9,776110,776759
776662,37.72827,-122.45577,1.301919071E9,776110,776759
776662,37.72824,-122.45587,1.301919071E9,776110,776759
776662,37.72818,-122.455956,1.301919071E9,776110,776759
776662,37.728096,-122.45601,1.301919071E9,776110,776759
776662,37.72801,-122.45604,1.301919071E9,776110,776759
776662,37.72792,-122.45606,1.301919071E9,776110,776759
776662,37.72783,-122.45606,1.301919071E9,776110,776759
776662,37.727737,-122.45604,1.301919071E9,776110,776759
776662,37.727642,-122.45602,1.301919071E9,776110,776759
776662,37.72756,-122.45596,1.301919071E9,776110,776759
776662,37.72748,-122.455864,1.301919071E9,776110,776759
776662,37.72744,-122.45576,1.301919071E9,776110,776759
776662,37.727432,-122.45564,1.301919071E9,776110,776759
776662,37.727444,-122.455536,1.301919071E9,776110,776759
776662,37.72745,-122.455414