59
776662,38.774647,-90.5298,1.301919071E9,776110,776759
776662,38.77458,-90.52989,1.301919071E9,776110,776759
776662,38.774506,-90.52999,1.301919071E9,776110,776759
776662,38.774433,-90.530075,1.301919071E9,776110,776759
776662,38.77435,-90.53014,1.301919071E9,776110,776759
776662,38.77426,-90.53021,1.301919071E9,776110,776759
776662,38.774174,-90.53029,1.301919071E9,776110,776759
776662,38.774082,-90.53034,1.301919071E9,776110,776759
776662,38.77399,-90.53038,1.301919071E9,776110,776759
776662,38.773872,-90.530396,1.301919071E9,776110,776759
776662,38.773785,-90.53038,1.301919071E9,776110,776759
776662,38.773666,-90.53038,1.301919071E9,776110,776759
776662,38.773552,-90.530396,1.301919071E9,776110,776759
776662,38.773445,-90.5304,1.301919071E9,776110,776759
776662,38.773342,-90.53042,1.301919071E9,776110,776759
776662,38.77324,-90.530426,1.301919071E9,776110,776759
776662,38.773148,-90.53044,1.301919071E9,776110,776759
776662,38.773064,-90.530495,1.301919071E9,776110,776759
776662,38.772964,-90.5305,1.301919071E9,776110,776759
776662,38.77286,-90.53049,1.301919071E9,776110,776759
776662,38.772755,-90.53047,1.301919071E9,776110,776759
776662,38.772655,-90.53045,1.301919071E9,776110,776759
776662,38.77254,-90.53041,1.301919071E9,776110,776759
776662,38.77244,-90.53038,1.301919071E9,776110,776759
776662,38.772327,-90.53035,1.301919071E9,776110,776759
776662,38.77224,-90.53031,1.301919071E9,776110,776759
776662,38.772137,-90.53025,1.301919071E9,776110,776759
776662,38.772045,-90.53021,1.301919071E9,776110,776759
776662,38.77195,-90.530174,1.301919071E9,776110,776759
776662,38.77186,-90.53014,1.301919071E9,776110,776759
776662,38.77175,-90.53011,1.301919071E9,776110,776759
776662,38.771645,-90.530075,1.301919071E9,776110,776759
776662,38.771545,-90.53004,1.301919071E9,776110,776759
776662,38.77144,-90.53,1.301919071E9,776110,776759
776662,38.771343,-90.52996,1.301919071E9,776110,776759
776662,38.77123,-90.52992,1.301919071E9,776110,776759
776662,38.771133,-90.52991,1.301919071E9,776110,776759
776662,38.771034,-90.52987,1.301919071E9,776110,776759
776662,38.770935,-90.529854,1.301919071E9,776110,776759
776662,38.77084,-90.52984,1.301919071E9,776110,776759
776662,38.770737,-90.52983,1.301919071E9,776110,776759
776662,38.77063,-90.52982,1.301919071E9,776110,776759
776662,38.77053,-90.52983,1.301919071E9,776110,776759
776662,38.770424,-90.52985,1.301919071E9,776110,776759
776662,38.77033,-90.529884,1.301919071E9,776110,776759
776662,38.770226,-90.52993,1.301919071E9,776110,776759
776662,38.770123,-90.52998,1.301919071E9,776110,776759
776662,38.770035,-90.53007,1.301919071E9,776110,776759
776662,38.769966,-90.53015,1.301919071E9,776110,776759
776662,38.7699,-90.530235,1.301919071E9,776110,776759
776662,38.769817,-90.530334,1.301919071E9,776110,776759
776662,38.76976,-90.530426,1.301919071E9,776110,776759
776662,38.769695,-90.53054,1.301919071E9,776110,776759
776662,38.769634,-90.53065,1.301919071E9,776110,776759
776662,38.769573,-90.53076,1.301919071E9,776110,776759
776662,38.769505,-90.53087,1.301919071E9,776110,776759
776662,38.76944,-90.530975,1.301919071E9,776110,776759
776662,38.769382,-90.53109,1.301919071E9,776110,776759
776662,38.769337,-90.53119,1.301919071E9,776110,776759
776662,38.769283,-90.53131,1.301919071E9,776110,776759
776662,38.76921,-90.53141,1.301919071E9,776110,776759
776662,38.76914,-90.53152,1.301919071E9,776110,776759
776662,38.769077,-90.531654,1.301919071E9,776110,776759
776662,38.76903,-90.53176,1.301919071E9,776110,776759
776662,38.768982,-90.53187,1.301919071E9,776110,776759
776662,38.768932,-90.531975,1.301919071E9,776110,776759
776662,38.768883,-90.53208,1.301919071E9,776110,776759
776662,38.768845,-90.53219,1.301919071E9,776110,776759
776662,38.76882,-90.5323,1.301919071E9,776110,776759
776662,38.768803,-90.532425,1.301919071E9,776110,776759
776662,38.768806,-90.53258,1.301919071E9,776110,776759
776662,38.768826,-90.53272,1.301919071E9,776110,776759
776662,38.76883,-90.53286,1.301919071E9,776110,776759
776662,38.768852,-90.53301,1.301919071E9,776110,776759
776662,38.768887,-90.53312,1.301919071E9,776110,776759
776662,38.768936,-90.53324,1.301919071E9,776110,776759
776662,38.76901,-90.53335,1.301919071E9,776110,776759
776662,38.769096,-90.53343,1.301919071E9,776110,776759
776662,38.769188,-90.53352,1.301919071E9,776110,776759
776662,38.769264,-90.533585,1.301919071E9,776110,776759
776662,38.76934,-90.533646,1.301919071E9,776110,776759
776662,38.769417,-90.53373,1.301919071E9,776110,776759
776662,38.769512,-90.53379,1.301919071E9,776110,776759
776662,38.769604,-90.533875,1.301919071E9,776110,776759
776662,38.76966,-90.533966,1.301919071E9,776110,776759
776662,38.769733,-90.53404,1.301919071E9,776110,776759
776662,38.76981,-90.53415,1.301919071E9,776110,776759
776662,38.769863,-90.53424,1.301919071E9,776110,776759
776662,38.769936,-90.53431,1.301919071E9,776110,776759
776662,38.77002,-90.53437,1.301919071E9,776110,776759
776662,38.77011,-90.53446,1.301919071E9,776110,776759
776662,38.77019,-90.53455,1.301919071E9,776110,776759
776662,38.770264,-90.53465,1.301919071E9,776110,776759
776662,38.770317,-90.53477,1.301919071E9,776110,776759
776662,38.77038,-90.5349,1.301919071E9,776110,776759
776662,38.77044,-90.535,1.301919071E9,776110,776759
776662,38.770496,-90.535095,1.301919071E9,776110,776759
776662,38.770546,-90.535194,1.301919071E9,776110,776759
776662,38.770596,-90.5353,1.301919071E9,776110,776759
776662,38.77064,-90.535416,1.301919071E9,776110,776759
776662,38.77069,-90.53554,1.301919071E9,776110,776759
776662,38.770725,-90.53566,1.301919071E9,776110,776759
776662,38.770737,-90.53578,1.301919071E9,776110,776759
776662,38.770744,-90.53591,1.301919071E9,776110,776759
776662,38.770733,-90.53605,1.301919071E9,776110,776759
776662,38.770702,-90.53618,1.301919071E9,776110,776759
776662,38.770676,-90.5363,1.301919071E9,776110,776759
776662,38.77065,-90.53644,1.301919071E9,776110,776759
776662,38.77062,-90.53657,1.301919071E9,776110,776759
776662,38.77058,-90.53668,1.301919071E9,776110,776759
776662,38.770542,-90.536804,1.301919071E9,776110,776759
776662,38.770485,-90.53691,1.301919071E9,776110,776759
776662,38.770428,-90.53703,1.301919071E9,776110,776759
776662,38.77037,-90.537155,1.301919071E9,776110,776759
776662,38.770317,-90.53728,1.301919071E9,776110,776759
776662,38.77027,-90.53739,1.301919071E9,776110,776759
776662,38.770214,-90.53752,1.301919071E9,776110,776759
776662,38.770153,-90.537636,1.301919071E9,776110,776759
776662,38.7701,-90.537735,1.301919071E9,776110,776759
776662,38.770054,-90.53784,1.301919071E9,776110,776759
776662,38.769993,-90.53793,1.301919071E9,776110,776759
776662,38.769924,-90.53804,1.301919071E9,776110,776759
776662,38.769844,-90.53813,1.301919071E9,776110,776759
776662,38.76978,-90.53824,1.301919071E9,776110,776759
776662,38.769707,-90.53836,1.301919071E9,776110,776759
776662,38.769638,-90.53847,1.301919071E9,776110,776759
776662,38.769604,-90.538574,1.301919071E9,776110,776759
776662,38.76957,-90.538704,1.301919071E9,776110,776759
776662,38.769524,-90.53881,1.301919071E9,776110,776759
776662,38.76945,-90.538925,1.301919071E9,776110,776759
776662,38.769386,-90.53902,1.301919071E9,776110,776759
776662,38.7693,-90.53911,1.301919071E9,776110,776759
776662,38.769207,-90.5392,1.301919071E9,776110,776759
776662,38.76913,-90.53926,1.301919071E9,776110,776759
776662,38.769047,-90.53933,1.301919071E9,776110,776759
776662,38.76894,-90.53938,1.301919071E9,776110,776759
776662,38.768833,-90.53942,1.301919071E9,776110,776759
776662,38.768723,-90.53944,1.301919071E9,776110,776759
776662,38.76862,-90.539474,1.301919071E9,776110,776759
776662,38.768513,-90.53952,1.301919071E9,776110,776759
776662,38.768417,-90.53958,1.301919071E9,776110,776759
776662,38.768314,-90.53964,1.301919071E9,776110,776759
776662,38.768215,-90.539696,1.301919071E9,776110,776759
776662,38.76812,-90.539734,1.301919071E9,776110,776759
776662,38.76804,-90.53985,1.301919071E9,776110,776759
776662,38.767967,-90.53994,1.301919071E9,776110,776759
77