19071E9,776110,776759
776662,41.886265,-87.795845,1.301919071E9,776110,776759
776662,41.886158,-87.79584,1.301919071E9,776110,776759
776662,41.886047,-87.795845,1.301919071E9,776110,776759
776662,41.88595,-87.79586,1.301919071E9,776110,776759
776662,41.885845,-87.795876,1.301919071E9,776110,776759
776662,41.88574,-87.79588,1.301919071E9,776110,776759
776662,41.885628,-87.79588,1.301919071E9,776110,776759
776662,41.88553,-87.79589,1.301919071E9,776110,776759
776662,41.885437,-87.795906,1.301919071E9,776110,776759
776662,41.885338,-87.79591,1.301919071E9,776110,776759
776662,41.885265,-87.79579,1.301919071E9,776110,776759
776662,41.885242,-87.79567,1.301919071E9,776110,776759
776662,41.885227,-87.79553,1.301919071E9,776110,776759
776662,41.88523,-87.795364,1.301919071E9,776110,776759
776662,41.885216,-87.79522,1.301919071E9,776110,776759
776662,41.885147,-87.79513,1.301919071E9,776110,776759
776662,41.88503,-87.79512,1.301919071E9,776110,776759
776662,41.884937,-87.79512,1.301919071E9,776110,776759
776662,41.88482,-87.79511,1.301919071E9,776110,776759
776662,41.88471,-87.795105,1.301919071E9,776110,776759
776662,41.88461,-87.79511,1.301919071E9,776110,776759
776662,41.88448,-87.79511,1.301919071E9,776110,776759
776662,41.884373,-87.795105,1.301919071E9,776110,776759
776662,41.884277,-87.7951,1.301919071E9,776110,776759
776662,41.884167,-87.795105,1.301919071E9,776110,776759
776662,41.884068,-87.795105,1.301919071E9,776110,776759
776662,41.884094,-87.794975,1.301919071E9,776110,776759
776662,41.884087,-87.79492,1.301919071E9,776110,776759
776662,41.884026,-87.79504,1.301919071E9,776110,776759
776662,41.88412,-87.79506,1.301919071E9,776110,776759
776662,41.88424,-87.795074,1.301919071E9,776110,776759
776662,41.884327,-87.79509,1.301919071E9,776110,776759
776662,41.884434,-87.7951,1.301919071E9,776110,776759
776662,41.884537,-87.79509,1.301919071E9,776110,776759
776662,41.88466,-87.7951,1.301919071E9,776110,776759
776662,41.884754,-87.79509,1.301919071E9,776110,776759
776662,41.884846,-87.79509,1.301919071E9,776110,776759
776662,41.88497,-87.79509,1.301919071E9,776110,776759
776662,41.885067,-87.79509,1.301919071E9,776110,776759
776662,41.885143,-87.79515,1.301919071E9,776110,776759
776662,41.88518,-87.7953,1.301919071E9,776110,776759
776662,41.885185,-87.79548,1.301919071E9,776110,776759
776662,41.885185,-87.795616,1.301919071E9,776110,776759
776662,41.885178,-87.79577,1.301919071E9,776110,776759
776662,41.885178,-87.795906,1.301919071E9,776110,776759
776662,41.885174,-87.796074,1.301919071E9,776110,776759
776662,41.885174,-87.7962,1.301919071E9,776110,776759
776662,41.885174,-87.79635,1.301919071E9,776110,776759
776662,41.885166,-87.79649,1.301919071E9,776110,776759
776662,41.885155,-87.79664,1.301919071E9,776110,776759
776662,41.885128,-87.79678,1.301919071E9,776110,776759
776662,41.88512,-87.79693,1.301919071E9,776110,776759
776662,41.885166,-87.797066,1.301919071E9,776110,776759
776662,41.885258,-87.797104,1.301919071E9,776110,776759
776662,41.88536,-87.79711,1.301919071E9,776110,776759
776662,41.885452,-87.79712,1.301919071E9,776110,776759
776662,41.88559,-87.79711,1.301919071E9,776110,776759
776662,41.885693,-87.7971,1.301919071E9,776110,776759
776662,41.885807,-87.79709,1.301919071E9,776110,776759
776662,41.885906,-87.79709,1.301919071E9,776110,776759
776662,41.886,-87.7971,1.301919071E9,776110,776759
776662,41.886093,-87.797104,1.301919071E9,776110,776759
776662,41.88619,-87.7971,1.301919071E9,776110,776759
776662,41.88629,-87.79709,1.301919071E9,776110,776759
776662,41.886406,-87.79708,1.301919071E9,776110,776759
776662,41.886528,-87.7971,1.301919071E9,776110,776759
776662,41.886627,-87.79711,1.301919071E9,776110,776759
776662,41.886723,-87.79711,1.301919071E9,776110,776759
776662,41.886814,-87.79711,1.301919071E9,776110,776759
776662,41.886917,-87.79711,1.301919071E9,776110,776759
776662,41.887028,-87.79709,1.301919071E9,776110,776759
776662,41.887135,-87.79707,1.301919071E9,776110,776759
776662,41.887245,-87.797066,1.301919071E9,776110,776759
776662,41.887344,-87.79708,1.301919071E9,776110,776759
776662,41.887444,-87.7971,1.301919071E9,776110,776759
776662,41.88756,-87.797104,1.301919071E9,776110,776759
776662,41.887653,-87.79712,1.301919071E9,776110,776759
776662,41.887756,-87.79712,1.301919071E9,776110,776759
776662,41.887848,-87.797104,1.301919071E9,776110,776759
776662,41.88798,-87.797104,1.301919071E9,776110,776759
776662,41.888084,-87.797134,1.301919071E9,776110,776759
776662,41.888218,-87.79718,1.301919071E9,776110,776759
776662,41.888317,-87.7972,1.301919071E9,776110,776759
776662,41.888428,-87.79721,1.301919071E9,776110,776759
776662,41.88856,-87.797195,1.301919071E9,776110,776759
776662,41.888664,-87.797104,1.301919071E9,776110,776759
776662,41.888718,-87.79695,1.301919071E9,776110,776759
776662,41.888756,-87.79683,1.301919071E9,776110,776759
776662,41.88876,-87.79664,1.301919071E9,776110,776759
776662,41.888775,-87.79652,1.301919071E9,776110,776759
776662,41.888786,-87.79638,1.301919071E9,776110,776759
776662,41.888805,-87.796234,1.301919071E9,776110,776759
776662,41.888813,-87.79604,1.301919071E9,776110,776759
776662,41.888832,-87.79591,1.301919071E9,776110,776759
776662,41.88895,-87.795944,1.301919071E9,776110,776759
776662,41.88905,-87.79595,1.301919071E9,776110,776759
776662,41.889122,-87.795845,1.301919071E9,776110,776759
776662,41.889023,-87.7959,1.301919071E9,776110,776759
776662,41.888966,-87.795975,1.301919071E9,776110,776759
776662,41.889126,-87.79581,1.301919071E9,776110,776759
776662,41.889214,-87.79579,1.301919071E9,776110,776759
776662,41.889313,-87.79577,1.301919071E9,776110,776759
776662,41.889442,-87.795784,1.301919071E9,776110,776759
776662,41.889503,-87.79591,1.301919071E9,776110,776759
776662,41.88957,-87.79607,1.301919071E9,776110,776759
776662,41.88966,-87.79608,1.301919071E9,776110,776759
776662,41.889732,-87.796,1.301919071E9,776110,776759
776662,41.889843,-87.79603,1.301919071E9,776110,776759
776662,41.889946,-87.796104,1.301919071E9,776110,776759
776662,41.890053,-87.7961,1.301919071E9,776110,776759
776662,41.89016,-87.796005,1.301919071E9,776110,776759
776662,41.890175,-87.79585,1.301919071E9,776110,776759
776662,41.890182,-87.79572,1.301919071E9,776110,776759
776662,41.89021,-87.79558,1.301919071E9,776110,776759
776662,41.89024,-87.795364,1.301919071E9,776110,776759
776662,41.890266,-87.79522,1.301919071E9,776110,776759
776662,41.890278,-87.795044,1.301919071E9,776110,776759
776662,41.890278,-87.79491,1.301919071E9,776110,776759
776662,41.890285,-87.79477,1.301919071E9,776110,776759
776662,41.890274,-87.794624,1.301919071E9,776110,776759
776662,41.890152,-87.79454,1.301919071E9,776110,776759
776662,41.890038,-87.79453,1.301919071E9,776110,776759
776662,41.889923,-87.79452,1.301919071E9,776110,776759
776662,41.889824,-87.79452,1.301919071E9,776110,776759
776662,41.889725,-87.794525,1.301919071E9,776110,776759
776662,41.88962,-87.794525,1.301919071E9,776110,776759
776662,41.889507,-87.79451,1.301919071E9,776110,776759
776662,41.889397,-87.79451,1.301919071E9,776110,776759
776662,41.889286,-87.79451,1.301919071E9,776110,776759
776662,41.88918,-87.794495,1.301919071E9,776110,776759
776662,41.889065,-87.794495,1.301919071E9,776110,776759
776662,41.88892,-87.794495,1.301919071E9,776110,776759
776662,41.8888,-87.7945,1.301919071E9,776110,776759
776662,41.88868,-87.79451,1.301919071E9,776110,776759
776662,41.888554,-87.79452,1.301919071E9,776110,776759
776662,41.888435,-87.79451,1.301919071E9,776110,776759
776662,41.88832,-87.79449,1.301919071E9,776110,776759
776662,41.888172,-87.7945,1.301919071E9,776110,776759
776662,41.88806,-87.7945,1.301919071E9,776110,776759
776662,41.887943,-87.794495,1.301919071E9,776110,776759
776662,41.88783,-87.7945,1.301919071E9,776110,776759
776662,41.887703,-87.79447,1.301919071E9,776110,776759
776662,41.8876,-87.794464,1.301919071E9,776110,776759
776662,41.887505,-87.794464,1.301919071E9,776110,776759
776662,41.8874,-87.79447,1.301919071E9,776110,776759
776662,41.887295,-87.79448