0,776759
776662,51.436302,5.417011,1.301919071E9,776110,776759
776662,51.436325,5.4172306,1.301919071E9,776110,776759
776662,51.436363,5.417418,1.301919071E9,776110,776759
776662,51.436386,5.417613,1.301919071E9,776110,776759
776662,51.4364,5.4177833,1.301919071E9,776110,776759
776662,51.43644,5.4179935,1.301919071E9,776110,776759
776662,51.436478,5.4181795,1.301919071E9,776110,776759
776662,51.436504,5.4183936,1.301919071E9,776110,776759
776662,51.43653,5.4186153,1.301919071E9,776110,776759
776662,51.43657,5.418835,1.301919071E9,776110,776759
776662,51.436577,5.4190207,1.301919071E9,776110,776759
776662,51.436607,5.4192104,1.301919071E9,776110,776759
776662,51.436634,5.4194636,1.301919071E9,776110,776759
776662,51.43667,5.4196687,1.301919071E9,776110,776759
776662,51.43669,5.419871,1.301919071E9,776110,776759
776662,51.436726,5.4200463,1.301919071E9,776110,776759
776662,51.43675,5.4202304,1.301919071E9,776110,776759
776662,51.43678,5.4203854,1.301919071E9,776110,776759
776662,51.43681,5.4205465,1.301919071E9,776110,776759
776662,51.436836,5.4206777,1.301919071E9,776110,776759
776662,51.43677,5.4207854,1.301919071E9,776110,776759
776662,51.436676,5.4208035,1.301919071E9,776110,776759
776662,51.43659,5.4209023,1.301919071E9,776110,776759
776662,51.43654,5.4210877,1.301919071E9,776110,776759
776662,51.43649,5.4212,1.301919071E9,776110,776759
776662,51.436436,5.4213076,1.301919071E9,776110,776759
776662,51.436337,5.4214196,1.301919071E9,776110,776759
776662,51.43625,5.421471,1.301919071E9,776110,776759
776662,51.43617,5.42155,1.301919071E9,776110,776759
776662,51.436073,5.421613,1.301919071E9,776110,776759
776662,51.43598,5.4216843,1.301919071E9,776110,776759
776662,51.435905,5.421752,1.301919071E9,776110,776759
776662,51.43583,5.4218187,1.301919071E9,776110,776759
776662,51.435738,5.421883,1.301919071E9,776110,776759
776662,51.435646,5.4219384,1.301919071E9,776110,776759
776662,51.435543,5.4220176,1.301919071E9,776110,776759
776662,51.43545,5.4221377,1.301919071E9,776110,776759
776662,51.435436,5.4223175,1.301919071E9,776110,776759
776662,51.435417,5.422487,1.301919071E9,776110,776759
776662,51.435432,5.4226227,1.301919071E9,776110,776759
776662,51.435482,5.422726,1.301919071E9,776110,776759
776662,51.43556,5.4228263,1.301919071E9,776110,776759
776662,51.435635,5.422968,1.301919071E9,776110,776759
776662,51.43572,5.4231267,1.301919071E9,776110,776759
776662,51.43579,5.4232836,1.301919071E9,776110,776759
776662,51.43585,5.423461,1.301919071E9,776110,776759
776662,51.435917,5.423639,1.301919071E9,776110,776759
776662,51.435966,5.4238515,1.301919071E9,776110,776759
776662,51.436016,5.424048,1.301919071E9,776110,776759
776662,51.4361,5.424378,1.301919071E9,776110,776759
776662,51.436203,5.424714,1.301919071E9,776110,776759
776662,51.436256,5.424894,1.301919071E9,776110,776759
776662,51.436306,5.4250903,1.301919071E9,776110,776759
776662,51.436344,5.425287,1.301919071E9,776110,776759
776662,51.436394,5.4254518,1.301919071E9,776110,776759
776662,51.436443,5.4256144,1.301919071E9,776110,776759
776662,51.436497,5.425779,1.301919071E9,776110,776759
776662,51.43655,5.425938,1.301919071E9,776110,776759
776662,51.436584,5.426721,1.301919071E9,776110,776759
776662,51.436626,5.426859,1.301919071E9,776110,776759
776662,51.436672,5.4270515,1.301919071E9,776110,776759
776662,51.43672,5.4272437,1.301919071E9,776110,776759
776662,51.436768,5.4273577,1.301919071E9,776110,776759
776662,51.436802,5.4275255,1.301919071E9,776110,776759
776662,51.436863,5.4276547,1.301919071E9,776110,776759
776662,51.43694,5.4278197,1.301919071E9,776110,776759
776662,51.436996,5.4279943,1.301919071E9,776110,776759
776662,51.43708,5.428206,1.301919071E9,776110,776759
776662,51.437115,5.4283442,1.301919071E9,776110,776759
776662,51.43719,5.4284716,1.301919071E9,776110,776759
776662,51.43729,5.4286275,1.301919071E9,776110,776759
776662,51.437347,5.428735,1.301919071E9,776110,776759
776662,51.43741,5.428881,1.301919071E9,776110,776759
776662,51.437477,5.4290204,1.301919071E9,776110,776759
776662,51.437515,5.429164,1.301919071E9,776110,776759
776662,51.437576,5.429339,1.301919071E9,776110,776759
776662,51.43765,5.429529,1.301919071E9,776110,776759
776662,51.437706,5.4296346,1.301919071E9,776110,776759
776662,51.43777,5.4297743,1.301919071E9,776110,776759
776662,51.437843,5.4299135,1.301919071E9,776110,776759
776662,51.43789,5.430051,1.301919071E9,776110,776759
776662,51.43796,5.4301653,1.301919071E9,776110,776759
776662,51.438015,5.43031,1.301919071E9,776110,776759
776662,51.43808,5.430484,1.301919071E9,776110,776759
776662,51.43813,5.43065,1.301919071E9,776110,776759
776662,51.438175,5.430791,1.301919071E9,776110,776759
776662,51.43824,5.4309354,1.301919071E9,776110,776759
776662,51.438297,5.4310555,1.301919071E9,776110,776759
776662,51.438354,5.4311886,1.301919071E9,776110,776759
776662,51.438396,5.4313154,1.301919071E9,776110,776759
776662,51.43845,5.431458,1.301919071E9,776110,776759
776662,51.438503,5.4315886,1.301919071E9,776110,776759
776662,51.438534,5.4317245,1.301919071E9,776110,776759
776662,51.43863,5.4318657,1.301919071E9,776110,776759
776662,51.438686,5.431987,1.301919071E9,776110,776759
776662,51.438763,5.432143,1.301919071E9,776110,776759
776662,51.43884,5.4322977,1.301919071E9,776110,776759
776662,51.438904,5.432448,1.301919071E9,776110,776759
776662,51.43897,5.432625,1.301919071E9,776110,776759
776662,51.43902,5.4327345,1.301919071E9,776110,776759
776662,51.439102,5.432913,1.301919071E9,776110,776759
776662,51.43919,5.433086,1.301919071E9,776110,776759
776662,51.43924,5.4331875,1.301919071E9,776110,776759
776662,51.439327,5.433372,1.301919071E9,776110,776759
776662,51.439415,5.433564,1.301919071E9,776110,776759
776662,51.439514,5.4337587,1.301919071E9,776110,776759
776662,51.439568,5.4339585,1.301919071E9,776110,776759
776662,51.439644,5.4341464,1.301919071E9,776110,776759
776662,51.43974,5.43435,1.301919071E9,776110,776759
776662,51.439827,5.434539,1.301919071E9,776110,776759
776662,51.4399,5.4347553,1.301919071E9,776110,776759
776662,51.43998,5.434943,1.301919071E9,776110,776759
776662,51.440018,5.435079,1.301919071E9,776110,776759
776662,51.440063,5.435194,1.301919071E9,776110,776759
776662,51.440117,5.4353013,1.301919071E9,776110,776759
776662,51.440163,5.435413,1.301919071E9,776110,776759
776662,51.4402,5.435542,1.301919071E9,776110,776759
776662,51.44025,5.435694,1.301919071E9,776110,776759
776662,51.44032,5.4358635,1.301919071E9,776110,776759
776662,51.440422,5.436054,1.301919071E9,776110,776759
776662,51.440464,5.436186,1.301919071E9,776110,776759
776662,51.440575,5.436411,1.301919071E9,776110,776759
776662,51.440636,5.436515,1.301919071E9,776110,776759
776662,51.440723,5.436707,1.301919071E9,776110,776759
776662,51.440815,5.4368796,1.301919071E9,776110,776759
776662,51.44087,5.4369855,1.301919071E9,776110,776759
776662,51.44093,5.4371376,1.301919071E9,776110,776759
776662,51.44101,5.4373364,1.301919071E9,776110,776759
776662,51.44106,5.4374495,1.301919071E9,776110,776759
776662,51.44114,5.4376445,1.301919071E9,776110,776759
776662,51.44119,5.437754,1.301919071E9,776110,776759
776662,51.441242,5.43788,1.301919071E9,776110,776759
776662,51.44132,5.4380484,1.301919071E9,776110,776759
776662,51.44139,5.438248,1.301919071E9,776110,776759
776662,51.44147,5.4384284,1.301919071E9,776110,776759
776662,51.44157,5.4385786,1.301919071E9,776110,776759
776662,51.44163,5.4387608,1.301919071E9,776110,776759
776662,51.441696,5.4389353,1.301919071E9,776110,776759
776662,51.441772,5.439112,1.301919071E9,776110,776759
776662,51.441856,5.439285,1.301919071E9,776110,776759
776662,51.44192,5.439447,1.301919071E9,776110,776759
776662,51.441994,5.439598,1.301919071E9,776110,776759
776662,51.442085,5.439757,1.301919071E9,776110,776759
776662,51.442154,5.4399395,1.301919071E9,776110,776759
776662,51.44222,5.4401064,1.301919071E9,776110,776759
776662,51.442257,5.4403,1.301919071E9,776110,776759
776662,51.442307,5.4404697,1.301919071E9,776110,776759
776662,51.442368,5.440634,1.301919071E9,776110,77