0,776759
776662,38.93951,-74.89512,1.301919071E9,776110,776759
776662,38.939484,-74.89523,1.301919071E9,776110,776759
776662,38.93941,-74.89539,1.301919071E9,776110,776759
776662,38.939335,-74.89552,1.301919071E9,776110,776759
776662,38.93926,-74.89562,1.301919071E9,776110,776759
776662,38.93915,-74.89566,1.301919071E9,776110,776759
776662,38.939064,-74.89563,1.301919071E9,776110,776759
776662,38.93897,-74.89557,1.301919071E9,776110,776759
776662,38.93888,-74.8955,1.301919071E9,776110,776759
776662,38.93879,-74.895424,1.301919071E9,776110,776759
776662,38.938663,-74.89535,1.301919071E9,776110,776759
776662,38.93856,-74.89533,1.301919071E9,776110,776759
776662,38.938484,-74.89541,1.301919071E9,776110,776759
776662,38.93843,-74.89557,1.301919071E9,776110,776759
776662,38.938404,-74.89568,1.301919071E9,776110,776759
776662,38.938377,-74.8958,1.301919071E9,776110,776759
776662,38.93836,-74.89591,1.301919071E9,776110,776759
776662,38.938343,-74.89603,1.301919071E9,776110,776759
776662,38.938324,-74.89614,1.301919071E9,776110,776759
776662,38.938293,-74.89631,1.301919071E9,776110,776759
776662,38.938255,-74.89646,1.301919071E9,776110,776759
776662,38.938225,-74.89662,1.301919071E9,776110,776759
776662,38.938194,-74.896774,1.301919071E9,776110,776759
776662,38.938152,-74.89693,1.301919071E9,776110,776759
776662,38.938114,-74.89709,1.301919071E9,776110,776759
776662,38.93808,-74.89725,1.301919071E9,776110,776759
776662,38.93803,-74.8974,1.301919071E9,776110,776759
776662,38.937935,-74.89751,1.301919071E9,776110,776759
776662,38.937843,-74.89759,1.301919071E9,776110,776759
776662,38.93772,-74.89762,1.301919071E9,776110,776759
776662,38.937584,-74.89763,1.301919071E9,776110,776759
776662,38.937473,-74.897575,1.301919071E9,776110,776759
776662,38.937378,-74.89749,1.301919071E9,776110,776759
776662,38.937294,-74.89743,1.301919071E9,776110,776759
776662,38.937206,-74.89745,1.301919071E9,776110,776759
776662,38.93713,-74.89752,1.301919071E9,776110,776759
776662,38.93708,-74.89764,1.301919071E9,776110,776759
776662,38.93704,-74.897766,1.301919071E9,776110,776759
776662,38.937,-74.89791,1.301919071E9,776110,776759
776662,38.936974,-74.898056,1.301919071E9,776110,776759
776662,38.936954,-74.8982,1.301919071E9,776110,776759
776662,38.936924,-74.898346,1.301919071E9,776110,776759
776662,38.936893,-74.8985,1.301919071E9,776110,776759
776662,38.936867,-74.89866,1.301919071E9,776110,776759
776662,38.936836,-74.89881,1.301919071E9,776110,776759
776662,38.936802,-74.898964,1.301919071E9,776110,776759
776662,38.936768,-74.899124,1.301919071E9,776110,776759
776662,38.936733,-74.89923,1.301919071E9,776110,776759
776662,38.936687,-74.8994,1.301919071E9,776110,776759
776662,38.93665,-74.899506,1.301919071E9,776110,776759
776662,38.9366,-74.89966,1.301919071E9,776110,776759
776662,38.936565,-74.89977,1.301919071E9,776110,776759
776662,38.936535,-74.89988,1.301919071E9,776110,776759
776662,38.936497,-74.899994,1.301919071E9,776110,776759
776662,38.936462,-74.90011,1.301919071E9,776110,776759
776662,38.93642,-74.900215,1.301919071E9,776110,776759
776662,38.93638,-74.90034,1.301919071E9,776110,776759
776662,38.936333,-74.900444,1.301919071E9,776110,776759
776662,38.936287,-74.90054,1.301919071E9,776110,776759
776662,38.936245,-74.90065,1.301919071E9,776110,776759
776662,38.936207,-74.90076,1.301919071E9,776110,776759
776662,38.936146,-74.90091,1.301919071E9,776110,776759
776662,38.936108,-74.90102,1.301919071E9,776110,776759
776662,38.936054,-74.90112,1.301919071E9,776110,776759
776662,38.936,-74.90126,1.301919071E9,776110,776759
776662,38.935947,-74.90139,1.301919071E9,776110,776759
776662,38.9359,-74.9015,1.301919071E9,776110,776759
776662,38.935863,-74.9017,1.301919071E9,776110,776759
776662,38.93583,-74.90182,1.301919071E9,776110,776759
776662,38.935783,-74.90199,1.301919071E9,776110,776759
776662,38.93575,-74.90211,1.301919071E9,776110,776759
776662,38.93571,-74.90223,1.301919071E9,776110,776759
776662,38.93568,-74.90234,1.301919071E9,776110,776759
776662,38.93565,-74.902466,1.301919071E9,776110,776759
776662,38.93561,-74.90258,1.301919071E9,776110,776759
776662,38.93557,-74.9027,1.301919071E9,776110,776759
776662,38.935524,-74.90282,1.301919071E9,776110,776759
776662,38.935482,-74.90293,1.301919071E9,776110,776759
776662,38.935436,-74.90305,1.301919071E9,776110,776759
776662,38.9354,-74.90316,1.301919071E9,776110,776759
776662,38.935352,-74.903275,1.301919071E9,776110,776759
776662,38.935318,-74.90339,1.301919071E9,776110,776759
776662,38.935276,-74.903496,1.301919071E9,776110,776759
776662,38.935204,-74.90364,1.301919071E9,776110,776759
776662,38.935158,-74.90375,1.301919071E9,776110,776759
776662,38.935112,-74.90386,1.301919071E9,776110,776759
776662,38.93507,-74.90398,1.301919071E9,776110,776759
776662,38.935028,-74.90409,1.301919071E9,776110,776759
776662,38.934982,-74.9042,1.301919071E9,776110,776759
776662,38.934944,-74.904305,1.301919071E9,776110,776759
776662,38.934906,-74.90441,1.301919071E9,776110,776759
776662,38.93486,-74.904564,1.301919071E9,776110,776759
776662,38.934814,-74.90471,1.301919071E9,776110,776759
776662,38.934788,-74.90485,1.301919071E9,776110,776759
776662,38.934757,-74.904976,1.301919071E9,776110,776759
776662,38.934715,-74.905106,1.301919071E9,776110,776759
776662,38.93467,-74.90525,1.301919071E9,776110,776759
776662,38.93463,-74.90539,1.301919071E9,776110,776759
776662,38.934586,-74.905525,1.301919071E9,776110,776759
776662,38.934532,-74.90566,1.301919071E9,776110,776759
776662,38.934486,-74.90581,1.301919071E9,776110,776759
776662,38.934433,-74.90596,1.301919071E9,776110,776759
776662,38.934383,-74.90611,1.301919071E9,776110,776759
776662,38.93433,-74.90627,1.301919071E9,776110,776759
776662,38.93428,-74.90642,1.301919071E9,776110,776759
776662,38.93423,-74.90656,1.301919071E9,776110,776759
776662,38.93419,-74.90671,1.301919071E9,776110,776759
776662,38.93414,-74.906845,1.301919071E9,776110,776759
776662,38.934093,-74.90699,1.301919071E9,776110,776759
776662,38.93404,-74.90713,1.301919071E9,776110,776759
776662,38.933987,-74.907265,1.301919071E9,776110,776759
776662,38.933933,-74.907394,1.301919071E9,776110,776759
776662,38.933884,-74.90753,1.301919071E9,776110,776759
776662,38.933823,-74.907684,1.301919071E9,776110,776759
776662,38.933765,-74.90784,1.301919071E9,776110,776759
776662,38.93372,-74.90799,1.301919071E9,776110,776759
776662,38.933674,-74.90815,1.301919071E9,776110,776759
776662,38.933624,-74.90831,1.301919071E9,776110,776759
776662,38.933575,-74.90846,1.301919071E9,776110,776759
776662,38.93352,-74.90861,1.301919071E9,776110,776759
776662,38.93348,-74.90877,1.301919071E9,776110,776759
776662,38.93343,-74.90892,1.301919071E9,776110,776759
776662,38.933372,-74.90908,1.301919071E9,776110,776759
776662,38.933315,-74.90923,1.301919071E9,776110,776759
776662,38.93326,-74.90938,1.301919071E9,776110,776759
776662,38.93321,-74.90954,1.301919071E9,776110,776759
776662,38.93315,-74.90968,1.301919071E9,776110,776759
776662,38.933098,-74.909836,1.301919071E9,776110,776759
776662,38.933044,-74.90998,1.301919071E9,776110,776759
776662,38.93299,-74.910126,1.301919071E9,776110,776759
776662,38.932938,-74.91028,1.301919071E9,776110,776759
776662,38.93288,-74.91043,1.301919071E9,776110,776759
776662,38.93285,-74.910576,1.301919071E9,776110,776759
776662,38.93281,-74.91072,1.301919071E9,776110,776759
776662,38.93277,-74.91087,1.301919071E9,776110,776759
776662,38.93272,-74.91102,1.301919071E9,776110,776759
776662,38.93266,-74.91117,1.301919071E9,776110,776759
776662,38.932617,-74.91129,1.301919071E9,776110,776759
776662,38.93254,-74.91138,1.301919071E9,776110,776759
776662,38.932453,-74.911415,1.301919071E9,776110,776759
776662,38.93236,-74.9114,1.301919071E9,776110,776759
776662,38.932243,-74.91132,1.301919071E9,776110,776759
776662,38.93215,-74.91126,1.301919071E9,776110,776759
776662,38.93207,-74.91121,1.301919071E9,776110,776759
776662,38.93196,-74.91113,1.301919071E9,776110,776759
776662,38.93185,-74.91107,1.301919071E9,776110,776759
776662,38.93