1.301919071E9,776110,776759
776662,55.66484,13.106755,1.301919071E9,776110,776759
776662,55.664745,13.106758,1.301919071E9,776110,776759
776662,55.664642,13.106751,1.301919071E9,776110,776759
776662,55.66456,13.106698,1.301919071E9,776110,776759
776662,55.66447,13.106629,1.301919071E9,776110,776759
776662,55.664387,13.10656,1.301919071E9,776110,776759
776662,55.66429,13.106484,1.301919071E9,776110,776759
776662,55.664196,13.106401,1.301919071E9,776110,776759
776662,55.664124,13.106311,1.301919071E9,776110,776759
776662,55.664055,13.106199,1.301919071E9,776110,776759
776662,55.664005,13.106028,1.301919071E9,776110,776759
776662,55.663982,13.105837,1.301919071E9,776110,776759
776662,55.663963,13.105645,1.301919071E9,776110,776759
776662,55.663948,13.105457,1.301919071E9,776110,776759
776662,55.663937,13.105223,1.301919071E9,776110,776759
776662,55.663918,13.105015,1.301919071E9,776110,776759
776662,55.663887,13.104857,1.301919071E9,776110,776759
776662,55.663815,13.104721,1.301919071E9,776110,776759
776662,55.663715,13.104646,1.301919071E9,776110,776759
776662,55.66361,13.10464,1.301919071E9,776110,776759
776662,55.663506,13.104626,1.301919071E9,776110,776759
776662,55.663403,13.104678,1.301919071E9,776110,776759
776662,55.663383,13.104519,1.301919071E9,776110,776759
776662,55.663383,13.10434,1.301919071E9,776110,776759
776662,55.663353,13.104152,1.301919071E9,776110,776759
776662,55.663357,13.10397,1.301919071E9,776110,776759
776662,55.663345,13.103779,1.301919071E9,776110,776759
776662,55.663334,13.103576,1.301919071E9,776110,776759
776662,55.663315,13.103377,1.301919071E9,776110,776759
776662,55.6633,13.103192,1.301919071E9,776110,776759
776662,55.663296,13.103014,1.301919071E9,776110,776759
776662,55.6633,13.102834,1.301919071E9,776110,776759
776662,55.66328,13.102667,1.301919071E9,776110,776759
776662,55.663273,13.102504,1.301919071E9,776110,776759
776662,55.663258,13.102346,1.301919071E9,776110,776759
776662,55.663223,13.102171,1.301919071E9,776110,776759
776662,55.663185,13.102006,1.301919071E9,776110,776759
776662,55.66313,13.101849,1.301919071E9,776110,776759
776662,55.663044,13.101801,1.301919071E9,776110,776759
776662,55.66293,13.101823,1.301919071E9,776110,776759
776662,55.662823,13.101879,1.301919071E9,776110,776759
776662,55.66271,13.101951,1.301919071E9,776110,776759
776662,55.66262,13.10205,1.301919071E9,776110,776759
776662,55.66253,13.102163,1.301919071E9,776110,776759
776662,55.66244,13.102277,1.301919071E9,776110,776759
776662,55.662357,13.102372,1.301919071E9,776110,776759
776662,55.662277,13.102458,1.301919071E9,776110,776759
776662,55.662163,13.102531,1.301919071E9,776110,776759
776662,55.66205,13.102513,1.301919071E9,776110,776759
776662,55.661976,13.102409,1.301919071E9,776110,776759
776662,55.661892,13.102288,1.301919071E9,776110,776759
776662,55.661816,13.102155,1.301919071E9,776110,776759
776662,55.661747,13.102034,1.301919071E9,776110,776759
776662,55.66167,13.101897,1.301919071E9,776110,776759
776662,55.661602,13.101752,1.301919071E9,776110,776759
776662,55.661537,13.101614,1.301919071E9,776110,776759
776662,55.661472,13.101481,1.301919071E9,776110,776759
776662,55.661396,13.101352,1.301919071E9,776110,776759
776662,55.661312,13.101253,1.301919071E9,776110,776759
776662,55.66123,13.101164,1.301919071E9,776110,776759
776662,55.66114,13.101072,1.301919071E9,776110,776759
776662,55.661037,13.101041,1.301919071E9,776110,776759
776662,55.660942,13.100991,1.301919071E9,776110,776759
776662,55.66084,13.100979,1.301919071E9,776110,776759
776662,55.660744,13.100965,1.301919071E9,776110,776759
776662,55.66063,13.100975,1.301919071E9,776110,776759
776662,55.660515,13.100973,1.301919071E9,776110,776759
776662,55.66041,13.100984,1.301919071E9,776110,776759
776662,55.66032,13.100985,1.301919071E9,776110,776759
776662,55.66023,13.100957,1.301919071E9,776110,776759
776662,55.66012,13.100889,1.301919071E9,776110,776759
776662,55.660023,13.100837,1.301919071E9,776110,776759
776662,55.659927,13.100792,1.301919071E9,776110,776759
776662,55.659843,13.100752,1.301919071E9,776110,776759
776662,55.659737,13.100754,1.301919071E9,776110,776759
776662,55.659626,13.100779,1.301919071E9,776110,776759
776662,55.659523,13.1008,1.301919071E9,776110,776759
776662,55.659416,13.100826,1.301919071E9,776110,776759
776662,55.65931,13.100848,1.301919071E9,776110,776759
776662,55.65921,13.100885,1.301919071E9,776110,776759
776662,55.659122,13.10097,1.301919071E9,776110,776759
776662,55.65904,13.101055,1.301919071E9,776110,776759
776662,55.658943,13.101106,1.301919071E9,776110,776759
776662,55.658836,13.101119,1.301919071E9,776110,776759
776662,55.658745,13.101111,1.301919071E9,776110,776759
776662,55.65865,13.101115,1.301919071E9,776110,776759
776662,55.65855,13.101132,1.301919071E9,776110,776759
776662,55.65844,13.101137,1.301919071E9,776110,776759
776662,55.658344,13.101117,1.301919071E9,776110,776759
776662,55.65825,13.101098,1.301919071E9,776110,776759
776662,55.658154,13.101078,1.301919071E9,776110,776759
776662,55.658047,13.101106,1.301919071E9,776110,776759
776662,55.65796,13.10121,1.301919071E9,776110,776759
776662,55.65792,13.101359,1.301919071E9,776110,776759
776662,55.657898,13.101549,1.301919071E9,776110,776759
776662,55.657867,13.10172,1.301919071E9,776110,776759
776662,55.657852,13.101906,1.301919071E9,776110,776759
776662,55.657845,13.102083,1.301919071E9,776110,776759
776662,55.657852,13.102276,1.301919071E9,776110,776759
776662,55.657883,13.102429,1.301919071E9,776110,776759
776662,55.65792,13.102579,1.301919071E9,776110,776759
776662,55.657963,13.102736,1.301919071E9,776110,776759
776662,55.658,13.102893,1.301919071E9,776110,776759
776662,55.658035,13.103044,1.301919071E9,776110,776759
776662,55.658073,13.103235,1.301919071E9,776110,776759
776662,55.6581,13.103407,1.301919071E9,776110,776759
776662,55.658115,13.103565,1.301919071E9,776110,776759
776662,55.65812,13.103763,1.301919071E9,776110,776759
776662,55.658115,13.10393,1.301919071E9,776110,776759
776662,55.658108,13.104111,1.301919071E9,776110,776759
776662,55.658104,13.104302,1.301919071E9,776110,776759
776662,55.658096,13.1045,1.301919071E9,776110,776759
776662,55.658092,13.104712,1.301919071E9,776110,776759
776662,55.658092,13.104922,1.301919071E9,776110,776759
776662,55.65809,13.105122,1.301919071E9,776110,776759
776662,55.65809,13.105311,1.301919071E9,776110,776759
776662,55.65809,13.105487,1.301919071E9,776110,776759
776662,55.658096,13.105667,1.301919071E9,776110,776759
776662,55.65813,13.105858,1.301919071E9,776110,776759
776662,55.65818,13.105993,1.301919071E9,776110,776759
776662,55.658268,13.106114,1.301919071E9,776110,776759
776662,55.658367,13.106214,1.301919071E9,776110,776759
776662,55.65843,13.106359,1.301919071E9,776110,776759
776662,55.65848,13.106497,1.301919071E9,776110,776759
776662,55.658535,13.106667,1.301919071E9,776110,776759
776662,55.65859,13.106837,1.301919071E9,776110,776759
776662,55.658627,13.106984,1.301919071E9,776110,776759
776662,55.65863,13.107161,1.301919071E9,776110,776759
776662,55.65865,13.107329,1.301919071E9,776110,776759
776662,55.65868,13.107501,1.301919071E9,776110,776759
776662,55.6587,13.107661,1.301919071E9,776110,776759
776662,55.658756,13.10779,1.301919071E9,776110,776759
776662,55.658783,13.10796,1.301919071E9,776110,776759
776662,55.65879,13.108129,1.301919071E9,776110,776759
776662,55.65881,13.108306,1.301919071E9,776110,776759
776662,55.658836,13.108465,1.301919071E9,776110,776759
776662,55.65887,13.108652,1.301919071E9,776110,776759
776662,55.658886,13.108811,1.301919071E9,776110,776759
776662,55.6589,13.108983,1.301919071E9,776110,776759
776662,55.658924,13.10918,1.301919071E9,776110,776759
776662,55.658936,13.109366,1.301919071E9,776110,776759
776662,55.658962,13.109528,1.301919071E9,776110,776759
776662,55.65899,13.109694,1.301919071E9,776110,776759
776662,55.659004,13.109854,1.301919071E9,776110,776759
776662,55.65903,13.110052,1.301919071E9,776110,776759
776662,55.659058,13.110241,1.301919071E9,776110,776759
776662,55.659073,13.