1919071E9,776110,776759
776662,51.46337,5.4009686,1.301919071E9,776110,776759
776662,51.463566,5.40106,1.301919071E9,776110,776759
776662,51.46368,5.4011097,1.301919071E9,776110,776759
776662,51.463802,5.401187,1.301919071E9,776110,776759
776662,51.463924,5.4012465,1.301919071E9,776110,776759
776662,51.46405,5.401325,1.301919071E9,776110,776759
776662,51.464176,5.401444,1.301919071E9,776110,776759
776662,51.46429,5.4015174,1.301919071E9,776110,776759
776662,51.464436,5.401628,1.301919071E9,776110,776759
776662,51.46458,5.40171,1.301919071E9,776110,776759
776662,51.464676,5.4018183,1.301919071E9,776110,776759
776662,51.464775,5.4018927,1.301919071E9,776110,776759
776662,51.464924,5.4019055,1.301919071E9,776110,776759
776662,51.465046,5.402059,1.301919071E9,776110,776759
776662,51.46514,5.4021916,1.301919071E9,776110,776759
776662,51.465317,5.4023466,1.301919071E9,776110,776759
776662,51.465523,5.4025707,1.301919071E9,776110,776759
776662,51.4657,5.4026127,1.301919071E9,776110,776759
776662,51.46586,5.402692,1.301919071E9,776110,776759
776662,51.465942,5.402703,1.301919071E9,776110,776759
776662,51.466087,5.4027743,1.301919071E9,776110,776759
776662,51.46619,5.402846,1.301919071E9,776110,776759
776662,51.466297,5.40294,1.301919071E9,776110,776759
776662,51.46642,5.403002,1.301919071E9,776110,776759
776662,51.466526,5.40309,1.301919071E9,776110,776759
776662,51.466606,5.4031377,1.301919071E9,776110,776759
776662,51.466747,5.403214,1.301919071E9,776110,776759
776662,51.46683,5.403244,1.301919071E9,776110,776759
776662,51.46693,5.403322,1.301919071E9,776110,776759
776662,51.46704,5.4034204,1.301919071E9,776110,776759
776662,51.467163,5.4034843,1.301919071E9,776110,776759
776662,51.467285,5.4035373,1.301919071E9,776110,776759
776662,51.467327,5.4036565,1.301919071E9,776110,776759
776662,51.46742,5.4037275,1.301919071E9,776110,776759
776662,51.46753,5.4038043,1.301919071E9,776110,776759
776662,51.467613,5.4038863,1.301919071E9,776110,776759
776662,51.467728,5.4039373,1.301919071E9,776110,776759
776662,51.46783,5.4039884,1.301919071E9,776110,776759
776662,51.46793,5.4040504,1.301919071E9,776110,776759
776662,51.468014,5.4040875,1.301919071E9,776110,776759
776662,51.467964,5.4039583,1.301919071E9,776110,776759
776662,51.468033,5.4040356,1.301919071E9,776110,776759
776662,51.468098,5.404155,1.301919071E9,776110,776759
776662,51.468044,5.4043517,1.301919071E9,776110,776759
776662,51.46801,5.404552,1.301919071E9,776110,776759
776662,51.467976,5.404714,1.301919071E9,776110,776759
776662,51.46795,5.404887,1.301919071E9,776110,776759
776662,51.46766,5.405697,1.301919071E9,776110,776759
776662,51.46764,5.405895,1.301919071E9,776110,776759
776662,51.467564,5.406094,1.301919071E9,776110,776759
776662,51.467545,5.40632,1.301919071E9,776110,776759
776662,51.467537,5.4064493,1.301919071E9,776110,776759
776662,51.46748,5.406616,1.301919071E9,776110,776759
776662,51.467426,5.4067736,1.301919071E9,776110,776759
776662,51.467377,5.406922,1.301919071E9,776110,776759
776662,51.46733,5.4070835,1.301919071E9,776110,776759
776662,51.46729,5.407251,1.301919071E9,776110,776759
776662,51.467243,5.4074044,1.301919071E9,776110,776759
776662,51.467182,5.40767,1.301919071E9,776110,776759
776662,51.467133,5.407819,1.301919071E9,776110,776759
776662,51.46708,5.4079967,1.301919071E9,776110,776759
776662,51.466995,5.408193,1.301919071E9,776110,776759
776662,51.466923,5.408351,1.301919071E9,776110,776759
776662,51.466866,5.4085345,1.301919071E9,776110,776759
776662,51.46682,5.4086914,1.301919071E9,776110,776759
776662,51.46676,5.40885,1.301919071E9,776110,776759
776662,51.466694,5.4090204,1.301919071E9,776110,776759
776662,51.466644,5.4092197,1.301919071E9,776110,776759
776662,51.466602,5.4093323,1.301919071E9,776110,776759
776662,51.466557,5.409483,1.301919071E9,776110,776759
776662,51.46651,5.4096556,1.301919071E9,776110,776759
776662,51.46646,5.4098763,1.301919071E9,776110,776759
776662,51.46642,5.410038,1.301919071E9,776110,776759
776662,51.46636,5.4101954,1.301919071E9,776110,776759
776662,51.466396,5.4105906,1.301919071E9,776110,776759
776662,51.466328,5.410799,1.301919071E9,776110,776759
776662,51.466278,5.410957,1.301919071E9,776110,776759
776662,51.46621,5.4111075,1.301919071E9,776110,776759
776662,51.46604,5.411325,1.301919071E9,776110,776759
776662,51.465992,5.4114356,1.301919071E9,776110,776759
776662,51.46596,5.4115653,1.301919071E9,776110,776759
776662,51.465885,5.41178,1.301919071E9,776110,776759
776662,51.465843,5.4119363,1.301919071E9,776110,776759
776662,51.465794,5.412096,1.301919071E9,776110,776759
776662,51.465755,5.4122567,1.301919071E9,776110,776759
776662,51.465706,5.4124174,1.301919071E9,776110,776759
776662,51.465668,5.4126067,1.301919071E9,776110,776759
776662,51.465622,5.4128113,1.301919071E9,776110,776759
776662,51.4656,5.4129453,1.301919071E9,776110,776759
776662,51.465595,5.413079,1.301919071E9,776110,776759
776662,51.46557,5.413259,1.301919071E9,776110,776759
776662,51.465496,5.4134173,1.301919071E9,776110,776759
776662,51.46541,5.41352,1.301919071E9,776110,776759
776662,51.465355,5.4136696,1.301919071E9,776110,776759
776662,51.46533,5.4138737,1.301919071E9,776110,776759
776662,51.465305,5.4140253,1.301919071E9,776110,776759
776662,51.46528,5.414189,1.301919071E9,776110,776759
776662,51.46527,5.4143777,1.301919071E9,776110,776759
776662,51.46519,5.414544,1.301919071E9,776110,776759
776662,51.465157,5.4146733,1.301919071E9,776110,776759
776662,51.46498,5.414766,1.301919071E9,776110,776759
776662,51.46497,5.4149184,1.301919071E9,776110,776759
776662,51.464924,5.4151263,1.301919071E9,776110,776759
776662,51.46485,5.4153857,1.301919071E9,776110,776759
776662,51.464813,5.415566,1.301919071E9,776110,776759
776662,51.46478,5.4156995,1.301919071E9,776110,776759
776662,51.46473,5.41583,1.301919071E9,776110,776759
776662,51.46471,5.4159694,1.301919071E9,776110,776759
776662,51.46465,5.416077,1.301919071E9,776110,776759
776662,51.464626,5.4162083,1.301919071E9,776110,776759
776662,51.46457,5.4163613,1.301919071E9,776110,776759
776662,51.464546,5.416554,1.301919071E9,776110,776759
776662,51.46454,5.4167366,1.301919071E9,776110,776759
776662,51.464478,5.416824,1.301919071E9,776110,776759
776662,51.46443,5.416963,1.301919071E9,776110,776759
776662,51.464397,5.41713,1.301919071E9,776110,776759
776662,51.464382,5.417291,1.301919071E9,776110,776759
776662,51.464336,5.41746,1.301919071E9,776110,776759
776662,51.464283,5.417606,1.301919071E9,776110,776759
776662,51.464226,5.417743,1.301919071E9,776110,776759
776662,51.464165,5.4178553,1.301919071E9,776110,776759
776662,51.464108,5.4179463,1.301919071E9,776110,776759
776662,51.464066,5.4181204,1.301919071E9,776110,776759
776662,51.46401,5.4182897,1.301919071E9,776110,776759
776662,51.463966,5.41843,1.301919071E9,776110,776759
776662,51.46393,5.4185834,1.301919071E9,776110,776759
776662,51.463955,5.41877,1.301919071E9,776110,776759
776662,51.463882,5.418835,1.301919071E9,776110,776759
776662,51.46381,5.418931,1.301919071E9,776110,776759
776662,51.46375,5.4190364,1.301919071E9,776110,776759
776662,51.46371,5.419173,1.301919071E9,776110,776759
776662,51.46366,5.4192863,1.301919071E9,776110,776759
776662,51.4636,5.4194484,1.301919071E9,776110,776759
776662,51.463554,5.4195647,1.301919071E9,776110,776759
776662,51.4635,5.419691,1.301919071E9,776110,776759
776662,51.46342,5.4198313,1.301919071E9,776110,776759
776662,51.463356,5.4199805,1.301919071E9,776110,776759
776662,51.46323,5.4201756,1.301919071E9,776110,776759
776662,51.46313,5.4202986,1.301919071E9,776110,776759
776662,51.463036,5.420407,1.301919071E9,776110,776759
776662,51.46298,5.4205513,1.301919071E9,776110,776759
776662,51.4629,5.4206877,1.301919071E9,776110,776759
776662,51.462864,5.4208503,1.301919071E9,776110,776759
776662,51.462807,5.4209547,1.301919071E9,776110,776759
776662,51.462795,5.421145,1.301919071E9,776110,776759
776662,51.462746,5.421247,1.301919071E9,776110,776759
776662,51.462677,5.4214144,1.301919071E9,776110,776759
776662,51.462635,5.4215612,1.301919071E