56,1.301919071E9,776110,776759
776662,38.72084,-90.490654,1.301919071E9,776110,776759
776662,38.720913,-90.49073,1.301919071E9,776110,776759
776662,38.72099,-90.49081,1.301919071E9,776110,776759
776662,38.721085,-90.49088,1.301919071E9,776110,776759
776662,38.721176,-90.49095,1.301919071E9,776110,776759
776662,38.72126,-90.49101,1.301919071E9,776110,776759
776662,38.72135,-90.49108,1.301919071E9,776110,776759
776662,38.721443,-90.49115,1.301919071E9,776110,776759
776662,38.72152,-90.49122,1.301919071E9,776110,776759
776662,38.7216,-90.49129,1.301919071E9,776110,776759
776662,38.721703,-90.491356,1.301919071E9,776110,776759
776662,38.721786,-90.49142,1.301919071E9,776110,776759
776662,38.721893,-90.49146,1.301919071E9,776110,776759
776662,38.722,-90.49152,1.301919071E9,776110,776759
776662,38.722107,-90.49158,1.301919071E9,776110,776759
776662,38.7222,-90.49163,1.301919071E9,776110,776759
776662,38.72229,-90.49169,1.301919071E9,776110,776759
776662,38.722385,-90.491745,1.301919071E9,776110,776759
776662,38.722473,-90.49179,1.301919071E9,776110,776759
776662,38.722565,-90.49184,1.301919071E9,776110,776759
776662,38.722652,-90.49189,1.301919071E9,776110,776759
776662,38.72275,-90.49197,1.301919071E9,776110,776759
776662,38.722836,-90.49204,1.301919071E9,776110,776759
776662,38.72291,-90.49212,1.301919071E9,776110,776759
776662,38.723003,-90.49221,1.301919071E9,776110,776759
776662,38.723095,-90.49225,1.301919071E9,776110,776759
776662,38.72319,-90.49226,1.301919071E9,776110,776759
776662,38.723305,-90.49223,1.301919071E9,776110,776759
776662,38.723415,-90.49221,1.301919071E9,776110,776759
776662,38.723507,-90.492195,1.301919071E9,776110,776759
776662,38.723618,-90.49215,1.301919071E9,776110,776759
776662,38.723724,-90.49212,1.301919071E9,776110,776759
776662,38.723827,-90.49209,1.301919071E9,776110,776759
776662,38.723934,-90.492035,1.301919071E9,776110,776759
776662,38.72405,-90.49199,1.301919071E9,776110,776759
776662,38.72415,-90.49194,1.301919071E9,776110,776759
776662,38.72425,-90.4919,1.301919071E9,776110,776759
776662,38.724358,-90.491844,1.301919071E9,776110,776759
776662,38.72446,-90.491776,1.301919071E9,776110,776759
776662,38.72456,-90.491714,1.301919071E9,776110,776759
776662,38.724648,-90.49166,1.301919071E9,776110,776759
776662,38.724743,-90.4916,1.301919071E9,776110,776759
776662,38.724842,-90.491554,1.301919071E9,776110,776759
776662,38.72495,-90.49151,1.301919071E9,776110,776759
776662,38.725048,-90.49144,1.301919071E9,776110,776759
776662,38.725136,-90.49138,1.301919071E9,776110,776759
776662,38.725224,-90.4913,1.301919071E9,776110,776759
776662,38.72531,-90.491234,1.301919071E9,776110,776759
776662,38.7254,-90.49115,1.301919071E9,776110,776759
776662,38.725487,-90.49106,1.301919071E9,776110,776759
776662,38.72557,-90.49098,1.301919071E9,776110,776759
776662,38.72565,-90.490906,1.301919071E9,776110,776759
776662,38.72574,-90.490814,1.301919071E9,776110,776759
776662,38.72582,-90.490715,1.301919071E9,776110,776759
776662,38.72589,-90.49064,1.301919071E9,776110,776759
776662,38.725964,-90.49057,1.301919071E9,776110,776759
776662,38.726025,-90.49048,1.301919071E9,776110,776759
776662,38.726017,-90.49033,1.301919071E9,776110,776759
776662,38.72597,-90.4902,1.301919071E9,776110,776759
776662,38.725925,-90.49006,1.301919071E9,776110,776759
776662,38.725864,-90.48995,1.301919071E9,776110,776759
776662,38.725803,-90.48987,1.301919071E9,776110,776759
776662,38.72576,-90.48974,1.301919071E9,776110,776759
776662,38.72576,-90.48961,1.301919071E9,776110,776759
776662,38.725754,-90.48948,1.301919071E9,776110,776759
776662,38.725704,-90.489365,1.301919071E9,776110,776759
776662,38.72565,-90.489265,1.301919071E9,776110,776759
776662,38.725555,-90.48917,1.301919071E9,776110,776759
776662,38.725468,-90.4891,1.301919071E9,776110,776759
776662,38.7254,-90.48902,1.301919071E9,776110,776759
776662,38.725346,-90.48892,1.301919071E9,776110,776759
776662,38.72531,-90.48879,1.301919071E9,776110,776759
776662,38.72527,-90.48868,1.301919071E9,776110,776759
776662,38.725254,-90.48854,1.301919071E9,776110,776759
776662,38.7252,-90.48842,1.301919071E9,776110,776759
776662,38.725155,-90.48829,1.301919071E9,776110,776759
776662,38.725143,-90.488174,1.301919071E9,776110,776759
776662,38.72513,-90.48804,1.301919071E9,776110,776759
776662,38.725124,-90.48789,1.301919071E9,776110,776759
776662,38.72511,-90.48776,1.301919071E9,776110,776759
776662,38.725105,-90.48765,1.301919071E9,776110,776759
776662,38.725082,-90.4875,1.301919071E9,776110,776759
776662,38.72506,-90.487366,1.301919071E9,776110,776759
776662,38.72504,-90.48724,1.301919071E9,776110,776759
776662,38.725018,-90.48709,1.301919071E9,776110,776759
776662,38.725,-90.48698,1.301919071E9,776110,776759
776662,38.724976,-90.48685,1.301919071E9,776110,776759
776662,38.724953,-90.48672,1.301919071E9,776110,776759
776662,38.724937,-90.4866,1.301919071E9,776110,776759
776662,38.724937,-90.48648,1.301919071E9,776110,776759
776662,38.724922,-90.48637,1.301919071E9,776110,776759
776662,38.724907,-90.48623,1.301919071E9,776110,776759
776662,38.72489,-90.486084,1.301919071E9,776110,776759
776662,38.724876,-90.485954,1.301919071E9,776110,776759
776662,38.724865,-90.48582,1.301919071E9,776110,776759
776662,38.724854,-90.48567,1.301919071E9,776110,776759
776662,38.724827,-90.48555,1.301919071E9,776110,776759
776662,38.72479,-90.485405,1.301919071E9,776110,776759
776662,38.724716,-90.48529,1.301919071E9,776110,776759
776662,38.724705,-90.48527,1.301919071E9,776110,776759
776662,38.724697,-90.4852,1.301919071E9,776110,776759
776662,38.72465,-90.4852,1.301919071E9,776110,776759
776662,38.72458,-90.48512,1.301919071E9,776110,776759
776662,38.724483,-90.48503,1.301919071E9,776110,776759
776662,38.724422,-90.48492,1.301919071E9,776110,776759
776662,38.72436,-90.4848,1.301919071E9,776110,776759
776662,38.724293,-90.484695,1.301919071E9,776110,776759
776662,38.724216,-90.4846,1.301919071E9,776110,776759
776662,38.72415,-90.48447,1.301919071E9,776110,776759
776662,38.724106,-90.48435,1.301919071E9,776110,776759
776662,38.724056,-90.48422,1.301919071E9,776110,776759
776662,38.72402,-90.48411,1.301919071E9,776110,776759
776662,38.723984,-90.483986,1.301919071E9,776110,776759
776662,38.723946,-90.483864,1.301919071E9,776110,776759
776662,38.723923,-90.48374,1.301919071E9,776110,776759
776662,38.723904,-90.48362,1.301919071E9,776110,776759
776662,38.723885,-90.483475,1.301919071E9,776110,776759
776662,38.723866,-90.48334,1.301919071E9,776110,776759
776662,38.72385,-90.483215,1.301919071E9,776110,776759
776662,38.723846,-90.48307,1.301919071E9,776110,776759
776662,38.72383,-90.482956,1.301919071E9,776110,776759
776662,38.723797,-90.48284,1.301919071E9,776110,776759
776662,38.723755,-90.482735,1.301919071E9,776110,776759
776662,38.723686,-90.48261,1.301919071E9,776110,776759
776662,38.72362,-90.48251,1.301919071E9,776110,776759
776662,38.723553,-90.48242,1.301919071E9,776110,776759
776662,38.723473,-90.48234,1.301919071E9,776110,776759
776662,38.723396,-90.48225,1.301919071E9,776110,776759
776662,38.723328,-90.48213,1.301919071E9,776110,776759
776662,38.723255,-90.482025,1.301919071E9,776110,776759
776662,38.723183,-90.48192,1.301919071E9,776110,776759
776662,38.72311,-90.48181,1.301919071E9,776110,776759
776662,38.72302,-90.48171,1.301919071E9,776110,776759
776662,38.72295,-90.481606,1.301919071E9,776110,776759
776662,38.722885,-90.4815,1.301919071E9,776110,776759
776662,38.722805,-90.48141,1.301919071E9,776110,776759
776662,38.72272,-90.48131,1.301919071E9,776110,776759
776662,38.72265,-90.48122,1.301919071E9,776110,776759
776662,38.722565,-90.48113,1.301919071E9,776110,776759
776662,38.72248,-90.48103,1.301919071E9,776110,776759
776662,38.7224,-90.48093,1.301919071E9,776110,776759
776662,38.722324,-90.48081,1.301919071E9,776110,776759
776662,38.72225,-90.480705,1.301919071E9,776110,776759
776662,38.72217,-90.4806,1.301919071E9,776110,776759
776662,38.722107,-90.480515,1.301919071E9,776110,776759
776662,38.722034,-90.4804,1.301919071E9,776