,776110,776759
776662,37.72181,-122.46324,1.301919071E9,776110,776759
776662,37.72181,-122.46312,1.301919071E9,776110,776759
776662,37.721806,-122.462975,1.301919071E9,776110,776759
776662,37.7218,-122.462845,1.301919071E9,776110,776759
776662,37.721798,-122.46273,1.301919071E9,776110,776759
776662,37.721806,-122.46261,1.301919071E9,776110,776759
776662,37.72182,-122.4625,1.301919071E9,776110,776759
776662,37.721867,-122.46239,1.301919071E9,776110,776759
776662,37.721912,-122.462296,1.301919071E9,776110,776759
776662,37.721947,-122.46217,1.301919071E9,776110,776759
776662,37.721966,-122.46206,1.301919071E9,776110,776759
776662,37.721996,-122.46196,1.301919071E9,776110,776759
776662,37.722027,-122.461845,1.301919071E9,776110,776759
776662,37.722023,-122.46169,1.301919071E9,776110,776759
776662,37.72202,-122.46156,1.301919071E9,776110,776759
776662,37.72201,-122.46145,1.301919071E9,776110,776759
776662,37.72199,-122.46132,1.301919071E9,776110,776759
776662,37.72198,-122.46118,1.301919071E9,776110,776759
776662,37.721985,-122.46105,1.301919071E9,776110,776759
776662,37.72199,-122.46093,1.301919071E9,776110,776759
776662,37.721996,-122.460815,1.301919071E9,776110,776759
776662,37.722015,-122.46069,1.301919071E9,776110,776759
776662,37.722034,-122.46058,1.301919071E9,776110,776759
776662,37.722042,-122.46046,1.301919071E9,776110,776759
776662,37.722034,-122.46033,1.301919071E9,776110,776759
776662,37.722027,-122.46019,1.301919071E9,776110,776759
776662,37.72202,-122.46007,1.301919071E9,776110,776759
776662,37.722015,-122.45994,1.301919071E9,776110,776759
776662,37.72205,-122.45982,1.301919071E9,776110,776759
776662,37.722065,-122.45971,1.301919071E9,776110,776759
776662,37.722057,-122.45958,1.301919071E9,776110,776759
776662,37.72204,-122.45947,1.301919071E9,776110,776759
776662,37.722027,-122.459366,1.301919071E9,776110,776759
776662,37.722008,-122.45922,1.301919071E9,776110,776759
776662,37.72202,-122.45909,1.301919071E9,776110,776759
776662,37.722034,-122.458984,1.301919071E9,776110,776759
776662,37.722027,-122.45886,1.301919071E9,776110,776759
776662,37.722027,-122.45875,1.301919071E9,776110,776759
776662,37.72204,-122.45863,1.301919071E9,776110,776759
776662,37.722046,-122.45852,1.301919071E9,776110,776759
776662,37.722046,-122.45839,1.301919071E9,776110,776759
776662,37.722027,-122.45828,1.301919071E9,776110,776759
776662,37.72201,-122.45818,1.301919071E9,776110,776759
776662,37.722,-122.458046,1.301919071E9,776110,776759
776662,37.721985,-122.45794,1.301919071E9,776110,776759
776662,37.72198,-122.45782,1.301919071E9,776110,776759
776662,37.72199,-122.457695,1.301919071E9,776110,776759
776662,37.722023,-122.457565,1.301919071E9,776110,776759
776662,37.72204,-122.45745,1.301919071E9,776110,776759
776662,37.72203,-122.45731,1.301919071E9,776110,776759
776662,37.72202,-122.45721,1.301919071E9,776110,776759
776662,37.72201,-122.4571,1.301919071E9,776110,776759
776662,37.722004,-122.45698,1.301919071E9,776110,776759
776662,37.722,-122.45686,1.301919071E9,776110,776759
776662,37.72199,-122.45676,1.301919071E9,776110,776759
776662,37.721977,-122.45666,1.301919071E9,776110,776759
776662,37.72198,-122.45654,1.301919071E9,776110,776759
776662,37.721996,-122.45642,1.301919071E9,776110,776759
776662,37.721985,-122.45628,1.301919071E9,776110,776759
776662,37.722008,-122.45617,1.301919071E9,776110,776759
776662,37.7221,-122.45612,1.301919071E9,776110,776759
776662,37.722218,-122.456116,1.301919071E9,776110,776759
776662,37.7223,-122.45612,1.301919071E9,776110,776759
776662,37.72238,-122.45615,1.301919071E9,776110,776759
776662,37.722496,-122.456154,1.301919071E9,776110,776759
776662,37.722603,-122.45618,1.301919071E9,776110,776759
776662,37.72272,-122.45619,1.301919071E9,776110,776759
776662,37.72284,-122.4562,1.301919071E9,776110,776759
776662,37.722942,-122.45618,1.301919071E9,776110,776759
776662,37.723053,-122.45616,1.301919071E9,776110,776759
776662,37.72317,-122.45617,1.301919071E9,776110,776759
776662,37.72329,-122.456184,1.301919071E9,776110,776759
776662,37.723396,-122.456184,1.301919071E9,776110,776759
776662,37.72348,-122.4562,1.301919071E9,776110,776759
776662,37.723568,-122.45622,1.301919071E9,776110,776759
776662,37.72366,-122.45622,1.301919071E9,776110,776759
776662,37.723743,-122.456184,1.301919071E9,776110,776759
776662,37.72376,-122.45607,1.301919071E9,776110,776759
776662,37.723747,-122.45593,1.301919071E9,776110,776759
776662,37.723736,-122.455795,1.301919071E9,776110,776759
776662,37.723724,-122.45567,1.301919071E9,776110,776759
776662,37.723724,-122.45557,1.301919071E9,776110,776759
776662,37.72373,-122.45545,1.301919071E9,776110,776759
776662,37.72377,-122.45536,1.301919071E9,776110,776759
776662,37.723816,-122.45526,1.301919071E9,776110,776759
776662,37.72381,-122.45515,1.301919071E9,776110,776759
776662,37.723804,-122.45502,1.301919071E9,776110,776759
776662,37.723816,-122.4549,1.301919071E9,776110,776759
776662,37.723843,-122.45478,1.301919071E9,776110,776759
776662,37.723854,-122.454636,1.301919071E9,776110,776759
776662,37.72384,-122.45451,1.301919071E9,776110,776759
776662,37.723843,-122.4544,1.301919071E9,776110,776759
776662,37.723835,-122.45427,1.301919071E9,776110,776759
776662,37.7238,-122.45413,1.301919071E9,776110,776759
776662,37.723763,-122.45402,1.301919071E9,776110,776759
776662,37.723713,-122.45391,1.301919071E9,776110,776759
776662,37.723667,-122.453804,1.301919071E9,776110,776759
776662,37.723633,-122.45371,1.301919071E9,776110,776759
776662,37.72359,-122.45359,1.301919071E9,776110,776759
776662,37.723557,-122.453476,1.301919071E9,776110,776759
776662,37.723534,-122.45336,1.301919071E9,776110,776759
776662,37.723495,-122.45325,1.301919071E9,776110,776759
776662,37.723442,-122.45314,1.301919071E9,776110,776759
776662,37.723396,-122.45304,1.301919071E9,776110,776759
776662,37.72337,-122.45293,1.301919071E9,776110,776759
776662,37.72337,-122.45281,1.301919071E9,776110,776759
776662,37.723392,-122.45271,1.301919071E9,776110,776759
776662,37.723454,-122.45263,1.301919071E9,776110,776759
776662,37.723534,-122.45258,1.301919071E9,776110,776759
776662,37.723633,-122.452576,1.301919071E9,776110,776759
776662,37.723736,-122.45258,1.301919071E9,776110,776759
776662,37.723824,-122.45262,1.301919071E9,776110,776759
776662,37.72393,-122.45264,1.301919071E9,776110,776759
776662,37.72402,-122.45263,1.301919071E9,776110,776759
776662,37.72412,-122.45261,1.301919071E9,776110,776759
776662,37.724213,-122.452614,1.301919071E9,776110,776759
776662,37.72432,-122.45262,1.301919071E9,776110,776759
776662,37.724415,-122.45263,1.301919071E9,776110,776759
776662,37.724503,-122.45265,1.301919071E9,776110,776759
776662,37.724586,-122.45268,1.301919071E9,776110,776759
776662,37.72468,-122.452705,1.301919071E9,776110,776759
776662,37.72479,-122.45274,1.301919071E9,776110,776759
776662,37.724884,-122.452774,1.301919071E9,776110,776759
776662,37.72498,-122.45281,1.301919071E9,776110,776759
776662,37.72507,-122.45283,1.301919071E9,776110,776759
776662,37.72516,-122.45283,1.301919071E9,776110,776759
776662,37.725243,-122.45283,1.301919071E9,776110,776759
776662,37.72534,-122.45282,1.301919071E9,776110,776759
776662,37.725433,-122.45281,1.301919071E9,776110,776759
776662,37.72553,-122.45281,1.301919071E9,776110,776759
776662,37.7256,-122.45276,1.301919071E9,776110,776759
776662,37.72561,-122.45273,1.301919071E9,776110,776759
776662,37.72568,-122.45273,1.301919071E9,776110,776759
776662,37.72568,-122.45273,1.301919071E9,776110,776759
776662,37.725796,-122.45273,1.301919071E9,776110,776759
776662,37.72588,-122.45271,1.301919071E9,776110,776759
776662,37.725964,-122.4527,1.301919071E9,776110,776759
776662,37.726086,-122.45268,1.301919071E9,776110,776759
776662,37.726208,-122.45268,1.301919071E9,776110,776759
776662,37.726288,-122.45268,1.301919071E9,776110,776759
776662,37.72641,-122.45268,1.301919071E9,776110,776759
776662,37.726494,-122.45269,1.301919071E9,776110,776759
776662,37.726574,-122.45269,1.301919071E9,776110,776759
776662,37.726658,-122.45269,1.