,776110,776759
776662,48.863895,2.290153,1.301919071E9,776110,776759
776662,48.863853,2.290031,1.301919071E9,776110,776759
776662,48.8638,2.289907,1.301919071E9,776110,776759
776662,48.863754,2.289762,1.301919071E9,776110,776759
776662,48.863712,2.289633,1.301919071E9,776110,776759
776662,48.86369,2.289479,1.301919071E9,776110,776759
776662,48.86367,2.289325,1.301919071E9,776110,776759
776662,48.86364,2.289161,1.301919071E9,776110,776759
776662,48.86357,2.289059,1.301919071E9,776110,776759
776662,48.863495,2.288937,1.301919071E9,776110,776759
776662,48.863426,2.288799,1.301919071E9,776110,776759
776662,48.863407,2.288602,1.301919071E9,776110,776759
776662,48.863438,2.288442,1.301919071E9,776110,776759
776662,48.863415,2.288306,1.301919071E9,776110,776759
776662,48.863365,2.288185,1.301919071E9,776110,776759
776662,48.863274,2.288158,1.301919071E9,776110,776759
776662,48.863243,2.288183,1.301919071E9,776110,776759
776662,48.863174,2.288247,1.301919071E9,776110,776759
776662,48.863064,2.288244,1.301919071E9,776110,776759
776662,48.862972,2.28823,1.301919071E9,776110,776759
776662,48.86291,2.288113,1.301919071E9,776110,776759
776662,48.862793,2.288068,1.301919071E9,776110,776759
776662,48.8627,2.288107,1.301919071E9,776110,776759
776662,48.862606,2.288173,1.301919071E9,776110,776759
776662,48.862514,2.28823,1.301919071E9,776110,776759
776662,48.86242,2.288269,1.301919071E9,776110,776759
776662,48.862328,2.288294,1.301919071E9,776110,776759
776662,48.862255,2.288291,1.301919071E9,776110,776759
776662,48.862286,2.288179,1.301919071E9,776110,776759
776662,48.8623,2.288148,1.301919071E9,776110,776759
776662,48.862347,2.288029,1.301919071E9,776110,776759
776662,48.862408,2.287924,1.301919071E9,776110,776759
776662,48.862488,2.287841,1.301919071E9,776110,776759
776662,48.8625,2.287832,1.301919071E9,776110,776759
776662,48.862434,2.287915,1.301919071E9,776110,776759
776662,48.86241,2.287967,1.301919071E9,776110,776759
776662,48.862362,2.288095,1.301919071E9,776110,776759
776662,48.8623,2.288207,1.301919071E9,776110,776759
776662,48.86224,2.288314,1.301919071E9,776110,776759
776662,48.86224,2.288314,1.301919071E9,776110,776759
776662,48.86229,2.28822,1.301919071E9,776110,776759
776662,48.8623,2.288202,1.301919071E9,776110,776759
776662,48.86237,2.28808,1.301919071E9,776110,776759
776662,48.862423,2.287964,1.301919071E9,776110,776759
776662,48.86249,2.287871,1.301919071E9,776110,776759
776662,48.86249,2.287864,1.301919071E9,776110,776759
776662,48.862442,2.288037,1.301919071E9,776110,776759
776662,48.862366,2.288135,1.301919071E9,776110,776759
776662,48.862293,2.288244,1.301919071E9,776110,776759
776662,48.862236,2.288304,1.301919071E9,776110,776759
776662,48.862297,2.288225,1.301919071E9,776110,776759
776662,48.862366,2.288137,1.301919071E9,776110,776759
776662,48.86243,2.288007,1.301919071E9,776110,776759
776662,48.8625,2.287888,1.301919071E9,776110,776759
776662,48.862514,2.287873,1.301919071E9,776110,776759
776662,48.862434,2.287957,1.301919071E9,776110,776759
776662,48.862423,2.28798,1.301919071E9,776110,776759
776662,48.862354,2.288079,1.301919071E9,776110,776759
776662,48.862286,2.288186,1.301919071E9,776110,776759
776662,48.86222,2.288279,1.301919071E9,776110,776759
776662,48.862274,2.28816,1.301919071E9,776110,776759
776662,48.86235,2.28806,1.301919071E9,776110,776759
776662,48.86242,2.287956,1.301919071E9,776110,776759
776662,48.862484,2.28786,1.301919071E9,776110,776759
776662,48.862495,2.287848,1.301919071E9,776110,776759
776662,48.862427,2.287969,1.301919071E9,776110,776759
776662,48.862362,2.288082,1.301919071E9,776110,776759
776662,48.862305,2.288211,1.301919071E9,776110,776759
776662,48.862236,2.288327,1.301919071E9,776110,776759
776662,48.862217,2.288337,1.301919071E9,776110,776759
776662,48.86232,2.288237,1.301919071E9,776110,776759
776662,48.862385,2.2881,1.301919071E9,776110,776759
776662,48.862446,2.287967,1.301919071E9,776110,776759
776662,48.86252,2.28782,1.301919071E9,776110,776759
776662,48.862534,2.287803,1.301919071E9,776110,776759
776662,48.86246,2.287866,1.301919071E9,776110,776759
776662,48.862442,2.287953,1.301919071E9,776110,776759
776662,48.86242,2.288114,1.301919071E9,776110,776759
776662,48.8624,2.288298,1.301919071E9,776110,776759
776662,48.86239,2.28844,1.301919071E9,776110,776759
776662,48.862312,2.288535,1.301919071E9,776110,776759
776662,48.86222,2.288548,1.301919071E9,776110,776759
776662,48.86217,2.288432,1.301919071E9,776110,776759
776662,48.862144,2.288294,1.301919071E9,776110,776759
776662,48.862144,2.288144,1.301919071E9,776110,776759
776662,48.862213,2.288015,1.301919071E9,776110,776759
776662,48.862278,2.287911,1.301919071E9,776110,776759
776662,48.862347,2.287799,1.301919071E9,776110,776759
776662,48.862366,2.287654,1.301919071E9,776110,776759
776662,48.862354,2.287505,1.301919071E9,776110,776759
776662,48.86231,2.287378,1.301919071E9,776110,776759
776662,48.862247,2.287235,1.301919071E9,776110,776759
776662,48.862198,2.287107,1.301919071E9,776110,776759
776662,48.862137,2.28699,1.301919071E9,776110,776759
776662,48.862064,2.286898,1.301919071E9,776110,776759
776662,48.86198,2.286819,1.301919071E9,776110,776759
776662,48.861893,2.286799,1.301919071E9,776110,776759
776662,48.861782,2.286786,1.301919071E9,776110,776759
776662,48.861668,2.286768,1.301919071E9,776110,776759
776662,48.86157,2.286743,1.301919071E9,776110,776759
776662,48.861454,2.286697,1.301919071E9,776110,776759
776662,48.861362,2.286751,1.301919071E9,776110,776759
776662,48.86125,2.286659,1.301919071E9,776110,776759
776662,48.861164,2.286583,1.301919071E9,776110,776759
776662,48.86106,2.286497,1.301919071E9,776110,776759
776662,48.86099,2.286404,1.301919071E9,776110,776759
776662,48.860897,2.286316,1.301919071E9,776110,776759
776662,48.8608,2.286268,1.301919071E9,776110,776759
776662,48.86071,2.286201,1.301919071E9,776110,776759
776662,48.860607,2.286161,1.301919071E9,776110,776759
776662,48.860516,2.286182,1.301919071E9,776110,776759
776662,48.860527,2.286198,1.301919071E9,776110,776759
776662,48.860588,2.286278,1.301919071E9,776110,776759
776662,48.860676,2.286321,1.301919071E9,776110,776759
776662,48.860775,2.28637,1.301919071E9,776110,776759
776662,48.860744,2.286542,1.301919071E9,776110,776759
776662,48.860744,2.286517,1.301919071E9,776110,776759
776662,48.860672,2.286586,1.301919071E9,776110,776759
776662,48.86065,2.286646,1.301919071E9,776110,776759
776662,48.86058,2.286813,1.301919071E9,776110,776759
776662,48.860497,2.286917,1.301919071E9,776110,776759
776662,48.860397,2.286986,1.301919071E9,776110,776759
776662,48.860336,2.287111,1.301919071E9,776110,776759
776662,48.860317,2.287251,1.301919071E9,776110,776759
776662,48.860306,2.287328,1.301919071E9,776110,776759
776662,48.8603,2.287456,1.301919071E9,776110,776759
776662,48.860264,2.287536,1.301919071E9,776110,776759
776662,48.860195,2.287645,1.301919071E9,776110,776759
776662,48.860123,2.287738,1.301919071E9,776110,776759
776662,48.86007,2.287846,1.301919071E9,776110,776759
776662,48.860004,2.287951,1.301919071E9,776110,776759
776662,48.85994,2.288063,1.301919071E9,776110,776759
776662,48.85986,2.288154,1.301919071E9,776110,776759
776662,48.859795,2.28815,1.301919071E9,776110,776759
776662,48.859875,2.288113,1.301919071E9,776110,776759
776662,48.859924,2.28805,1.301919071E9,776110,776759
776662,48.85999,2.287896,1.301919071E9,776110,776759
776662,48.86005,2.287776,1.301919071E9,776110,776759
776662,48.860138,2.287699,1.301919071E9,776110,776759
776662,48.86016,2.287565,1.301919071E9,776110,776759
776662,48.86022,2.287433,1.301919071E9,776110,776759
776662,48.860306,2.287305,1.301919071E9,776110,776759
776662,48.86033,2.287172,1.301919071E9,776110,776759
776662,48.86034,2.287006,1.301919071E9,776110,776759
776662,48.8604,2.286903,1.301919071E9,776110,776759
776662,48.860504,2.286831,1.301919071E9,776110,776759
776662,48.86058,2.286742,1.301919071E9,776110,776759
776662,48.860687,2.286674,1.301919071E9,776110,776759
776662,48.86079,2.286622,1.301919071E9,776110,776759
776662,48.860733,2.28