662,20.791142,-156.56326,1.301919071E9,776110,776759
776662,20.79111,-156.56322,1.301919071E9,776110,776759
776662,20.791079,-156.56319,1.301919071E9,776110,776759
776662,20.791044,-156.56314,1.301919071E9,776110,776759
776662,20.791012,-156.56311,1.301919071E9,776110,776759
776662,20.79098,-156.56306,1.301919071E9,776110,776759
776662,20.79095,-156.56303,1.301919071E9,776110,776759
776662,20.790922,-156.56299,1.301919071E9,776110,776759
776662,20.790873,-156.56291,1.301919071E9,776110,776759
776662,20.790829,-156.56284,1.301919071E9,776110,776759
776662,20.790796,-156.56276,1.301919071E9,776110,776759
776662,20.790773,-156.56268,1.301919071E9,776110,776759
776662,20.790752,-156.5626,1.301919071E9,776110,776759
776662,20.790731,-156.56252,1.301919071E9,776110,776759
776662,20.79071,-156.56244,1.301919071E9,776110,776759
776662,20.79069,-156.56235,1.301919071E9,776110,776759
776662,20.790672,-156.56227,1.301919071E9,776110,776759
776662,20.790651,-156.56218,1.301919071E9,776110,776759
776662,20.79064,-156.56213,1.301919071E9,776110,776759
776662,20.790613,-156.56206,1.301919071E9,776110,776759
776662,20.79059,-156.56197,1.301919071E9,776110,776759
776662,20.790573,-156.56187,1.301919071E9,776110,776759
776662,20.790562,-156.56178,1.301919071E9,776110,776759
776662,20.790548,-156.5617,1.301919071E9,776110,776759
776662,20.790537,-156.56161,1.301919071E9,776110,776759
776662,20.79053,-156.56154,1.301919071E9,776110,776759
776662,20.79052,-156.56146,1.301919071E9,776110,776759
776662,20.790506,-156.56137,1.301919071E9,776110,776759
776662,20.79049,-156.5613,1.301919071E9,776110,776759
776662,20.790468,-156.5612,1.301919071E9,776110,776759
776662,20.790442,-156.56113,1.301919071E9,776110,776759
776662,20.790415,-156.56105,1.301919071E9,776110,776759
776662,20.790382,-156.56096,1.301919071E9,776110,776759
776662,20.790346,-156.5609,1.301919071E9,776110,776759
776662,20.790289,-156.56082,1.301919071E9,776110,776759
776662,20.79023,-156.56076,1.301919071E9,776110,776759
776662,20.790173,-156.5607,1.301919071E9,776110,776759
776662,20.790148,-156.56067,1.301919071E9,776110,776759
776662,20.790096,-156.56061,1.301919071E9,776110,776759
776662,20.790049,-156.56055,1.301919071E9,776110,776759
776662,20.789995,-156.5605,1.301919071E9,776110,776759
776662,20.789942,-156.56046,1.301919071E9,776110,776759
776662,20.789896,-156.5604,1.301919071E9,776110,776759
776662,20.789846,-156.56035,1.301919071E9,776110,776759
776662,20.789791,-156.5603,1.301919071E9,776110,776759
776662,20.789742,-156.56024,1.301919071E9,776110,776759
776662,20.789688,-156.56018,1.301919071E9,776110,776759
776662,20.789639,-156.56013,1.301919071E9,776110,776759
776662,20.789593,-156.56007,1.301919071E9,776110,776759
776662,20.789549,-156.56,1.301919071E9,776110,776759
776662,20.789509,-156.55992,1.301919071E9,776110,776759
776662,20.78947,-156.55984,1.301919071E9,776110,776759
776662,20.78944,-156.55977,1.301919071E9,776110,776759
776662,20.789412,-156.55968,1.301919071E9,776110,776759
776662,20.789375,-156.5596,1.301919071E9,776110,776759
776662,20.789362,-156.55956,1.301919071E9,776110,776759
776662,20.789349,-156.55951,1.301919071E9,776110,776759
776662,20.789335,-156.55945,1.301919071E9,776110,776759
776662,20.78932,-156.5594,1.301919071E9,776110,776759
776662,20.789305,-156.55936,1.301919071E9,776110,776759
776662,20.789291,-156.55931,1.301919071E9,776110,776759
776662,20.789268,-156.55922,1.301919071E9,776110,776759
776662,20.789257,-156.55917,1.301919071E9,776110,776759
776662,20.789246,-156.55913,1.301919071E9,776110,776759
776662,20.789234,-156.55907,1.301919071E9,776110,776759
776662,20.789225,-156.55902,1.301919071E9,776110,776759
776662,20.789215,-156.55898,1.301919071E9,776110,776759
776662,20.789207,-156.55893,1.301919071E9,776110,776759
776662,20.789188,-156.55879,1.301919071E9,776110,776759
776662,20.789167,-156.5587,1.301919071E9,776110,776759
776662,20.789158,-156.55865,1.301919071E9,776110,776759
776662,20.789148,-156.5586,1.301919071E9,776110,776759
776662,20.78914,-156.55855,1.301919071E9,776110,776759
776662,20.789131,-156.55849,1.301919071E9,776110,776759
776662,20.789118,-156.55844,1.301919071E9,776110,776759
776662,20.789103,-156.55838,1.301919071E9,776110,776759
776662,20.789087,-156.55832,1.301919071E9,776110,776759
776662,20.789062,-156.55818,1.301919071E9,776110,776759
776662,20.789053,-156.55812,1.301919071E9,776110,776759
776662,20.789042,-156.55806,1.301919071E9,776110,776759
776662,20.789028,-156.55798,1.301919071E9,776110,776759
776662,20.789011,-156.55792,1.301919071E9,776110,776759
776662,20.78899,-156.55785,1.301919071E9,776110,776759
776662,20.78897,-156.55779,1.301919071E9,776110,776759
776662,20.788946,-156.55771,1.301919071E9,776110,776759
776662,20.788921,-156.55765,1.301919071E9,776110,776759
776662,20.788868,-156.55751,1.301919071E9,776110,776759
776662,20.7888,-156.55739,1.301919071E9,776110,776759
776662,20.788765,-156.55733,1.301919071E9,776110,776759
776662,20.788725,-156.55727,1.301919071E9,776110,776759
776662,20.788685,-156.55719,1.301919071E9,776110,776759
776662,20.788643,-156.55713,1.301919071E9,776110,776759
776662,20.7886,-156.55705,1.301919071E9,776110,776759
776662,20.788559,-156.55699,1.301919071E9,776110,776759
776662,20.788479,-156.55684,1.301919071E9,776110,776759
776662,20.78832,-156.55656,1.301919071E9,776110,776759
776662,20.788136,-156.55629,1.301919071E9,776110,776759
776662,20.788116,-156.55621,1.301919071E9,776110,776759
776662,20.788038,-156.55609,1.301919071E9,776110,776759
776662,20.78797,-156.55595,1.301919071E9,776110,776759
776662,20.787931,-156.55588,1.301919071E9,776110,776759
776662,20.787891,-156.5558,1.301919071E9,776110,776759
776662,20.787855,-156.55574,1.301919071E9,776110,776759
776662,20.787815,-156.55566,1.301919071E9,776110,776759
776662,20.78777,-156.5556,1.301919071E9,776110,776759
776662,20.787718,-156.55553,1.301919071E9,776110,776759
776662,20.787666,-156.55547,1.301919071E9,776110,776759
776662,20.787497,-156.5553,1.301919071E9,776110,776759
776662,20.787434,-156.55525,1.301919071E9,776110,776759
776662,20.787373,-156.5552,1.301919071E9,776110,776759
776662,20.78731,-156.55516,1.301919071E9,776110,776759
776662,20.78725,-156.55511,1.301919071E9,776110,776759
776662,20.787191,-156.55508,1.301919071E9,776110,776759
776662,20.787132,-156.55505,1.301919071E9,776110,776759
776662,20.787073,-156.55502,1.301919071E9,776110,776759
776662,20.78701,-156.555,1.301919071E9,776110,776759
776662,20.786947,-156.55498,1.301919071E9,776110,776759
776662,20.786886,-156.55495,1.301919071E9,776110,776759
776662,20.786825,-156.55492,1.301919071E9,776110,776759
776662,20.786768,-156.5549,1.301919071E9,776110,776759
776662,20.78671,-156.55487,1.301919071E9,776110,776759
776662,20.786655,-156.55484,1.301919071E9,776110,776759
776662,20.7866,-156.55481,1.301919071E9,776110,776759
776662,20.786547,-156.55478,1.301919071E9,776110,776759
776662,20.786453,-156.5547,1.301919071E9,776110,776759
776662,20.78641,-156.55467,1.301919071E9,776110,776759
776662,20.786366,-156.55463,1.301919071E9,776110,776759
776662,20.786322,-156.55458,1.301919071E9,776110,776759
776662,20.78628,-156.55453,1.301919071E9,776110,776759
776662,20.786238,-156.55449,1.301919071E9,776110,776759
776662,20.786201,-156.55443,1.301919071E9,776110,776759
776662,20.786167,-156.55438,1.301919071E9,776110,776759
776662,20.786135,-156.55432,1.301919071E9,776110,776759
776662,20.786106,-156.55426,1.301919071E9,776110,776759
776662,20.786077,-156.55421,1.301919071E9,776110,776759
776662,20.786053,-156.55415,1.301919071E9,776110,776759
776662,20.78603,-156.5541,1.301919071E9,776110,776759
776662,20.786009,-156.55402,1.301919071E9,776110,776759
776662,20.785997,-156.55396,1.301919071E9,776110,776759
776662,20.78598,-156.5539,1.301919071E9,776110,776759
776662,20.785963,-156.55383,1.301919071E9,776110,776759
776662,20.785944,-156.55377,1.301919071E9,776110,776759
776662,20.785927,-156.55371,1.301919071E9,776110,776759
776662,20.785912,-156.55365,1.301919071E9,776110,776759