10,776759
776662,18.365198,-66.12311,1.301919071E9,776110,776759
776662,18.365177,-66.123116,1.301919071E9,776110,776759
776662,18.365108,-66.12316,1.301919071E9,776110,776759
776662,18.365026,-66.1232,1.301919071E9,776110,776759
776662,18.364983,-66.12319,1.301919071E9,776110,776759
776662,18.3649,-66.12316,1.301919071E9,776110,776759
776662,18.364798,-66.12314,1.301919071E9,776110,776759
776662,18.364714,-66.12311,1.301919071E9,776110,776759
776662,18.364553,-66.123085,1.301919071E9,776110,776759
776662,18.364403,-66.123055,1.301919071E9,776110,776759
776662,18.364248,-66.12302,1.301919071E9,776110,776759
776662,18.364094,-66.12303,1.301919071E9,776110,776759
776662,18.364014,-66.12287,1.301919071E9,776110,776759
776662,18.36411,-66.122604,1.301919071E9,776110,776759
776662,18.36411,-66.122604,1.301919071E9,776110,776759
776662,18.36434,-66.12254,1.301919071E9,776110,776759
776662,18.364567,-66.12257,1.301919071E9,776110,776759
776662,18.364672,-66.12274,1.301919071E9,776110,776759
776662,18.364735,-66.12291,1.301919071E9,776110,776759
776662,18.364952,-66.12301,1.301919071E9,776110,776759
776662,18.364952,-66.12301,1.301919071E9,776110,776759
776662,18.365168,-66.12303,1.301919071E9,776110,776759
776662,18.365194,-66.12303,1.301919071E9,776110,776759
776662,18.365396,-66.123024,1.301919071E9,776110,776759
776662,18.365551,-66.12302,1.301919071E9,776110,776759
776662,18.36577,-66.12298,1.301919071E9,776110,776759
776662,18.365923,-66.122955,1.301919071E9,776110,776759
776662,18.366076,-66.12293,1.301919071E9,776110,776759
776662,18.366236,-66.12291,1.301919071E9,776110,776759
776662,18.366257,-66.12291,1.301919071E9,776110,776759
776662,18.36634,-66.12294,1.301919071E9,776110,776759
776662,18.3664,-66.12301,1.301919071E9,776110,776759
776662,18.366446,-66.12316,1.301919071E9,776110,776759
776662,18.366306,-66.1233,1.301919071E9,776110,776759
776662,18.366135,-66.12335,1.301919071E9,776110,776759
776662,18.36597,-66.123375,1.301919071E9,776110,776759
776662,18.365805,-66.1234,1.301919071E9,776110,776759
776662,18.365643,-66.12337,1.301919071E9,776110,776759
776662,18.365643,-66.12337,1.301919071E9,776110,776759
776662,18.365467,-66.12324,1.301919071E9,776110,776759
776662,18.365343,-66.12313,1.301919071E9,776110,776759
776662,18.365177,-66.12312,1.301919071E9,776110,776759
776662,18.365004,-66.12312,1.301919071E9,776110,776759
776662,18.36486,-66.12304,1.301919071E9,776110,776759
776662,18.364687,-66.12296,1.301919071E9,776110,776759
776662,18.364532,-66.12294,1.301919071E9,776110,776759
776662,18.364376,-66.12293,1.301919071E9,776110,776759
776662,18.364216,-66.122925,1.301919071E9,776110,776759
776662,18.364061,-66.12285,1.301919071E9,776110,776759
776662,18.364058,-66.12268,1.301919071E9,776110,776759
776662,18.364183,-66.12259,1.301919071E9,776110,776759
776662,18.36434,-66.12259,1.301919071E9,776110,776759
776662,18.364227,-66.12247,1.301919071E9,776110,776759
776662,18.364157,-66.122475,1.301919071E9,776110,776759
776662,18.364065,-66.12247,1.301919071E9,776110,776759
776662,18.36398,-66.12235,1.301919071E9,776110,776759
776662,18.363968,-66.12225,1.301919071E9,776110,776759
776662,18.363958,-66.1222,1.301919071E9,776110,776759
776662,18.363956,-66.12203,1.301919071E9,776110,776759
776662,18.363958,-66.12194,1.301919071E9,776110,776759
776662,18.363955,-66.12185,1.301919071E9,776110,776759
776662,18.363949,-66.12172,1.301919071E9,776110,776759
776662,18.363953,-66.12163,1.301919071E9,776110,776759
776662,18.363943,-66.12154,1.301919071E9,776110,776759
776662,18.36396,-66.12136,1.301919071E9,776110,776759
776662,18.363983,-66.1212,1.301919071E9,776110,776759
776662,18.363985,-66.12113,1.301919071E9,776110,776759
776662,18.363945,-66.120964,1.301919071E9,776110,776759
776662,18.363935,-66.1208,1.301919071E9,776110,776759
776662,18.363947,-66.12062,1.301919071E9,776110,776759
776662,18.36394,-66.120445,1.301919071E9,776110,776759
776662,18.363928,-66.12018,1.301919071E9,776110,776759
776662,18.363894,-66.11999,1.301919071E9,776110,776759
776662,18.363848,-66.11992,1.301919071E9,776110,776759
776662,18.36374,-66.119736,1.301919071E9,776110,776759
776662,18.363588,-66.119514,1.301919071E9,776110,776759
776662,18.363426,-66.1195,1.301919071E9,776110,776759
776662,18.363413,-66.1195,1.301919071E9,776110,776759
776662,18.363194,-66.11953,1.301919071E9,776110,776759
776662,18.363037,-66.11952,1.301919071E9,776110,776759
776662,18.362871,-66.11953,1.301919071E9,776110,776759
776662,18.36271,-66.119545,1.301919071E9,776110,776759
776662,18.362566,-66.119606,1.301919071E9,776110,776759
776662,18.362375,-66.11965,1.301919071E9,776110,776759
776662,18.362217,-66.1197,1.301919071E9,776110,776759
776662,18.362043,-66.11976,1.301919071E9,776110,776759
776662,18.36189,-66.11973,1.301919071E9,776110,776759
776662,18.361834,-66.11953,1.301919071E9,776110,776759
776662,18.361782,-66.119354,1.301919071E9,776110,776759
776662,18.361725,-66.11917,1.301919071E9,776110,776759
776662,18.361677,-66.11901,1.301919071E9,776110,776759
776662,18.361635,-66.11885,1.301919071E9,776110,776759
776662,18.361567,-66.11868,1.301919071E9,776110,776759
776662,18.361504,-66.11853,1.301919071E9,776110,776759
776662,18.36146,-66.118355,1.301919071E9,776110,776759
776662,18.361422,-66.11819,1.301919071E9,776110,776759
776662,18.361412,-66.11815,1.301919071E9,776110,776759
776662,18.361395,-66.11806,1.301919071E9,776110,776759
776662,18.361382,-66.117966,1.301919071E9,776110,776759
776662,18.361338,-66.117805,1.301919071E9,776110,776759
776662,18.36128,-66.117645,1.301919071E9,776110,776759
776662,18.361261,-66.11758,1.301919071E9,776110,776759
776662,18.361242,-66.11749,1.301919071E9,776110,776759
776662,18.361204,-66.11732,1.301919071E9,776110,776759
776662,18.361153,-66.11712,1.301919071E9,776110,776759
776662,18.361107,-66.11694,1.301919071E9,776110,776759
776662,18.361057,-66.11678,1.301919071E9,776110,776759
776662,18.361023,-66.116615,1.301919071E9,776110,776759
776662,18.360992,-66.116455,1.301919071E9,776110,776759
776662,18.361,-66.11629,1.301919071E9,776110,776759
776662,18.360958,-66.11613,1.301919071E9,776110,776759
776662,18.360907,-66.11597,1.301919071E9,776110,776759
776662,18.360872,-66.11581,1.301919071E9,776110,776759
776662,18.360859,-66.11564,1.301919071E9,776110,776759
776662,18.36085,-66.11547,1.301919071E9,776110,776759
776662,18.36085,-66.115295,1.301919071E9,776110,776759
776662,18.360851,-66.11513,1.301919071E9,776110,776759
776662,18.360863,-66.11495,1.301919071E9,776110,776759
776662,18.36087,-66.11485,1.301919071E9,776110,776759
776662,18.360891,-66.11468,1.301919071E9,776110,776759
776662,18.360912,-66.11451,1.301919071E9,776110,776759
776662,18.360916,-66.11434,1.301919071E9,776110,776759
776662,18.36094,-66.114174,1.301919071E9,776110,776759
776662,18.360987,-66.11398,1.301919071E9,776110,776759
776662,18.360998,-66.113884,1.301919071E9,776110,776759
776662,18.361015,-66.113716,1.301919071E9,776110,776759
776662,18.361029,-66.11354,1.301919071E9,776110,776759
776662,18.361053,-66.11337,1.301919071E9,776110,776759
776662,18.361103,-66.11321,1.301919071E9,776110,776759
776662,18.36113,-66.11312,1.301919071E9,776110,776759
776662,18.361158,-66.11303,1.301919071E9,776110,776759
776662,18.361185,-66.11293,1.301919071E9,776110,776759
776662,18.361242,-66.11278,1.301919071E9,776110,776759
776662,18.361298,-66.11262,1.301919071E9,776110,776759
776662,18.36132,-66.1125,1.301919071E9,776110,776759
776662,18.361364,-66.11234,1.301919071E9,776110,776759
776662,18.361412,-66.11218,1.301919071E9,776110,776759
776662,18.361452,-66.11205,1.301919071E9,776110,776759
776662,18.361479,-66.11196,1.301919071E9,776110,776759
776662,18.361502,-66.11186,1.301919071E9,776110,776759
776662,18.36154,-66.11171,1.301919071E9,776110,776759
776662,18.361555,-66.11164,1.301919071E9,776110,776759
776662,18.361572,-66.11156,1.301919071E9,776110,776759
776662,18.361588,-66.11138,1.301919071E9,776110,776759
776662,18.361622,-66.11121,1.301919071E9,776110,776759
776662,18.36167,-66.111176,1