2,48.867992,2.312467,1.301919071E9,776110,776759
776662,48.86795,2.312608,1.301919071E9,776110,776759
776662,48.867905,2.312758,1.301919071E9,776110,776759
776662,48.867863,2.312908,1.301919071E9,776110,776759
776662,48.867825,2.31305,1.301919071E9,776110,776759
776662,48.86777,2.313178,1.301919071E9,776110,776759
776662,48.867725,2.313313,1.301919071E9,776110,776759
776662,48.867683,2.313436,1.301919071E9,776110,776759
776662,48.86762,2.313569,1.301919071E9,776110,776759
776662,48.86756,2.313703,1.301919071E9,776110,776759
776662,48.86755,2.313847,1.301919071E9,776110,776759
776662,48.86751,2.313989,1.301919071E9,776110,776759
776662,48.867462,2.314118,1.301919071E9,776110,776759
776662,48.8674,2.314233,1.301919071E9,776110,776759
776662,48.86733,2.314347,1.301919071E9,776110,776759
776662,48.86729,2.31448,1.301919071E9,776110,776759
776662,48.867252,2.314625,1.301919071E9,776110,776759
776662,48.86721,2.314764,1.301919071E9,776110,776759
776662,48.867165,2.31493,1.301919071E9,776110,776759
776662,48.867115,2.315058,1.301919071E9,776110,776759
776662,48.867096,2.315193,1.301919071E9,776110,776759
776662,48.86706,2.315335,1.301919071E9,776110,776759
776662,48.867027,2.315491,1.301919071E9,776110,776759
776662,48.866997,2.31562,1.301919071E9,776110,776759
776662,48.866974,2.315757,1.301919071E9,776110,776759
776662,48.86693,2.315883,1.301919071E9,776110,776759
776662,48.866875,2.316011,1.301919071E9,776110,776759
776662,48.866837,2.316144,1.301919071E9,776110,776759
776662,48.866795,2.316276,1.301919071E9,776110,776759
776662,48.866753,2.316405,1.301919071E9,776110,776759
776662,48.86672,2.316551,1.301919071E9,776110,776759
776662,48.86668,2.316708,1.301919071E9,776110,776759
776662,48.86664,2.316858,1.301919071E9,776110,776759
776662,48.866608,2.316987,1.301919071E9,776110,776759
776662,48.866573,2.31712,1.301919071E9,776110,776759
776662,48.866528,2.317274,1.301919071E9,776110,776759
776662,48.866486,2.317409,1.301919071E9,776110,776759
776662,48.866436,2.317551,1.301919071E9,776110,776759
776662,48.86639,2.317688,1.301919071E9,776110,776759
776662,48.86634,2.31783,1.301919071E9,776110,776759
776662,48.86629,2.317974,1.301919071E9,776110,776759
776662,48.86624,2.318103,1.301919071E9,776110,776759
776662,48.8662,2.318259,1.301919071E9,776110,776759
776662,48.866165,2.318396,1.301919071E9,776110,776759
776662,48.866123,2.318544,1.301919071E9,776110,776759
776662,48.86607,2.318697,1.301919071E9,776110,776759
776662,48.866028,2.318838,1.301919071E9,776110,776759
776662,48.86599,2.318965,1.301919071E9,776110,776759
776662,48.86595,2.319096,1.301919071E9,776110,776759
776662,48.865913,2.319245,1.301919071E9,776110,776759
776662,48.865875,2.319389,1.301919071E9,776110,776759
776662,48.86583,2.319514,1.301919071E9,776110,776759
776662,48.86579,2.319662,1.301919071E9,776110,776759
776662,48.865734,2.319777,1.301919071E9,776110,776759
776662,48.865673,2.31991,1.301919071E9,776110,776759
776662,48.865578,2.319984,1.301919071E9,776110,776759
776662,48.86548,2.320028,1.301919071E9,776110,776759
776662,48.86539,2.320048,1.301919071E9,776110,776759
776662,48.865276,2.32006,1.301919071E9,776110,776759
776662,48.865177,2.320058,1.301919071E9,776110,776759
776662,48.865086,2.320055,1.301919071E9,776110,776759
776662,48.864975,2.320046,1.301919071E9,776110,776759
776662,48.86488,2.320045,1.301919071E9,776110,776759
776662,48.86479,2.320051,1.301919071E9,776110,776759
776662,48.864704,2.320094,1.301919071E9,776110,776759
776662,48.86462,2.320177,1.301919071E9,776110,776759
776662,48.864532,2.320132,1.301919071E9,776110,776759
776662,48.86444,2.320077,1.301919071E9,776110,776759
776662,48.86436,2.320009,1.301919071E9,776110,776759
776662,48.864265,2.319933,1.301919071E9,776110,776759
776662,48.864178,2.319902,1.301919071E9,776110,776759
776662,48.864086,2.319939,1.301919071E9,776110,776759
776662,48.86405,2.320083,1.301919071E9,776110,776759
776662,48.86404,2.320242,1.301919071E9,776110,776759
776662,48.864086,2.320382,1.301919071E9,776110,776759
776662,48.86417,2.320476,1.301919071E9,776110,776759
776662,48.86422,2.320598,1.301919071E9,776110,776759
776662,48.86425,2.32075,1.301919071E9,776110,776759
776662,48.864265,2.320911,1.301919071E9,776110,776759
776662,48.864243,2.321056,1.301919071E9,776110,776759
776662,48.86422,2.321214,1.301919071E9,776110,776759
776662,48.864243,2.321374,1.301919071E9,776110,776759
776662,48.86427,2.321519,1.301919071E9,776110,776759
776662,48.86428,2.321664,1.301919071E9,776110,776759
776662,48.86427,2.321801,1.301919071E9,776110,776759
776662,48.86437,2.321839,1.301919071E9,776110,776759
776662,48.864468,2.321902,1.301919071E9,776110,776759
776662,48.864563,2.321984,1.301919071E9,776110,776759
776662,48.864655,2.322054,1.301919071E9,776110,776759
776662,48.864727,2.322131,1.301919071E9,776110,776759
776662,48.864616,2.322078,1.301919071E9,776110,776759
776662,48.86453,2.321997,1.301919071E9,776110,776759
776662,48.864426,2.321924,1.301919071E9,776110,776759
776662,48.864338,2.321863,1.301919071E9,776110,776759
776662,48.864254,2.321783,1.301919071E9,776110,776759
776662,48.86435,2.321858,1.301919071E9,776110,776759
776662,48.864433,2.321942,1.301919071E9,776110,776759
776662,48.864525,2.322026,1.301919071E9,776110,776759
776662,48.86462,2.322088,1.301919071E9,776110,776759
776662,48.864708,2.322142,1.301919071E9,776110,776759
776662,48.864784,2.322212,1.301919071E9,776110,776759
776662,48.864685,2.322159,1.301919071E9,776110,776759
776662,48.864582,2.322064,1.301919071E9,776110,776759
776662,48.86448,2.321976,1.301919071E9,776110,776759
776662,48.8644,2.321915,1.301919071E9,776110,776759
776662,48.86429,2.321843,1.301919071E9,776110,776759
776662,48.864372,2.321904,1.301919071E9,776110,776759
776662,48.864464,2.321987,1.301919071E9,776110,776759
776662,48.86455,2.322073,1.301919071E9,776110,776759
776662,48.864643,2.322155,1.301919071E9,776110,776759
776662,48.864746,2.322209,1.301919071E9,776110,776759
776662,48.864674,2.322103,1.301919071E9,776110,776759
776662,48.864597,2.322023,1.301919071E9,776110,776759
776662,48.8645,2.321972,1.301919071E9,776110,776759
776662,48.864403,2.321916,1.301919071E9,776110,776759
776662,48.86431,2.321849,1.301919071E9,776110,776759
776662,48.864414,2.321913,1.301919071E9,776110,776759
776662,48.864525,2.322003,1.301919071E9,776110,776759
776662,48.864628,2.322086,1.301919071E9,776110,776759
776662,48.86474,2.322168,1.301919071E9,776110,776759
776662,48.864826,2.322258,1.301919071E9,776110,776759
776662,48.864933,2.322388,1.301919071E9,776110,776759
776662,48.864834,2.322048,1.301919071E9,776110,776759
776662,48.864857,2.322219,1.301919071E9,776110,776759
776662,48.864952,2.322314,1.301919071E9,776110,776759
776662,48.865044,2.322346,1.301919071E9,776110,776759
776662,48.86513,2.322408,1.301919071E9,776110,776759
776662,48.86522,2.322443,1.301919071E9,776110,776759
776662,48.86531,2.322525,1.301919071E9,776110,776759
776662,48.86539,2.322607,1.301919071E9,776110,776759
776662,48.865467,2.322693,1.301919071E9,776110,776759
776662,48.86556,2.32274,1.301919071E9,776110,776759
776662,48.86565,2.322792,1.301919071E9,776110,776759
776662,48.86574,2.322849,1.301919071E9,776110,776759
776662,48.865837,2.322913,1.301919071E9,776110,776759
776662,48.865917,2.323011,1.301919071E9,776110,776759
776662,48.866,2.323099,1.301919071E9,776110,776759
776662,48.86608,2.323175,1.301919071E9,776110,776759
776662,48.866158,2.323279,1.301919071E9,776110,776759
776662,48.866215,2.323384,1.301919071E9,776110,776759
776662,48.866306,2.323484,1.301919071E9,776110,776759
776662,48.86642,2.323473,1.301919071E9,776110,776759
776662,48.86651,2.32343,1.301919071E9,776110,776759
776662,48.86659,2.32334,1.301919071E9,776110,776759
776662,48.866623,2.323198,1.301919071E9,776110,776759
776662,48.866554,2.32309,1.301919071E9,776110,776759
776662,48.866604,2.322966,1.301919071E9,776110,776759
776662,48.866646,2.322829,1.301919071E9,776110,776759
776662,48.866703,2.322688,1.301919071E9,776110,776759
776662,48.86675,2.322566,1.301919071E9,776