.301919071E9,776110,776759
776662,20.885557,-156.68481,1.301919071E9,776110,776759
776662,20.88546,-156.68483,1.301919071E9,776110,776759
776662,20.885357,-156.68483,1.301919071E9,776110,776759
776662,20.88525,-156.68481,1.301919071E9,776110,776759
776662,20.885159,-156.68483,1.301919071E9,776110,776759
776662,20.885067,-156.68484,1.301919071E9,776110,776759
776662,20.884956,-156.68488,1.301919071E9,776110,776759
776662,20.88486,-156.68489,1.301919071E9,776110,776759
776662,20.88477,-156.68492,1.301919071E9,776110,776759
776662,20.88466,-156.68495,1.301919071E9,776110,776759
776662,20.88456,-156.68498,1.301919071E9,776110,776759
776662,20.884466,-156.68501,1.301919071E9,776110,776759
776662,20.88436,-156.68503,1.301919071E9,776110,776759
776662,20.884253,-156.68506,1.301919071E9,776110,776759
776662,20.884151,-156.68507,1.301919071E9,776110,776759
776662,20.88404,-156.68509,1.301919071E9,776110,776759
776662,20.88393,-156.68509,1.301919071E9,776110,776759
776662,20.883839,-156.6851,1.301919071E9,776110,776759
776662,20.883732,-156.68512,1.301919071E9,776110,776759
776662,20.883615,-156.68512,1.301919071E9,776110,776759
776662,20.883524,-156.68513,1.301919071E9,776110,776759
776662,20.88343,-156.68513,1.301919071E9,776110,776759
776662,20.883318,-156.68515,1.301919071E9,776110,776759
776662,20.883223,-156.68517,1.301919071E9,776110,776759
776662,20.883116,-156.68517,1.301919071E9,776110,776759
776662,20.883001,-156.68517,1.301919071E9,776110,776759
776662,20.882898,-156.68515,1.301919071E9,776110,776759
776662,20.882793,-156.68512,1.301919071E9,776110,776759
776662,20.882694,-156.6851,1.301919071E9,776110,776759
776662,20.882595,-156.68507,1.301919071E9,776110,776759
776662,20.8825,-156.68503,1.301919071E9,776110,776759
776662,20.882395,-156.685,1.301919071E9,776110,776759
776662,20.882286,-156.68498,1.301919071E9,776110,776759
776662,20.88219,-156.68495,1.301919071E9,776110,776759
776662,20.882101,-156.68492,1.301919071E9,776110,776759
776662,20.88201,-156.6849,1.301919071E9,776110,776759
776662,20.881914,-156.68486,1.301919071E9,776110,776759
776662,20.881824,-156.68483,1.301919071E9,776110,776759
776662,20.88173,-156.68478,1.301919071E9,776110,776759
776662,20.881638,-156.68475,1.301919071E9,776110,776759
776662,20.881538,-156.68471,1.301919071E9,776110,776759
776662,20.881441,-156.68466,1.301919071E9,776110,776759
776662,20.881338,-156.6846,1.301919071E9,776110,776759
776662,20.881243,-156.68454,1.301919071E9,776110,776759
776662,20.881157,-156.68448,1.301919071E9,776110,776759
776662,20.88107,-156.68442,1.301919071E9,776110,776759
776662,20.880995,-156.68436,1.301919071E9,776110,776759
776662,20.880896,-156.68431,1.301919071E9,776110,776759
776662,20.88082,-156.68425,1.301919071E9,776110,776759
776662,20.88074,-156.6842,1.301919071E9,776110,776759
776662,20.880653,-156.68416,1.301919071E9,776110,776759
776662,20.88057,-156.6841,1.301919071E9,776110,776759
776662,20.88049,-156.68404,1.301919071E9,776110,776759
776662,20.880405,-156.68398,1.301919071E9,776110,776759
776662,20.880337,-156.68391,1.301919071E9,776110,776759
776662,20.88026,-156.68385,1.301919071E9,776110,776759
776662,20.880175,-156.68379,1.301919071E9,776110,776759
776662,20.880093,-156.68372,1.301919071E9,776110,776759
776662,20.88001,-156.68365,1.301919071E9,776110,776759
776662,20.879915,-156.6836,1.301919071E9,776110,776759
776662,20.87982,-156.68353,1.301919071E9,776110,776759
776662,20.879732,-156.68349,1.301919071E9,776110,776759
776662,20.879652,-156.68341,1.301919071E9,776110,776759
776662,20.879566,-156.68335,1.301919071E9,776110,776759
776662,20.879478,-156.68329,1.301919071E9,776110,776759
776662,20.879404,-156.68323,1.301919071E9,776110,776759
776662,20.879333,-156.68315,1.301919071E9,776110,776759
776662,20.87926,-156.68309,1.301919071E9,776110,776759
776662,20.879171,-156.68303,1.301919071E9,776110,776759
776662,20.8791,-156.68295,1.301919071E9,776110,776759
776662,20.879004,-156.68289,1.301919071E9,776110,776759
776662,20.878927,-156.68285,1.301919071E9,776110,776759
776662,20.878832,-156.68279,1.301919071E9,776110,776759
776662,20.878735,-156.68275,1.301919071E9,776110,776759
776662,20.87864,-156.6827,1.301919071E9,776110,776759
776662,20.878565,-156.68263,1.301919071E9,776110,776759
776662,20.878494,-156.68256,1.301919071E9,776110,776759
776662,20.878416,-156.68248,1.301919071E9,776110,776759
776662,20.878347,-156.6824,1.301919071E9,776110,776759
776662,20.878267,-156.68233,1.301919071E9,776110,776759
776662,20.878199,-156.68225,1.301919071E9,776110,776759
776662,20.878134,-156.68219,1.301919071E9,776110,776759
776662,20.878054,-156.68211,1.301919071E9,776110,776759
776662,20.877977,-156.68202,1.301919071E9,776110,776759
776662,20.877916,-156.68193,1.301919071E9,776110,776759
776662,20.877867,-156.68185,1.301919071E9,776110,776759
776662,20.877796,-156.68178,1.301919071E9,776110,776759
776662,20.877707,-156.68172,1.301919071E9,776110,776759
776662,20.87763,-156.68164,1.301919071E9,776110,776759
776662,20.87755,-156.68156,1.301919071E9,776110,776759
776662,20.87749,-156.68147,1.301919071E9,776110,776759
776662,20.877447,-156.6814,1.301919071E9,776110,776759
776662,20.877361,-156.68134,1.301919071E9,776110,776759
776662,20.877247,-156.68129,1.301919071E9,776110,776759
776662,20.877146,-156.68127,1.301919071E9,776110,776759
776662,20.87705,-156.6812,1.301919071E9,776110,776759
776662,20.876982,-156.68112,1.301919071E9,776110,776759
776662,20.8769,-156.68106,1.301919071E9,776110,776759
776662,20.876818,-156.68102,1.301919071E9,776110,776759
776662,20.876722,-156.68095,1.301919071E9,776110,776759
776662,20.876642,-156.68091,1.301919071E9,776110,776759
776662,20.876566,-156.68085,1.301919071E9,776110,776759
776662,20.8765,-156.68077,1.301919071E9,776110,776759
776662,20.876417,-156.6807,1.301919071E9,776110,776759
776662,20.87633,-156.68065,1.301919071E9,776110,776759
776662,20.876253,-156.68059,1.301919071E9,776110,776759
776662,20.876177,-156.6805,1.301919071E9,776110,776759
776662,20.8761,-156.68042,1.301919071E9,776110,776759
776662,20.876028,-156.68036,1.301919071E9,776110,776759
776662,20.875948,-156.68031,1.301919071E9,776110,776759
776662,20.875856,-156.68027,1.301919071E9,776110,776759
776662,20.875765,-156.68019,1.301919071E9,776110,776759
776662,20.875677,-156.68011,1.301919071E9,776110,776759
776662,20.8756,-156.68007,1.301919071E9,776110,776759
776662,20.875507,-156.68001,1.301919071E9,776110,776759
776662,20.87543,-156.67995,1.301919071E9,776110,776759
776662,20.875349,-156.67987,1.301919071E9,776110,776759
776662,20.875256,-156.67981,1.301919071E9,776110,776759
776662,20.875189,-156.67973,1.301919071E9,776110,776759
776662,20.875118,-156.67966,1.301919071E9,776110,776759
776662,20.875038,-156.6796,1.301919071E9,776110,776759
776662,20.874968,-156.6795,1.301919071E9,776110,776759
776662,20.874899,-156.67944,1.301919071E9,776110,776759
776662,20.874807,-156.67938,1.301919071E9,776110,776759
776662,20.874731,-156.67932,1.301919071E9,776110,776759
776662,20.874647,-156.67926,1.301919071E9,776110,776759
776662,20.87458,-156.67918,1.301919071E9,776110,776759
776662,20.874504,-156.67911,1.301919071E9,776110,776759
776662,20.874407,-156.67908,1.301919071E9,776110,776759
776662,20.87432,-156.67905,1.301919071E9,776110,776759
776662,20.874245,-156.67896,1.301919071E9,776110,776759
776662,20.87416,-156.67888,1.301919071E9,776110,776759
776662,20.87409,-156.67882,1.301919071E9,776110,776759
776662,20.874018,-156.67874,1.301919071E9,776110,776759
776662,20.873932,-156.67867,1.301919071E9,776110,776759
776662,20.873857,-156.67857,1.301919071E9,776110,776759
776662,20.873777,-156.67854,1.301919071E9,776110,776759
776662,20.873688,-156.67848,1.301919071E9,776110,776759
776662,20.873587,-156.67844,1.301919071E9,776110,776759
776662,20.873493,-156.67842,1.301919071E9,776110,776759
776662,20.873396,-156.67838,1.301919071E9,776110,776759
776662,20.873322,-156.67831,1.301919071E9,776110,776759
776662,20.873243,-156.67824,1.301919071E9,776110,776759
776662,20.87316,-156.67815,