,776759
776662,51.46617,5.442685,1.301919071E9,776110,776759
776662,51.466103,5.442795,1.301919071E9,776110,776759
776662,51.466084,5.44295,1.301919071E9,776110,776759
776662,51.466084,5.443108,1.301919071E9,776110,776759
776662,51.466084,5.443282,1.301919071E9,776110,776759
776662,51.466022,5.443422,1.301919071E9,776110,776759
776662,51.46593,5.443493,1.301919071E9,776110,776759
776662,51.465824,5.443567,1.301919071E9,776110,776759
776662,51.465717,5.443628,1.301919071E9,776110,776759
776662,51.46561,5.443699,1.301919071E9,776110,776759
776662,51.465492,5.443709,1.301919071E9,776110,776759
776662,51.46542,5.443598,1.301919071E9,776110,776759
776662,51.465363,5.443443,1.301919071E9,776110,776759
776662,51.46532,5.443313,1.301919071E9,776110,776759
776662,51.465263,5.443144,1.301919071E9,776110,776759
776662,51.46521,5.442993,1.301919071E9,776110,776759
776662,51.465164,5.442863,1.301919071E9,776110,776759
776662,51.465096,5.442726,1.301919071E9,776110,776759
776662,51.464993,5.442761,1.301919071E9,776110,776759
776662,51.464897,5.442825,1.301919071E9,776110,776759
776662,51.464798,5.442886,1.301919071E9,776110,776759
776662,51.464714,5.442974,1.301919071E9,776110,776759
776662,51.464664,5.443103,1.301919071E9,776110,776759
776662,51.464684,5.443259,1.301919071E9,776110,776759
776662,51.46472,5.44342,1.301919071E9,776110,776759
776662,51.46476,5.443557,1.301919071E9,776110,776759
776662,51.46481,5.443729,1.301919071E9,776110,776759
776662,51.464863,5.443885,1.301919071E9,776110,776759
776662,51.464916,5.444044,1.301919071E9,776110,776759
776662,51.464954,5.444225,1.301919071E9,776110,776759
776662,51.464985,5.44437,1.301919071E9,776110,776759
776662,51.465008,5.444536,1.301919071E9,776110,776759
776662,51.46504,5.4447,1.301919071E9,776110,776759
776662,51.46507,5.444872,1.301919071E9,776110,776759
776662,51.465107,5.445045,1.301919071E9,776110,776759
776662,51.465157,5.445212,1.301919071E9,776110,776759
776662,51.46522,5.445344,1.301919071E9,776110,776759
776662,51.465282,5.445485,1.301919071E9,776110,776759
776662,51.465336,5.445643,1.301919071E9,776110,776759
776662,51.465397,5.445798,1.301919071E9,776110,776759
776662,51.465458,5.445938,1.301919071E9,776110,776759
776662,51.465538,5.446033,1.301919071E9,776110,776759
776662,51.465622,5.445968,1.301919071E9,776110,776759
776662,51.46569,5.445851,1.301919071E9,776110,776759
776662,51.46576,5.44574,1.301919071E9,776110,776759
776662,51.46586,5.445654,1.301919071E9,776110,776759
776662,51.465958,5.445628,1.301919071E9,776110,776759
776662,51.46603,5.445751,1.301919071E9,776110,776759
776662,51.46608,5.445903,1.301919071E9,776110,776759
776662,51.466145,5.44602,1.301919071E9,776110,776759
776662,51.466206,5.446174,1.301919071E9,776110,776759
776662,51.466248,5.446305,1.301919071E9,776110,776759
776662,51.466286,5.446439,1.301919071E9,776110,776759
776662,51.466335,5.44661,1.301919071E9,776110,776759
776662,51.46639,5.446776,1.301919071E9,776110,776759
776662,51.46644,5.446937,1.301919071E9,776110,776759
776662,51.46646,5.447097,1.301919071E9,776110,776759
776662,51.466408,5.447234,1.301919071E9,776110,776759
776662,51.466316,5.447299,1.301919071E9,776110,776759
776662,51.466225,5.447378,1.301919071E9,776110,776759
776662,51.466137,5.447443,1.301919071E9,776110,776759
776662,51.466038,5.447523,1.301919071E9,776110,776759
776662,51.465942,5.447616,1.301919071E9,776110,776759
776662,51.46586,5.44769,1.301919071E9,776110,776759
776662,51.465767,5.447741,1.301919071E9,776110,776759
776662,51.465675,5.447752,1.301919071E9,776110,776759
776662,51.465584,5.447709,1.301919071E9,776110,776759
776662,51.465492,5.447622,1.301919071E9,776110,776759
776662,51.46541,5.447537,1.301919071E9,776110,776759
776662,51.465324,5.447442,1.301919071E9,776110,776759
776662,51.46524,5.447339,1.301919071E9,776110,776759
776662,51.465157,5.447236,1.301919071E9,776110,776759
776662,51.465076,5.44714,1.301919071E9,776110,776759
776662,51.465,5.44705,1.301919071E9,776110,776759
776662,51.46492,5.446955,1.301919071E9,776110,776759
776662,51.46484,5.44686,1.301919071E9,776110,776759
776662,51.464764,5.446781,1.301919071E9,776110,776759
776662,51.464684,5.446707,1.301919071E9,776110,776759
776662,51.46459,5.446612,1.301919071E9,776110,776759
776662,51.46451,5.446524,1.301919071E9,776110,776759
776662,51.464424,5.446427,1.301919071E9,776110,776759
776662,51.464336,5.446337,1.301919071E9,776110,776759
776662,51.46426,5.446253,1.301919071E9,776110,776759
776662,51.464184,5.446174,1.301919071E9,776110,776759
776662,51.46408,5.446077,1.301919071E9,776110,776759
776662,51.464,5.446004,1.301919071E9,776110,776759
776662,51.463905,5.445961,1.301919071E9,776110,776759
776662,51.463806,5.445986,1.301919071E9,776110,776759
776662,51.463715,5.446081,1.301919071E9,776110,776759
776662,51.46365,5.446188,1.301919071E9,776110,776759
776662,51.46359,5.446305,1.301919071E9,776110,776759
776662,51.46352,5.446424,1.301919071E9,776110,776759
776662,51.463444,5.446558,1.301919071E9,776110,776759
776662,51.463387,5.446673,1.301919071E9,776110,776759
776662,51.46333,5.446789,1.301919071E9,776110,776759
776662,51.46327,5.446908,1.301919071E9,776110,776759
776662,51.463192,5.447031,1.301919071E9,776110,776759
776662,51.463123,5.447164,1.301919071E9,776110,776759
776662,51.463047,5.447305,1.301919071E9,776110,776759
776662,51.46297,5.447454,1.301919071E9,776110,776759
776662,51.4629,5.447611,1.301919071E9,776110,776759
776662,51.462826,5.447737,1.301919071E9,776110,776759
776662,51.462757,5.447859,1.301919071E9,776110,776759
776662,51.462692,5.447972,1.301919071E9,776110,776759
776662,51.462627,5.448077,1.301919071E9,776110,776759
776662,51.462547,5.448216,1.301919071E9,776110,776759
776662,51.462486,5.448325,1.301919071E9,776110,776759
776662,51.46243,5.448439,1.301919071E9,776110,776759
776662,51.462376,5.448557,1.301919071E9,776110,776759
776662,51.46231,5.44868,1.301919071E9,776110,776759
776662,51.462242,5.448805,1.301919071E9,776110,776759
776662,51.462177,5.44893,1.301919071E9,776110,776759
776662,51.462128,5.449058,1.301919071E9,776110,776759
776662,51.46213,5.449237,1.301919071E9,776110,776759
776662,51.462196,5.449343,1.301919071E9,776110,776759
776662,51.462288,5.44943,1.301919071E9,776110,776759
776662,51.46237,5.449523,1.301919071E9,776110,776759
776662,51.46245,5.449622,1.301919071E9,776110,776759
776662,51.462524,5.449721,1.301919071E9,776110,776759
776662,51.462605,5.449816,1.301919071E9,776110,776759
776662,51.462704,5.449927,1.301919071E9,776110,776759
776662,51.462795,5.450023,1.301919071E9,776110,776759
776662,51.462887,5.450126,1.301919071E9,776110,776759
776662,51.46298,5.450235,1.301919071E9,776110,776759
776662,51.46306,5.450316,1.301919071E9,776110,776759
776662,51.463142,5.450395,1.301919071E9,776110,776759
776662,51.46323,5.450474,1.301919071E9,776110,776759
776662,51.46331,5.450556,1.301919071E9,776110,776759
776662,51.46339,5.45064,1.301919071E9,776110,776759
776662,51.463463,5.450725,1.301919071E9,776110,776759
776662,51.463562,5.450839,1.301919071E9,776110,776759
776662,51.463646,5.450913,1.301919071E9,776110,776759
776662,51.46374,5.450925,1.301919071E9,776110,776759
776662,51.463837,5.450923,1.301919071E9,776110,776759
776662,51.463943,5.45092,1.301919071E9,776110,776759
776662,51.46404,5.450912,1.301919071E9,776110,776759
776662,51.464165,5.450859,1.301919071E9,776110,776759
776662,51.46428,5.450768,1.301919071E9,776110,776759
776662,51.46438,5.450659,1.301919071E9,776110,776759
776662,51.46445,5.450551,1.301919071E9,776110,776759
776662,51.46453,5.450426,1.301919071E9,776110,776759
776662,51.46461,5.450303,1.301919071E9,776110,776759
776662,51.464687,5.450206,1.301919071E9,776110,776759
776662,51.464767,5.450127,1.301919071E9,776110,776759
776662,51.46487,5.450042,1.301919071E9,776110,776759
776662,51.46497,5.449946,1.301919071E9,776110,776759
776662,51.46507,5.449855,1.301919071E9,776110,776759
776662,51.46515,5.449788,1.301919071E9,776110,776759
776662,51.465233,5.449719,1.301919071E9,776110,776759
776662,51.46532,5.449647,1.