662,25.826176,-80.375786,1.301919071E9,776110,776759
776662,25.826176,-80.37564,1.301919071E9,776110,776759
776662,25.826176,-80.3755,1.301919071E9,776110,776759
776662,25.826176,-80.37535,1.301919071E9,776110,776759
776662,25.826174,-80.3752,1.301919071E9,776110,776759
776662,25.826174,-80.37506,1.301919071E9,776110,776759
776662,25.826174,-80.37488,1.301919071E9,776110,776759
776662,25.826174,-80.37471,1.301919071E9,776110,776759
776662,25.826172,-80.37455,1.301919071E9,776110,776759
776662,25.826172,-80.3744,1.301919071E9,776110,776759
776662,25.826172,-80.37425,1.301919071E9,776110,776759
776662,25.826172,-80.37411,1.301919071E9,776110,776759
776662,25.82617,-80.37396,1.301919071E9,776110,776759
776662,25.826166,-80.373665,1.301919071E9,776110,776759
776662,25.826162,-80.37353,1.301919071E9,776110,776759
776662,25.82616,-80.37337,1.301919071E9,776110,776759
776662,25.826162,-80.373215,1.301919071E9,776110,776759
776662,25.826162,-80.37305,1.301919071E9,776110,776759
776662,25.826162,-80.3729,1.301919071E9,776110,776759
776662,25.826162,-80.37275,1.301919071E9,776110,776759
776662,25.826162,-80.37259,1.301919071E9,776110,776759
776662,25.826162,-80.37241,1.301919071E9,776110,776759
776662,25.826162,-80.37227,1.301919071E9,776110,776759
776662,25.826162,-80.372116,1.301919071E9,776110,776759
776662,25.826162,-80.37198,1.301919071E9,776110,776759
776662,25.826164,-80.37183,1.301919071E9,776110,776759
776662,25.826164,-80.37168,1.301919071E9,776110,776759
776662,25.826164,-80.37153,1.301919071E9,776110,776759
776662,25.82615,-80.37138,1.301919071E9,776110,776759
776662,25.826164,-80.37124,1.301919071E9,776110,776759
776662,25.826164,-80.3711,1.301919071E9,776110,776759
776662,25.826164,-80.37097,1.301919071E9,776110,776759
776662,25.826164,-80.37085,1.301919071E9,776110,776759
776662,25.826164,-80.37074,1.301919071E9,776110,776759
776662,25.826166,-80.370636,1.301919071E9,776110,776759
776662,25.826166,-80.370514,1.301919071E9,776110,776759
776662,25.826166,-80.3704,1.301919071E9,776110,776759
776662,25.826166,-80.3704,1.301919071E9,776110,776759
776662,25.826166,-80.37031,1.301919071E9,776110,776759
776662,25.826168,-80.37028,1.301919071E9,776110,776759
776662,25.826168,-80.3701,1.301919071E9,776110,776759
776662,25.82617,-80.36992,1.301919071E9,776110,776759
776662,25.82617,-80.3698,1.301919071E9,776110,776759
776662,25.826172,-80.369644,1.301919071E9,776110,776759
776662,25.826172,-80.36949,1.301919071E9,776110,776759
776662,25.826174,-80.369354,1.301919071E9,776110,776759
776662,25.826174,-80.369225,1.301919071E9,776110,776759
776662,25.826176,-80.36909,1.301919071E9,776110,776759
776662,25.826176,-80.36896,1.301919071E9,776110,776759
776662,25.826178,-80.36882,1.301919071E9,776110,776759
776662,25.826178,-80.36871,1.301919071E9,776110,776759
776662,25.826178,-80.36859,1.301919071E9,776110,776759
776662,25.82618,-80.368484,1.301919071E9,776110,776759
776662,25.82618,-80.36838,1.301919071E9,776110,776759
776662,25.826181,-80.36825,1.301919071E9,776110,776759
776662,25.826181,-80.3681,1.301919071E9,776110,776759
776662,25.826183,-80.36798,1.301919071E9,776110,776759
776662,25.826183,-80.367836,1.301919071E9,776110,776759
776662,25.826185,-80.36769,1.301919071E9,776110,776759
776662,25.826185,-80.36756,1.301919071E9,776110,776759
776662,25.826185,-80.367424,1.301919071E9,776110,776759
776662,25.826185,-80.3673,1.301919071E9,776110,776759
776662,25.826187,-80.36718,1.301919071E9,776110,776759
776662,25.826187,-80.367004,1.301919071E9,776110,776759
776662,25.826187,-80.366875,1.301919071E9,776110,776759
776662,25.826189,-80.366745,1.301919071E9,776110,776759
776662,25.82619,-80.36664,1.301919071E9,776110,776759
776662,25.82619,-80.366486,1.301919071E9,776110,776759
776662,25.82619,-80.36635,1.301919071E9,776110,776759
776662,25.826193,-80.36624,1.301919071E9,776110,776759
776662,25.826193,-80.36612,1.301919071E9,776110,776759
776662,25.826195,-80.366005,1.301919071E9,776110,776759
776662,25.826195,-80.36578,1.301919071E9,776110,776759
776662,25.826195,-80.365685,1.301919071E9,776110,776759
776662,25.826195,-80.36558,1.301919071E9,776110,776759
776662,25.826197,-80.36547,1.301919071E9,776110,776759
776662,25.826197,-80.36534,1.301919071E9,776110,776759
776662,25.826197,-80.365234,1.301919071E9,776110,776759
776662,25.826197,-80.3651,1.301919071E9,776110,776759
776662,25.826199,-80.364975,1.301919071E9,776110,776759
776662,25.826199,-80.36483,1.301919071E9,776110,776759
776662,25.826199,-80.3647,1.301919071E9,776110,776759
776662,25.8262,-80.36458,1.301919071E9,776110,776759
776662,25.8262,-80.364456,1.301919071E9,776110,776759
776662,25.8262,-80.36431,1.301919071E9,776110,776759
776662,25.826202,-80.36418,1.301919071E9,776110,776759
776662,25.826202,-80.364044,1.301919071E9,776110,776759
776662,25.826202,-80.36389,1.301919071E9,776110,776759
776662,25.826204,-80.36375,1.301919071E9,776110,776759
776662,25.826204,-80.36361,1.301919071E9,776110,776759
776662,25.826204,-80.363495,1.301919071E9,776110,776759
776662,25.826206,-80.363335,1.301919071E9,776110,776759
776662,25.826206,-80.363174,1.301919071E9,776110,776759
776662,25.826208,-80.36301,1.301919071E9,776110,776759
776662,25.826208,-80.36286,1.301919071E9,776110,776759
776662,25.826208,-80.36273,1.301919071E9,776110,776759
776662,25.82621,-80.3626,1.301919071E9,776110,776759
776662,25.826212,-80.36243,1.301919071E9,776110,776759
776662,25.826212,-80.36226,1.301919071E9,776110,776759
776662,25.826212,-80.36212,1.301919071E9,776110,776759
776662,25.825974,-80.36191,1.301919071E9,776110,776759
776662,25.825872,-80.36191,1.301919071E9,776110,776759
776662,25.825745,-80.36191,1.301919071E9,776110,776759
776662,25.825605,-80.36191,1.301919071E9,776110,776759
776662,25.825441,-80.3619,1.301919071E9,776110,776759
776662,25.825314,-80.3619,1.301919071E9,776110,776759
776662,25.825212,-80.3619,1.301919071E9,776110,776759
776662,25.825092,-80.36189,1.301919071E9,776110,776759
776662,25.824968,-80.36189,1.301919071E9,776110,776759
776662,25.824871,-80.36189,1.301919071E9,776110,776759
776662,25.824757,-80.361885,1.301919071E9,776110,776759
776662,25.824532,-80.36188,1.301919071E9,776110,776759
776662,25.824413,-80.36187,1.301919071E9,776110,776759
776662,25.824293,-80.361855,1.301919071E9,776110,776759
776662,25.824171,-80.36185,1.301919071E9,776110,776759
776662,25.82403,-80.36183,1.301919071E9,776110,776759
776662,25.82391,-80.36182,1.301919071E9,776110,776759
776662,25.823784,-80.361786,1.301919071E9,776110,776759
776662,25.823677,-80.36177,1.301919071E9,776110,776759
776662,25.82356,-80.36174,1.301919071E9,776110,776759
776662,25.82346,-80.36172,1.301919071E9,776110,776759
776662,25.823355,-80.36169,1.301919071E9,776110,776759
776662,25.823252,-80.36166,1.301919071E9,776110,776759
776662,25.823128,-80.36161,1.301919071E9,776110,776759
776662,25.823011,-80.36157,1.301919071E9,776110,776759
776662,25.822891,-80.361534,1.301919071E9,776110,776759
776662,25.82278,-80.36149,1.301919071E9,776110,776759
776662,25.822681,-80.36144,1.301919071E9,776110,776759
776662,25.822573,-80.36139,1.301919071E9,776110,776759
776662,25.822474,-80.36134,1.301919071E9,776110,776759
776662,25.822374,-80.36128,1.301919071E9,776110,776759
776662,25.822285,-80.36124,1.301919071E9,776110,776759
776662,25.822168,-80.36117,1.301919071E9,776110,776759
776662,25.822054,-80.3611,1.301919071E9,776110,776759
776662,25.821934,-80.36102,1.301919071E9,776110,776759
776662,25.821836,-80.36096,1.301919071E9,776110,776759
776662,25.821754,-80.360916,1.301919071E9,776110,776759
776662,25.821642,-80.36085,1.301919071E9,776110,776759
776662,25.821526,-80.36078,1.301919071E9,776110,776759
776662,25.821428,-80.36072,1.301919071E9,776110,776759
776662,25.821333,-80.36066,1.301919071E9,776110,776759
776662,25.821243,-80.3606,1.301919071E9,776110,776759
776662,25.821135,-80.36054,1.301919071E9,776110,776759
776662,25.821047,-80.36049,1.301919071E9,776110,776759
776662,25.821016,-80.36047,1.301919071E9,776110,776759
776662,25.820913,-80.36041,1.301919071E