19071E9,776110,776759
776662,18.36532,-66.123146,1.301919071E9,776110,776759
776662,18.365177,-66.123215,1.301919071E9,776110,776759
776662,18.36502,-66.12323,1.301919071E9,776110,776759
776662,18.364876,-66.12315,1.301919071E9,776110,776759
776662,18.364864,-66.123146,1.301919071E9,776110,776759
776662,18.364708,-66.12308,1.301919071E9,776110,776759
776662,18.36454,-66.12307,1.301919071E9,776110,776759
776662,18.36437,-66.12304,1.301919071E9,776110,776759
776662,18.364197,-66.12301,1.301919071E9,776110,776759
776662,18.364098,-66.12297,1.301919071E9,776110,776759
776662,18.364033,-66.1229,1.301919071E9,776110,776759
776662,18.364052,-66.12269,1.301919071E9,776110,776759
776662,18.364187,-66.12257,1.301919071E9,776110,776759
776662,18.364336,-66.12254,1.301919071E9,776110,776759
776662,18.364428,-66.122536,1.301919071E9,776110,776759
776662,18.364582,-66.12255,1.301919071E9,776110,776759
776662,18.364635,-66.122574,1.301919071E9,776110,776759
776662,18.36471,-66.12272,1.301919071E9,776110,776759
776662,18.36472,-66.122894,1.301919071E9,776110,776759
776662,18.364744,-66.12299,1.301919071E9,776110,776759
776662,18.364798,-66.123055,1.301919071E9,776110,776759
776662,18.364964,-66.12306,1.301919071E9,776110,776759
776662,18.365118,-66.12302,1.301919071E9,776110,776759
776662,18.365301,-66.12297,1.301919071E9,776110,776759
776662,18.365301,-66.12297,1.301919071E9,776110,776759
776662,18.365396,-66.122955,1.301919071E9,776110,776759
776662,18.365473,-66.122955,1.301919071E9,776110,776759
776662,18.36556,-66.12295,1.301919071E9,776110,776759
776662,18.36557,-66.12295,1.301919071E9,776110,776759
776662,18.36573,-66.12293,1.301919071E9,776110,776759
776662,18.365915,-66.12288,1.301919071E9,776110,776759
776662,18.366087,-66.12284,1.301919071E9,776110,776759
776662,18.366156,-66.122826,1.301919071E9,776110,776759
776662,18.36624,-66.12283,1.301919071E9,776110,776759
776662,18.366322,-66.122856,1.301919071E9,776110,776759
776662,18.366417,-66.12299,1.301919071E9,776110,776759
776662,18.366425,-66.12318,1.301919071E9,776110,776759
776662,18.366291,-66.12335,1.301919071E9,776110,776759
776662,18.36603,-66.12341,1.301919071E9,776110,776759
776662,18.365875,-66.12343,1.301919071E9,776110,776759
776662,18.365707,-66.1234,1.301919071E9,776110,776759
776662,18.365559,-66.12332,1.301919071E9,776110,776759
776662,18.365437,-66.1232,1.301919071E9,776110,776759
776662,18.365274,-66.12313,1.301919071E9,776110,776759
776662,18.365067,-66.123146,1.301919071E9,776110,776759
776662,18.36491,-66.1231,1.301919071E9,776110,776759
776662,18.364756,-66.123085,1.301919071E9,776110,776759
776662,18.364595,-66.1231,1.301919071E9,776110,776759
776662,18.364437,-66.12307,1.301919071E9,776110,776759
776662,18.364271,-66.12304,1.301919071E9,776110,776759
776662,18.364124,-66.122955,1.301919071E9,776110,776759
776662,18.36405,-66.122795,1.301919071E9,776110,776759
776662,18.364098,-66.12264,1.301919071E9,776110,776759
776662,18.364325,-66.122536,1.301919071E9,776110,776759
776662,18.364487,-66.12249,1.301919071E9,776110,776759
776662,18.364508,-66.12249,1.301919071E9,776110,776759
776662,18.364676,-66.12253,1.301919071E9,776110,776759
776662,18.364763,-66.12267,1.301919071E9,776110,776759
776662,18.36478,-66.12285,1.301919071E9,776110,776759
776662,18.364912,-66.122955,1.301919071E9,776110,776759
776662,18.365147,-66.122955,1.301919071E9,776110,776759
776662,18.365326,-66.122955,1.301919071E9,776110,776759
776662,18.365524,-66.12295,1.301919071E9,776110,776759
776662,18.365702,-66.122925,1.301919071E9,776110,776759
776662,18.365767,-66.12291,1.301919071E9,776110,776759
776662,18.365934,-66.12289,1.301919071E9,776110,776759
776662,18.366095,-66.122856,1.301919071E9,776110,776759
776662,18.366253,-66.12284,1.301919071E9,776110,776759
776662,18.366306,-66.122856,1.301919071E9,776110,776759
776662,18.366371,-66.12292,1.301919071E9,776110,776759
776662,18.366423,-66.12311,1.301919071E9,776110,776759
776662,18.36637,-66.1233,1.301919071E9,776110,776759
776662,18.366215,-66.1234,1.301919071E9,776110,776759
776662,18.36603,-66.12338,1.301919071E9,776110,776759
776662,18.365866,-66.123405,1.301919071E9,776110,776759
776662,18.365705,-66.12343,1.301919071E9,776110,776759
776662,18.365553,-66.12338,1.301919071E9,776110,776759
776662,18.3655,-66.12333,1.301919071E9,776110,776759
776662,18.36544,-66.12326,1.301919071E9,776110,776759
776662,18.36538,-66.1232,1.301919071E9,776110,776759
776662,18.365294,-66.12318,1.301919071E9,776110,776759
776662,18.365128,-66.123215,1.301919071E9,776110,776759
776662,18.364973,-66.1232,1.301919071E9,776110,776759
776662,18.364973,-66.1232,1.301919071E9,776110,776759
776662,18.364819,-66.12312,1.301919071E9,776110,776759
776662,18.364698,-66.12308,1.301919071E9,776110,776759
776662,18.36459,-66.12308,1.301919071E9,776110,776759
776662,18.364494,-66.12309,1.301919071E9,776110,776759
776662,18.364334,-66.12305,1.301919071E9,776110,776759
776662,18.364166,-66.12303,1.301919071E9,776110,776759
776662,18.364037,-66.12292,1.301919071E9,776110,776759
776662,18.364033,-66.12275,1.301919071E9,776110,776759
776662,18.36411,-66.12258,1.301919071E9,776110,776759
776662,18.364214,-66.122536,1.301919071E9,776110,776759
776662,18.36438,-66.12252,1.301919071E9,776110,776759
776662,18.364445,-66.12252,1.301919071E9,776110,776759
776662,18.364544,-66.12252,1.301919071E9,776110,776759
776662,18.364717,-66.12257,1.301919071E9,776110,776759
776662,18.364744,-66.1226,1.301919071E9,776110,776759
776662,18.364786,-66.12278,1.301919071E9,776110,776759
776662,18.364792,-66.12295,1.301919071E9,776110,776759
776662,18.364859,-66.12302,1.301919071E9,776110,776759
776662,18.364943,-66.12299,1.301919071E9,776110,776759
776662,18.365107,-66.12297,1.301919071E9,776110,776759
776662,18.365282,-66.12296,1.301919071E9,776110,776759
776662,18.365448,-66.12296,1.301919071E9,776110,776759
776662,18.365467,-66.12296,1.301919071E9,776110,776759
776662,18.365622,-66.12295,1.301919071E9,776110,776759
776662,18.365772,-66.12291,1.301919071E9,776110,776759
776662,18.365942,-66.12289,1.301919071E9,776110,776759
776662,18.365957,-66.12289,1.301919071E9,776110,776759
776662,18.36623,-66.12286,1.301919071E9,776110,776759
776662,18.366371,-66.122925,1.301919071E9,776110,776759
776662,18.36644,-66.1231,1.301919071E9,776110,776759
776662,18.366293,-66.12326,1.301919071E9,776110,776759
776662,18.36614,-66.12333,1.301919071E9,776110,776759
776662,18.365982,-66.123375,1.301919071E9,776110,776759
776662,18.365828,-66.123405,1.301919071E9,776110,776759
776662,18.36562,-66.12336,1.301919071E9,776110,776759
776662,18.365486,-66.123245,1.301919071E9,776110,776759
776662,18.36537,-66.123116,1.301919071E9,776110,776759
776662,18.365349,-66.12311,1.301919071E9,776110,776759
776662,18.365158,-66.12313,1.301919071E9,776110,776759
776662,18.365007,-66.12317,1.301919071E9,776110,776759
776662,18.364845,-66.12312,1.301919071E9,776110,776759
776662,18.364677,-66.123085,1.301919071E9,776110,776759
776662,18.364494,-66.12307,1.301919071E9,776110,776759
776662,18.364336,-66.12304,1.301919071E9,776110,776759
776662,18.364187,-66.12299,1.301919071E9,776110,776759
776662,18.36406,-66.12289,1.301919071E9,776110,776759
776662,18.364042,-66.122696,1.301919071E9,776110,776759
776662,18.364346,-66.122574,1.301919071E9,776110,776759
776662,18.364546,-66.122574,1.301919071E9,776110,776759
776662,18.364712,-66.12263,1.301919071E9,776110,776759
776662,18.364758,-66.12279,1.301919071E9,776110,776759
776662,18.364817,-66.12295,1.301919071E9,776110,776759
776662,18.364847,-66.12296,1.301919071E9,776110,776759
776662,18.36494,-66.122986,1.301919071E9,776110,776759
776662,18.365107,-66.12296,1.301919071E9,776110,776759
776662,18.365265,-66.122955,1.301919071E9,776110,776759
776662,18.36544,-66.122955,1.301919071E9,776110,776759
776662,18.36562,-66.122955,1.301919071E9,776110,776759
776662,18.365803,-66.12292,1.301919071E9,776110,776759
776662,18.36596,-66.12289,1.301919071E9,776110,776759
776662,18.366133,-66.12286,1.301919071E9,776110,776759
776662,18.