
776662,25.842037,-80.38234,1.301919071E9,776110,776759
776662,25.842176,-80.38234,1.301919071E9,776110,776759
776662,25.842354,-80.38235,1.301919071E9,776110,776759
776662,25.842554,-80.382355,1.301919071E9,776110,776759
776662,25.842678,-80.382355,1.301919071E9,776110,776759
776662,25.842802,-80.382355,1.301919071E9,776110,776759
776662,25.842909,-80.38236,1.301919071E9,776110,776759
776662,25.84305,-80.382355,1.301919071E9,776110,776759
776662,25.843184,-80.38235,1.301919071E9,776110,776759
776662,25.843296,-80.38234,1.301919071E9,776110,776759
776662,25.843424,-80.38233,1.301919071E9,776110,776759
776662,25.843575,-80.38232,1.301919071E9,776110,776759
776662,25.843693,-80.38231,1.301919071E9,776110,776759
776662,25.84385,-80.38228,1.301919071E9,776110,776759
776662,25.843983,-80.38225,1.301919071E9,776110,776759
776662,25.844147,-80.38221,1.301919071E9,776110,776759
776662,25.844275,-80.38219,1.301919071E9,776110,776759
776662,25.844404,-80.38216,1.301919071E9,776110,776759
776662,25.844524,-80.382126,1.301919071E9,776110,776759
776662,25.844671,-80.382095,1.301919071E9,776110,776759
776662,25.844873,-80.38203,1.301919071E9,776110,776759
776662,25.845009,-80.38198,1.301919071E9,776110,776759
776662,25.845137,-80.381935,1.301919071E9,776110,776759
776662,25.845255,-80.38189,1.301919071E9,776110,776759
776662,25.84538,-80.38184,1.301919071E9,776110,776759
776662,25.845505,-80.38179,1.301919071E9,776110,776759
776662,25.845615,-80.381744,1.301919071E9,776110,776759
776662,25.84574,-80.38169,1.301919071E9,776110,776759
776662,25.845884,-80.38162,1.301919071E9,776110,776759
776662,25.84602,-80.38156,1.301919071E9,776110,776759
776662,25.846132,-80.38151,1.301919071E9,776110,776759
776662,25.846252,-80.38144,1.301919071E9,776110,776759
776662,25.846369,-80.38138,1.301919071E9,776110,776759
776662,25.846485,-80.38131,1.301919071E9,776110,776759
776662,25.846603,-80.38123,1.301919071E9,776110,776759
776662,25.84672,-80.381165,1.301919071E9,776110,776759
776662,25.846828,-80.38109,1.301919071E9,776110,776759
776662,25.846947,-80.38101,1.301919071E9,776110,776759
776662,25.84706,-80.38093,1.301919071E9,776110,776759
776662,25.847187,-80.38084,1.301919071E9,776110,776759
776662,25.84729,-80.38075,1.301919071E9,776110,776759
776662,25.847397,-80.38067,1.301919071E9,776110,776759
776662,25.847502,-80.380585,1.301919071E9,776110,776759
776662,25.84758,-80.38052,1.301919071E9,776110,776759
776662,25.847666,-80.38045,1.301919071E9,776110,776759
776662,25.847767,-80.38036,1.301919071E9,776110,776759
776662,25.84786,-80.38028,1.301919071E9,776110,776759
776662,25.847952,-80.380196,1.301919071E9,776110,776759
776662,25.84811,-80.38004,1.301919071E9,776110,776759
776662,25.848194,-80.37996,1.301919071E9,776110,776759
776662,25.848276,-80.379875,1.301919071E9,776110,776759
776662,25.848364,-80.37979,1.301919071E9,776110,776759
776662,25.848438,-80.37972,1.301919071E9,776110,776759
776662,25.848537,-80.37963,1.301919071E9,776110,776759
776662,25.848625,-80.379555,1.301919071E9,776110,776759
776662,25.848717,-80.37948,1.301919071E9,776110,776759
776662,25.848886,-80.37936,1.301919071E9,776110,776759
776662,25.848997,-80.37929,1.301919071E9,776110,776759
776662,25.849102,-80.37921,1.301919071E9,776110,776759
776662,25.849188,-80.379166,1.301919071E9,776110,776759
776662,25.849318,-80.37909,1.301919071E9,776110,776759
776662,25.849417,-80.379036,1.301919071E9,776110,776759
776662,25.849577,-80.37897,1.301919071E9,776110,776759
776662,25.849691,-80.378914,1.301919071E9,776110,776759
776662,25.849813,-80.37886,1.301919071E9,776110,776759
776662,25.849943,-80.378815,1.301919071E9,776110,776759
776662,25.850077,-80.37877,1.301919071E9,776110,776759
776662,25.850206,-80.37873,1.301919071E9,776110,776759
776662,25.850399,-80.378685,1.301919071E9,776110,776759
776662,25.850544,-80.378654,1.301919071E9,776110,776759
776662,25.850698,-80.37863,1.301919071E9,776110,776759
776662,25.850834,-80.37862,1.301919071E9,776110,776759
776662,25.85095,-80.3786,1.301919071E9,776110,776759
776662,25.851076,-80.37859,1.301919071E9,776110,776759
776662,25.851221,-80.378586,1.301919071E9,776110,776759
776662,25.851372,-80.37858,1.301919071E9,776110,776759
776662,25.851494,-80.378586,1.301919071E9,776110,776759
776662,25.851728,-80.378586,1.301919071E9,776110,776759
776662,25.851871,-80.37859,1.301919071E9,776110,776759
776662,25.852013,-80.37859,1.301919071E9,776110,776759
776662,25.85215,-80.3786,1.301919071E9,776110,776759
776662,25.85228,-80.3786,1.301919071E9,776110,776759
776662,25.8524,-80.37861,1.301919071E9,776110,776759
776662,25.852686,-80.37862,1.301919071E9,776110,776759
776662,25.85282,-80.37862,1.301919071E9,776110,776759
776662,25.852943,-80.378624,1.301919071E9,776110,776759
776662,25.853062,-80.37863,1.301919071E9,776110,776759
776662,25.853203,-80.37863,1.301919071E9,776110,776759
776662,25.853334,-80.37864,1.301919071E9,776110,776759
776662,25.853529,-80.37864,1.301919071E9,776110,776759
776662,25.853662,-80.37865,1.301919071E9,776110,776759
776662,25.853867,-80.378654,1.301919071E9,776110,776759
776662,25.854023,-80.37866,1.301919071E9,776110,776759
776662,25.85416,-80.37866,1.301919071E9,776110,776759
776662,25.854279,-80.37867,1.301919071E9,776110,776759
776662,25.85442,-80.37867,1.301919071E9,776110,776759
776662,25.85455,-80.37867,1.301919071E9,776110,776759
776662,25.854675,-80.37867,1.301919071E9,776110,776759
776662,25.854809,-80.37868,1.301919071E9,776110,776759
776662,25.854952,-80.37868,1.301919071E9,776110,776759
776662,25.855076,-80.37868,1.301919071E9,776110,776759
776662,25.855234,-80.37868,1.301919071E9,776110,776759
776662,25.855371,-80.378685,1.301919071E9,776110,776759
776662,25.85551,-80.378685,1.301919071E9,776110,776759
776662,25.85565,-80.37869,1.301919071E9,776110,776759
776662,25.855785,-80.37869,1.301919071E9,776110,776759
776662,25.855917,-80.3787,1.301919071E9,776110,776759
776662,25.856049,-80.3787,1.301919071E9,776110,776759
776662,25.856201,-80.37871,1.301919071E9,776110,776759
776662,25.856314,-80.37871,1.301919071E9,776110,776759
776662,25.856358,-80.378815,1.301919071E9,776110,776759
776662,25.856356,-80.3791,1.301919071E9,776110,776759
776662,25.856356,-80.37923,1.301919071E9,776110,776759
776662,25.856356,-80.37938,1.301919071E9,776110,776759
776662,25.856354,-80.37954,1.301919071E9,776110,776759
776662,25.856354,-80.37969,1.301919071E9,776110,776759
776662,25.856354,-80.37982,1.301919071E9,776110,776759
776662,25.856352,-80.37995,1.301919071E9,776110,776759
776662,25.856352,-80.38012,1.301919071E9,776110,776759
776662,25.856352,-80.38023,1.301919071E9,776110,776759
776662,25.856352,-80.38036,1.301919071E9,776110,776759
776662,25.85635,-80.38051,1.301919071E9,776110,776759
776662,25.85635,-80.38066,1.301919071E9,776110,776759
776662,25.85635,-80.38083,1.301919071E9,776110,776759
776662,25.856348,-80.38094,1.301919071E9,776110,776759
776662,25.856348,-80.38107,1.301919071E9,776110,776759
776662,25.856346,-80.38118,1.301919071E9,776110,776759
776662,25.856346,-80.381355,1.301919071E9,776110,776759
776662,25.856346,-80.38149,1.301919071E9,776110,776759
776662,25.856346,-80.38165,1.301919071E9,776110,776759
776662,25.856344,-80.3818,1.301919071E9,776110,776759
776662,25.856344,-80.38196,1.301919071E9,776110,776759
776662,25.856344,-80.38209,1.301919071E9,776110,776759
776662,25.856342,-80.382256,1.301919071E9,776110,776759
776662,25.856342,-80.38241,1.301919071E9,776110,776759
776662,25.856342,-80.382545,1.301919071E9,776110,776759
776662,25.85634,-80.38268,1.301919071E9,776110,776759
776662,25.85634,-80.38281,1.301919071E9,776110,776759
776662,25.85634,-80.382935,1.301919071E9,776110,776759
776662,25.85634,-80.383095,1.301919071E9,776110,776759
776662,25.856339,-80.38323,1.301919071E9,776110,776759
776662,25.856339,-80.383385,1.301919071E9,776110,776759
776662,25.856339,-80.38352,1.301919071E9,776110,776759
776662,25.856337,-80.38369,1.301919071E9,776110,776759
776662,25.856337,-80.38385,1.301919071E9,776110,776759
776662,25.856337,-80.38399,