1648,1.301919071E9,776110,776759
776662,51.55775,0.48176,1.301919071E9,776110,776759
776662,51.55784,0.481835,1.301919071E9,776110,776759
776662,51.55792,0.481908,1.301919071E9,776110,776759
776662,51.558002,0.482015,1.301919071E9,776110,776759
776662,51.55809,0.482139,1.301919071E9,776110,776759
776662,51.55819,0.48219,1.301919071E9,776110,776759
776662,51.558266,0.482283,1.301919071E9,776110,776759
776662,51.558346,0.48238,1.301919071E9,776110,776759
776662,51.558414,0.482504,1.301919071E9,776110,776759
776662,51.558468,0.482632,1.301919071E9,776110,776759
776662,51.5585,0.482778,1.301919071E9,776110,776759
776662,51.558537,0.482951,1.301919071E9,776110,776759
776662,51.558605,0.483083,1.301919071E9,776110,776759
776662,51.558655,0.48324,1.301919071E9,776110,776759
776662,51.558716,0.483362,1.301919071E9,776110,776759
776662,51.55875,0.483501,1.301919071E9,776110,776759
776662,51.558765,0.483663,1.301919071E9,776110,776759
776662,51.558807,0.4838,1.301919071E9,776110,776759
776662,51.55883,0.483952,1.301919071E9,776110,776759
776662,51.558857,0.484101,1.301919071E9,776110,776759
776662,51.5589,0.484251,1.301919071E9,776110,776759
776662,51.558937,0.48441,1.301919071E9,776110,776759
776662,51.558968,0.48455,1.301919071E9,776110,776759
776662,51.559002,0.484706,1.301919071E9,776110,776759
776662,51.559048,0.484849,1.301919071E9,776110,776759
776662,51.559093,0.485015,1.301919071E9,776110,776759
776662,51.559143,0.485192,1.301919071E9,776110,776759
776662,51.55917,0.48535,1.301919071E9,776110,776759
776662,51.559204,0.485521,1.301919071E9,776110,776759
776662,51.55927,0.485662,1.301919071E9,776110,776759
776662,51.559338,0.485791,1.301919071E9,776110,776759
776662,51.559387,0.485935,1.301919071E9,776110,776759
776662,51.559467,0.486058,1.301919071E9,776110,776759
776662,51.559532,0.48618,1.301919071E9,776110,776759
776662,51.559597,0.486321,1.301919071E9,776110,776759
776662,51.55965,0.486453,1.301919071E9,776110,776759
776662,51.559708,0.486583,1.301919071E9,776110,776759
776662,51.559772,0.486704,1.301919071E9,776110,776759
776662,51.559853,0.486813,1.301919071E9,776110,776759
776662,51.55992,0.486899,1.301919071E9,776110,776759
776662,51.560017,0.486982,1.301919071E9,776110,776759
776662,51.560112,0.486922,1.301919071E9,776110,776759
776662,51.560192,0.486813,1.301919071E9,776110,776759
776662,51.560295,0.486762,1.301919071E9,776110,776759
776662,51.56039,0.486742,1.301919071E9,776110,776759
776662,51.560394,0.486906,1.301919071E9,776110,776759
776662,51.560326,0.48703,1.301919071E9,776110,776759
776662,51.56035,0.487223,1.301919071E9,776110,776759
776662,51.560387,0.48737,1.301919071E9,776110,776759
776662,51.56044,0.487492,1.301919071E9,776110,776759
776662,51.560493,0.487621,1.301919071E9,776110,776759
776662,51.560535,0.487771,1.301919071E9,776110,776759
776662,51.560574,0.487915,1.301919071E9,776110,776759
776662,51.560608,0.488068,1.301919071E9,776110,776759
776662,51.560677,0.488188,1.301919071E9,776110,776759
776662,51.56074,0.488333,1.301919071E9,776110,776759
776662,51.56079,0.488488,1.301919071E9,776110,776759
776662,51.560833,0.488658,1.301919071E9,776110,776759
776662,51.560863,0.488814,1.301919071E9,776110,776759
776662,51.56091,0.48895,1.301919071E9,776110,776759
776662,51.560947,0.489091,1.301919071E9,776110,776759
776662,51.560966,0.489238,1.301919071E9,776110,776759
776662,51.560993,0.489386,1.301919071E9,776110,776759
776662,51.561024,0.48954,1.301919071E9,776110,776759
776662,51.561028,0.489689,1.301919071E9,776110,776759
776662,51.561024,0.489836,1.301919071E9,776110,776759
776662,51.561035,0.489986,1.301919071E9,776110,776759
776662,51.561066,0.49015,1.301919071E9,776110,776759
776662,51.561096,0.490301,1.301919071E9,776110,776759
776662,51.561127,0.490462,1.301919071E9,776110,776759
776662,51.561176,0.490616,1.301919071E9,776110,776759
776662,51.56122,0.490764,1.301919071E9,776110,776759
776662,51.561275,0.490914,1.301919071E9,776110,776759
776662,51.561356,0.490991,1.301919071E9,776110,776759
776662,51.56142,0.491128,1.301919071E9,776110,776759
776662,51.56148,0.491252,1.301919071E9,776110,776759
776662,51.561535,0.491379,1.301919071E9,776110,776759
776662,51.56159,0.491534,1.301919071E9,776110,776759
776662,51.561634,0.491696,1.301919071E9,776110,776759
776662,51.561676,0.491827,1.301919071E9,776110,776759
776662,51.561733,0.491978,1.301919071E9,776110,776759
776662,51.561783,0.49212,1.301919071E9,776110,776759
776662,51.561813,0.492277,1.301919071E9,776110,776759
776662,51.56187,0.492445,1.301919071E9,776110,776759
776662,51.56192,0.492586,1.301919071E9,776110,776759
776662,51.56195,0.492758,1.301919071E9,776110,776759
776662,51.56195,0.492924,1.301919071E9,776110,776759
776662,51.56198,0.493073,1.301919071E9,776110,776759
776662,51.562027,0.493234,1.301919071E9,776110,776759
776662,51.562054,0.493374,1.301919071E9,776110,776759
776662,51.562077,0.493518,1.301919071E9,776110,776759
776662,51.56209,0.493661,1.301919071E9,776110,776759
776662,51.562122,0.493839,1.301919071E9,776110,776759
776662,51.562153,0.493985,1.301919071E9,776110,776759
776662,51.56218,0.494142,1.301919071E9,776110,776759
776662,51.56221,0.494318,1.301919071E9,776110,776759
776662,51.562225,0.494487,1.301919071E9,776110,776759
776662,51.562263,0.494625,1.301919071E9,776110,776759
776662,51.5623,0.494777,1.301919071E9,776110,776759
776662,51.562363,0.494901,1.301919071E9,776110,776759
776662,51.562412,0.495036,1.301919071E9,776110,776759
776662,51.562473,0.495176,1.301919071E9,776110,776759
776662,51.562534,0.495325,1.301919071E9,776110,776759
776662,51.562588,0.495469,1.301919071E9,776110,776759
776662,51.562645,0.495599,1.301919071E9,776110,776759
776662,51.562687,0.495749,1.301919071E9,776110,776759
776662,51.562744,0.49589,1.301919071E9,776110,776759
776662,51.562794,0.496016,1.301919071E9,776110,776759
776662,51.562836,0.496146,1.301919071E9,776110,776759
776662,51.562897,0.496261,1.301919071E9,776110,776759
776662,51.562935,0.496393,1.301919071E9,776110,776759
776662,51.56298,0.496528,1.301919071E9,776110,776759
776662,51.563034,0.496661,1.301919071E9,776110,776759
776662,51.563046,0.496843,1.301919071E9,776110,776759
776662,51.56306,0.496999,1.301919071E9,776110,776759
776662,51.563087,0.497179,1.301919071E9,776110,776759
776662,51.563114,0.49735,1.301919071E9,776110,776759
776662,51.56316,0.497513,1.301919071E9,776110,776759
776662,51.563206,0.49765,1.301919071E9,776110,776759
776662,51.563248,0.497788,1.301919071E9,776110,776759
776662,51.563282,0.497928,1.301919071E9,776110,776759
776662,51.563324,0.498075,1.301919071E9,776110,776759
776662,51.56335,0.498236,1.301919071E9,776110,776759
776662,51.563362,0.49838,1.301919071E9,776110,776759
776662,51.563385,0.498528,1.301919071E9,776110,776759
776662,51.563427,0.498666,1.301919071E9,776110,776759
776662,51.563473,0.49881,1.301919071E9,776110,776759
776662,51.56352,0.498946,1.301919071E9,776110,776759
776662,51.563557,0.499092,1.301919071E9,776110,776759
776662,51.5636,0.499249,1.301919071E9,776110,776759
776662,51.56361,0.499406,1.301919071E9,776110,776759
776662,51.563557,0.499561,1.301919071E9,776110,776759
776662,51.563473,0.499646,1.301919071E9,776110,776759
776662,51.56337,0.499684,1.301919071E9,776110,776759
776662,51.56345,0.499757,1.301919071E9,776110,776759
776662,51.563564,0.499743,1.301919071E9,776110,776759
776662,51.563644,0.499852,1.301919071E9,776110,776759
776662,51.5637,0.500001,1.301919071E9,776110,776759
776662,51.563744,0.500162,1.301919071E9,776110,776759
776662,51.563797,0.500289,1.301919071E9,776110,776759
776662,51.563847,0.500411,1.301919071E9,776110,776759
776662,51.563908,0.500542,1.301919071E9,776110,776759
776662,51.563957,0.500684,1.301919071E9,776110,776759
776662,51.56402,0.500841,1.301919071E9,776110,776759
776662,51.564068,0.500992,1.301919071E9,776110,776759
776662,51.56411,0.501128,1.301919071E9,776110,776759
776662,51.564163,0.501277,1.301919071E9,776110,776759
776662,51.56422,0.501414,1.301919071E9,776110,776759
776662,51.564285,0.501553,1.301919071E9,776110