,776110,776759
776662,38.770668,-90.53603,1.301919071E9,776110,776759
776662,38.770668,-90.535904,1.301919071E9,776110,776759
776662,38.770683,-90.53579,1.301919071E9,776110,776759
776662,38.770687,-90.53567,1.301919071E9,776110,776759
776662,38.770676,-90.53554,1.301919071E9,776110,776759
776662,38.770664,-90.53541,1.301919071E9,776110,776759
776662,38.770588,-90.53531,1.301919071E9,776110,776759
776662,38.77052,-90.53521,1.301919071E9,776110,776759
776662,38.77045,-90.53511,1.301919071E9,776110,776759
776662,38.770386,-90.535,1.301919071E9,776110,776759
776662,38.770325,-90.534904,1.301919071E9,776110,776759
776662,38.770256,-90.53481,1.301919071E9,776110,776759
776662,38.770203,-90.53472,1.301919071E9,776110,776759
776662,38.770153,-90.534615,1.301919071E9,776110,776759
776662,38.770092,-90.53452,1.301919071E9,776110,776759
776662,38.77003,-90.53444,1.301919071E9,776110,776759
776662,38.76994,-90.53441,1.301919071E9,776110,776759
776662,38.769943,-90.53453,1.301919071E9,776110,776759
776662,38.769894,-90.5344,1.301919071E9,776110,776759
776662,38.769848,-90.53428,1.301919071E9,776110,776759
776662,38.769764,-90.53419,1.301919071E9,776110,776759
776662,38.769672,-90.534096,1.301919071E9,776110,776759
776662,38.769592,-90.534004,1.301919071E9,776110,776759
776662,38.769512,-90.53392,1.301919071E9,776110,776759
776662,38.769424,-90.533844,1.301919071E9,776110,776759
776662,38.769333,-90.53377,1.301919071E9,776110,776759
776662,38.769245,-90.53371,1.301919071E9,776110,776759
776662,38.769157,-90.53364,1.301919071E9,776110,776759
776662,38.769077,-90.53357,1.301919071E9,776110,776759
776662,38.769005,-90.53347,1.301919071E9,776110,776759
776662,38.768948,-90.53337,1.301919071E9,776110,776759
776662,38.768867,-90.53327,1.301919071E9,776110,776759
776662,38.76882,-90.533165,1.301919071E9,776110,776759
776662,38.768784,-90.53306,1.301919071E9,776110,776759
776662,38.76875,-90.53293,1.301919071E9,776110,776759
776662,38.768723,-90.5328,1.301919071E9,776110,776759
776662,38.76872,-90.53268,1.301919071E9,776110,776759
776662,38.768723,-90.53254,1.301919071E9,776110,776759
776662,38.76874,-90.53242,1.301919071E9,776110,776759
776662,38.768764,-90.5323,1.301919071E9,776110,776759
776662,38.768806,-90.53217,1.301919071E9,776110,776759
776662,38.768852,-90.53206,1.301919071E9,776110,776759
776662,38.7689,-90.531944,1.301919071E9,776110,776759
776662,38.76897,-90.531845,1.301919071E9,776110,776759
776662,38.769024,-90.53174,1.301919071E9,776110,776759
776662,38.76909,-90.531624,1.301919071E9,776110,776759
776662,38.769142,-90.531525,1.301919071E9,776110,776759
776662,38.769196,-90.531425,1.301919071E9,776110,776759
776662,38.769257,-90.53131,1.301919071E9,776110,776759
776662,38.769302,-90.53118,1.301919071E9,776110,776759
776662,38.76936,-90.53109,1.301919071E9,776110,776759
776662,38.76941,-90.530975,1.301919071E9,776110,776759
776662,38.76945,-90.53087,1.301919071E9,776110,776759
776662,38.7695,-90.53075,1.301919071E9,776110,776759
776662,38.769554,-90.53063,1.301919071E9,776110,776759
776662,38.769615,-90.53052,1.301919071E9,776110,776759
776662,38.76968,-90.53042,1.301919071E9,776110,776759
776662,38.769745,-90.530334,1.301919071E9,776110,776759
776662,38.769817,-90.53024,1.301919071E9,776110,776759
776662,38.769886,-90.53017,1.301919071E9,776110,776759
776662,38.769966,-90.53009,1.301919071E9,776110,776759
776662,38.77006,-90.53002,1.301919071E9,776110,776759
776662,38.770153,-90.52997,1.301919071E9,776110,776759
776662,38.770252,-90.529976,1.301919071E9,776110,776759
776662,38.770348,-90.52991,1.301919071E9,776110,776759
776662,38.77046,-90.52986,1.301919071E9,776110,776759
776662,38.77057,-90.529816,1.301919071E9,776110,776759
776662,38.77066,-90.52982,1.301919071E9,776110,776759
776662,38.77076,-90.52979,1.301919071E9,776110,776759
776662,38.770866,-90.52979,1.301919071E9,776110,776759
776662,38.770958,-90.52979,1.301919071E9,776110,776759
776662,38.771065,-90.529816,1.301919071E9,776110,776759
776662,38.77116,-90.529854,1.301919071E9,776110,776759
776662,38.771263,-90.52987,1.301919071E9,776110,776759
776662,38.771362,-90.52991,1.301919071E9,776110,776759
776662,38.77147,-90.52995,1.301919071E9,776110,776759
776662,38.771557,-90.52999,1.301919071E9,776110,776759
776662,38.771664,-90.53002,1.301919071E9,776110,776759
776662,38.77178,-90.53003,1.301919071E9,776110,776759
776662,38.771877,-90.53007,1.301919071E9,776110,776759
776662,38.77197,-90.530106,1.301919071E9,776110,776759
776662,38.77206,-90.53016,1.301919071E9,776110,776759
776662,38.772163,-90.53018,1.301919071E9,776110,776759
776662,38.772263,-90.530205,1.301919071E9,776110,776759
776662,38.77235,-90.530235,1.301919071E9,776110,776759
776662,38.77245,-90.530266,1.301919071E9,776110,776759
776662,38.772533,-90.53031,1.301919071E9,776110,776759
776662,38.772636,-90.53031,1.301919071E9,776110,776759
776662,38.772736,-90.53034,1.301919071E9,776110,776759
776662,38.772835,-90.53039,1.301919071E9,776110,776759
776662,38.77293,-90.53042,1.301919071E9,776110,776759
776662,38.773037,-90.530464,1.301919071E9,776110,776759
776662,38.773125,-90.530495,1.301919071E9,776110,776759
776662,38.773228,-90.53051,1.301919071E9,776110,776759
776662,38.77334,-90.53052,1.301919071E9,776110,776759
776662,38.773453,-90.53052,1.301919071E9,776110,776759
776662,38.773556,-90.53051,1.301919071E9,776110,776759
776662,38.773663,-90.53049,1.301919071E9,776110,776759
776662,38.773766,-90.53046,1.301919071E9,776110,776759
776662,38.773853,-90.5304,1.301919071E9,776110,776759
776662,38.77393,-90.53035,1.301919071E9,776110,776759
776662,38.774017,-90.530304,1.301919071E9,776110,776759
776662,38.774097,-90.53025,1.301919071E9,776110,776759
776662,38.774197,-90.53019,1.301919071E9,776110,776759
776662,38.774277,-90.53011,1.301919071E9,776110,776759
776662,38.77436,-90.53002,1.301919071E9,776110,776759
776662,38.774437,-90.52994,1.301919071E9,776110,776759
776662,38.774494,-90.52985,1.301919071E9,776110,776759
776662,38.77456,-90.529755,1.301919071E9,776110,776759
776662,38.77462,-90.52966,1.301919071E9,776110,776759
776662,38.774677,-90.52956,1.301919071E9,776110,776759
776662,38.77473,-90.52946,1.301919071E9,776110,776759
776662,38.774845,-90.52945,1.301919071E9,776110,776759
776662,38.774944,-90.52941,1.301919071E9,776110,776759
776662,38.775017,-90.5293,1.301919071E9,776110,776759
776662,38.775063,-90.52918,1.301919071E9,776110,776759
776662,38.77512,-90.52905,1.301919071E9,776110,776759
776662,38.77517,-90.52894,1.301919071E9,776110,776759
776662,38.775234,-90.52882,1.301919071E9,776110,776759
776662,38.77529,-90.5287,1.301919071E9,776110,776759
776662,38.77536,-90.52859,1.301919071E9,776110,776759
776662,38.77541,-90.52849,1.301919071E9,776110,776759
776662,38.775467,-90.52839,1.301919071E9,776110,776759
776662,38.775517,-90.52828,1.301919071E9,776110,776759
776662,38.77555,-90.52817,1.301919071E9,776110,776759
776662,38.77559,-90.52805,1.301919071E9,776110,776759
776662,38.775658,-90.52794,1.301919071E9,776110,776759
776662,38.775734,-90.52787,1.301919071E9,776110,776759
776662,38.775826,-90.527885,1.301919071E9,776110,776759
776662,38.77592,-90.52793,1.301919071E9,776110,776759
776662,38.776012,-90.527985,1.301919071E9,776110,776759
776662,38.776115,-90.52805,1.301919071E9,776110,776759
776662,38.776196,-90.52811,1.301919071E9,776110,776759
776662,38.776287,-90.52817,1.301919071E9,776110,776759
776662,38.776363,-90.52823,1.301919071E9,776110,776759
776662,38.776436,-90.52831,1.301919071E9,776110,776759
776662,38.77651,-90.52839,1.301919071E9,776110,776759
776662,38.77659,-90.52847,1.301919071E9,776110,776759
776662,38.776646,-90.528595,1.301919071E9,776110,776759
776662,38.77674,-90.52865,1.301919071E9,776110,776759
776662,38.776836,-90.528725,1.301919071E9,776110,776759
776662,38.776917,-90.52879,1.301919071E9,776110,776759
776662,38.77699,-90.528885,1.301919071E9,776110,776759
776662,38.77707,-90.52898,1.301919071E9,776110,776759
776662,38.777134,-90.52906,1.301919071E9,776110,776759
776662,38.77721,-90.52913,1.301919071