9,776110,776759
776662,51.55855,0.482739,1.301919071E9,776110,776759
776662,51.558556,0.482901,1.301919071E9,776110,776759
776662,51.558563,0.483064,1.301919071E9,776110,776759
776662,51.558598,0.483219,1.301919071E9,776110,776759
776662,51.558666,0.48336,1.301919071E9,776110,776759
776662,51.558712,0.483509,1.301919071E9,776110,776759
776662,51.55874,0.483673,1.301919071E9,776110,776759
776662,51.55875,0.483821,1.301919071E9,776110,776759
776662,51.558804,0.483964,1.301919071E9,776110,776759
776662,51.558853,0.484109,1.301919071E9,776110,776759
776662,51.558887,0.484257,1.301919071E9,776110,776759
776662,51.55897,0.484385,1.301919071E9,776110,776759
776662,51.559,0.48453,1.301919071E9,776110,776759
776662,51.55904,0.484692,1.301919071E9,776110,776759
776662,51.559086,0.484875,1.301919071E9,776110,776759
776662,51.55912,0.485035,1.301919071E9,776110,776759
776662,51.55915,0.485189,1.301919071E9,776110,776759
776662,51.559174,0.485332,1.301919071E9,776110,776759
776662,51.559216,0.485507,1.301919071E9,776110,776759
776662,51.559273,0.485663,1.301919071E9,776110,776759
776662,51.559345,0.485832,1.301919071E9,776110,776759
776662,51.559418,0.485966,1.301919071E9,776110,776759
776662,51.559456,0.486095,1.301919071E9,776110,776759
776662,51.5595,0.486224,1.301919071E9,776110,776759
776662,51.559563,0.486354,1.301919071E9,776110,776759
776662,51.559605,0.486499,1.301919071E9,776110,776759
776662,51.559666,0.486638,1.301919071E9,776110,776759
776662,51.55975,0.486758,1.301919071E9,776110,776759
776662,51.559837,0.486878,1.301919071E9,776110,776759
776662,51.55993,0.486967,1.301919071E9,776110,776759
776662,51.56003,0.487021,1.301919071E9,776110,776759
776662,51.560127,0.486879,1.301919071E9,776110,776759
776662,51.560207,0.486794,1.301919071E9,776110,776759
776662,51.560295,0.486755,1.301919071E9,776110,776759
776662,51.560406,0.486707,1.301919071E9,776110,776759
776662,51.560352,0.486912,1.301919071E9,776110,776759
776662,51.560265,0.487042,1.301919071E9,776110,776759
776662,51.56021,0.487167,1.301919071E9,776110,776759
776662,51.560226,0.487316,1.301919071E9,776110,776759
776662,51.56023,0.487471,1.301919071E9,776110,776759
776662,51.560276,0.487613,1.301919071E9,776110,776759
776662,51.56035,0.487808,1.301919071E9,776110,776759
776662,51.560394,0.487965,1.301919071E9,776110,776759
776662,51.56045,0.488134,1.301919071E9,776110,776759
776662,51.560513,0.488282,1.301919071E9,776110,776759
776662,51.560562,0.488408,1.301919071E9,776110,776759
776662,51.560616,0.488563,1.301919071E9,776110,776759
776662,51.560665,0.48873,1.301919071E9,776110,776759
776662,51.56072,0.488902,1.301919071E9,776110,776759
776662,51.56076,0.489072,1.301919071E9,776110,776759
776662,51.560802,0.489224,1.301919071E9,776110,776759
776662,51.560833,0.489401,1.301919071E9,776110,776759
776662,51.560867,0.489595,1.301919071E9,776110,776759
776662,51.5609,0.489767,1.301919071E9,776110,776759
776662,51.560944,0.489951,1.301919071E9,776110,776759
776662,51.560978,0.490091,1.301919071E9,776110,776759
776662,51.561012,0.490226,1.301919071E9,776110,776759
776662,51.561066,0.490413,1.301919071E9,776110,776759
776662,51.56113,0.490574,1.301919071E9,776110,776759
776662,51.56118,0.490719,1.301919071E9,776110,776759
776662,51.56124,0.490869,1.301919071E9,776110,776759
776662,51.561325,0.490952,1.301919071E9,776110,776759
776662,51.561386,0.491062,1.301919071E9,776110,776759
776662,51.56143,0.491224,1.301919071E9,776110,776759
776662,51.561478,0.491402,1.301919071E9,776110,776759
776662,51.561527,0.491579,1.301919071E9,776110,776759
776662,51.561584,0.491748,1.301919071E9,776110,776759
776662,51.56164,0.491913,1.301919071E9,776110,776759
776662,51.561676,0.492052,1.301919071E9,776110,776759
776662,51.561653,0.492208,1.301919071E9,776110,776759
776662,51.561676,0.492352,1.301919071E9,776110,776759
776662,51.56173,0.492503,1.301919071E9,776110,776759
776662,51.56178,0.492639,1.301919071E9,776110,776759
776662,51.56182,0.492772,1.301919071E9,776110,776759
776662,51.561825,0.492921,1.301919071E9,776110,776759
776662,51.561855,0.49309,1.301919071E9,776110,776759
776662,51.561893,0.493241,1.301919071E9,776110,776759
776662,51.561935,0.493378,1.301919071E9,776110,776759
776662,51.561977,0.49355,1.301919071E9,776110,776759
776662,51.562004,0.493733,1.301919071E9,776110,776759
776662,51.562027,0.493915,1.301919071E9,776110,776759
776662,51.562065,0.494084,1.301919071E9,776110,776759
776662,51.5621,0.494264,1.301919071E9,776110,776759
776662,51.562115,0.494422,1.301919071E9,776110,776759
776662,51.562138,0.494581,1.301919071E9,776110,776759
776662,51.562176,0.494735,1.301919071E9,776110,776759
776662,51.562225,0.494878,1.301919071E9,776110,776759
776662,51.562283,0.495001,1.301919071E9,776110,776759
776662,51.562336,0.495127,1.301919071E9,776110,776759
776662,51.5624,0.495254,1.301919071E9,776110,776759
776662,51.562447,0.49541,1.301919071E9,776110,776759
776662,51.56251,0.495567,1.301919071E9,776110,776759
776662,51.562584,0.495679,1.301919071E9,776110,776759
776662,51.56267,0.49579,1.301919071E9,776110,776759
776662,51.56273,0.495906,1.301919071E9,776110,776759
776662,51.562775,0.496064,1.301919071E9,776110,776759
776662,51.562824,0.496195,1.301919071E9,776110,776759
776662,51.562836,0.49637,1.301919071E9,776110,776759
776662,51.562874,0.496553,1.301919071E9,776110,776759
776662,51.56291,0.496693,1.301919071E9,776110,776759
776662,51.562946,0.496857,1.301919071E9,776110,776759
776662,51.562965,0.497,1.301919071E9,776110,776759
776662,51.563023,0.497123,1.301919071E9,776110,776759
776662,51.56307,0.497262,1.301919071E9,776110,776759
776662,51.563114,0.497396,1.301919071E9,776110,776759
776662,51.56317,0.497514,1.301919071E9,776110,776759
776662,51.5632,0.497656,1.301919071E9,776110,776759
776662,51.563206,0.497807,1.301919071E9,776110,776759
776662,51.56325,0.497948,1.301919071E9,776110,776759
776662,51.563286,0.498115,1.301919071E9,776110,776759
776662,51.56331,0.498262,1.301919071E9,776110,776759
776662,51.56331,0.498428,1.301919071E9,776110,776759
776662,51.56333,0.498621,1.301919071E9,776110,776759
776662,51.56335,0.498789,1.301919071E9,776110,776759
776662,51.56337,0.498959,1.301919071E9,776110,776759
776662,51.56339,0.499116,1.301919071E9,776110,776759
776662,51.56341,0.499289,1.301919071E9,776110,776759
776662,51.5634,0.499463,1.301919071E9,776110,776759
776662,51.56334,0.499569,1.301919071E9,776110,776759
776662,51.563244,0.499638,1.301919071E9,776110,776759
776662,51.56316,0.499692,1.301919071E9,776110,776759
776662,51.563057,0.499736,1.301919071E9,776110,776759
776662,51.562984,0.499821,1.301919071E9,776110,776759
776662,51.562935,0.499945,1.301919071E9,776110,776759
776662,51.562855,0.500009,1.301919071E9,776110,776759
776662,51.56289,0.500154,1.301919071E9,776110,776759
776662,51.562927,0.500317,1.301919071E9,776110,776759
776662,51.56302,0.500382,1.301919071E9,776110,776759
776662,51.563087,0.500256,1.301919071E9,776110,776759
776662,51.56306,0.500402,1.301919071E9,776110,776759
776662,51.56301,0.500525,1.301919071E9,776110,776759
776662,51.563004,0.500673,1.301919071E9,776110,776759
776662,51.563087,0.500762,1.301919071E9,776110,776759
776662,51.563168,0.500835,1.301919071E9,776110,776759
776662,51.563164,0.501005,1.301919071E9,776110,776759
776662,51.56315,0.501148,1.301919071E9,776110,776759
776662,51.563206,0.501054,1.301919071E9,776110,776759
776662,51.563683,0.501586,1.301919071E9,776110,776759
776662,51.56365,0.501654,1.301919071E9,776110,776759
776662,51.5636,0.501525,1.301919071E9,776110,776759
776662,51.56359,0.501367,1.301919071E9,776110,776759
776662,51.563526,0.50126,1.301919071E9,776110,776759
776662,51.56343,0.501227,1.301919071E9,776110,776759
776662,51.56333,0.501179,1.301919071E9,776110,776759
776662,51.56331,0.501027,1.301919071E9,776110,776759
776662,51.563244,0.500903,1.301919071E9,776110,776759
776662,51.563183,0.500781,1.301919071E9,776110,776759
776662,51.563168,0.500627,1.301919071E9,776110,776759
776662,51.563164,0.50044,1.301919071E9,776110,776759
776662,51.56317,0.