6110,776759
776662,50.7646,5.974359,1.301919071E9,776110,776759
776662,50.764713,5.974592,1.301919071E9,776110,776759
776662,50.764812,5.974773,1.301919071E9,776110,776759
776662,50.764935,5.975047,1.301919071E9,776110,776759
776662,50.765007,5.9751678,1.301919071E9,776110,776759
776662,50.765114,5.9753017,1.301919071E9,776110,776759
776662,50.76521,5.975414,1.301919071E9,776110,776759
776662,50.76529,5.975514,1.301919071E9,776110,776759
776662,50.76534,5.975616,1.301919071E9,776110,776759
776662,50.76539,5.975808,1.301919071E9,776110,776759
776662,50.765438,5.9759293,1.301919071E9,776110,776759
776662,50.765507,5.9761786,1.301919071E9,776110,776759
776662,50.76553,5.976315,1.301919071E9,776110,776759
776662,50.765575,5.9764876,1.301919071E9,776110,776759
776662,50.76561,5.9766507,1.301919071E9,776110,776759
776662,50.765583,5.9768186,1.301919071E9,776110,776759
776662,50.765553,5.9770327,1.301919071E9,776110,776759
776662,50.76557,5.9772296,1.301919071E9,776110,776759
776662,50.765583,5.9774547,1.301919071E9,776110,776759
776662,50.765602,5.9777093,1.301919071E9,776110,776759
776662,50.765617,5.977847,1.301919071E9,776110,776759
776662,50.76561,5.977989,1.301919071E9,776110,776759
776662,50.765648,5.9782147,1.301919071E9,776110,776759
776662,50.765656,5.978349,1.301919071E9,776110,776759
776662,50.765686,5.9785666,1.301919071E9,776110,776759
776662,50.765736,5.9787536,1.301919071E9,776110,776759
776662,50.76578,5.978895,1.301919071E9,776110,776759
776662,50.765835,5.979149,1.301919071E9,776110,776759
776662,50.76585,5.979332,1.301919071E9,776110,776759
776662,50.765896,5.979559,1.301919071E9,776110,776759
776662,50.76592,5.9797044,1.301919071E9,776110,776759
776662,50.765976,5.979878,1.301919071E9,776110,776759
776662,50.766026,5.980029,1.301919071E9,776110,776759
776662,50.766064,5.980167,1.301919071E9,776110,776759
776662,50.766113,5.9803057,1.301919071E9,776110,776759
776662,50.766182,5.9804125,1.301919071E9,776110,776759
776662,50.76625,5.9805856,1.301919071E9,776110,776759
776662,50.766323,5.9807634,1.301919071E9,776110,776759
776662,50.7664,5.9809675,1.301919071E9,776110,776759
776662,50.766453,5.9810805,1.301919071E9,776110,776759
776662,50.76649,5.9812202,1.301919071E9,776110,776759
776662,50.76656,5.981387,1.301919071E9,776110,776759
776662,50.766644,5.9815655,1.301919071E9,776110,776759
776662,50.766743,5.981944,1.301919071E9,776110,776759
776662,50.766808,5.9822035,1.301919071E9,776110,776759
776662,50.76684,5.9824157,1.301919071E9,776110,776759
776662,50.766945,5.982942,1.301919071E9,776110,776759
776662,50.76698,5.9832244,1.301919071E9,776110,776759
776662,50.767,5.983393,1.301919071E9,776110,776759
776662,50.76693,5.983515,1.301919071E9,776110,776759
776662,50.766857,5.9836326,1.301919071E9,776110,776759
776662,50.76667,5.983756,1.301919071E9,776110,776759
776662,50.766506,5.983739,1.301919071E9,776110,776759
776662,50.766323,5.9837184,1.301919071E9,776110,776759
776662,50.766235,5.9836907,1.301919071E9,776110,776759
776662,50.766083,5.9836793,1.301919071E9,776110,776759
776662,50.765915,5.9837584,1.301919071E9,776110,776759
776662,50.765816,5.9838114,1.301919071E9,776110,776759
776662,50.765694,5.983881,1.301919071E9,776110,776759
776662,50.76558,5.983934,1.301919071E9,776110,776759
776662,50.765488,5.9840045,1.301919071E9,776110,776759
776662,50.7653,5.984183,1.301919071E9,776110,776759
776662,50.765224,5.98423,1.301919071E9,776110,776759
776662,50.765144,5.984332,1.301919071E9,776110,776759
776662,50.76506,5.9844394,1.301919071E9,776110,776759
776662,50.764954,5.984533,1.301919071E9,776110,776759
776662,50.76483,5.984599,1.301919071E9,776110,776759
776662,50.764732,5.9846354,1.301919071E9,776110,776759
776662,50.764618,5.9846506,1.301919071E9,776110,776759
776662,50.764492,5.9846444,1.301919071E9,776110,776759
776662,50.764374,5.984637,1.301919071E9,776110,776759
776662,50.76422,5.984711,1.301919071E9,776110,776759
776662,50.76412,5.9848394,1.301919071E9,776110,776759
776662,50.764095,5.985161,1.301919071E9,776110,776759
776662,50.764305,5.985407,1.301919071E9,776110,776759
776662,50.764393,5.9855247,1.301919071E9,776110,776759
776662,50.764492,5.985588,1.301919071E9,776110,776759
776662,50.764683,5.9857335,1.301919071E9,776110,776759
776662,50.764793,5.985783,1.301919071E9,776110,776759
776662,50.764896,5.985804,1.301919071E9,776110,776759
776662,50.764988,5.985871,1.301919071E9,776110,776759
776662,50.76509,5.985922,1.301919071E9,776110,776759
776662,50.76519,5.9859815,1.301919071E9,776110,776759
776662,50.765285,5.986037,1.301919071E9,776110,776759
776662,50.765392,5.9860344,1.301919071E9,776110,776759
776662,50.7655,5.9860706,1.301919071E9,776110,776759
776662,50.765594,5.986102,1.301919071E9,776110,776759
776662,50.765713,5.986124,1.301919071E9,776110,776759
776662,50.76584,5.986124,1.301919071E9,776110,776759
776662,50.765934,5.986173,1.301919071E9,776110,776759
776662,50.766056,5.986228,1.301919071E9,776110,776759
776662,50.766163,5.986301,1.301919071E9,776110,776759
776662,50.76626,5.986435,1.301919071E9,776110,776759
776662,50.766342,5.986496,1.301919071E9,776110,776759
776662,50.76648,5.986572,1.301919071E9,776110,776759
776662,50.766567,5.9866643,1.301919071E9,776110,776759
776662,50.766663,5.9867597,1.301919071E9,776110,776759
776662,50.766758,5.9868336,1.301919071E9,776110,776759
776662,50.766872,5.9868836,1.301919071E9,776110,776759
776662,50.766968,5.9869514,1.301919071E9,776110,776759
776662,50.76705,5.987037,1.301919071E9,776110,776759
776662,50.76713,5.987123,1.301919071E9,776110,776759
776662,50.767212,5.9872646,1.301919071E9,776110,776759
776662,50.76729,5.98739,1.301919071E9,776110,776759
776662,50.76737,5.9875035,1.301919071E9,776110,776759
776662,50.76744,5.987618,1.301919071E9,776110,776759
776662,50.767494,5.9877715,1.301919071E9,776110,776759
776662,50.767586,5.9879684,1.301919071E9,776110,776759
776662,50.76763,5.988118,1.301919071E9,776110,776759
776662,50.767673,5.988253,1.301919071E9,776110,776759
776662,50.767715,5.9885006,1.301919071E9,776110,776759
776662,50.767773,5.988647,1.301919071E9,776110,776759
776662,50.767807,5.988972,1.301919071E9,776110,776759
776662,50.7678,5.989159,1.301919071E9,776110,776759
776662,50.767838,5.989414,1.301919071E9,776110,776759
776662,50.76783,5.9895825,1.301919071E9,776110,776759
776662,50.767822,5.9897614,1.301919071E9,776110,776759
776662,50.76781,5.9899673,1.301919071E9,776110,776759
776662,50.767803,5.990143,1.301919071E9,776110,776759
776662,50.767815,5.99034,1.301919071E9,776110,776759
776662,50.767822,5.990521,1.301919071E9,776110,776759
776662,50.767822,5.9906783,1.301919071E9,776110,776759
776662,50.76781,5.9908743,1.301919071E9,776110,776759
776662,50.76781,5.9910808,1.301919071E9,776110,776759
776662,50.76781,5.9912496,1.301919071E9,776110,776759
776662,50.76781,5.991569,1.301919071E9,776110,776759
776662,50.767807,5.991734,1.301919071E9,776110,776759
776662,50.7678,5.991932,1.301919071E9,776110,776759
776662,50.767784,5.992094,1.301919071E9,776110,776759
776662,50.767826,5.9922924,1.301919071E9,776110,776759
776662,50.767876,5.9924946,1.301919071E9,776110,776759
776662,50.76791,5.9926476,1.301919071E9,776110,776759
776662,50.76798,5.993019,1.301919071E9,776110,776759
776662,50.76802,5.993149,1.301919071E9,776110,776759
776662,50.76805,5.993304,1.301919071E9,776110,776759
776662,50.768085,5.9934654,1.301919071E9,776110,776759
776662,50.768127,5.993661,1.301919071E9,776110,776759
776662,50.76818,5.9938126,1.301919071E9,776110,776759
776662,50.768227,5.9939613,1.301919071E9,776110,776759
776662,50.768265,5.99412,1.301919071E9,776110,776759
776662,50.768314,5.994368,1.301919071E9,776110,776759
776662,50.768353,5.9945393,1.301919071E9,776110,776759
776662,50.76839,5.9948096,1.301919071E9,776110,776759
776662,50.76841,5.9949856,1.301919071E9,776110,776759
776662,50.76845,5.9951825,1.301919071E9,776110,776759
776662,50.768467,5.9953914,1.301919071E9,776110,776759
776662,50.76848,5.99555,1.301919071E9,776110,776759
776662,50.7685,5.9956775,1.301919071E9,776110,77