,776110,776759
776662,20.94596,-156.6916,1.301919071E9,776110,776759
776662,20.945883,-156.69167,1.301919071E9,776110,776759
776662,20.945799,-156.69173,1.301919071E9,776110,776759
776662,20.945698,-156.69176,1.301919071E9,776110,776759
776662,20.945593,-156.69176,1.301919071E9,776110,776759
776662,20.945492,-156.69174,1.301919071E9,776110,776759
776662,20.945389,-156.69176,1.301919071E9,776110,776759
776662,20.945293,-156.69177,1.301919071E9,776110,776759
776662,20.945204,-156.69182,1.301919071E9,776110,776759
776662,20.945114,-156.69186,1.301919071E9,776110,776759
776662,20.945023,-156.69188,1.301919071E9,776110,776759
776662,20.944931,-156.6919,1.301919071E9,776110,776759
776662,20.944815,-156.69186,1.301919071E9,776110,776759
776662,20.94472,-156.69186,1.301919071E9,776110,776759
776662,20.94462,-156.69185,1.301919071E9,776110,776759
776662,20.944515,-156.69186,1.301919071E9,776110,776759
776662,20.944195,-156.69185,1.301919071E9,776110,776759
776662,20.944103,-156.69183,1.301919071E9,776110,776759
776662,20.944006,-156.69183,1.301919071E9,776110,776759
776662,20.943913,-156.6918,1.301919071E9,776110,776759
776662,20.943808,-156.6918,1.301919071E9,776110,776759
776662,20.943712,-156.69183,1.301919071E9,776110,776759
776662,20.943617,-156.69183,1.301919071E9,776110,776759
776662,20.943525,-156.69183,1.301919071E9,776110,776759
776662,20.943424,-156.69182,1.301919071E9,776110,776759
776662,20.943321,-156.69185,1.301919071E9,776110,776759
776662,20.943233,-156.69186,1.301919071E9,776110,776759
776662,20.943134,-156.69186,1.301919071E9,776110,776759
776662,20.943026,-156.6919,1.301919071E9,776110,776759
776662,20.94293,-156.69191,1.301919071E9,776110,776759
776662,20.942831,-156.69196,1.301919071E9,776110,776759
776662,20.942741,-156.69199,1.301919071E9,776110,776759
776662,20.942635,-156.692,1.301919071E9,776110,776759
776662,20.94253,-156.692,1.301919071E9,776110,776759
776662,20.942423,-156.69199,1.301919071E9,776110,776759
776662,20.942322,-156.69199,1.301919071E9,776110,776759
776662,20.94222,-156.692,1.301919071E9,776110,776759
776662,20.942123,-156.69203,1.301919071E9,776110,776759
776662,20.942013,-156.69205,1.301919071E9,776110,776759
776662,20.941898,-156.69208,1.301919071E9,776110,776759
776662,20.941795,-156.69208,1.301919071E9,776110,776759
776662,20.941698,-156.69208,1.301919071E9,776110,776759
776662,20.941605,-156.69208,1.301919071E9,776110,776759
776662,20.941513,-156.69208,1.301919071E9,776110,776759
776662,20.94075,-156.69162,1.301919071E9,776110,776759
776662,20.940733,-156.69171,1.301919071E9,776110,776759
776662,20.940737,-156.69188,1.301919071E9,776110,776759
776662,20.94073,-156.69199,1.301919071E9,776110,776759
776662,20.940678,-156.69206,1.301919071E9,776110,776759
776662,20.940605,-156.69212,1.301919071E9,776110,776759
776662,20.940514,-156.69217,1.301919071E9,776110,776759
776662,20.940418,-156.6922,1.301919071E9,776110,776759
776662,20.94032,-156.69225,1.301919071E9,776110,776759
776662,20.940237,-156.69229,1.301919071E9,776110,776759
776662,20.940165,-156.69235,1.301919071E9,776110,776759
776662,20.940071,-156.69238,1.301919071E9,776110,776759
776662,20.939972,-156.69241,1.301919071E9,776110,776759
776662,20.939867,-156.69243,1.301919071E9,776110,776759
776662,20.939774,-156.69241,1.301919071E9,776110,776759
776662,20.93968,-156.69241,1.301919071E9,776110,776759
776662,20.939577,-156.6924,1.301919071E9,776110,776759
776662,20.939491,-156.69243,1.301919071E9,776110,776759
776662,20.9394,-156.69244,1.301919071E9,776110,776759
776662,20.9393,-156.69244,1.301919071E9,776110,776759
776662,20.939196,-156.69243,1.301919071E9,776110,776759
776662,20.939087,-156.6924,1.301919071E9,776110,776759
776662,20.938982,-156.69238,1.301919071E9,776110,776759
776662,20.93888,-156.69237,1.301919071E9,776110,776759
776662,20.93879,-156.69235,1.301919071E9,776110,776759
776662,20.938702,-156.69232,1.301919071E9,776110,776759
776662,20.938612,-156.6923,1.301919071E9,776110,776759
776662,20.938519,-156.69232,1.301919071E9,776110,776759
776662,20.938408,-156.69229,1.301919071E9,776110,776759
776662,20.938316,-156.69226,1.301919071E9,776110,776759
776662,20.938227,-156.69225,1.301919071E9,776110,776759
776662,20.938112,-156.69225,1.301919071E9,776110,776759
776662,20.938013,-156.69228,1.301919071E9,776110,776759
776662,20.937912,-156.6923,1.301919071E9,776110,776759
776662,20.937807,-156.69228,1.301919071E9,776110,776759
776662,20.937681,-156.69221,1.301919071E9,776110,776759
776662,20.93758,-156.69221,1.301919071E9,776110,776759
776662,20.937477,-156.69223,1.301919071E9,776110,776759
776662,20.93737,-156.69223,1.301919071E9,776110,776759
776662,20.937263,-156.6922,1.301919071E9,776110,776759
776662,20.937168,-156.69218,1.301919071E9,776110,776759
776662,20.937057,-156.6922,1.301919071E9,776110,776759
776662,20.936964,-156.6922,1.301919071E9,776110,776759
776662,20.936852,-156.6922,1.301919071E9,776110,776759
776662,20.936768,-156.69226,1.301919071E9,776110,776759
776662,20.936674,-156.6923,1.301919071E9,776110,776759
776662,20.936598,-156.69238,1.301919071E9,776110,776759
776662,20.936504,-156.69243,1.301919071E9,776110,776759
776662,20.9364,-156.69243,1.301919071E9,776110,776759
776662,20.936298,-156.69246,1.301919071E9,776110,776759
776662,20.936207,-156.69246,1.301919071E9,776110,776759
776662,20.936113,-156.69246,1.301919071E9,776110,776759
776662,20.936022,-156.69247,1.301919071E9,776110,776759
776662,20.93592,-156.69247,1.301919071E9,776110,776759
776662,20.93582,-156.69247,1.301919071E9,776110,776759
776662,20.935726,-156.69244,1.301919071E9,776110,776759
776662,20.935635,-156.69241,1.301919071E9,776110,776759
776662,20.935541,-156.69243,1.301919071E9,776110,776759
776662,20.935448,-156.69244,1.301919071E9,776110,776759
776662,20.935349,-156.69246,1.301919071E9,776110,776759
776662,20.935247,-156.69247,1.301919071E9,776110,776759
776662,20.93515,-156.69247,1.301919071E9,776110,776759
776662,20.935053,-156.69246,1.301919071E9,776110,776759
776662,20.93495,-156.69246,1.301919071E9,776110,776759
776662,20.934853,-156.69244,1.301919071E9,776110,776759
776662,20.934761,-156.69246,1.301919071E9,776110,776759
776662,20.934656,-156.69246,1.301919071E9,776110,776759
776662,20.934622,-156.69235,1.301919071E9,776110,776759
776662,20.934622,-156.69226,1.301919071E9,776110,776759
776662,20.93463,-156.69215,1.301919071E9,776110,776759
776662,20.934576,-156.69202,1.301919071E9,776110,776759
776662,20.934483,-156.692,1.301919071E9,776110,776759
776662,20.93438,-156.692,1.301919071E9,776110,776759
776662,20.934282,-156.69199,1.301919071E9,776110,776759
776662,20.93418,-156.69199,1.301919071E9,776110,776759
776662,20.934086,-156.692,1.301919071E9,776110,776759
776662,20.933983,-156.69203,1.301919071E9,776110,776759
776662,20.93391,-156.69211,1.301919071E9,776110,776759
776662,20.933846,-156.6922,1.301919071E9,776110,776759
776662,20.93377,-156.69228,1.301919071E9,776110,776759
776662,20.933647,-156.69232,1.301919071E9,776110,776759
776662,20.933546,-156.69229,1.301919071E9,776110,776759
776662,20.933449,-156.69225,1.301919071E9,776110,776759
776662,20.933353,-156.69221,1.301919071E9,776110,776759
776662,20.933266,-156.6922,1.301919071E9,776110,776759
776662,20.933159,-156.69217,1.301919071E9,776110,776759
776662,20.933054,-156.69214,1.301919071E9,776110,776759
776662,20.93294,-156.69214,1.301919071E9,776110,776759
776662,20.932821,-156.69212,1.301919071E9,776110,776759
776662,20.93271,-156.6921,1.301919071E9,776110,776759
776662,20.9326,-156.69206,1.301919071E9,776110,776759
776662,20.932505,-156.69205,1.301919071E9,776110,776759
776662,20.932394,-156.69202,1.301919071E9,776110,776759
776662,20.932304,-156.69199,1.301919071E9,776110,776759
776662,20.932213,-156.69196,1.301919071E9,776110,776759
776662,20.932117,-156.69191,1.301919071E9,776110,776759
776662,20.932013,-156.69186,1.301919071E9,776110,776759
776662,20.93192,-156.69183,1.301919071E9,776110,776759
776662,20.931837,-156.69179,1.301919071E9,776110,776759
776662,20.931763,-156.69186,1.301919071E9