19071E9,776110,776759
776662,37.804867,-122.45986,1.301919071E9,776110,776759
776662,37.804893,-122.45975,1.301919071E9,776110,776759
776662,37.80491,-122.459625,1.301919071E9,776110,776759
776662,37.80492,-122.459496,1.301919071E9,776110,776759
776662,37.80493,-122.45938,1.301919071E9,776110,776759
776662,37.804935,-122.45927,1.301919071E9,776110,776759
776662,37.804955,-122.459145,1.301919071E9,776110,776759
776662,37.804974,-122.45903,1.301919071E9,776110,776759
776662,37.804977,-122.458916,1.301919071E9,776110,776759
776662,37.804977,-122.45881,1.301919071E9,776110,776759
776662,37.80499,-122.45868,1.301919071E9,776110,776759
776662,37.805,-122.45855,1.301919071E9,776110,776759
776662,37.805023,-122.45844,1.301919071E9,776110,776759
776662,37.805042,-122.458336,1.301919071E9,776110,776759
776662,37.805065,-122.45822,1.301919071E9,776110,776759
776662,37.80509,-122.458115,1.301919071E9,776110,776759
776662,37.805107,-122.45801,1.301919071E9,776110,776759
776662,37.805103,-122.457886,1.301919071E9,776110,776759
776662,37.805103,-122.45776,1.301919071E9,776110,776759
776662,37.80512,-122.457634,1.301919071E9,776110,776759
776662,37.80514,-122.457535,1.301919071E9,776110,776759
776662,37.80515,-122.45741,1.301919071E9,776110,776759
776662,37.805145,-122.45729,1.301919071E9,776110,776759
776662,37.805157,-122.457184,1.301919071E9,776110,776759
776662,37.805172,-122.45708,1.301919071E9,776110,776759
776662,37.805202,-122.45696,1.301919071E9,776110,776759
776662,37.80522,-122.456856,1.301919071E9,776110,776759
776662,37.80525,-122.45676,1.301919071E9,776110,776759
776662,37.80528,-122.45665,1.301919071E9,776110,776759
776662,37.805305,-122.45654,1.301919071E9,776110,776759
776662,37.805317,-122.456436,1.301919071E9,776110,776759
776662,37.805325,-122.45632,1.301919071E9,776110,776759
776662,37.80534,-122.45621,1.301919071E9,776110,776759
776662,37.805347,-122.4561,1.301919071E9,776110,776759
776662,37.805347,-122.45599,1.301919071E9,776110,776759
776662,37.805355,-122.45589,1.301919071E9,776110,776759
776662,37.80537,-122.45577,1.301919071E9,776110,776759
776662,37.805393,-122.455666,1.301919071E9,776110,776759
776662,37.805424,-122.45555,1.301919071E9,776110,776759
776662,37.80544,-122.45544,1.301919071E9,776110,776759
776662,37.805443,-122.45533,1.301919071E9,776110,776759
776662,37.80546,-122.455215,1.301919071E9,776110,776759
776662,37.805485,-122.4551,1.301919071E9,776110,776759
776662,37.8055,-122.45499,1.301919071E9,776110,776759
776662,37.80549,-122.45487,1.301919071E9,776110,776759
776662,37.805477,-122.45476,1.301919071E9,776110,776759
776662,37.80547,-122.45465,1.301919071E9,776110,776759
776662,37.805492,-122.45454,1.301919071E9,776110,776759
776662,37.80551,-122.45443,1.301919071E9,776110,776759
776662,37.805527,-122.45431,1.301919071E9,776110,776759
776662,37.80555,-122.454185,1.301919071E9,776110,776759
776662,37.805565,-122.45407,1.301919071E9,776110,776759
776662,37.8056,-122.45395,1.301919071E9,776110,776759
776662,37.80562,-122.45385,1.301919071E9,776110,776759
776662,37.805637,-122.45374,1.301919071E9,776110,776759
776662,37.80566,-122.453636,1.301919071E9,776110,776759
776662,37.80567,-122.45352,1.301919071E9,776110,776759
776662,37.805702,-122.453415,1.301919071E9,776110,776759
776662,37.80575,-122.453316,1.301919071E9,776110,776759
776662,37.805794,-122.453224,1.301919071E9,776110,776759
776662,37.805836,-122.45311,1.301919071E9,776110,776759
776662,37.80587,-122.45301,1.301919071E9,776110,776759
776662,37.805904,-122.45291,1.301919071E9,776110,776759
776662,37.805935,-122.45281,1.301919071E9,776110,776759
776662,37.80595,-122.452705,1.301919071E9,776110,776759
776662,37.805965,-122.4526,1.301919071E9,776110,776759
776662,37.805977,-122.45249,1.301919071E9,776110,776759
776662,37.805992,-122.452385,1.301919071E9,776110,776759
776662,37.80601,-122.45228,1.301919071E9,776110,776759
776662,37.80603,-122.45217,1.301919071E9,776110,776759
776662,37.806053,-122.45204,1.301919071E9,776110,776759
776662,37.80606,-122.451904,1.301919071E9,776110,776759
776662,37.806076,-122.4518,1.301919071E9,776110,776759
776662,37.80609,-122.45169,1.301919071E9,776110,776759
776662,37.806103,-122.45159,1.301919071E9,776110,776759
776662,37.806107,-122.451485,1.301919071E9,776110,776759
776662,37.80611,-122.451355,1.301919071E9,776110,776759
776662,37.806126,-122.45124,1.301919071E9,776110,776759
776662,37.80614,-122.45114,1.301919071E9,776110,776759
776662,37.806152,-122.451035,1.301919071E9,776110,776759
776662,37.806175,-122.45091,1.301919071E9,776110,776759
776662,37.80618,-122.450775,1.301919071E9,776110,776759
776662,37.806187,-122.45067,1.301919071E9,776110,776759
776662,37.806187,-122.45056,1.301919071E9,776110,776759
776662,37.80612,-122.45046,1.301919071E9,776110,776759
776662,37.80602,-122.45039,1.301919071E9,776110,776759
776662,37.805935,-122.45031,1.301919071E9,776110,776759
776662,37.805878,-122.45022,1.301919071E9,776110,776759
776662,37.80583,-122.45013,1.301919071E9,776110,776759
776662,37.805782,-122.45003,1.301919071E9,776110,776759
776662,37.805737,-122.449905,1.301919071E9,776110,776759
776662,37.805702,-122.44978,1.301919071E9,776110,776759
776662,37.805664,-122.44966,1.301919071E9,776110,776759
776662,37.805614,-122.44957,1.301919071E9,776110,776759
776662,37.805565,-122.44948,1.301919071E9,776110,776759
776662,37.80551,-122.44939,1.301919071E9,776110,776759
776662,37.805454,-122.44927,1.301919071E9,776110,776759
776662,37.805386,-122.44918,1.301919071E9,776110,776759
776662,37.80533,-122.4491,1.301919071E9,776110,776759
776662,37.805256,-122.449,1.301919071E9,776110,776759
776662,37.805195,-122.44891,1.301919071E9,776110,776759
776662,37.80514,-122.44883,1.301919071E9,776110,776759
776662,37.805107,-122.44872,1.301919071E9,776110,776759
776662,37.805126,-122.44862,1.301919071E9,776110,776759
776662,37.80515,-122.44851,1.301919071E9,776110,776759
776662,37.805176,-122.448395,1.301919071E9,776110,776759
776662,37.805183,-122.44827,1.301919071E9,776110,776759
776662,37.805183,-122.44815,1.301919071E9,776110,776759
776662,37.80521,-122.44805,1.301919071E9,776110,776759
776662,37.805237,-122.44795,1.301919071E9,776110,776759
776662,37.805252,-122.447845,1.301919071E9,776110,776759
776662,37.805256,-122.447716,1.301919071E9,776110,776759
776662,37.805275,-122.4476,1.301919071E9,776110,776759
776662,37.80529,-122.44748,1.301919071E9,776110,776759
776662,37.80531,-122.44736,1.301919071E9,776110,776759
776662,37.80532,-122.447235,1.301919071E9,776110,776759
776662,37.805332,-122.44712,1.301919071E9,776110,776759
776662,37.80535,-122.44699,1.301919071E9,776110,776759
776662,37.80537,-122.446884,1.301919071E9,776110,776759
776662,37.80537,-122.44678,1.301919071E9,776110,776759
776662,37.80539,-122.44667,1.301919071E9,776110,776759
776662,37.80541,-122.44654,1.301919071E9,776110,776759
776662,37.805424,-122.44641,1.301919071E9,776110,776759
776662,37.805412,-122.44628,1.301919071E9,776110,776759
776662,37.805412,-122.446175,1.301919071E9,776110,776759
776662,37.805428,-122.44607,1.301919071E9,776110,776759
776662,37.805458,-122.44596,1.301919071E9,776110,776759
776662,37.805485,-122.445854,1.301919071E9,776110,776759
776662,37.8055,-122.445755,1.301919071E9,776110,776759
776662,37.805504,-122.44562,1.301919071E9,776110,776759
776662,37.80552,-122.44551,1.301919071E9,776110,776759
776662,37.805527,-122.445404,1.301919071E9,776110,776759
776662,37.80552,-122.44528,1.301919071E9,776110,776759
776662,37.80552,-122.44516,1.301919071E9,776110,776759
776662,37.80553,-122.445045,1.301919071E9,776110,776759
776662,37.805557,-122.44494,1.301919071E9,776110,776759
776662,37.80556,-122.44482,1.301919071E9,776110,776759
776662,37.805573,-122.444695,1.301919071E9,776110,776759
776662,37.805588,-122.44459,1.301919071E9,776110,776759
776662,37.80561,-122.44446,1.301919071E9,776110,776759
776662,37.805637,-122.44434,1.301919071E9,776110,776759
776662,37.805676,-122.44423,1.301919071E9,776110,776759
776662,37.805702,-122.44411,1.301919071E9,776110,776759
776