76759
776662,39.898502,-105.04835,1.301919071E9,776110,776759
776662,39.898457,-105.04822,1.301919071E9,776110,776759
776662,39.898457,-105.04808,1.301919071E9,776110,776759
776662,39.89849,-105.04796,1.301919071E9,776110,776759
776662,39.898556,-105.04787,1.301919071E9,776110,776759
776662,39.898785,-105.04771,1.301919071E9,776110,776759
776662,39.898884,-105.047714,1.301919071E9,776110,776759
776662,39.89899,-105.04773,1.301919071E9,776110,776759
776662,39.89908,-105.04771,1.301919071E9,776110,776759
776662,39.89915,-105.04764,1.301919071E9,776110,776759
776662,39.8992,-105.04752,1.301919071E9,776110,776759
776662,39.89928,-105.04741,1.301919071E9,776110,776759
776662,39.89937,-105.047325,1.301919071E9,776110,776759
776662,39.89948,-105.04732,1.301919071E9,776110,776759
776662,39.89959,-105.047295,1.301919071E9,776110,776759
776662,39.899685,-105.04726,1.301919071E9,776110,776759
776662,39.900116,-105.04714,1.301919071E9,776110,776759
776662,39.90058,-105.04683,1.301919071E9,776110,776759
776662,39.900505,-105.04691,1.301919071E9,776110,776759
776662,39.90076,-105.04669,1.301919071E9,776110,776759
776662,39.90089,-105.04659,1.301919071E9,776110,776759
776662,39.90097,-105.046524,1.301919071E9,776110,776759
776662,39.901016,-105.04639,1.301919071E9,776110,776759
776662,39.901234,-105.045876,1.301919071E9,776110,776759
776662,39.90135,-105.04631,1.301919071E9,776110,776759
776662,39.90145,-105.04627,1.301919071E9,776110,776759
776662,39.901592,-105.04624,1.301919071E9,776110,776759
776662,39.901672,-105.04631,1.301919071E9,776110,776759
776662,39.90178,-105.04637,1.301919071E9,776110,776759
776662,39.902035,-105.046234,1.301919071E9,776110,776759
776662,39.90212,-105.04614,1.301919071E9,776110,776759
776662,39.902195,-105.04602,1.301919071E9,776110,776759
776662,39.902252,-105.04592,1.301919071E9,776110,776759
776662,39.902348,-105.04583,1.301919071E9,776110,776759
776662,39.90243,-105.04575,1.301919071E9,776110,776759
776662,39.90252,-105.04571,1.301919071E9,776110,776759
776662,39.90277,-105.04558,1.301919071E9,776110,776759
776662,39.902916,-105.0453,1.301919071E9,776110,776759
776662,39.903015,-105.04528,1.301919071E9,776110,776759
776662,39.90312,-105.045265,1.301919071E9,776110,776759
776662,39.903202,-105.04521,1.301919071E9,776110,776759
776662,39.903294,-105.04516,1.301919071E9,776110,776759
776662,39.903374,-105.04505,1.301919071E9,776110,776759
776662,39.903564,-105.044785,1.301919071E9,776110,776759
776662,39.903736,-105.04463,1.301919071E9,776110,776759
776662,39.903816,-105.04456,1.301919071E9,776110,776759
776662,39.90391,-105.04449,1.301919071E9,776110,776759
776662,39.903996,-105.04441,1.301919071E9,776110,776759
776662,39.904076,-105.04432,1.301919071E9,776110,776759
776662,39.904137,-105.04422,1.301919071E9,776110,776759
776662,39.90437,-105.044014,1.301919071E9,776110,776759
776662,39.90444,-105.04394,1.301919071E9,776110,776759
776662,39.904533,-105.04387,1.301919071E9,776110,776759
776662,39.904625,-105.043816,1.301919071E9,776110,776759
776662,39.9047,-105.04372,1.301919071E9,776110,776759
776662,39.904846,-105.04356,1.301919071E9,776110,776759
776662,39.90492,-105.04347,1.301919071E9,776110,776759
776662,39.904984,-105.043396,1.301919071E9,776110,776759
776662,39.90504,-105.043304,1.301919071E9,776110,776759
776662,39.905106,-105.043205,1.301919071E9,776110,776759
776662,39.90531,-105.04301,1.301919071E9,776110,776759
776662,39.90534,-105.04288,1.301919071E9,776110,776759
776662,39.905376,-105.04276,1.301919071E9,776110,776759
776662,39.905422,-105.04265,1.301919071E9,776110,776759
776662,39.905518,-105.04236,1.301919071E9,776110,776759
776662,39.90557,-105.04224,1.301919071E9,776110,776759
776662,39.9056,-105.04211,1.301919071E9,776110,776759
776662,39.905647,-105.04175,1.301919071E9,776110,776759
776662,39.905685,-105.04163,1.301919071E9,776110,776759
776662,39.905834,-105.04136,1.301919071E9,776110,776759
776662,39.905907,-105.041245,1.301919071E9,776110,776759
776662,39.90597,-105.04116,1.301919071E9,776110,776759
776662,39.90604,-105.041046,1.301919071E9,776110,776759
776662,39.906113,-105.04094,1.301919071E9,776110,776759
776662,39.906193,-105.04082,1.301919071E9,776110,776759
776662,39.906246,-105.04072,1.301919071E9,776110,776759
776662,39.906296,-105.04059,1.301919071E9,776110,776759
776662,39.90629,-105.04012,1.301919071E9,776110,776759
776662,39.90626,-105.039925,1.301919071E9,776110,776759
776662,39.90629,-105.0398,1.301919071E9,776110,776759
776662,39.906303,-105.03966,1.301919071E9,776110,776759
776662,39.906307,-105.03951,1.301919071E9,776110,776759
776662,39.90634,-105.0394,1.301919071E9,776110,776759
776662,39.906387,-105.03929,1.301919071E9,776110,776759
776662,39.90646,-105.03921,1.301919071E9,776110,776759
776662,39.906525,-105.03911,1.301919071E9,776110,776759
776662,39.906586,-105.039,1.301919071E9,776110,776759
776662,39.90661,-105.03889,1.301919071E9,776110,776759
776662,39.9066,-105.038605,1.301919071E9,776110,776759
776662,39.906586,-105.038475,1.301919071E9,776110,776759
776662,39.906548,-105.038345,1.301919071E9,776110,776759
776662,39.9065,-105.03789,1.301919071E9,776110,776759
776662,39.906487,-105.03767,1.301919071E9,776110,776759
776662,39.90654,-105.03733,1.301919071E9,776110,776759
776662,39.90661,-105.03725,1.301919071E9,776110,776759
776662,39.90667,-105.03715,1.301919071E9,776110,776759
776662,39.906746,-105.03703,1.301919071E9,776110,776759
776662,39.90683,-105.03691,1.301919071E9,776110,776759
776662,39.906914,-105.0368,1.301919071E9,776110,776759
776662,39.906956,-105.03669,1.301919071E9,776110,776759
776662,39.90687,-105.03662,1.301919071E9,776110,776759
776662,39.90677,-105.03656,1.301919071E9,776110,776759
776662,39.90649,-105.03644,1.301919071E9,776110,776759
776662,39.90635,-105.03638,1.301919071E9,776110,776759
776662,39.90624,-105.03605,1.301919071E9,776110,776759
776662,39.906147,-105.03569,1.301919071E9,776110,776759
776662,39.906136,-105.03552,1.301919071E9,776110,776759
776662,39.905872,-105.03538,1.301919071E9,776110,776759
776662,39.905624,-105.03507,1.301919071E9,776110,776759
776662,39.905434,-105.034744,1.301919071E9,776110,776759
776662,39.905296,-105.03439,1.301919071E9,776110,776759
776662,39.905296,-105.03408,1.301919071E9,776110,776759
776662,39.905277,-105.03396,1.301919071E9,776110,776759
776662,39.90525,-105.0338,1.301919071E9,776110,776759
776662,39.905243,-105.03349,1.301919071E9,776110,776759
776662,39.90529,-105.03339,1.301919071E9,776110,776759
776662,39.90538,-105.03334,1.301919071E9,776110,776759
776662,39.905453,-105.03324,1.301919071E9,776110,776759
776662,39.905533,-105.0331,1.301919071E9,776110,776759
776662,39.905598,-105.03301,1.301919071E9,776110,776759
776662,39.905663,-105.032906,1.301919071E9,776110,776759
776662,39.905746,-105.032845,1.301919071E9,776110,776759
776662,39.905807,-105.03275,1.301919071E9,776110,776759
776662,39.90588,-105.032646,1.301919071E9,776110,776759
776662,39.905945,-105.03255,1.301919071E9,776110,776759
776662,39.906006,-105.03246,1.301919071E9,776110,776759
776662,39.906063,-105.03236,1.301919071E9,776110,776759
776662,39.90616,-105.032326,1.301919071E9,776110,776759
776662,39.906357,-105.03219,1.301919071E9,776110,776759
776662,39.90645,-105.032196,1.301919071E9,776110,776759
776662,39.906544,-105.03217,1.301919071E9,776110,776759
776662,39.906635,-105.03209,1.301919071E9,776110,776759
776662,39.906715,-105.03202,1.301919071E9,776110,776759
776662,39.90681,-105.03195,1.301919071E9,776110,776759
776662,39.906902,-105.0319,1.301919071E9,776110,776759
776662,39.90701,-105.03183,1.301919071E9,776110,776759
776662,39.907104,-105.031746,1.301919071E9,776110,776759
776662,39.90719,-105.03165,1.301919071E9,776110,776759
776662,39.907265,-105.03157,1.301919071E9,776110,776759
776662,39.90731,-105.03145,1.301919071E9,776110,776759
776662,39.907322,-105.03131,1.301919071E9,776110,776759
776662,39.907352,-105.03104,1.301919071E9,776110,776759
776662,39.907436,-105.030975,1.301919071E9,776110,776759
776662,39.907494,-105.030846,1.30