71E9,776110,776759
776662,38.77071,-90.53554,1.301919071E9,776110,776759
776662,38.770718,-90.53565,1.301919071E9,776110,776759
776662,38.77072,-90.535774,1.301919071E9,776110,776759
776662,38.770714,-90.5359,1.301919071E9,776110,776759
776662,38.770714,-90.53602,1.301919071E9,776110,776759
776662,38.77071,-90.53614,1.301919071E9,776110,776759
776662,38.770687,-90.53626,1.301919071E9,776110,776759
776662,38.770657,-90.53638,1.301919071E9,776110,776759
776662,38.770626,-90.53649,1.301919071E9,776110,776759
776662,38.770584,-90.5366,1.301919071E9,776110,776759
776662,38.770542,-90.53673,1.301919071E9,776110,776759
776662,38.770485,-90.53685,1.301919071E9,776110,776759
776662,38.770416,-90.53696,1.301919071E9,776110,776759
776662,38.770355,-90.53707,1.301919071E9,776110,776759
776662,38.77029,-90.537186,1.301919071E9,776110,776759
776662,38.770237,-90.53728,1.301919071E9,776110,776759
776662,38.77019,-90.53739,1.301919071E9,776110,776759
776662,38.77015,-90.5375,1.301919071E9,776110,776759
776662,38.770107,-90.537605,1.301919071E9,776110,776759
776662,38.77005,-90.537735,1.301919071E9,776110,776759
776662,38.77002,-90.53784,1.301919071E9,776110,776759
776662,38.769978,-90.53795,1.301919071E9,776110,776759
776662,38.76994,-90.53806,1.301919071E9,776110,776759
776662,38.769894,-90.53817,1.301919071E9,776110,776759
776662,38.769848,-90.53827,1.301919071E9,776110,776759
776662,38.76981,-90.538376,1.301919071E9,776110,776759
776662,38.76976,-90.53848,1.301919071E9,776110,776759
776662,38.7697,-90.53858,1.301919071E9,776110,776759
776662,38.769646,-90.53868,1.301919071E9,776110,776759
776662,38.769585,-90.53877,1.301919071E9,776110,776759
776662,38.769535,-90.53888,1.301919071E9,776110,776759
776662,38.76949,-90.53899,1.301919071E9,776110,776759
776662,38.76944,-90.539085,1.301919071E9,776110,776759
776662,38.769382,-90.53919,1.301919071E9,776110,776759
776662,38.769302,-90.53927,1.301919071E9,776110,776759
776662,38.769215,-90.53934,1.301919071E9,776110,776759
776662,38.76913,-90.539406,1.301919071E9,776110,776759
776662,38.76904,-90.53946,1.301919071E9,776110,776759
776662,38.768948,-90.539505,1.301919071E9,776110,776759
776662,38.76885,-90.53955,1.301919071E9,776110,776759
776662,38.768757,-90.5396,1.301919071E9,776110,776759
776662,38.76866,-90.539635,1.301919071E9,776110,776759
776662,38.768562,-90.53968,1.301919071E9,776110,776759
776662,38.768463,-90.53971,1.301919071E9,776110,776759
776662,38.76837,-90.53976,1.301919071E9,776110,776759
776662,38.76828,-90.5398,1.301919071E9,776110,776759
776662,38.76818,-90.53985,1.301919071E9,776110,776759
776662,38.768105,-90.53993,1.301919071E9,776110,776759
776662,38.76803,-90.540016,1.301919071E9,776110,776759
776662,38.767956,-90.54011,1.301919071E9,776110,776759
776662,38.767883,-90.540215,1.301919071E9,776110,776759
776662,38.76782,-90.54032,1.301919071E9,776110,776759
776662,38.767765,-90.54044,1.301919071E9,776110,776759
776662,38.76768,-90.54052,1.301919071E9,776110,776759
776662,38.767605,-90.540596,1.301919071E9,776110,776759
776662,38.76752,-90.54066,1.301919071E9,776110,776759
776662,38.767445,-90.540726,1.301919071E9,776110,776759
776662,38.76736,-90.54077,1.301919071E9,776110,776759
776662,38.76727,-90.540794,1.301919071E9,776110,776759
776662,38.767178,-90.54082,1.301919071E9,776110,776759
776662,38.767063,-90.540825,1.301919071E9,776110,776759
776662,38.76697,-90.54085,1.301919071E9,776110,776759
776662,38.76689,-90.5409,1.301919071E9,776110,776759
776662,38.76681,-90.54096,1.301919071E9,776110,776759
776662,38.766724,-90.541,1.301919071E9,776110,776759
776662,38.766636,-90.54107,1.301919071E9,776110,776759
776662,38.766552,-90.54115,1.301919071E9,776110,776759
776662,38.766502,-90.54127,1.301919071E9,776110,776759
776662,38.76645,-90.54139,1.301919071E9,776110,776759
776662,38.76639,-90.541504,1.301919071E9,776110,776759
776662,38.76633,-90.541626,1.301919071E9,776110,776759
776662,38.766273,-90.54174,1.301919071E9,776110,776759
776662,38.76621,-90.54184,1.301919071E9,776110,776759
776662,38.766148,-90.54193,1.301919071E9,776110,776759
776662,38.766094,-90.54204,1.301919071E9,776110,776759
776662,38.766033,-90.54214,1.301919071E9,776110,776759
776662,38.76597,-90.54222,1.301919071E9,776110,776759
776662,38.76591,-90.542336,1.301919071E9,776110,776759
776662,38.76583,-90.54226,1.301919071E9,776110,776759
776662,38.765873,-90.54213,1.301919071E9,776110,776759
776662,38.765953,-90.54203,1.301919071E9,776110,776759
776662,38.76602,-90.54194,1.301919071E9,776110,776759
776662,38.76608,-90.54184,1.301919071E9,776110,776759
776662,38.766136,-90.54174,1.301919071E9,776110,776759
776662,38.76619,-90.54164,1.301919071E9,776110,776759
776662,38.76625,-90.54154,1.301919071E9,776110,776759
776662,38.76633,-90.54145,1.301919071E9,776110,776759
776662,38.766403,-90.54134,1.301919071E9,776110,776759
776662,38.766483,-90.54125,1.301919071E9,776110,776759
776662,38.76654,-90.54115,1.301919071E9,776110,776759
776662,38.766594,-90.54105,1.301919071E9,776110,776759
776662,38.766666,-90.540955,1.301919071E9,776110,776759
776662,38.76677,-90.54091,1.301919071E9,776110,776759
776662,38.76688,-90.540855,1.301919071E9,776110,776759
776662,38.766987,-90.54081,1.301919071E9,776110,776759
776662,38.76709,-90.54079,1.301919071E9,776110,776759
776662,38.767193,-90.540764,1.301919071E9,776110,776759
776662,38.767292,-90.54075,1.301919071E9,776110,776759
776662,38.7674,-90.54073,1.301919071E9,776110,776759
776662,38.767498,-90.54067,1.301919071E9,776110,776759
776662,38.76759,-90.540596,1.301919071E9,776110,776759
776662,38.767662,-90.54049,1.301919071E9,776110,776759
776662,38.76774,-90.54039,1.301919071E9,776110,776759
776662,38.76783,-90.540306,1.301919071E9,776110,776759
776662,38.76789,-90.5402,1.301919071E9,776110,776759
776662,38.767944,-90.540085,1.301919071E9,776110,776759
776662,38.768013,-90.53999,1.301919071E9,776110,776759
776662,38.7681,-90.53992,1.301919071E9,776110,776759
776662,38.7682,-90.53985,1.301919071E9,776110,776759
776662,38.76829,-90.5398,1.301919071E9,776110,776759
776662,38.76838,-90.53976,1.301919071E9,776110,776759
776662,38.768486,-90.5397,1.301919071E9,776110,776759
776662,38.768578,-90.53969,1.301919071E9,776110,776759
776662,38.768673,-90.53968,1.301919071E9,776110,776759
776662,38.76876,-90.53962,1.301919071E9,776110,776759
776662,38.768833,-90.53955,1.301919071E9,776110,776759
776662,38.76892,-90.539505,1.301919071E9,776110,776759
776662,38.76901,-90.53946,1.301919071E9,776110,776759
776662,38.769093,-90.5394,1.301919071E9,776110,776759
776662,38.76918,-90.53933,1.301919071E9,776110,776759
776662,38.769257,-90.53923,1.301919071E9,776110,776759
776662,38.76934,-90.53915,1.301919071E9,776110,776759
776662,38.769394,-90.539024,1.301919071E9,776110,776759
776662,38.769466,-90.5389,1.301919071E9,776110,776759
776662,38.76954,-90.53879,1.301919071E9,776110,776759
776662,38.769604,-90.538666,1.301919071E9,776110,776759
776662,38.76964,-90.538536,1.301919071E9,776110,776759
776662,38.76971,-90.53842,1.301919071E9,776110,776759
776662,38.769768,-90.53831,1.301919071E9,776110,776759
776662,38.76983,-90.538185,1.301919071E9,776110,776759
776662,38.769882,-90.53806,1.301919071E9,776110,776759
776662,38.769936,-90.53794,1.301919071E9,776110,776759
776662,38.77,-90.53783,1.301919071E9,776110,776759
776662,38.770077,-90.53772,1.301919071E9,776110,776759
776662,38.77015,-90.537605,1.301919071E9,776110,776759
776662,38.77019,-90.53748,1.301919071E9,776110,776759
776662,38.77023,-90.53734,1.301919071E9,776110,776759
776662,38.770294,-90.53723,1.301919071E9,776110,776759
776662,38.770363,-90.537125,1.301919071E9,776110,776759
776662,38.770443,-90.53701,1.301919071E9,776110,776759
776662,38.770508,-90.53692,1.301919071E9,776110,776759
776662,38.770554,-90.53682,1.301919071E9,776110,776759
776662,38.770607,-90.5367,1.301919071E9,776110,776759
776662,38.770653,-90.53657,1.301919071E9,776110,776759
776662,38.770702,-90.536446,1.301919071E9,776110,776759
776662,38.770733,-90.53632,1.301919071E9,776110,776759
776662,3