0.476218,1.301919071E9,776110,776759
776662,51.555286,0.476068,1.301919071E9,776110,776759
776662,51.555202,0.475945,1.301919071E9,776110,776759
776662,51.55517,0.475791,1.301919071E9,776110,776759
776662,51.555164,0.47564,1.301919071E9,776110,776759
776662,51.555134,0.47548,1.301919071E9,776110,776759
776662,51.555103,0.475308,1.301919071E9,776110,776759
776662,51.555096,0.475151,1.301919071E9,776110,776759
776662,51.55506,0.474995,1.301919071E9,776110,776759
776662,51.555042,0.474848,1.301919071E9,776110,776759
776662,51.55502,0.474702,1.301919071E9,776110,776759
776662,51.554996,0.474557,1.301919071E9,776110,776759
776662,51.55497,0.474369,1.301919071E9,776110,776759
776662,51.554935,0.474232,1.301919071E9,776110,776759
776662,51.554905,0.474084,1.301919071E9,776110,776759
776662,51.554886,0.473941,1.301919071E9,776110,776759
776662,51.554867,0.47379,1.301919071E9,776110,776759
776662,51.55486,0.473632,1.301919071E9,776110,776759
776662,51.554848,0.473475,1.301919071E9,776110,776759
776662,51.554836,0.473323,1.301919071E9,776110,776759
776662,51.554813,0.473167,1.301919071E9,776110,776759
776662,51.55479,0.473014,1.301919071E9,776110,776759
776662,51.554756,0.472867,1.301919071E9,776110,776759
776662,51.554733,0.472712,1.301919071E9,776110,776759
776662,51.554695,0.472562,1.301919071E9,776110,776759
776662,51.554653,0.472405,1.301919071E9,776110,776759
776662,51.55462,0.472262,1.301919071E9,776110,776759
776662,51.55458,0.472119,1.301919071E9,776110,776759
776662,51.554527,0.471986,1.301919071E9,776110,776759
776662,51.554466,0.471819,1.301919071E9,776110,776759
776662,51.55442,0.471674,1.301919071E9,776110,776759
776662,51.554363,0.471549,1.301919071E9,776110,776759
776662,51.55431,0.47142,1.301919071E9,776110,776759
776662,51.554264,0.471287,1.301919071E9,776110,776759
776662,51.554207,0.471156,1.301919071E9,776110,776759
776662,51.554153,0.47102,1.301919071E9,776110,776759
776662,51.554092,0.470891,1.301919071E9,776110,776759
776662,51.554043,0.470731,1.301919071E9,776110,776759
776662,51.553993,0.470586,1.301919071E9,776110,776759
776662,51.553947,0.470432,1.301919071E9,776110,776759
776662,51.553905,0.470292,1.301919071E9,776110,776759
776662,51.553867,0.470132,1.301919071E9,776110,776759
776662,51.55382,0.469975,1.301919071E9,776110,776759
776662,51.553783,0.469821,1.301919071E9,776110,776759
776662,51.553738,0.469661,1.301919071E9,776110,776759
776662,51.553684,0.469512,1.301919071E9,776110,776759
776662,51.55365,0.469362,1.301919071E9,776110,776759
776662,51.55361,0.469187,1.301919071E9,776110,776759
776662,51.553562,0.469007,1.301919071E9,776110,776759
776662,51.55351,0.468837,1.301919071E9,776110,776759
776662,51.553467,0.468695,1.301919071E9,776110,776759
776662,51.55343,0.46855,1.301919071E9,776110,776759
776662,51.5534,0.468383,1.301919071E9,776110,776759
776662,51.553368,0.468242,1.301919071E9,776110,776759
776662,51.553337,0.468095,1.301919071E9,776110,776759
776662,51.5533,0.467926,1.301919071E9,776110,776759
776662,51.553265,0.467784,1.301919071E9,776110,776759
776662,51.553223,0.467617,1.301919071E9,776110,776759
776662,51.55319,0.467478,1.301919071E9,776110,776759
776662,51.553154,0.467338,1.301919071E9,776110,776759
776662,51.553112,0.467174,1.301919071E9,776110,776759
776662,51.553047,0.467035,1.301919071E9,776110,776759
776662,51.55299,0.466884,1.301919071E9,776110,776759
776662,51.552944,0.466742,1.301919071E9,776110,776759
776662,51.5529,0.466599,1.301919071E9,776110,776759
776662,51.55284,0.466465,1.301919071E9,776110,776759
776662,51.552776,0.466356,1.301919071E9,776110,776759
776662,51.55271,0.466238,1.301919071E9,776110,776759
776662,51.55265,0.466127,1.301919071E9,776110,776759
776662,51.55259,0.465993,1.301919071E9,776110,776759
776662,51.552517,0.465853,1.301919071E9,776110,776759
776662,51.552467,0.465725,1.301919071E9,776110,776759
776662,51.552433,0.465566,1.301919071E9,776110,776759
776662,51.552513,0.465469,1.301919071E9,776110,776759
776662,51.5526,0.465424,1.301919071E9,776110,776759
776662,51.552704,0.46539,1.301919071E9,776110,776759
776662,51.5528,0.465352,1.301919071E9,776110,776759
776662,51.552895,0.465304,1.301919071E9,776110,776759
776662,51.55298,0.465254,1.301919071E9,776110,776759
776662,51.553062,0.465188,1.301919071E9,776110,776759
776662,51.553158,0.465121,1.301919071E9,776110,776759
776662,51.55324,0.465048,1.301919071E9,776110,776759
776662,51.553337,0.464998,1.301919071E9,776110,776759
776662,51.55343,0.464923,1.301919071E9,776110,776759
776662,51.553513,0.464857,1.301919071E9,776110,776759
776662,51.553596,0.464801,1.301919071E9,776110,776759
776662,51.55368,0.464701,1.301919071E9,776110,776759
776662,51.55376,0.464607,1.301919071E9,776110,776759
776662,51.553825,0.464495,1.301919071E9,776110,776759
776662,51.553898,0.464408,1.301919071E9,776110,776759
776662,51.55398,0.464347,1.301919071E9,776110,776759
776662,51.55407,0.464265,1.301919071E9,776110,776759
776662,51.55416,0.464182,1.301919071E9,776110,776759
776662,51.55425,0.464106,1.301919071E9,776110,776759
776662,51.554333,0.464042,1.301919071E9,776110,776759
776662,51.554432,0.463974,1.301919071E9,776110,776759
776662,51.554516,0.463907,1.301919071E9,776110,776759
776662,51.5546,0.463848,1.301919071E9,776110,776759
776662,51.55468,0.463744,1.301919071E9,776110,776759
776662,51.55473,0.463602,1.301919071E9,776110,776759
776662,51.554813,0.463512,1.301919071E9,776110,776759
776662,51.554893,0.463416,1.301919071E9,776110,776759
776662,51.55497,0.463284,1.301919071E9,776110,776759
776662,51.55503,0.463168,1.301919071E9,776110,776759
776662,51.5551,0.463056,1.301919071E9,776110,776759
776662,51.555164,0.46295,1.301919071E9,776110,776759
776662,51.55524,0.462847,1.301919071E9,776110,776759
776662,51.555313,0.462763,1.301919071E9,776110,776759
776662,51.555397,0.46268,1.301919071E9,776110,776759
776662,51.555477,0.462603,1.301919071E9,776110,776759
776662,51.55555,0.462506,1.301919071E9,776110,776759
776662,51.555622,0.462399,1.301919071E9,776110,776759
776662,51.555676,0.462265,1.301919071E9,776110,776759
776662,51.55573,0.462143,1.301919071E9,776110,776759
776662,51.555794,0.462024,1.301919071E9,776110,776759
776662,51.55585,0.461893,1.301919071E9,776110,776759
776662,51.555916,0.461763,1.301919071E9,776110,776759
776662,51.555977,0.461635,1.301919071E9,776110,776759
776662,51.55605,0.461518,1.301919071E9,776110,776759
776662,51.556114,0.461404,1.301919071E9,776110,776759
776662,51.556168,0.46128,1.301919071E9,776110,776759
776662,51.556236,0.461135,1.301919071E9,776110,776759
776662,51.556293,0.461022,1.301919071E9,776110,776759
776662,51.55637,0.46089,1.301919071E9,776110,776759
776662,51.55643,0.460751,1.301919071E9,776110,776759
776662,51.55649,0.460627,1.301919071E9,776110,776759
776662,51.556553,0.460494,1.301919071E9,776110,776759
776662,51.556583,0.460343,1.301919071E9,776110,776759
776662,51.55663,0.460209,1.301919071E9,776110,776759
776662,51.556725,0.46018,1.301919071E9,776110,776759
776662,51.55672,0.460022,1.301919071E9,776110,776759
776662,51.55675,0.459885,1.301919071E9,776110,776759
776662,51.556786,0.45975,1.301919071E9,776110,776759
776662,51.55676,0.459609,1.301919071E9,776110,776759
776662,51.55675,0.459457,1.301919071E9,776110,776759
776662,51.556763,0.459285,1.301919071E9,776110,776759
776662,51.556675,0.459208,1.301919071E9,776110,776759
776662,51.556587,0.459247,1.301919071E9,776110,776759
776662,51.556473,0.459266,1.301919071E9,776110,776759
776662,51.556385,0.459298,1.301919071E9,776110,776759
776662,51.556297,0.459332,1.301919071E9,776110,776759
776662,51.556194,0.459399,1.301919071E9,776110,776759
776662,51.5561,0.459466,1.301919071E9,776110,776759
776662,51.556,0.459545,1.301919071E9,776110,776759
776662,51.55592,0.459623,1.301919071E9,776110,776759
776662,51.555847,0.45971,1.301919071E9,776110,776759
776662,51.555748,0.459787,1.301919071E9,776110,776759
776662,51.555653,0.459886,1.301919071E9,776110,776759
776662,51.555576,0.459976,1.301919071E9,776110,776759
776662,51.55548,0.460068,1.301919071E9,776110,776759