919071E9,776110,776759
776662,20.793375,-156.5114,1.301919071E9,776110,776759
776662,20.793352,-156.51134,1.301919071E9,776110,776759
776662,20.793333,-156.51129,1.301919071E9,776110,776759
776662,20.793316,-156.51125,1.301919071E9,776110,776759
776662,20.793257,-156.51117,1.301919071E9,776110,776759
776662,20.793213,-156.51117,1.301919071E9,776110,776759
776662,20.793165,-156.51117,1.301919071E9,776110,776759
776662,20.793112,-156.51117,1.301919071E9,776110,776759
776662,20.793053,-156.51117,1.301919071E9,776110,776759
776662,20.792992,-156.51118,1.301919071E9,776110,776759
776662,20.792929,-156.5112,1.301919071E9,776110,776759
776662,20.792864,-156.5112,1.301919071E9,776110,776759
776662,20.792795,-156.51122,1.301919071E9,776110,776759
776662,20.792727,-156.51123,1.301919071E9,776110,776759
776662,20.792662,-156.51123,1.301919071E9,776110,776759
776662,20.792599,-156.51125,1.301919071E9,776110,776759
776662,20.792477,-156.51128,1.301919071E9,776110,776759
776662,20.792355,-156.51132,1.301919071E9,776110,776759
776662,20.792257,-156.51143,1.301919071E9,776110,776759
776662,20.792171,-156.51163,1.301919071E9,776110,776759
776662,20.792112,-156.51178,1.301919071E9,776110,776759
776662,20.79208,-156.51186,1.301919071E9,776110,776759
776662,20.792046,-156.51193,1.301919071E9,776110,776759
776662,20.792011,-156.512,1.301919071E9,776110,776759
776662,20.791979,-156.51205,1.301919071E9,776110,776759
776662,20.791946,-156.51213,1.301919071E9,776110,776759
776662,20.791916,-156.51219,1.301919071E9,776110,776759
776662,20.791885,-156.51227,1.301919071E9,776110,776759
776662,20.791822,-156.51239,1.301919071E9,776110,776759
776662,20.791758,-156.51253,1.301919071E9,776110,776759
776662,20.791723,-156.51259,1.301919071E9,776110,776759
776662,20.791689,-156.51266,1.301919071E9,776110,776759
776662,20.791656,-156.51273,1.301919071E9,776110,776759
776662,20.791603,-156.51286,1.301919071E9,776110,776759
776662,20.79155,-156.513,1.301919071E9,776110,776759
776662,20.791521,-156.51306,1.301919071E9,776110,776759
776662,20.791462,-156.5132,1.301919071E9,776110,776759
776662,20.791414,-156.51335,1.301919071E9,776110,776759
776662,20.79138,-156.51349,1.301919071E9,776110,776759
776662,20.791368,-156.51355,1.301919071E9,776110,776759
776662,20.79136,-156.5136,1.301919071E9,776110,776759
776662,20.791351,-156.51366,1.301919071E9,776110,776759
776662,20.791344,-156.5137,1.301919071E9,776110,776759
776662,20.79134,-156.51376,1.301919071E9,776110,776759
776662,20.791346,-156.51381,1.301919071E9,776110,776759
776662,20.791386,-156.51393,1.301919071E9,776110,776759
776662,20.791397,-156.51396,1.301919071E9,776110,776759
776662,20.791416,-156.514,1.301919071E9,776110,776759
776662,20.791393,-156.51405,1.301919071E9,776110,776759
776662,20.79138,-156.51408,1.301919071E9,776110,776759
776662,20.79135,-156.51414,1.301919071E9,776110,776759
776662,20.791286,-156.5142,1.301919071E9,776110,776759
776662,20.791243,-156.51422,1.301919071E9,776110,776759
776662,20.791193,-156.51424,1.301919071E9,776110,776759
776662,20.791143,-156.51427,1.301919071E9,776110,776759
776662,20.791092,-156.5143,1.301919071E9,776110,776759
776662,20.791037,-156.51433,1.301919071E9,776110,776759
776662,20.790981,-156.51434,1.301919071E9,776110,776759
776662,20.790924,-156.51437,1.301919071E9,776110,776759
776662,20.790867,-156.5144,1.301919071E9,776110,776759
776662,20.790745,-156.51447,1.301919071E9,776110,776759
776662,20.790684,-156.5145,1.301919071E9,776110,776759
776662,20.79062,-156.51454,1.301919071E9,776110,776759
776662,20.790558,-156.51457,1.301919071E9,776110,776759
776662,20.790499,-156.5146,1.301919071E9,776110,776759
776662,20.790438,-156.51463,1.301919071E9,776110,776759
776662,20.790379,-156.51466,1.301919071E9,776110,776759
776662,20.790318,-156.5147,1.301919071E9,776110,776759
776662,20.790258,-156.51472,1.301919071E9,776110,776759
776662,20.790195,-156.51476,1.301919071E9,776110,776759
776662,20.790134,-156.51479,1.301919071E9,776110,776759
776662,20.790073,-156.51482,1.301919071E9,776110,776759
776662,20.790012,-156.51485,1.301919071E9,776110,776759
776662,20.78995,-156.51488,1.301919071E9,776110,776759
776662,20.789888,-156.51491,1.301919071E9,776110,776759
776662,20.789825,-156.51494,1.301919071E9,776110,776759
776662,20.789764,-156.51497,1.301919071E9,776110,776759
776662,20.789703,-156.515,1.301919071E9,776110,776759
776662,20.78964,-156.51501,1.301919071E9,776110,776759
776662,20.78958,-156.51505,1.301919071E9,776110,776759
776662,20.789516,-156.51508,1.301919071E9,776110,776759
776662,20.789452,-156.5151,1.301919071E9,776110,776759
776662,20.789387,-156.51514,1.301919071E9,776110,776759
776662,20.789322,-156.51517,1.301919071E9,776110,776759
776662,20.789192,-156.51523,1.301919071E9,776110,776759
776662,20.789127,-156.51526,1.301919071E9,776110,776759
776662,20.789062,-156.51529,1.301919071E9,776110,776759
776662,20.788998,-156.51532,1.301919071E9,776110,776759
776662,20.788866,-156.51538,1.301919071E9,776110,776759
776662,20.78873,-156.51546,1.301919071E9,776110,776759
776662,20.788591,-156.51552,1.301919071E9,776110,776759
776662,20.788454,-156.51558,1.301919071E9,776110,776759
776662,20.788385,-156.51561,1.301919071E9,776110,776759
776662,20.788317,-156.51564,1.301919071E9,776110,776759
776662,20.788248,-156.51567,1.301919071E9,776110,776759
776662,20.788113,-156.51573,1.301919071E9,776110,776759
776662,20.787977,-156.51581,1.301919071E9,776110,776759
776662,20.787842,-156.51587,1.301919071E9,776110,776759
776662,20.787708,-156.51591,1.301919071E9,776110,776759
776662,20.787573,-156.51596,1.301919071E9,776110,776759
776662,20.78744,-156.51602,1.301919071E9,776110,776759
776662,20.78731,-156.51607,1.301919071E9,776110,776759
776662,20.78718,-156.51613,1.301919071E9,776110,776759
776662,20.787115,-156.51614,1.301919071E9,776110,776759
776662,20.787052,-156.51617,1.301919071E9,776110,776759
776662,20.786987,-156.5162,1.301919071E9,776110,776759
776662,20.786858,-156.51625,1.301919071E9,776110,776759
776662,20.786724,-156.51631,1.301919071E9,776110,776759
776662,20.78659,-156.51637,1.301919071E9,776110,776759
776662,20.786455,-156.51643,1.301919071E9,776110,776759
776662,20.786386,-156.51646,1.301919071E9,776110,776759
776662,20.786314,-156.5165,1.301919071E9,776110,776759
776662,20.786242,-156.51653,1.301919071E9,776110,776759
776662,20.786165,-156.51656,1.301919071E9,776110,776759
776662,20.786089,-156.5166,1.301919071E9,776110,776759
776662,20.78601,-156.51663,1.301919071E9,776110,776759
776662,20.785929,-156.51666,1.301919071E9,776110,776759
776662,20.785845,-156.5167,1.301919071E9,776110,776759
776662,20.785757,-156.51672,1.301919071E9,776110,776759
776662,20.78567,-156.51677,1.301919071E9,776110,776759
776662,20.785582,-156.5168,1.301919071E9,776110,776759
776662,20.785492,-156.51685,1.301919071E9,776110,776759
776662,20.785404,-156.51688,1.301919071E9,776110,776759
776662,20.785316,-156.51692,1.301919071E9,776110,776759
776662,20.785227,-156.51695,1.301919071E9,776110,776759
776662,20.785137,-156.517,1.301919071E9,776110,776759
776662,20.785051,-156.51703,1.301919071E9,776110,776759
776662,20.784967,-156.51707,1.301919071E9,776110,776759
776662,20.784883,-156.5171,1.301919071E9,776110,776759
776662,20.784721,-156.51718,1.301919071E9,776110,776759
776662,20.78456,-156.51724,1.301919071E9,776110,776759
776662,20.78448,-156.51729,1.301919071E9,776110,776759
776662,20.784403,-156.51732,1.301919071E9,776110,776759
776662,20.784323,-156.51736,1.301919071E9,776110,776759
776662,20.784246,-156.5174,1.301919071E9,776110,776759
776662,20.784172,-156.51744,1.301919071E9,776110,776759
776662,20.7841,-156.51749,1.301919071E9,776110,776759
776662,20.784029,-156.51752,1.301919071E9,776110,776759
776662,20.78396,-156.51756,1.301919071E9,776110,776759
776662,20.783894,-156.5176,1.301919071E9,776110,776759
776662,20.783827,-156.51764,1.301919071E9,776110,776759
776662,20.783697,-156.51772,1.301919071E9,776110,776759
776662,20.783579,-156.5178,1.301919071E9,776110,776759
776662,20.783468,-156.51