776662,41.759426,-91.600914,1.301919071E9,776110,776759
776662,41.75944,-91.60105,1.301919071E9,776110,776759
776662,41.75944,-91.60121,1.301919071E9,776110,776759
776662,41.75943,-91.60134,1.301919071E9,776110,776759
776662,41.75942,-91.60147,1.301919071E9,776110,776759
776662,41.75942,-91.60165,1.301919071E9,776110,776759
776662,41.759426,-91.60182,1.301919071E9,776110,776759
776662,41.759426,-91.601944,1.301919071E9,776110,776759
776662,41.75943,-91.60213,1.301919071E9,776110,776759
776662,41.75944,-91.602295,1.301919071E9,776110,776759
776662,41.759457,-91.60248,1.301919071E9,776110,776759
776662,41.759464,-91.602646,1.301919071E9,776110,776759
776662,41.759525,-91.602745,1.301919071E9,776110,776759
776662,41.759632,-91.602745,1.301919071E9,776110,776759
776662,41.759754,-91.60272,1.301919071E9,776110,776759
776662,41.759853,-91.60275,1.301919071E9,776110,776759
776662,41.759914,-91.60287,1.301919071E9,776110,776759
776662,41.75994,-91.60303,1.301919071E9,776110,776759
776662,41.75998,-91.603165,1.301919071E9,776110,776759
776662,41.760048,-91.60329,1.301919071E9,776110,776759
776662,41.760155,-91.60334,1.301919071E9,776110,776759
776662,41.760284,-91.603355,1.301919071E9,776110,776759
776662,41.76038,-91.60335,1.301919071E9,776110,776759
776662,41.760487,-91.60335,1.301919071E9,776110,776759
776662,41.760635,-91.60333,1.301919071E9,776110,776759
776662,41.76075,-91.60333,1.301919071E9,776110,776759
776662,41.760864,-91.603325,1.301919071E9,776110,776759
776662,41.76097,-91.60334,1.301919071E9,776110,776759
776662,41.76107,-91.603386,1.301919071E9,776110,776759
776662,41.761173,-91.603424,1.301919071E9,776110,776759
776662,41.761227,-91.60354,1.301919071E9,776110,776759
776662,41.761223,-91.60368,1.301919071E9,776110,776759
776662,41.76116,-91.60383,1.301919071E9,776110,776759
776662,41.761105,-91.603966,1.301919071E9,776110,776759
776662,41.761044,-91.6041,1.301919071E9,776110,776759
776662,41.76101,-91.60426,1.301919071E9,776110,776759
776662,41.76099,-91.60441,1.301919071E9,776110,776759
776662,41.760975,-91.60455,1.301919071E9,776110,776759
776662,41.760963,-91.60469,1.301919071E9,776110,776759
776662,41.760963,-91.604836,1.301919071E9,776110,776759
776662,41.76098,-91.60497,1.301919071E9,776110,776759
776662,41.760994,-91.6051,1.301919071E9,776110,776759
776662,41.760994,-91.605255,1.301919071E9,776110,776759
776662,41.760998,-91.60545,1.301919071E9,776110,776759
776662,41.761,-91.60558,1.301919071E9,776110,776759
776662,41.761013,-91.605736,1.301919071E9,776110,776759
776662,41.76101,-91.60587,1.301919071E9,776110,776759
776662,41.761005,-91.606026,1.301919071E9,776110,776759
776662,41.76102,-91.60617,1.301919071E9,776110,776759
776662,41.761024,-91.60629,1.301919071E9,776110,776759
776662,41.761013,-91.60643,1.301919071E9,776110,776759
776662,41.761017,-91.60657,1.301919071E9,776110,776759
776662,41.761005,-91.606705,1.301919071E9,776110,776759
776662,41.760998,-91.60685,1.301919071E9,776110,776759
776662,41.761,-91.60698,1.301919071E9,776110,776759
776662,41.761044,-91.60712,1.301919071E9,776110,776759
776662,41.761044,-91.60724,1.301919071E9,776110,776759
776662,41.76105,-91.60738,1.301919071E9,776110,776759
776662,41.761154,-91.60747,1.301919071E9,776110,776759
776662,41.761242,-91.60752,1.301919071E9,776110,776759
776662,41.761333,-91.607506,1.301919071E9,776110,776759
776662,41.76143,-91.60749,1.301919071E9,776110,776759
776662,41.761543,-91.60748,1.301919071E9,776110,776759
776662,41.76166,-91.60746,1.301919071E9,776110,776759
776662,41.761795,-91.60745,1.301919071E9,776110,776759
776662,41.762016,-91.607475,1.301919071E9,776110,776759
776662,41.762127,-91.60747,1.301919071E9,776110,776759
776662,41.762257,-91.60747,1.301919071E9,776110,776759
776662,41.762367,-91.60748,1.301919071E9,776110,776759
776662,41.762478,-91.60748,1.301919071E9,776110,776759
776662,41.76259,-91.607475,1.301919071E9,776110,776759
776662,41.762737,-91.607475,1.301919071E9,776110,776759
776662,41.762848,-91.607475,1.301919071E9,776110,776759
776662,41.762955,-91.6075,1.301919071E9,776110,776759
776662,41.763077,-91.6075,1.301919071E9,776110,776759
776662,41.76322,-91.60753,1.301919071E9,776110,776759
776662,41.763348,-91.60753,1.301919071E9,776110,776759
776662,41.76346,-91.60751,1.301919071E9,776110,776759
776662,41.76355,-91.607506,1.301919071E9,776110,776759
776662,41.763645,-91.60752,1.301919071E9,776110,776759
776662,41.763775,-91.60751,1.301919071E9,776110,776759
776662,41.763885,-91.6075,1.301919071E9,776110,776759
776662,41.76397,-91.60757,1.301919071E9,776110,776759
776662,41.764027,-91.60769,1.301919071E9,776110,776759
776662,41.764027,-91.60785,1.301919071E9,776110,776759
776662,41.76398,-91.60813,1.301919071E9,776110,776759
776662,41.76399,-91.608315,1.301919071E9,776110,776759
776662,41.764004,-91.608505,1.301919071E9,776110,776759
776662,41.764015,-91.60869,1.301919071E9,776110,776759
776662,41.764023,-91.60888,1.301919071E9,776110,776759
776662,41.764046,-91.60907,1.301919071E9,776110,776759
776662,41.7641,-91.609215,1.301919071E9,776110,776759
776662,41.76413,-91.60937,1.301919071E9,776110,776759
776662,41.764168,-91.60953,1.301919071E9,776110,776759
776662,41.764225,-91.60966,1.301919071E9,776110,776759
776662,41.76423,-91.609795,1.301919071E9,776110,776759
776662,41.764263,-91.609955,1.301919071E9,776110,776759
776662,41.764294,-91.61011,1.301919071E9,776110,776759
776662,41.764343,-91.61026,1.301919071E9,776110,776759
776662,41.764404,-91.61041,1.301919071E9,776110,776759
776662,41.76446,-91.610535,1.301919071E9,776110,776759
776662,41.7645,-91.610664,1.301919071E9,776110,776759
776662,41.764584,-91.61077,1.301919071E9,776110,776759
776662,41.7647,-91.61089,1.301919071E9,776110,776759
776662,41.764797,-91.61104,1.301919071E9,776110,776759
776662,41.764885,-91.61115,1.301919071E9,776110,776759
776662,41.764957,-91.61123,1.301919071E9,776110,776759
776662,41.765064,-91.6113,1.301919071E9,776110,776759
776662,41.76516,-91.61134,1.301919071E9,776110,776759
776662,41.765224,-91.61143,1.301919071E9,776110,776759
776662,41.76528,-91.61153,1.301919071E9,776110,776759
776662,41.765366,-91.61166,1.301919071E9,776110,776759
776662,41.765434,-91.61177,1.301919071E9,776110,776759
776662,41.765438,-91.61196,1.301919071E9,776110,776759
776662,41.765427,-91.612114,1.301919071E9,776110,776759
776662,41.76536,-91.61221,1.301919071E9,776110,776759
776662,41.76527,-91.6123,1.301919071E9,776110,776759
776662,41.76516,-91.61235,1.301919071E9,776110,776759
776662,41.76516,-91.61235,1.301919071E9,776110,776759
776662,41.76503,-91.612144,1.301919071E9,776110,776759
776662,41.765095,-91.61229,1.301919071E9,776110,776759
776662,41.765133,-91.612404,1.301919071E9,776110,776759
776662,41.765186,-91.61256,1.301919071E9,776110,776759
776662,41.765217,-91.6127,1.301919071E9,776110,776759
776662,41.76524,-91.61284,1.301919071E9,776110,776759
776662,41.765255,-91.612976,1.301919071E9,776110,776759
776662,41.76527,-91.613106,1.301919071E9,776110,776759
776662,41.76529,-91.61325,1.301919071E9,776110,776759
776662,41.765312,-91.61338,1.301919071E9,776110,776759
776662,41.765312,-91.61352,1.301919071E9,776110,776759
776662,41.765324,-91.61367,1.301919071E9,776110,776759
776662,41.76534,-91.61382,1.301919071E9,776110,776759
776662,41.765343,-91.613976,1.301919071E9,776110,776759
776662,41.765354,-91.614105,1.301919071E9,776110,776759
776662,41.765373,-91.61424,1.301919071E9,776110,776759
776662,41.76537,-91.6144,1.301919071E9,776110,776759
776662,41.765366,-91.61454,1.301919071E9,776110,776759
776662,41.76535,-91.61466,1.301919071E9,776110,776759
776662,41.765335,-91.61481,1.301919071E9,776110,776759
776662,41.765347,-91.61495,1.301919071E9,776110,776759
776662,41.765427,-91.615036,1.301919071E9,776110,776759
776662,41.76548,-91.615135,1.301919071E9,776110,776759
776662,41.76554,-91.615234,1.301919071E9,776110,776759
776662,41.765602,-91.61533,1.301919071E9,776110,776759
776662,41.76567,-91.615524,1.301919071E9,776110,776759
776662,41.76577,-91.61553,1.301919071E9,776110,776759