0,776759
776662,18.73864,-68.4811,1.301919071E9,776110,776759
776662,18.738537,-68.48097,1.301919071E9,776110,776759
776662,18.738453,-68.48076,1.301919071E9,776110,776759
776662,18.73839,-68.48048,1.301919071E9,776110,776759
776662,18.738314,-68.48031,1.301919071E9,776110,776759
776662,18.738174,-68.48012,1.301919071E9,776110,776759
776662,18.738089,-68.47995,1.301919071E9,776110,776759
776662,18.738,-68.47981,1.301919071E9,776110,776759
776662,18.737907,-68.47962,1.301919071E9,776110,776759
776662,18.737833,-68.47942,1.301919071E9,776110,776759
776662,18.737741,-68.47926,1.301919071E9,776110,776759
776662,18.73763,-68.47914,1.301919071E9,776110,776759
776662,18.737621,-68.47913,1.301919071E9,776110,776759
776662,18.737495,-68.479,1.301919071E9,776110,776759
776662,18.737375,-68.478874,1.301919071E9,776110,776759
776662,18.737251,-68.47877,1.301919071E9,776110,776759
776662,18.737127,-68.47866,1.301919071E9,776110,776759
776662,18.73705,-68.47855,1.301919071E9,776110,776759
776662,18.737007,-68.47846,1.301919071E9,776110,776759
776662,18.736916,-68.47833,1.301919071E9,776110,776759
776662,18.73682,-68.47819,1.301919071E9,776110,776759
776662,18.736732,-68.47805,1.301919071E9,776110,776759
776662,18.736645,-68.477905,1.301919071E9,776110,776759
776662,18.736628,-68.47781,1.301919071E9,776110,776759
776662,18.736609,-68.4777,1.301919071E9,776110,776759
776662,18.73654,-68.47755,1.301919071E9,776110,776759
776662,18.736496,-68.477455,1.301919071E9,776110,776759
776662,18.736418,-68.4773,1.301919071E9,776110,776759
776662,18.73631,-68.477165,1.301919071E9,776110,776759
776662,18.736204,-68.477036,1.301919071E9,776110,776759
776662,18.736107,-68.4769,1.301919071E9,776110,776759
776662,18.736004,-68.47676,1.301919071E9,776110,776759
776662,18.735931,-68.4766,1.301919071E9,776110,776759
776662,18.735838,-68.47646,1.301919071E9,776110,776759
776662,18.735691,-68.47655,1.301919071E9,776110,776759
776662,18.735594,-68.476685,1.301919071E9,776110,776759
776662,18.735449,-68.47674,1.301919071E9,776110,776759
776662,18.735298,-68.47681,1.301919071E9,776110,776759
776662,18.735176,-68.47692,1.301919071E9,776110,776759
776662,18.73505,-68.47709,1.301919071E9,776110,776759
776662,18.734934,-68.4772,1.301919071E9,776110,776759
776662,18.734772,-68.47734,1.301919071E9,776110,776759
776662,18.73463,-68.47746,1.301919071E9,776110,776759
776662,18.734476,-68.4776,1.301919071E9,776110,776759
776662,18.734344,-68.477715,1.301919071E9,776110,776759
776662,18.734215,-68.47781,1.301919071E9,776110,776759
776662,18.73403,-68.477936,1.301919071E9,776110,776759
776662,18.733862,-68.47805,1.301919071E9,776110,776759
776662,18.733728,-68.47817,1.301919071E9,776110,776759
776662,18.733603,-68.47827,1.301919071E9,776110,776759
776662,18.73347,-68.47837,1.301919071E9,776110,776759
776662,18.733313,-68.478546,1.301919071E9,776110,776759
776662,18.733019,-68.47879,1.301919071E9,776110,776759
776662,18.732662,-68.479095,1.301919071E9,776110,776759
776662,18.732582,-68.47919,1.301919071E9,776110,776759
776662,18.732407,-68.47934,1.301919071E9,776110,776759
776662,18.73227,-68.47944,1.301919071E9,776110,776759
776662,18.732082,-68.47958,1.301919071E9,776110,776759
776662,18.7321,-68.47975,1.301919071E9,776110,776759
776662,18.732151,-68.47991,1.301919071E9,776110,776759
776662,18.732254,-68.48008,1.301919071E9,776110,776759
776662,18.732397,-68.48014,1.301919071E9,776110,776759
776662,18.73254,-68.48028,1.301919071E9,776110,776759
776662,18.732674,-68.48036,1.301919071E9,776110,776759
776662,18.73285,-68.48043,1.301919071E9,776110,776759
776662,18.733109,-68.48056,1.301919071E9,776110,776759
776662,18.733225,-68.480675,1.301919071E9,776110,776759
776662,18.733616,-68.48116,1.301919071E9,776110,776759
776662,18.733757,-68.48138,1.301919071E9,776110,776759
776662,18.733908,-68.48148,1.301919071E9,776110,776759
776662,18.734077,-68.481544,1.301919071E9,776110,776759
776662,18.734211,-68.4817,1.301919071E9,776110,776759
776662,18.734314,-68.48181,1.301919071E9,776110,776759
776662,18.734423,-68.48194,1.301919071E9,776110,776759
776662,18.734568,-68.482124,1.301919071E9,776110,776759
776662,18.734543,-68.48235,1.301919071E9,776110,776759
776662,18.734646,-68.48255,1.301919071E9,776110,776759
776662,18.734734,-68.482704,1.301919071E9,776110,776759
776662,18.734852,-68.4829,1.301919071E9,776110,776759
776662,18.73497,-68.483055,1.301919071E9,776110,776759
776662,18.735107,-68.48322,1.301919071E9,776110,776759
776662,18.735298,-68.48343,1.301919071E9,776110,776759
776662,18.735456,-68.483665,1.301919071E9,776110,776759
776662,18.735632,-68.48392,1.301919071E9,776110,776759
776662,18.735632,-68.48392,1.301919071E9,776110,776759
776662,18.735752,-68.484085,1.301919071E9,776110,776759
776662,18.735868,-68.484245,1.301919071E9,776110,776759
776662,18.736038,-68.48438,1.301919071E9,776110,776759
776662,18.736038,-68.48438,1.301919071E9,776110,776759
776662,18.736214,-68.484344,1.301919071E9,776110,776759
776662,18.736355,-68.48424,1.301919071E9,776110,776759
776662,18.73647,-68.48411,1.301919071E9,776110,776759
776662,18.73657,-68.48398,1.301919071E9,776110,776759
776662,18.736708,-68.48384,1.301919071E9,776110,776759
776662,18.736834,-68.483734,1.301919071E9,776110,776759
776662,18.73696,-68.48363,1.301919071E9,776110,776759
776662,18.737095,-68.483536,1.301919071E9,776110,776759
776662,18.737219,-68.48343,1.301919071E9,776110,776759
776662,18.73735,-68.48333,1.301919071E9,776110,776759
776662,18.737476,-68.48324,1.301919071E9,776110,776759
776662,18.737627,-68.48313,1.301919071E9,776110,776759
776662,18.737764,-68.483025,1.301919071E9,776110,776759
776662,18.73789,-68.48291,1.301919071E9,776110,776759
776662,18.738022,-68.4828,1.301919071E9,776110,776759
776662,18.738146,-68.4827,1.301919071E9,776110,776759
776662,18.738268,-68.48259,1.301919071E9,776110,776759
776662,18.738407,-68.48249,1.301919071E9,776110,776759
776662,18.738537,-68.48238,1.301919071E9,776110,776759
776662,18.738651,-68.48227,1.301919071E9,776110,776759
776662,18.738785,-68.48216,1.301919071E9,776110,776759
776662,18.738905,-68.482056,1.301919071E9,776110,776759
776662,18.739021,-68.48193,1.301919071E9,776110,776759
776662,18.739056,-68.481766,1.301919071E9,776110,776759
776662,18.738966,-68.48162,1.301919071E9,776110,776759
776662,18.738852,-68.48151,1.301919071E9,776110,776759
776662,18.738733,-68.481384,1.301919071E9,776110,776759
776662,18.738628,-68.481255,1.301919071E9,776110,776759
776662,18.738544,-68.48111,1.301919071E9,776110,776759
776662,18.738441,-68.48098,1.301919071E9,776110,776759
776662,18.73834,-68.48084,1.301919071E9,776110,776759
776662,18.738258,-68.48068,1.301919071E9,776110,776759
776662,18.738213,-68.48053,1.301919071E9,776110,776759
776662,18.738169,-68.48036,1.301919071E9,776110,776759
776662,18.738111,-68.48021,1.301919071E9,776110,776759
776662,18.738022,-68.48007,1.301919071E9,776110,776759
776662,18.73791,-68.479935,1.301919071E9,776110,776759
776662,18.73783,-68.47978,1.301919071E9,776110,776759
776662,18.737774,-68.47961,1.301919071E9,776110,776759
776662,18.737705,-68.47945,1.301919071E9,776110,776759
776662,18.737625,-68.4793,1.301919071E9,776110,776759
776662,18.737532,-68.47917,1.301919071E9,776110,776759
776662,18.737444,-68.479034,1.301919071E9,776110,776759
776662,18.737358,-68.47888,1.301919071E9,776110,776759
776662,18.73727,-68.478745,1.301919071E9,776110,776759
776662,18.737146,-68.47864,1.301919071E9,776110,776759
776662,18.737024,-68.47852,1.301919071E9,776110,776759
776662,18.73694,-68.47838,1.301919071E9,776110,776759
776662,18.736856,-68.47823,1.301919071E9,776110,776759
776662,18.736761,-68.47809,1.301919071E9,776110,776759
776662,18.736666,-68.47796,1.301919071E9,776110,776759
776662,18.736559,-68.47783,1.301919071E9,776110,776759
776662,18.736511,-68.47768,1.301919071E9,776110,776759
776662,18.736462,-68.47751,1.301919071E9,776110,776759
776662,18.736378,-68.477356,1.301919071E9,776110,776759
776662,18.736307,-68.4772,1.301919071E9,776110,776759
776662,18.736202,-68.477066,1.3