10,776759
776662,42.34885,-71.09359,1.301919071E9,776110,776759
776662,42.3488,-71.09498,1.301919071E9,776110,776759
776662,42.3488,-71.09503,1.301919071E9,776110,776759
776662,42.3488,-71.09503,1.301919071E9,776110,776759
776662,42.3488,-71.09498,1.301919071E9,776110,776759
776662,42.34884,-71.09498,1.301919071E9,776110,776759
776662,42.34888,-71.09498,1.301919071E9,776110,776759
776662,42.34896,-71.09498,1.301919071E9,776110,776759
776662,42.34899,-71.09499,1.301919071E9,776110,776759
776662,42.34914,-71.09499,1.301919071E9,776110,776759
776662,42.34915,-71.09432,1.301919071E9,776110,776759
776662,42.34915,-71.09432,1.301919071E9,776110,776759
776662,42.34916,-71.09284,1.301919071E9,776110,776759
776662,42.34918,-71.09238,1.301919071E9,776110,776759
776662,42.34918,-71.09236,1.301919071E9,776110,776759
776662,42.34918,-71.09225,1.301919071E9,776110,776759
776662,42.34918,-71.09214,1.301919071E9,776110,776759
776662,42.3492,-71.09164,1.301919071E9,776110,776759
776662,42.3492,-71.09164,1.301919071E9,776110,776759
776662,42.3492,-71.0916,1.301919071E9,776110,776759
776662,42.34971,-71.09161,1.301919071E9,776110,776759
776662,42.34982,-71.09161,1.301919071E9,776110,776759
776662,42.35004,-71.09163,1.301919071E9,776110,776759
776662,42.35026,-71.09164,1.301919071E9,776110,776759
776662,42.35028,-71.09158,1.301919071E9,776110,776759
776662,42.35028,-71.09158,1.301919071E9,776110,776759
776662,42.35085,-71.08949,1.301919071E9,776110,776759
776662,42.35088,-71.0895,1.301919071E9,776110,776759
776662,42.35088,-71.0895,1.301919071E9,776110,776759
776662,42.35136,-71.08974,1.301919071E9,776110,776759
776662,42.35139,-71.08964,1.301919071E9,776110,776759
776662,42.35152,-71.08916,1.301919071E9,776110,776759
776662,42.35152,-71.08916,1.301919071E9,776110,776759
776662,42.35203,-71.08724,1.301919071E9,776110,776759
776662,42.35244,-71.08573,1.301919071E9,776110,776759
776662,42.35274,-71.08462,1.301919071E9,776110,776759
776662,42.3529,-71.08404,1.301919071E9,776110,776759
776662,42.35295,-71.08385,1.301919071E9,776110,776759
776662,42.35297,-71.08378,1.301919071E9,776110,776759
776662,42.35335,-71.08236,1.301919071E9,776110,776759
776662,42.35358,-71.08154,1.301919071E9,776110,776759
776662,42.35364,-71.08129,1.301919071E9,776110,776759
776662,42.35378,-71.08074,1.301919071E9,776110,776759
776662,42.354,-71.07997,1.301919071E9,776110,776759
776662,42.35417,-71.07932,1.301919071E9,776110,776759
776662,42.35419,-71.07925,1.301919071E9,776110,776759
776662,42.3542,-71.07923,1.301919071E9,776110,776759
776662,42.35422,-71.07915,1.301919071E9,776110,776759
776662,42.35437,-71.07859,1.301919071E9,776110,776759
776662,42.35475,-71.07721,1.301919071E9,776110,776759
776662,42.35513,-71.07579,1.301919071E9,776110,776759
776662,42.35533,-71.07505,1.301919071E9,776110,776759
776662,42.35566,-71.0738,1.301919071E9,776110,776759
776662,42.35572,-71.07357,1.301919071E9,776110,776759
776662,42.35575,-71.07346,1.301919071E9,776110,776759
776662,42.35578,-71.07335,1.301919071E9,776110,776759
776662,42.35578,-71.07334,1.301919071E9,776110,776759
776662,42.35578,-71.07334,1.301919071E9,776110,776759
776662,42.35578,-71.07325,1.301919071E9,776110,776759
776662,42.35573,-71.07322,1.301919071E9,776110,776759
776662,42.35563,-71.07317,1.301919071E9,776110,776759
776662,42.35551,-71.07311,1.301919071E9,776110,776759
776662,42.35537,-71.07304,1.301919071E9,776110,776759
776662,42.35537,-71.07304,1.301919071E9,776110,776759
776662,42.35531,-71.07301,1.301919071E9,776110,776759
776662,42.35538,-71.07279,1.301919071E9,776110,776759
776662,42.3554,-71.07272,1.301919071E9,776110,776759
776662,42.35543,-71.07258,1.301919071E9,776110,776759
776662,42.35546,-71.0725,1.301919071E9,776110,776759
776662,42.35546,-71.0725,1.301919071E9,776110,776759
776662,42.35547,-71.07245,1.301919071E9,776110,776759
776662,42.35531,-71.0724,1.301919071E9,776110,776759
776662,42.35503,-71.07227,1.301919071E9,776110,776759
776662,42.35473,-71.07212,1.301919071E9,776110,776759
776662,42.35465,-71.07207,1.301919071E9,776110,776759
776662,42.35465,-71.07207,1.301919071E9,776110,776759
776662,42.35402,-71.07442,1.301919071E9,776110,776759
776662,42.35345,-71.07656,1.301919071E9,776110,776759
776662,42.35318,-71.07756,1.301919071E9,776110,776759
776662,42.35287,-71.0787,1.301919071E9,776110,776759
776662,42.35229,-71.08085,1.301919071E9,776110,776759
776662,42.35166,-71.08315,1.301919071E9,776110,776759
776662,42.35166,-71.08315,1.301919071E9,776110,776759
776662,42.35127,-71.08296,1.301919071E9,776110,776759
776662,42.35086,-71.08276,1.301919071E9,776110,776759
776662,42.35068,-71.08266,1.301919071E9,776110,776759
776662,42.35051,-71.08258,1.301919071E9,776110,776759
776662,42.35008,-71.08238,1.301919071E9,776110,776759
776662,42.3497,-71.0822,1.301919071E9,776110,776759
776662,42.3493,-71.082,1.301919071E9,776110,776759
776662,42.34895,-71.08182,1.301919071E9,776110,776759
776662,42.34895,-71.08182,1.301919071E9,776110,776759
776662,42.3489,-71.08179,1.301919071E9,776110,776759
776662,42.34863,-71.0828,1.301919071E9,776110,776759
776662,42.345657,-71.0816,1.301919071E9,776110,776759
776662,42.34558,-71.081665,1.301919071E9,776110,776759
776662,42.34547,-71.08174,1.301919071E9,776110,776759
776662,42.34537,-71.08182,1.301919071E9,776110,776759
776662,42.345383,-71.08195,1.301919071E9,776110,776759
776662,42.345436,-71.0821,1.301919071E9,776110,776759
776662,42.345425,-71.08223,1.301919071E9,776110,776759
776662,42.345356,-71.08234,1.301919071E9,776110,776759
776662,42.34522,-71.08244,1.301919071E9,776110,776759
776662,42.345142,-71.08252,1.301919071E9,776110,776759
776662,42.345184,-71.08265,1.301919071E9,776110,776759
776662,42.345036,-71.0827,1.301919071E9,776110,776759
776662,42.344837,-71.08279,1.301919071E9,776110,776759
776662,42.344746,-71.08282,1.301919071E9,776110,776759
776662,42.344654,-71.08285,1.301919071E9,776110,776759
776662,42.344566,-71.08287,1.301919071E9,776110,776759
776662,42.344463,-71.08287,1.301919071E9,776110,776759
776662,42.344364,-71.08285,1.301919071E9,776110,776759
776662,42.344273,-71.08295,1.301919071E9,776110,776759
776662,42.344246,-71.08308,1.301919071E9,776110,776759
776662,42.344284,-71.083244,1.301919071E9,776110,776759
776662,42.34429,-71.08339,1.301919071E9,776110,776759
776662,42.344276,-71.08352,1.301919071E9,776110,776759
776662,42.344204,-71.083595,1.301919071E9,776110,776759
776662,42.34412,-71.083694,1.301919071E9,776110,776759
776662,42.34404,-71.08377,1.301919071E9,776110,776759
776662,42.34396,-71.083855,1.301919071E9,776110,776759
776662,42.343876,-71.08395,1.301919071E9,776110,776759
776662,42.3438,-71.08405,1.301919071E9,776110,776759
776662,42.343704,-71.08416,1.301919071E9,776110,776759
776662,42.343628,-71.08426,1.301919071E9,776110,776759
776662,42.34356,-71.08434,1.301919071E9,776110,776759
776662,42.343483,-71.08442,1.301919071E9,776110,776759
776662,42.343388,-71.08452,1.301919071E9,776110,776759
776662,42.34331,-71.08462,1.301919071E9,776110,776759
776662,42.34325,-71.08472,1.301919071E9,776110,776759
776662,42.34317,-71.084816,1.301919071E9,776110,776759
776662,42.34309,-71.0849,1.301919071E9,776110,776759
776662,42.342957,-71.08495,1.301919071E9,776110,776759
776662,42.342785,-71.08499,1.301919071E9,776110,776759
776662,42.34269,-71.085075,1.301919071E9,776110,776759
776662,42.34271,-71.08521,1.301919071E9,776110,776759
776662,42.34265,-71.08533,1.301919071E9,776110,776759
776662,42.342575,-71.08541,1.301919071E9,776110,776759
776662,42.342514,-71.08551,1.301919071E9,776110,776759
776662,42.342434,-71.08561,1.301919071E9,776110,776759
776662,42.342342,-71.08569,1.301919071E9,776110,776759
776662,42.34225,-71.08578,1.301919071E9,776110,776759
776662,42.342167,-71.08588,1.301919071E9,776110,776759
776662,42.342087,-71.08597,1.301919071E9,776110,776759
776662,42.342014,-71.08605,1.301919071E9,776110,776759
776662,42.341946,-71.08616,1.301919071E9,776110,776759
776662,42.341877,-71.08627,1.301919071E9,776110,776759
776662,42.341812,-71.08636,1.301919071E9,7