,776110,776759
776662,18.363249,-66.11396,1.301919071E9,776110,776759
776662,18.363173,-66.113716,1.301919071E9,776110,776759
776662,18.36311,-66.113556,1.301919071E9,776110,776759
776662,18.363037,-66.11339,1.301919071E9,776110,776759
776662,18.362963,-66.11321,1.301919071E9,776110,776759
776662,18.362894,-66.11305,1.301919071E9,776110,776759
776662,18.362835,-66.112885,1.301919071E9,776110,776759
776662,18.362768,-66.11271,1.301919071E9,776110,776759
776662,18.36276,-66.112686,1.301919071E9,776110,776759
776662,18.3627,-66.11253,1.301919071E9,776110,776759
776662,18.362541,-66.11213,1.301919071E9,776110,776759
776662,18.362473,-66.11198,1.301919071E9,776110,776759
776662,18.362265,-66.11168,1.301919071E9,776110,776759
776662,18.362082,-66.11141,1.301919071E9,776110,776759
776662,18.361944,-66.111305,1.301919071E9,776110,776759
776662,18.361761,-66.11122,1.301919071E9,776110,776759
776662,18.361635,-66.11133,1.301919071E9,776110,776759
776662,18.361624,-66.11137,1.301919071E9,776110,776759
776662,18.361572,-66.11153,1.301919071E9,776110,776759
776662,18.361511,-66.11178,1.301919071E9,776110,776759
776662,18.361475,-66.11198,1.301919071E9,776110,776759
776662,18.361423,-66.11216,1.301919071E9,776110,776759
776662,18.361355,-66.11241,1.301919071E9,776110,776759
776662,18.361345,-66.1127,1.301919071E9,776110,776759
776662,18.36132,-66.1131,1.301919071E9,776110,776759
776662,18.361282,-66.113304,1.301919071E9,776110,776759
776662,18.361216,-66.11346,1.301919071E9,776110,776759
776662,18.3611,-66.11369,1.301919071E9,776110,776759
776662,18.36103,-66.11393,1.301919071E9,776110,776759
776662,18.360987,-66.11415,1.301919071E9,776110,776759
776662,18.36098,-66.11418,1.301919071E9,776110,776759
776662,18.360945,-66.11434,1.301919071E9,776110,776759
776662,18.360922,-66.1145,1.301919071E9,776110,776759
776662,18.36089,-66.11467,1.301919071E9,776110,776759
776662,18.360851,-66.114845,1.301919071E9,776110,776759
776662,18.360826,-66.11503,1.301919071E9,776110,776759
776662,18.360819,-66.11521,1.301919071E9,776110,776759
776662,18.360846,-66.11539,1.301919071E9,776110,776759
776662,18.36086,-66.11557,1.301919071E9,776110,776759
776662,18.360867,-66.11573,1.301919071E9,776110,776759
776662,18.36089,-66.11591,1.301919071E9,776110,776759
776662,18.360935,-66.11611,1.301919071E9,776110,776759
776662,18.36099,-66.116295,1.301919071E9,776110,776759
776662,18.360998,-66.11648,1.301919071E9,776110,776759
776662,18.361013,-66.116615,1.301919071E9,776110,776759
776662,18.361057,-66.1168,1.301919071E9,776110,776759
776662,18.36111,-66.117004,1.301919071E9,776110,776759
776662,18.361177,-66.117165,1.301919071E9,776110,776759
776662,18.361237,-66.11733,1.301919071E9,776110,776759
776662,18.361288,-66.1175,1.301919071E9,776110,776759
776662,18.361338,-66.11767,1.301919071E9,776110,776759
776662,18.361382,-66.11783,1.301919071E9,776110,776759
776662,18.361431,-66.11801,1.301919071E9,776110,776759
776662,18.361439,-66.11804,1.301919071E9,776110,776759
776662,18.3615,-66.11823,1.301919071E9,776110,776759
776662,18.361547,-66.11841,1.301919071E9,776110,776759
776662,18.36159,-66.118576,1.301919071E9,776110,776759
776662,18.36163,-66.118744,1.301919071E9,776110,776759
776662,18.361673,-66.11891,1.301919071E9,776110,776759
776662,18.36172,-66.11907,1.301919071E9,776110,776759
776662,18.36177,-66.11924,1.301919071E9,776110,776759
776662,18.361835,-66.11943,1.301919071E9,776110,776759
776662,18.361853,-66.11949,1.301919071E9,776110,776759
776662,18.361897,-66.11966,1.301919071E9,776110,776759
776662,18.361963,-66.11982,1.301919071E9,776110,776759
776662,18.36204,-66.11986,1.301919071E9,776110,776759
776662,18.362337,-66.11982,1.301919071E9,776110,776759
776662,18.362337,-66.11982,1.301919071E9,776110,776759
776662,18.362583,-66.11978,1.301919071E9,776110,776759
776662,18.36294,-66.119705,1.301919071E9,776110,776759
776662,18.363155,-66.1197,1.301919071E9,776110,776759
776662,18.363424,-66.11972,1.301919071E9,776110,776759
776662,18.36391,-66.11988,1.301919071E9,776110,776759
776662,18.363995,-66.12035,1.301919071E9,776110,776759
776662,18.36396,-66.12104,1.301919071E9,776110,776759
776662,18.363907,-66.12158,1.301919071E9,776110,776759
776662,18.363907,-66.12178,1.301919071E9,776110,776759
776662,18.363926,-66.121956,1.301919071E9,776110,776759
776662,18.363956,-66.12213,1.301919071E9,776110,776759
776662,18.363968,-66.122185,1.301919071E9,776110,776759
776662,18.363974,-66.12237,1.301919071E9,776110,776759
776662,18.363974,-66.12244,1.301919071E9,776110,776759
776662,18.36427,-66.12265,1.301919071E9,776110,776759
776662,18.36451,-66.12272,1.301919071E9,776110,776759
776662,18.364647,-66.122826,1.301919071E9,776110,776759
776662,18.36472,-66.122986,1.301919071E9,776110,776759
776662,18.364794,-66.12306,1.301919071E9,776110,776759
776662,18.364891,-66.123085,1.301919071E9,776110,776759
776662,18.364916,-66.12309,1.301919071E9,776110,776759
776662,18.365007,-66.12308,1.301919071E9,776110,776759
776662,18.365164,-66.12305,1.301919071E9,776110,776759
776662,18.365322,-66.12303,1.301919071E9,776110,776759
776662,18.3654,-66.123024,1.301919071E9,776110,776759
776662,18.3655,-66.12302,1.301919071E9,776110,776759
776662,18.365595,-66.12301,1.301919071E9,776110,776759
776662,18.36568,-66.12299,1.301919071E9,776110,776759
776662,18.365768,-66.12297,1.301919071E9,776110,776759
776662,18.365822,-66.12295,1.301919071E9,776110,776759
776662,18.366,-66.122925,1.301919071E9,776110,776759
776662,18.36605,-66.12292,1.301919071E9,776110,776759
776662,18.36616,-66.12292,1.301919071E9,776110,776759
776662,18.36625,-66.122925,1.301919071E9,776110,776759
776662,18.366339,-66.12298,1.301919071E9,776110,776759
776662,18.366394,-66.12307,1.301919071E9,776110,776759
776662,18.366396,-66.123245,1.301919071E9,776110,776759
776662,18.366396,-66.123245,1.301919071E9,776110,776759
776662,18.366314,-66.12333,1.301919071E9,776110,776759
776662,18.36621,-66.12337,1.301919071E9,776110,776759
776662,18.366037,-66.123405,1.301919071E9,776110,776759
776662,18.36588,-66.12342,1.301919071E9,776110,776759
776662,18.36583,-66.12342,1.301919071E9,776110,776759
776662,18.365742,-66.12341,1.301919071E9,776110,776759
776662,18.365742,-66.12341,1.301919071E9,776110,776759
776662,18.365643,-66.12336,1.301919071E9,776110,776759
776662,18.365551,-66.12326,1.301919071E9,776110,776759
776662,18.36547,-66.12318,1.301919071E9,776110,776759
776662,18.365423,-66.123146,1.301919071E9,776110,776759
776662,18.36533,-66.12312,1.301919071E9,776110,776759
776662,18.365162,-66.12316,1.301919071E9,776110,776759
776662,18.365059,-66.12316,1.301919071E9,776110,776759
776662,18.36504,-66.12316,1.301919071E9,776110,776759
776662,18.364971,-66.12313,1.301919071E9,776110,776759
776662,18.364925,-66.12311,1.301919071E9,776110,776759
776662,18.364925,-66.12311,1.301919071E9,776110,776759
776662,18.364925,-66.12311,1.301919071E9,776110,776759
776662,18.36647,-66.12309,1.301919071E9,776110,776759
776662,18.366335,-66.123245,1.301919071E9,776110,776759
776662,18.366194,-66.12333,1.301919071E9,776110,776759
776662,18.366043,-66.12337,1.301919071E9,776110,776759
776662,18.365889,-66.12336,1.301919071E9,776110,776759
776662,18.365759,-66.123405,1.301919071E9,776110,776759
776662,18.38048,-66.139366,1.301919071E9,776110,776759
776662,18.380503,-66.13932,1.301919071E9,776110,776759
776662,18.380674,-66.13927,1.301919071E9,776110,776759
776662,18.380789,-66.13928,1.301919071E9,776110,776759
776662,18.380882,-66.1393,1.301919071E9,776110,776759
776662,18.381002,-66.139305,1.301919071E9,776110,776759
776662,18.381166,-66.13931,1.301919071E9,776110,776759
776662,18.381327,-66.13934,1.301919071E9,776110,776759
776662,18.381498,-66.13936,1.301919071E9,776110,776759
776662,18.381678,-66.13934,1.301919071E9,776110,776759
776662,18.381977,-66.139336,1.301919071E9,776110,776759
776662,18.382149,-66.13933,1.301919071E9,776110,776759
776662,18.38242,-66.13931,1.301919071E9,776110,776759
776662,18.382618,-66.1393,1.301919071E9,776110,776759
776662,18.382717,-66.139015,1.3019