9
776662,51.52582,5.6828246,1.301919071E9,776110,776759
776662,51.525764,5.682952,1.301919071E9,776110,776759
776662,51.525684,5.6832204,1.301919071E9,776110,776759
776662,51.525635,5.683534,1.301919071E9,776110,776759
776662,51.525566,5.6837215,1.301919071E9,776110,776759
776662,51.52544,5.683766,1.301919071E9,776110,776759
776662,51.5254,5.6840687,1.301919071E9,776110,776759
776662,51.525387,5.6842012,1.301919071E9,776110,776759
776662,51.52535,5.684332,1.301919071E9,776110,776759
776662,51.52534,5.684475,1.301919071E9,776110,776759
776662,51.52535,5.684647,1.301919071E9,776110,776759
776662,51.525322,5.684828,1.301919071E9,776110,776759
776662,51.525307,5.6849895,1.301919071E9,776110,776759
776662,51.525276,5.6851463,1.301919071E9,776110,776759
776662,51.52524,5.685288,1.301919071E9,776110,776759
776662,51.5252,5.6855865,1.301919071E9,776110,776759
776662,51.525166,5.685719,1.301919071E9,776110,776759
776662,51.52515,5.6858716,1.301919071E9,776110,776759
776662,51.525124,5.6860104,1.301919071E9,776110,776759
776662,51.525093,5.686146,1.301919071E9,776110,776759
776662,51.525063,5.6862926,1.301919071E9,776110,776759
776662,51.525024,5.686429,1.301919071E9,776110,776759
776662,51.524994,5.6865597,1.301919071E9,776110,776759
776662,51.524986,5.6867323,1.301919071E9,776110,776759
776662,51.524963,5.686881,1.301919071E9,776110,776759
776662,51.52493,5.6870193,1.301919071E9,776110,776759
776662,51.52491,5.6871576,1.301919071E9,776110,776759
776662,51.524876,5.687305,1.301919071E9,776110,776759
776662,51.52485,5.6874614,1.301919071E9,776110,776759
776662,51.52482,5.687605,1.301919071E9,776110,776759
776662,51.524788,5.6877313,1.301919071E9,776110,776759
776662,51.52476,5.687861,1.301919071E9,776110,776759
776662,51.524742,5.688035,1.301919071E9,776110,776759
776662,51.524708,5.688178,1.301919071E9,776110,776759
776662,51.5247,5.6883216,1.301919071E9,776110,776759
776662,51.52468,5.688469,1.301919071E9,776110,776759
776662,51.52468,5.6886134,1.301919071E9,776110,776759
776662,51.52468,5.6887655,1.301919071E9,776110,776759
776662,51.52468,5.688906,1.301919071E9,776110,776759
776662,51.52463,5.689138,1.301919071E9,776110,776759
776662,51.524624,5.689273,1.301919071E9,776110,776759
776662,51.524586,5.689514,1.301919071E9,776110,776759
776662,51.52456,5.689651,1.301919071E9,776110,776759
776662,51.52453,5.689784,1.301919071E9,776110,776759
776662,51.524487,5.6899204,1.301919071E9,776110,776759
776662,51.52445,5.690053,1.301919071E9,776110,776759
776662,51.52441,5.690195,1.301919071E9,776110,776759
776662,51.524364,5.6903405,1.301919071E9,776110,776759
776662,51.524326,5.690582,1.301919071E9,776110,776759
776662,51.524292,5.690714,1.301919071E9,776110,776759
776662,51.524258,5.690935,1.301919071E9,776110,776759
776662,51.52424,5.691182,1.301919071E9,776110,776759
776662,51.52422,5.691362,1.301919071E9,776110,776759
776662,51.52416,5.691622,1.301919071E9,776110,776759
776662,51.524128,5.691752,1.301919071E9,776110,776759
776662,51.524094,5.6918726,1.301919071E9,776110,776759
776662,51.52407,5.6920075,1.301919071E9,776110,776759
776662,51.524055,5.6921434,1.301919071E9,776110,776759
776662,51.524,5.6923385,1.301919071E9,776110,776759
776662,51.523922,5.6925344,1.301919071E9,776110,776759
776662,51.52396,5.6926713,1.301919071E9,776110,776759
776662,51.524044,5.69271,1.301919071E9,776110,776759
776662,51.524185,5.6927557,1.301919071E9,776110,776759
776662,51.524284,5.692805,1.301919071E9,776110,776759
776662,51.524364,5.692831,1.301919071E9,776110,776759
776662,51.52445,5.6928544,1.301919071E9,776110,776759
776662,51.52454,5.69288,1.301919071E9,776110,776759
776662,51.524628,5.692915,1.301919071E9,776110,776759
776662,51.524727,5.6929345,1.301919071E9,776110,776759
776662,51.52481,5.6929703,1.301919071E9,776110,776759
776662,51.524914,5.6929936,1.301919071E9,776110,776759
776662,51.525005,5.6930275,1.301919071E9,776110,776759
776662,51.525093,5.693037,1.301919071E9,776110,776759
776662,51.525196,5.6930566,1.301919071E9,776110,776759
776662,51.525288,5.693025,1.301919071E9,776110,776759
776662,51.52538,5.693014,1.301919071E9,776110,776759
776662,51.525463,5.692982,1.301919071E9,776110,776759
776662,51.525616,5.692881,1.301919071E9,776110,776759
776662,51.52576,5.692755,1.301919071E9,776110,776759
776662,51.52589,5.6926537,1.301919071E9,776110,776759
776662,51.52597,5.6926208,1.301919071E9,776110,776759
776662,51.52604,5.692735,1.301919071E9,776110,776759
776662,51.526108,5.6929517,1.301919071E9,776110,776759
776662,51.526115,5.693204,1.301919071E9,776110,776759
776662,51.526123,5.693343,1.301919071E9,776110,776759
776662,51.526142,5.693484,1.301919071E9,776110,776759
776662,51.526157,5.693627,1.301919071E9,776110,776759
776662,51.526184,5.693755,1.301919071E9,776110,776759
776662,51.526203,5.6939397,1.301919071E9,776110,776759
776662,51.526245,5.6940904,1.301919071E9,776110,776759
776662,51.52626,5.6942244,1.301919071E9,776110,776759
776662,51.52628,5.6943583,1.301919071E9,776110,776759
776662,51.52631,5.694526,1.301919071E9,776110,776759
776662,51.526344,5.694782,1.301919071E9,776110,776759
776662,51.52636,5.694924,1.301919071E9,776110,776759
776662,51.52638,5.695167,1.301919071E9,776110,776759
776662,51.5264,5.6953206,1.301919071E9,776110,776759
776662,51.526432,5.695494,1.301919071E9,776110,776759
776662,51.52646,5.6956453,1.301919071E9,776110,776759
776662,51.526493,5.6957984,1.301919071E9,776110,776759
776662,51.526535,5.6959205,1.301919071E9,776110,776759
776662,51.526585,5.6960387,1.301919071E9,776110,776759
776662,51.5267,5.696159,1.301919071E9,776110,776759
776662,51.526833,5.696326,1.301919071E9,776110,776759
776662,51.52691,5.696414,1.301919071E9,776110,776759
776662,51.527,5.6965356,1.301919071E9,776110,776759
776662,51.52708,5.6966314,1.301919071E9,776110,776759
776662,51.527157,5.696719,1.301919071E9,776110,776759
776662,51.527306,5.6968784,1.301919071E9,776110,776759
776662,51.52738,5.6969705,1.301919071E9,776110,776759
776662,51.527454,5.6970897,1.301919071E9,776110,776759
776662,51.527557,5.697203,1.301919071E9,776110,776759
776662,51.527637,5.6973,1.301919071E9,776110,776759
776662,51.52772,5.6973963,1.301919071E9,776110,776759
776662,51.52781,5.697538,1.301919071E9,776110,776759
776662,51.52789,5.6976485,1.301919071E9,776110,776759
776662,51.52796,5.697734,1.301919071E9,776110,776759
776662,51.528034,5.6978292,1.301919071E9,776110,776759
776662,51.528126,5.697966,1.301919071E9,776110,776759
776662,51.528202,5.698079,1.301919071E9,776110,776759
776662,51.528282,5.6981535,1.301919071E9,776110,776759
776662,51.528416,5.6983085,1.301919071E9,776110,776759
776662,51.528484,5.698404,1.301919071E9,776110,776759
776662,51.528564,5.698474,1.301919071E9,776110,776759
776662,51.528656,5.6986046,1.301919071E9,776110,776759
776662,51.52874,5.698695,1.301919071E9,776110,776759
776662,51.528828,5.6987934,1.301919071E9,776110,776759
776662,51.528896,5.6988688,1.301919071E9,776110,776759
776662,51.528973,5.698935,1.301919071E9,776110,776759
776662,51.52906,5.6990223,1.301919071E9,776110,776759
776662,51.52916,5.6991277,1.301919071E9,776110,776759
776662,51.529247,5.6992273,1.301919071E9,776110,776759
776662,51.52932,5.6992946,1.301919071E9,776110,776759
776662,51.529404,5.699367,1.301919071E9,776110,776759
776662,51.529484,5.6994514,1.301919071E9,776110,776759
776662,51.529568,5.699553,1.301919071E9,776110,776759
776662,51.529705,5.699656,1.301919071E9,776110,776759
776662,51.529842,5.699753,1.301919071E9,776110,776759
776662,51.52992,5.699828,1.301919071E9,776110,776759
776662,51.529995,5.699883,1.301919071E9,776110,776759
776662,51.530125,5.6999674,1.301919071E9,776110,776759
776662,51.53028,5.700045,1.301919071E9,776110,776759
776662,51.530407,5.700118,1.301919071E9,776110,776759
776662,51.53054,5.700178,1.301919071E9,776110,776759
776662,51.530674,5.700284,1.301919071E9,776110,776759
776662,51.530823,5.7004013,1.301919071E9,776110,776759
776662,51.530895,5.7004766,1.301919071E9,776110,776759
776662,51.531033,5.7005935,1.301919071E9,776110,776759
776662,51.5