1.301919071E9,776110,776759
776662,38.69694,-90.496315,1.301919071E9,776110,776759
776662,38.69702,-90.496376,1.301919071E9,776110,776759
776662,38.697117,-90.496445,1.301919071E9,776110,776759
776662,38.69721,-90.49652,1.301919071E9,776110,776759
776662,38.697292,-90.496605,1.301919071E9,776110,776759
776662,38.697376,-90.49669,1.301919071E9,776110,776759
776662,38.697453,-90.49678,1.301919071E9,776110,776759
776662,38.697525,-90.49685,1.301919071E9,776110,776759
776662,38.69761,-90.496925,1.301919071E9,776110,776759
776662,38.6977,-90.497,1.301919071E9,776110,776759
776662,38.697792,-90.49708,1.301919071E9,776110,776759
776662,38.697884,-90.49716,1.301919071E9,776110,776759
776662,38.697956,-90.49724,1.301919071E9,776110,776759
776662,38.698036,-90.4973,1.301919071E9,776110,776759
776662,38.698112,-90.49737,1.301919071E9,776110,776759
776662,38.698196,-90.49744,1.301919071E9,776110,776759
776662,38.698303,-90.49749,1.301919071E9,776110,776759
776662,38.698395,-90.49752,1.301919071E9,776110,776759
776662,38.6985,-90.49754,1.301919071E9,776110,776759
776662,38.698597,-90.49761,1.301919071E9,776110,776759
776662,38.698704,-90.497635,1.301919071E9,776110,776759
776662,38.69881,-90.497635,1.301919071E9,776110,776759
776662,38.69891,-90.49764,1.301919071E9,776110,776759
776662,38.699017,-90.49762,1.301919071E9,776110,776759
776662,38.699112,-90.4976,1.301919071E9,776110,776759
776662,38.699207,-90.49756,1.301919071E9,776110,776759
776662,38.699306,-90.49751,1.301919071E9,776110,776759
776662,38.6994,-90.49747,1.301919071E9,776110,776759
776662,38.699497,-90.49743,1.301919071E9,776110,776759
776662,38.6996,-90.49738,1.301919071E9,776110,776759
776662,38.699696,-90.49734,1.301919071E9,776110,776759
776662,38.69975,-90.49724,1.301919071E9,776110,776759
776662,38.699806,-90.49712,1.301919071E9,776110,776759
776662,38.699886,-90.49703,1.301919071E9,776110,776759
776662,38.69997,-90.496994,1.301919071E9,776110,776759
776662,38.70006,-90.496956,1.301919071E9,776110,776759
776662,38.700157,-90.49693,1.301919071E9,776110,776759
776662,38.70025,-90.4969,1.301919071E9,776110,776759
776662,38.700344,-90.496895,1.301919071E9,776110,776759
776662,38.700443,-90.49689,1.301919071E9,776110,776759
776662,38.70054,-90.49687,1.301919071E9,776110,776759
776662,38.700645,-90.49683,1.301919071E9,776110,776759
776662,38.70075,-90.49681,1.301919071E9,776110,776759
776662,38.700844,-90.49679,1.301919071E9,776110,776759
776662,38.700943,-90.49677,1.301919071E9,776110,776759
776662,38.70104,-90.49675,1.301919071E9,776110,776759
776662,38.701145,-90.496735,1.301919071E9,776110,776759
776662,38.701237,-90.49671,1.301919071E9,776110,776759
776662,38.70134,-90.49667,1.301919071E9,776110,776759
776662,38.701447,-90.49666,1.301919071E9,776110,776759
776662,38.701534,-90.496635,1.301919071E9,776110,776759
776662,38.701637,-90.49663,1.301919071E9,776110,776759
776662,38.70174,-90.4966,1.301919071E9,776110,776759
776662,38.701843,-90.49657,1.301919071E9,776110,776759
776662,38.701954,-90.496544,1.301919071E9,776110,776759
776662,38.702057,-90.49652,1.301919071E9,776110,776759
776662,38.70216,-90.49653,1.301919071E9,776110,776759
776662,38.70226,-90.49651,1.301919071E9,776110,776759
776662,38.70235,-90.496506,1.301919071E9,776110,776759
776662,38.702457,-90.49648,1.301919071E9,776110,776759
776662,38.702557,-90.49646,1.301919071E9,776110,776759
776662,38.70266,-90.49644,1.301919071E9,776110,776759
776662,38.70276,-90.49641,1.301919071E9,776110,776759
776662,38.702866,-90.49639,1.301919071E9,776110,776759
776662,38.70297,-90.49639,1.301919071E9,776110,776759
776662,38.70307,-90.49639,1.301919071E9,776110,776759
776662,38.703186,-90.4964,1.301919071E9,776110,776759
776662,38.70328,-90.49641,1.301919071E9,776110,776759
776662,38.70338,-90.496376,1.301919071E9,776110,776759
776662,38.70347,-90.496346,1.301919071E9,776110,776759
776662,38.70356,-90.496284,1.301919071E9,776110,776759
776662,38.703632,-90.49621,1.301919071E9,776110,776759
776662,38.7037,-90.4961,1.301919071E9,776110,776759
776662,38.70373,-90.49599,1.301919071E9,776110,776759
776662,38.70373,-90.49585,1.301919071E9,776110,776759
776662,38.703716,-90.49572,1.301919071E9,776110,776759
776662,38.703705,-90.4956,1.301919071E9,776110,776759
776662,38.703747,-90.49548,1.301919071E9,776110,776759
776662,38.70381,-90.4954,1.301919071E9,776110,776759
776662,38.70388,-90.495316,1.301919071E9,776110,776759
776662,38.703945,-90.49523,1.301919071E9,776110,776759
776662,38.70402,-90.495155,1.301919071E9,776110,776759
776662,38.704098,-90.49506,1.301919071E9,776110,776759
776662,38.70417,-90.49498,1.301919071E9,776110,776759
776662,38.704205,-90.494865,1.301919071E9,776110,776759
776662,38.7042,-90.494736,1.301919071E9,776110,776759
776662,38.704193,-90.49462,1.301919071E9,776110,776759
776662,38.704193,-90.4945,1.301919071E9,776110,776759
776662,38.704205,-90.494385,1.301919071E9,776110,776759
776662,38.704243,-90.494255,1.301919071E9,776110,776759
776662,38.704304,-90.49414,1.301919071E9,776110,776759
776662,38.70436,-90.49405,1.301919071E9,776110,776759
776662,38.70444,-90.49392,1.301919071E9,776110,776759
776662,38.704487,-90.49381,1.301919071E9,776110,776759
776662,38.704525,-90.4937,1.301919071E9,776110,776759
776662,38.70457,-90.4936,1.301919071E9,776110,776759
776662,38.70462,-90.4935,1.301919071E9,776110,776759
776662,38.7047,-90.49342,1.301919071E9,776110,776759
776662,38.704796,-90.493416,1.301919071E9,776110,776759
776662,38.7049,-90.493385,1.301919071E9,776110,776759
776662,38.704998,-90.49332,1.301919071E9,776110,776759
776662,38.705074,-90.493225,1.301919071E9,776110,776759
776662,38.705135,-90.49311,1.301919071E9,776110,776759
776662,38.70517,-90.49299,1.301919071E9,776110,776759
776662,38.7052,-90.49287,1.301919071E9,776110,776759
776662,38.70522,-90.49273,1.301919071E9,776110,776759
776662,38.70521,-90.49261,1.301919071E9,776110,776759
776662,38.7052,-90.49248,1.301919071E9,776110,776759
776662,38.705204,-90.49234,1.301919071E9,776110,776759
776662,38.705185,-90.4922,1.301919071E9,776110,776759
776662,38.705193,-90.49208,1.301919071E9,776110,776759
776662,38.705177,-90.49194,1.301919071E9,776110,776759
776662,38.705177,-90.49183,1.301919071E9,776110,776759
776662,38.705147,-90.49169,1.301919071E9,776110,776759
776662,38.705147,-90.49157,1.301919071E9,776110,776759
776662,38.705154,-90.49145,1.301919071E9,776110,776759
776662,38.705147,-90.491325,1.301919071E9,776110,776759
776662,38.70513,-90.491196,1.301919071E9,776110,776759
776662,38.705097,-90.491066,1.301919071E9,776110,776759
776662,38.7051,-90.49095,1.301919071E9,776110,776759
776662,38.70509,-90.49083,1.301919071E9,776110,776759
776662,38.705093,-90.49071,1.301919071E9,776110,776759
776662,38.705147,-90.4906,1.301919071E9,776110,776759
776662,38.7052,-90.49051,1.301919071E9,776110,776759
776662,38.705254,-90.4904,1.301919071E9,776110,776759
776662,38.70533,-90.49031,1.301919071E9,776110,776759
776662,38.705414,-90.490234,1.301919071E9,776110,776759
776662,38.705505,-90.49018,1.301919071E9,776110,776759
776662,38.705597,-90.49016,1.301919071E9,776110,776759
776662,38.705685,-90.49012,1.301919071E9,776110,776759
776662,38.705776,-90.4901,1.301919071E9,776110,776759
776662,38.70587,-90.4901,1.301919071E9,776110,776759
776662,38.705967,-90.4901,1.301919071E9,776110,776759
776662,38.70606,-90.49011,1.301919071E9,776110,776759
776662,38.706165,-90.49015,1.301919071E9,776110,776759
776662,38.706272,-90.49012,1.301919071E9,776110,776759
776662,38.70638,-90.4901,1.301919071E9,776110,776759
776662,38.706486,-90.490074,1.301919071E9,776110,776759
776662,38.706608,-90.49006,1.301919071E9,776110,776759
776662,38.70665,-90.48994,1.301919071E9,776110,776759
776662,38.706688,-90.48982,1.301919071E9,776110,776759
776662,38.706722,-90.489685,1.301919071E9,776110,776759
776662,38.706745,-90.48956,1.301919071E9,776110,776759
776662,38.70675,-90.48943,1.301919071E9,776110,776759
776662,38.706757,-90.4893,1.301919071E9,776110,776759
776662,38.706814,-90.48918,1.301919071E9,776110,776759
776