303112,1.301919071E9,776110,776759
776662,48.86942,2.303213,1.301919071E9,776110,776759
776662,48.869473,2.303326,1.301919071E9,776110,776759
776662,48.86955,2.303427,1.301919071E9,776110,776759
776662,48.869602,2.303554,1.301919071E9,776110,776759
776662,48.86967,2.303653,1.301919071E9,776110,776759
776662,48.869747,2.303751,1.301919071E9,776110,776759
776662,48.86983,2.303823,1.301919071E9,776110,776759
776662,48.869907,2.303897,1.301919071E9,776110,776759
776662,48.869957,2.304042,1.301919071E9,776110,776759
776662,48.869984,2.304212,1.301919071E9,776110,776759
776662,48.870007,2.304367,1.301919071E9,776110,776759
776662,48.869995,2.304535,1.301919071E9,776110,776759
776662,48.870007,2.304672,1.301919071E9,776110,776759
776662,48.870056,2.304843,1.301919071E9,776110,776759
776662,48.870174,2.304932,1.301919071E9,776110,776759
776662,48.870296,2.304868,1.301919071E9,776110,776759
776662,48.870384,2.304717,1.301919071E9,776110,776759
776662,48.870457,2.304589,1.301919071E9,776110,776759
776662,48.87052,2.304472,1.301919071E9,776110,776759
776662,48.87057,2.304334,1.301919071E9,776110,776759
776662,48.87062,2.304213,1.301919071E9,776110,776759
776662,48.870693,2.304092,1.301919071E9,776110,776759
776662,48.87074,2.303967,1.301919071E9,776110,776759
776662,48.87084,2.30393,1.301919071E9,776110,776759
776662,48.87089,2.303913,1.301919071E9,776110,776759
776662,48.855877,2.326024,1.301919071E9,776110,776759
776662,48.85579,2.325922,1.301919071E9,776110,776759
776662,48.855682,2.325915,1.301919071E9,776110,776759
776662,48.85559,2.325934,1.301919071E9,776110,776759
776662,48.855503,2.32596,1.301919071E9,776110,776759
776662,48.855408,2.325975,1.301919071E9,776110,776759
776662,48.85531,2.325994,1.301919071E9,776110,776759
776662,48.855206,2.325947,1.301919071E9,776110,776759
776662,48.85509,2.325926,1.301919071E9,776110,776759
776662,48.854973,2.325939,1.301919071E9,776110,776759
776662,48.85488,2.325935,1.301919071E9,776110,776759
776662,48.85479,2.325948,1.301919071E9,776110,776759
776662,48.8547,2.325953,1.301919071E9,776110,776759
776662,48.854607,2.325977,1.301919071E9,776110,776759
776662,48.85449,2.32598,1.301919071E9,776110,776759
776662,48.854374,2.325982,1.301919071E9,776110,776759
776662,48.85426,2.325997,1.301919071E9,776110,776759
776662,48.854168,2.326046,1.301919071E9,776110,776759
776662,48.854076,2.32606,1.301919071E9,776110,776759
776662,48.85397,2.326065,1.301919071E9,776110,776759
776662,48.85387,2.326076,1.301919071E9,776110,776759
776662,48.853767,2.32608,1.301919071E9,776110,776759
776662,48.853638,2.3261,1.301919071E9,776110,776759
776662,48.853516,2.326098,1.301919071E9,776110,776759
776662,48.853428,2.326141,1.301919071E9,776110,776759
776662,48.853344,2.326226,1.301919071E9,776110,776759
776662,48.853252,2.326275,1.301919071E9,776110,776759
776662,48.85314,2.326292,1.301919071E9,776110,776759
776662,48.85302,2.326281,1.301919071E9,776110,776759
776662,48.85293,2.326299,1.301919071E9,776110,776759
776662,48.852802,2.326322,1.301919071E9,776110,776759
776662,48.8527,2.326338,1.301919071E9,776110,776759
776662,48.85259,2.326377,1.301919071E9,776110,776759
776662,48.85249,2.326396,1.301919071E9,776110,776759
776662,48.85239,2.326431,1.301919071E9,776110,776759
776662,48.852303,2.326507,1.301919071E9,776110,776759
776662,48.8522,2.326592,1.301919071E9,776110,776759
776662,48.8521,2.326609,1.301919071E9,776110,776759
776662,48.851994,2.32662,1.301919071E9,776110,776759
776662,48.851894,2.32666,1.301919071E9,776110,776759
776662,48.85178,2.326703,1.301919071E9,776110,776759
776662,48.851704,2.326775,1.301919071E9,776110,776759
776662,48.851616,2.326863,1.301919071E9,776110,776759
776662,48.851536,2.326957,1.301919071E9,776110,776759
776662,48.85143,2.326989,1.301919071E9,776110,776759
776662,48.851322,2.327016,1.301919071E9,776110,776759
776662,48.851215,2.327036,1.301919071E9,776110,776759
776662,48.851112,2.327064,1.301919071E9,776110,776759
776662,48.85101,2.327125,1.301919071E9,776110,776759
776662,48.85091,2.327175,1.301919071E9,776110,776759
776662,48.85082,2.327236,1.301919071E9,776110,776759
776662,48.85068,2.327321,1.301919071E9,776110,776759
776662,48.85059,2.327411,1.301919071E9,776110,776759
776662,48.850483,2.327486,1.301919071E9,776110,776759
776662,48.85039,2.327536,1.301919071E9,776110,776759
776662,48.850304,2.327579,1.301919071E9,776110,776759
776662,48.850197,2.327629,1.301919071E9,776110,776759
776662,48.850124,2.327736,1.301919071E9,776110,776759
776662,48.85002,2.327812,1.301919071E9,776110,776759
776662,48.849926,2.3279,1.301919071E9,776110,776759
776662,48.84986,2.32804,1.301919071E9,776110,776759
776662,48.849785,2.328135,1.301919071E9,776110,776759
776662,48.849678,2.328224,1.301919071E9,776110,776759
776662,48.849594,2.328299,1.301919071E9,776110,776759
776662,48.849518,2.328394,1.301919071E9,776110,776759
776662,48.849422,2.328418,1.301919071E9,776110,776759
776662,48.849316,2.328441,1.301919071E9,776110,776759
776662,48.849228,2.328498,1.301919071E9,776110,776759
776662,48.84914,2.328565,1.301919071E9,776110,776759
776662,48.849052,2.328632,1.301919071E9,776110,776759
776662,48.849052,2.328632,1.301919071E9,776110,776759
776662,48.84896,2.328653,1.301919071E9,776110,776759
776662,48.848866,2.328697,1.301919071E9,776110,776759
776662,48.84878,2.328765,1.301919071E9,776110,776759
776662,48.848667,2.328824,1.301919071E9,776110,776759
776662,48.84856,2.328902,1.301919071E9,776110,776759
776662,48.848442,2.328966,1.301919071E9,776110,776759
776662,48.84834,2.329029,1.301919071E9,776110,776759
776662,48.848244,2.329064,1.301919071E9,776110,776759
776662,48.84815,2.329086,1.301919071E9,776110,776759
776662,48.848026,2.329089,1.301919071E9,776110,776759
776662,48.84793,2.329074,1.301919071E9,776110,776759
776662,48.847816,2.329152,1.301919071E9,776110,776759
776662,48.84772,2.32923,1.301919071E9,776110,776759
776662,48.847694,2.329429,1.301919071E9,776110,776759
776662,48.847683,2.329638,1.301919071E9,776110,776759
776662,48.84769,2.329806,1.301919071E9,776110,776759
776662,48.847694,2.32995,1.301919071E9,776110,776759
776662,48.8477,2.330135,1.301919071E9,776110,776759
776662,48.847748,2.330301,1.301919071E9,776110,776759
776662,48.847847,2.330425,1.301919071E9,776110,776759
776662,48.847946,2.330522,1.301919071E9,776110,776759
776662,48.84802,2.330605,1.301919071E9,776110,776759
776662,48.848076,2.33073,1.301919071E9,776110,776759
776662,48.84809,2.330889,1.301919071E9,776110,776759
776662,48.84821,2.330963,1.301919071E9,776110,776759
776662,48.848286,2.331082,1.301919071E9,776110,776759
776662,48.848343,2.331234,1.301919071E9,776110,776759
776662,48.848385,2.331411,1.301919071E9,776110,776759
776662,48.848373,2.331582,1.301919071E9,776110,776759
776662,48.84837,2.331719,1.301919071E9,776110,776759
776662,48.848392,2.331879,1.301919071E9,776110,776759
776662,48.848446,2.332004,1.301919071E9,776110,776759
776662,48.848503,2.332206,1.301919071E9,776110,776759
776662,48.848553,2.332347,1.301919071E9,776110,776759
776662,48.848583,2.332484,1.301919071E9,776110,776759
776662,48.848476,2.332473,1.301919071E9,776110,776759
776662,48.848377,2.33253,1.301919071E9,776110,776759
776662,48.848293,2.33262,1.301919071E9,776110,776759
776662,48.84821,2.332724,1.301919071E9,776110,776759
776662,48.84812,2.332773,1.301919071E9,776110,776759
776662,48.84802,2.332809,1.301919071E9,776110,776759
776662,48.847904,2.332851,1.301919071E9,776110,776759
776662,48.84781,2.332932,1.301919071E9,776110,776759
776662,48.847736,2.333061,1.301919071E9,776110,776759
776662,48.84766,2.333187,1.301919071E9,776110,776759
776662,48.847576,2.3333,1.301919071E9,776110,776759
776662,48.84748,2.333393,1.301919071E9,776110,776759
776662,48.84737,2.333411,1.301919071E9,776110,776759
776662,48.847282,2.333378,1.301919071E9,776110,776759
776662,48.847176,2.333356,1.301919071E9,776110,776759
776662,48.847088,2.333403,1.301919071E9,776110,776759
776662,48.84699,2.333482,1.301919071E9,776110,776759
776662,48.846893,2.33357,1.301919071E9,776110,776759
776662