2,42.341286,-71.08683,1.301919071E9,776110,776759
776662,42.34118,-71.08687,1.301919071E9,776110,776759
776662,42.34108,-71.08687,1.301919071E9,776110,776759
776662,42.341,-71.086945,1.301919071E9,776110,776759
776662,42.34095,-71.08705,1.301919071E9,776110,776759
776662,42.3409,-71.08717,1.301919071E9,776110,776759
776662,42.340862,-71.08728,1.301919071E9,776110,776759
776662,42.340824,-71.08742,1.301919071E9,776110,776759
776662,42.340775,-71.087555,1.301919071E9,776110,776759
776662,42.34072,-71.08768,1.301919071E9,776110,776759
776662,42.3407,-71.0878,1.301919071E9,776110,776759
776662,42.340637,-71.08793,1.301919071E9,776110,776759
776662,42.340595,-71.08805,1.301919071E9,776110,776759
776662,42.340557,-71.088196,1.301919071E9,776110,776759
776662,42.340515,-71.08835,1.301919071E9,776110,776759
776662,42.34052,-71.08849,1.301919071E9,776110,776759
776662,42.340527,-71.08864,1.301919071E9,776110,776759
776662,42.34052,-71.08877,1.301919071E9,776110,776759
776662,42.340492,-71.0889,1.301919071E9,776110,776759
776662,42.340443,-71.08905,1.301919071E9,776110,776759
776662,42.340397,-71.089165,1.301919071E9,776110,776759
776662,42.340347,-71.089294,1.301919071E9,776110,776759
776662,42.340282,-71.08944,1.301919071E9,776110,776759
776662,42.340237,-71.08955,1.301919071E9,776110,776759
776662,42.340176,-71.08968,1.301919071E9,776110,776759
776662,42.340126,-71.0898,1.301919071E9,776110,776759
776662,42.340073,-71.0899,1.301919071E9,776110,776759
776662,42.340008,-71.09001,1.301919071E9,776110,776759
776662,42.33996,-71.090126,1.301919071E9,776110,776759
776662,42.33991,-71.090256,1.301919071E9,776110,776759
776662,42.33985,-71.09039,1.301919071E9,776110,776759
776662,42.339813,-71.09052,1.301919071E9,776110,776759
776662,42.339783,-71.09066,1.301919071E9,776110,776759
776662,42.33973,-71.09078,1.301919071E9,776110,776759
776662,42.339657,-71.090904,1.301919071E9,776110,776759
776662,42.339596,-71.09103,1.301919071E9,776110,776759
776662,42.33957,-71.091156,1.301919071E9,776110,776759
776662,42.33951,-71.0913,1.301919071E9,776110,776759
776662,42.339462,-71.091446,1.301919071E9,776110,776759
776662,42.33941,-71.091576,1.301919071E9,776110,776759
776662,42.339355,-71.09169,1.301919071E9,776110,776759
776662,42.33931,-71.09182,1.301919071E9,776110,776759
776662,42.33928,-71.091934,1.301919071E9,776110,776759
776662,42.339233,-71.09206,1.301919071E9,776110,776759
776662,42.339176,-71.092155,1.301919071E9,776110,776759
776662,42.33913,-71.09226,1.301919071E9,776110,776759
776662,42.339073,-71.092384,1.301919071E9,776110,776759
776662,42.33903,-71.09249,1.301919071E9,776110,776759
776662,42.339005,-71.09262,1.301919071E9,776110,776759
776662,42.338974,-71.09277,1.301919071E9,776110,776759
776662,42.33892,-71.093,1.301919071E9,776110,776759
776662,42.338863,-71.09314,1.301919071E9,776110,776759
776662,42.338818,-71.09327,1.301919071E9,776110,776759
776662,42.338776,-71.09339,1.301919071E9,776110,776759
776662,42.33873,-71.09354,1.301919071E9,776110,776759
776662,42.3387,-71.09367,1.301919071E9,776110,776759
776662,42.338665,-71.09379,1.301919071E9,776110,776759
776662,42.338623,-71.093925,1.301919071E9,776110,776759
776662,42.33858,-71.09408,1.301919071E9,776110,776759
776662,42.33854,-71.09421,1.301919071E9,776110,776759
776662,42.338497,-71.09433,1.301919071E9,776110,776759
776662,42.338417,-71.094444,1.301919071E9,776110,776759
776662,42.33834,-71.09451,1.301919071E9,776110,776759
776662,42.33827,-71.09461,1.301919071E9,776110,776759
776662,42.33819,-71.094734,1.301919071E9,776110,776759
776662,42.338142,-71.09484,1.301919071E9,776110,776759
776662,42.33808,-71.09496,1.301919071E9,776110,776759
776662,42.33799,-71.095055,1.301919071E9,776110,776759
776662,42.33791,-71.095116,1.301919071E9,776110,776759
776662,42.33784,-71.09523,1.301919071E9,776110,776759
776662,42.33778,-71.09535,1.301919071E9,776110,776759
776662,42.33772,-71.0955,1.301919071E9,776110,776759
776662,42.337715,-71.09565,1.301919071E9,776110,776759
776662,42.337723,-71.09577,1.301919071E9,776110,776759
776662,42.337715,-71.09593,1.301919071E9,776110,776759
776662,42.337696,-71.09605,1.301919071E9,776110,776759
776662,42.33765,-71.09618,1.301919071E9,776110,776759
776662,42.337597,-71.09631,1.301919071E9,776110,776759
776662,42.337547,-71.09643,1.301919071E9,776110,776759
776662,42.337505,-71.096535,1.301919071E9,776110,776759
776662,42.33746,-71.09666,1.301919071E9,776110,776759
776662,42.33741,-71.096794,1.301919071E9,776110,776759
776662,42.337364,-71.09692,1.301919071E9,776110,776759
776662,42.33732,-71.09702,1.301919071E9,776110,776759
776662,42.337276,-71.09717,1.301919071E9,776110,776759
776662,42.337227,-71.09728,1.301919071E9,776110,776759
776662,42.33719,-71.09742,1.301919071E9,776110,776759
776662,42.337097,-71.09755,1.301919071E9,776110,776759
776662,42.337013,-71.09761,1.301919071E9,776110,776759
776662,42.33693,-71.09774,1.301919071E9,776110,776759
776662,42.33686,-71.09788,1.301919071E9,776110,776759
776662,42.336803,-71.097984,1.301919071E9,776110,776759
776662,42.336746,-71.098114,1.301919071E9,776110,776759
776662,42.336685,-71.09823,1.301919071E9,776110,776759
776662,42.336636,-71.098335,1.301919071E9,776110,776759
776662,42.336597,-71.09847,1.301919071E9,776110,776759
776662,42.336594,-71.0986,1.301919071E9,776110,776759
776662,42.33659,-71.09873,1.301919071E9,776110,776759
776662,42.336567,-71.098885,1.301919071E9,776110,776759
776662,42.33653,-71.09902,1.301919071E9,776110,776759
776662,42.336494,-71.09915,1.301919071E9,776110,776759
776662,42.336452,-71.09928,1.301919071E9,776110,776759
776662,42.336414,-71.099396,1.301919071E9,776110,776759
776662,42.336388,-71.09951,1.301919071E9,776110,776759
776662,42.336346,-71.099655,1.301919071E9,776110,776759
776662,42.33628,-71.0998,1.301919071E9,776110,776759
776662,42.33623,-71.099915,1.301919071E9,776110,776759
776662,42.336178,-71.100044,1.301919071E9,776110,776759
776662,42.33609,-71.100136,1.301919071E9,776110,776759
776662,42.336056,-71.100266,1.301919071E9,776110,776759
776662,42.33608,-71.100426,1.301919071E9,776110,776759
776662,42.336086,-71.10055,1.301919071E9,776110,776759
776662,42.336094,-71.10071,1.301919071E9,776110,776759
776662,42.3361,-71.100845,1.301919071E9,776110,776759
776662,42.336143,-71.10098,1.301919071E9,776110,776759
776662,42.336197,-71.10112,1.301919071E9,776110,776759
776662,42.33623,-71.10126,1.301919071E9,776110,776759
776662,42.33622,-71.10139,1.301919071E9,776110,776759
776662,42.33622,-71.10152,1.301919071E9,776110,776759
776662,42.33626,-71.10166,1.301919071E9,776110,776759
776662,42.336308,-71.1018,1.301919071E9,776110,776759
776662,42.33635,-71.10192,1.301919071E9,776110,776759
776662,42.336395,-71.10206,1.301919071E9,776110,776759
776662,42.336445,-71.102165,1.301919071E9,776110,776759
776662,42.336494,-71.1023,1.301919071E9,776110,776759
776662,42.33655,-71.10241,1.301919071E9,776110,776759
776662,42.33664,-71.10249,1.301919071E9,776110,776759
776662,42.336727,-71.10257,1.301919071E9,776110,776759
776662,42.336784,-71.10269,1.301919071E9,776110,776759
776662,42.33679,-71.10281,1.301919071E9,776110,776759
776662,42.336803,-71.10295,1.301919071E9,776110,776759
776662,42.33685,-71.10309,1.301919071E9,776110,776759
776662,42.3369,-71.10321,1.301919071E9,776110,776759
776662,42.336952,-71.10331,1.301919071E9,776110,776759
776662,42.337025,-71.10341,1.301919071E9,776110,776759
776662,42.337105,-71.10351,1.301919071E9,776110,776759
776662,42.337166,-71.10363,1.301919071E9,776110,776759
776662,42.337193,-71.103745,1.301919071E9,776110,776759
776662,42.3372,-71.103905,1.301919071E9,776110,776759
776662,42.33722,-71.104034,1.301919071E9,776110,776759
776662,42.337257,-71.104164,1.301919071E9,776110,776759
776662,42.337288,-71.10429,1.301919071E9,776110,776759
776662,42.337357,-71.10441,1.301919071E9,776110,776759
776662,42.337418,-71.10453,1.301919071E9,776110,776759
776662,42.337467,-71.10464,1.301919071E9,776110,776759
776662,42.337555,-71.104774,1.301919071E9,776110,776759
776662,42.337616