776759
776662,18.363127,-66.11952,1.301919071E9,776110,776759
776662,18.363214,-66.1195,1.301919071E9,776110,776759
776662,18.363369,-66.11947,1.301919071E9,776110,776759
776662,18.363527,-66.11946,1.301919071E9,776110,776759
776662,18.36361,-66.11948,1.301919071E9,776110,776759
776662,18.363781,-66.11948,1.301919071E9,776110,776759
776662,18.363945,-66.11946,1.301919071E9,776110,776759
776662,18.364107,-66.11949,1.301919071E9,776110,776759
776662,18.364162,-66.11952,1.301919071E9,776110,776759
776662,18.364216,-66.1197,1.301919071E9,776110,776759
776662,18.364153,-66.11986,1.301919071E9,776110,776759
776662,18.364035,-66.11998,1.301919071E9,776110,776759
776662,18.363976,-66.12013,1.301919071E9,776110,776759
776662,18.363943,-66.120316,1.301919071E9,776110,776759
776662,18.363878,-66.120544,1.301919071E9,776110,776759
776662,18.363878,-66.120544,1.301919071E9,776110,776759
776662,18.363852,-66.12072,1.301919071E9,776110,776759
776662,18.36384,-66.12089,1.301919071E9,776110,776759
776662,18.36383,-66.121056,1.301919071E9,776110,776759
776662,18.363821,-66.121216,1.301919071E9,776110,776759
776662,18.363832,-66.12139,1.301919071E9,776110,776759
776662,18.36383,-66.121574,1.301919071E9,776110,776759
776662,18.363838,-66.121735,1.301919071E9,776110,776759
776662,18.36385,-66.12191,1.301919071E9,776110,776759
776662,18.363857,-66.12208,1.301919071E9,776110,776759
776662,18.363892,-66.12224,1.301919071E9,776110,776759
776662,18.363989,-66.122375,1.301919071E9,776110,776759
776662,18.364132,-66.122444,1.301919071E9,776110,776759
776662,18.3642,-66.12245,1.301919071E9,776110,776759
776662,18.364351,-66.12249,1.301919071E9,776110,776759
776662,18.364487,-66.12259,1.301919071E9,776110,776759
776662,18.36465,-66.122604,1.301919071E9,776110,776759
776662,18.364758,-66.12273,1.301919071E9,776110,776759
776662,18.36475,-66.12289,1.301919071E9,776110,776759
776662,18.364798,-66.12305,1.301919071E9,776110,776759
776662,18.364952,-66.1231,1.301919071E9,776110,776759
776662,18.365105,-66.12308,1.301919071E9,776110,776759
776662,18.365257,-66.12305,1.301919071E9,776110,776759
776662,18.36542,-66.12303,1.301919071E9,776110,776759
776662,18.365578,-66.123024,1.301919071E9,776110,776759
776662,18.36573,-66.12302,1.301919071E9,776110,776759
776662,18.365839,-66.12299,1.301919071E9,776110,776759
776662,18.365921,-66.12297,1.301919071E9,776110,776759
776662,18.365965,-66.12296,1.301919071E9,776110,776759
776662,18.36606,-66.12294,1.301919071E9,776110,776759
776662,18.366219,-66.12291,1.301919071E9,776110,776759
776662,18.366362,-66.12297,1.301919071E9,776110,776759
776662,18.366426,-66.12313,1.301919071E9,776110,776759
776662,18.366398,-66.12329,1.301919071E9,776110,776759
776662,18.366276,-66.1234,1.301919071E9,776110,776759
776662,18.366259,-66.123405,1.301919071E9,776110,776759
776662,18.3661,-66.12346,1.301919071E9,776110,776759
776662,18.365942,-66.12352,1.301919071E9,776110,776759
776662,18.365782,-66.12355,1.301919071E9,776110,776759
776662,18.365627,-66.12353,1.301919071E9,776110,776759
776662,18.365513,-66.12341,1.301919071E9,776110,776759
776662,18.365454,-66.12331,1.301919071E9,776110,776759
776662,18.365368,-66.123276,1.301919071E9,776110,776759
776662,18.365211,-66.12329,1.301919071E9,776110,776759
776662,18.365057,-66.12331,1.301919071E9,776110,776759
776662,18.364897,-66.12325,1.301919071E9,776110,776759
776662,18.364883,-66.123245,1.301919071E9,776110,776759
776662,18.364803,-66.12319,1.301919071E9,776110,776759
776662,18.364716,-66.12315,1.301919071E9,776110,776759
776662,18.36463,-66.12314,1.301919071E9,776110,776759
776662,18.364473,-66.12313,1.301919071E9,776110,776759
776662,18.364313,-66.12309,1.301919071E9,776110,776759
776662,18.364286,-66.12309,1.301919071E9,776110,776759
776662,18.364183,-66.12308,1.301919071E9,776110,776759
776662,18.364073,-66.12296,1.301919071E9,776110,776759
776662,18.364063,-66.12278,1.301919071E9,776110,776759
776662,18.364141,-66.12264,1.301919071E9,776110,776759
776662,18.36429,-66.12257,1.301919071E9,776110,776759
776662,18.364449,-66.122574,1.301919071E9,776110,776759
776662,18.364538,-66.12258,1.301919071E9,776110,776759
776662,18.36462,-66.12259,1.301919071E9,776110,776759
776662,18.36468,-66.122604,1.301919071E9,776110,776759
776662,18.364742,-66.12266,1.301919071E9,776110,776759
776662,18.364758,-66.12276,1.301919071E9,776110,776759
776662,18.36475,-66.122925,1.301919071E9,776110,776759
776662,18.364864,-66.12304,1.301919071E9,776110,776759
776662,18.365026,-66.12303,1.301919071E9,776110,776759
776662,18.365196,-66.12302,1.301919071E9,776110,776759
776662,18.365274,-66.12302,1.301919071E9,776110,776759
776662,18.365429,-66.12302,1.301919071E9,776110,776759
776662,18.365524,-66.123024,1.301919071E9,776110,776759
776662,18.365608,-66.12304,1.301919071E9,776110,776759
776662,18.365765,-66.12303,1.301919071E9,776110,776759
776662,18.36592,-66.12299,1.301919071E9,776110,776759
776662,18.366009,-66.12298,1.301919071E9,776110,776759
776662,18.366081,-66.12296,1.301919071E9,776110,776759
776662,18.366167,-66.122955,1.301919071E9,776110,776759
776662,18.366322,-66.122955,1.301919071E9,776110,776759
776662,18.36644,-66.12307,1.301919071E9,776110,776759
776662,18.366446,-66.12324,1.301919071E9,776110,776759
776662,18.366352,-66.12338,1.301919071E9,776110,776759
776662,18.366196,-66.123436,1.301919071E9,776110,776759
776662,18.366049,-66.12349,1.301919071E9,776110,776759
776662,18.3659,-66.12354,1.301919071E9,776110,776759
776662,18.36575,-66.12358,1.301919071E9,776110,776759
776662,18.365599,-66.12351,1.301919071E9,776110,776759
776662,18.365517,-66.123375,1.301919071E9,776110,776759
776662,18.365437,-66.12324,1.301919071E9,776110,776759
776662,18.365274,-66.12319,1.301919071E9,776110,776759
776662,18.365213,-66.12321,1.301919071E9,776110,776759
776662,18.365124,-66.12324,1.301919071E9,776110,776759
776662,18.365044,-66.12326,1.301919071E9,776110,776759
776662,18.364956,-66.12326,1.301919071E9,776110,776759
776662,18.36482,-66.12318,1.301919071E9,776110,776759
776662,18.364674,-66.12311,1.301919071E9,776110,776759
776662,18.364653,-66.12311,1.301919071E9,776110,776759
776662,18.440205,-66.079216,1.301919071E9,776110,776759
776662,18.440474,-66.07913,1.301919071E9,776110,776759
776662,18.440636,-66.07911,1.301919071E9,776110,776759
776662,18.440676,-66.07911,1.301919071E9,776110,776759
776662,18.440767,-66.07911,1.301919071E9,776110,776759
776662,18.440855,-66.07911,1.301919071E9,776110,776759
776662,18.440977,-66.07911,1.301919071E9,776110,776759
776662,18.441063,-66.07911,1.301919071E9,776110,776759
776662,18.441149,-66.07912,1.301919071E9,776110,776759
776662,18.4413,-66.079185,1.301919071E9,776110,776759
776662,18.441385,-66.07928,1.301919071E9,776110,776759
776662,18.441425,-66.07937,1.301919071E9,776110,776759
776662,18.441444,-66.07947,1.301919071E9,776110,776759
776662,18.44144,-66.07956,1.301919071E9,776110,776759
776662,18.441416,-66.07966,1.301919071E9,776110,776759
776662,18.441313,-66.07978,1.301919071E9,776110,776759
776662,18.44117,-66.07985,1.301919071E9,776110,776759
776662,18.4411,-66.07991,1.301919071E9,776110,776759
776662,18.441187,-66.079926,1.301919071E9,776110,776759
776662,18.441275,-66.07988,1.301919071E9,776110,776759
776662,18.441338,-66.07982,1.301919071E9,776110,776759
776662,18.441193,-66.07988,1.301919071E9,776110,776759
776662,18.441013,-66.07989,1.301919071E9,776110,776759
776662,18.440845,-66.079865,1.301919071E9,776110,776759
776662,18.440834,-66.079865,1.301919071E9,776110,776759
776662,18.440638,-66.07986,1.301919071E9,776110,776759
776662,18.440405,-66.08012,1.301919071E9,776110,776759
776662,18.440489,-66.08027,1.301919071E9,776110,776759
776662,18.440598,-66.08038,1.301919071E9,776110,776759
776662,18.440714,-66.08051,1.301919071E9,776110,776759
776662,18.440802,-66.08066,1.301919071E9,776110,776759
776662,18.441002,-66.08071,1.301919071E9,776110,776759
776662,18.441034,-66.08073,1.301919071E9,776110,776759
776662,18.44118,-66.08077,1.301919071E9,776110,776759
776662,18.441345,-66.08116,