-97.91364,1.301919071E9,776110,776759
776662,38.09715,-97.91377,1.301919071E9,776110,776759
776662,38.097157,-97.9139,1.301919071E9,776110,776759
776662,38.097157,-97.91401,1.301919071E9,776110,776759
776662,38.09715,-97.91414,1.301919071E9,776110,776759
776662,38.097168,-97.91425,1.301919071E9,776110,776759
776662,38.097187,-97.9144,1.301919071E9,776110,776759
776662,38.09719,-97.91452,1.301919071E9,776110,776759
776662,38.097202,-97.91463,1.301919071E9,776110,776759
776662,38.097195,-97.914764,1.301919071E9,776110,776759
776662,38.0972,-97.91488,1.301919071E9,776110,776759
776662,38.0972,-97.91498,1.301919071E9,776110,776759
776662,38.097183,-97.915115,1.301919071E9,776110,776759
776662,38.097183,-97.915245,1.301919071E9,776110,776759
776662,38.09718,-97.915375,1.301919071E9,776110,776759
776662,38.097168,-97.915504,1.301919071E9,776110,776759
776662,38.097168,-97.91564,1.301919071E9,776110,776759
776662,38.097164,-97.91579,1.301919071E9,776110,776759
776662,38.09716,-97.915924,1.301919071E9,776110,776759
776662,38.097157,-97.91605,1.301919071E9,776110,776759
776662,38.097157,-97.91622,1.301919071E9,776110,776759
776662,38.097157,-97.91637,1.301919071E9,776110,776759
776662,38.09714,-97.916466,1.301919071E9,776110,776759
776662,38.097134,-97.91657,1.301919071E9,776110,776759
776662,38.097134,-97.91671,1.301919071E9,776110,776759
776662,38.09714,-97.91688,1.301919071E9,776110,776759
776662,38.09716,-97.917015,1.301919071E9,776110,776759
776662,38.097168,-97.917145,1.301919071E9,776110,776759
776662,38.097164,-97.917244,1.301919071E9,776110,776759
776662,38.09717,-97.91735,1.301919071E9,776110,776759
776662,38.097187,-97.91749,1.301919071E9,776110,776759
776662,38.097183,-97.917625,1.301919071E9,776110,776759
776662,38.097176,-97.91773,1.301919071E9,776110,776759
776662,38.097176,-97.91785,1.301919071E9,776110,776759
776662,38.097168,-97.917946,1.301919071E9,776110,776759
776662,38.097164,-97.91808,1.301919071E9,776110,776759
776662,38.09715,-97.91821,1.301919071E9,776110,776759
776662,38.09713,-97.91832,1.301919071E9,776110,776759
776662,38.097126,-97.91843,1.301919071E9,776110,776759
776662,38.097126,-97.91856,1.301919071E9,776110,776759
776662,38.09713,-97.91869,1.301919071E9,776110,776759
776662,38.097134,-97.91883,1.301919071E9,776110,776759
776662,38.09713,-97.91894,1.301919071E9,776110,776759
776662,38.097134,-97.91905,1.301919071E9,776110,776759
776662,38.097137,-97.91916,1.301919071E9,776110,776759
776662,38.097145,-97.919266,1.301919071E9,776110,776759
776662,38.09713,-97.91938,1.301919071E9,776110,776759
776662,38.09714,-97.919525,1.301919071E9,776110,776759
776662,38.09716,-97.91966,1.301919071E9,776110,776759
776662,38.097164,-97.91977,1.301919071E9,776110,776759
776662,38.097176,-97.919876,1.301919071E9,776110,776759
776662,38.097183,-97.920006,1.301919071E9,776110,776759
776662,38.09717,-97.92011,1.301919071E9,776110,776759
776662,38.09716,-97.92024,1.301919071E9,776110,776759
776662,38.097157,-97.92037,1.301919071E9,776110,776759
776662,38.097168,-97.9205,1.301919071E9,776110,776759
776662,38.097168,-97.92066,1.301919071E9,776110,776759
776662,38.09717,-97.9208,1.301919071E9,776110,776759
776662,38.097176,-97.92092,1.301919071E9,776110,776759
776662,38.097168,-97.92106,1.301919071E9,776110,776759
776662,38.09718,-97.92116,1.301919071E9,776110,776759
776662,38.097176,-97.921295,1.301919071E9,776110,776759
776662,38.09718,-97.921425,1.301919071E9,776110,776759
776662,38.097187,-97.92153,1.301919071E9,776110,776759
776662,38.09717,-97.92163,1.301919071E9,776110,776759
776662,38.09716,-97.92176,1.301919071E9,776110,776759
776662,38.09711,-97.92188,1.301919071E9,776110,776759
776662,38.097122,-97.921745,1.301919071E9,776110,776759
776662,38.09713,-97.921616,1.301919071E9,776110,776759
776662,38.097137,-97.92151,1.301919071E9,776110,776759
776662,38.097153,-97.92141,1.301919071E9,776110,776759
776662,38.097164,-97.921295,1.301919071E9,776110,776759
776662,38.09716,-97.92116,1.301919071E9,776110,776759
776662,38.097168,-97.92102,1.301919071E9,776110,776759
776662,38.097157,-97.92089,1.301919071E9,776110,776759
776662,38.09717,-97.920746,1.301919071E9,776110,776759
776662,38.097168,-97.920616,1.301919071E9,776110,776759
776662,38.097168,-97.92051,1.301919071E9,776110,776759
776662,38.097164,-97.920364,1.301919071E9,776110,776759
776662,38.097153,-97.920235,1.301919071E9,776110,776759
776662,38.097157,-97.92013,1.301919071E9,776110,776759
776662,38.09716,-97.919975,1.301919071E9,776110,776759
776662,38.097164,-97.91983,1.301919071E9,776110,776759
776662,38.097164,-97.91972,1.301919071E9,776110,776759
776662,38.097168,-97.91961,1.301919071E9,776110,776759
776662,38.097168,-97.919495,1.301919071E9,776110,776759
776662,38.097168,-97.91937,1.301919071E9,776110,776759
776662,38.09717,-97.91926,1.301919071E9,776110,776759
776662,38.09716,-97.91915,1.301919071E9,776110,776759
776662,38.097153,-97.91904,1.301919071E9,776110,776759
776662,38.097153,-97.918915,1.301919071E9,776110,776759
776662,38.097157,-97.918816,1.301919071E9,776110,776759
776662,38.097176,-97.9187,1.301919071E9,776110,776759
776662,38.09718,-97.918594,1.301919071E9,776110,776759
776662,38.09719,-97.91849,1.301919071E9,776110,776759
776662,38.097195,-97.91836,1.301919071E9,776110,776759
776662,38.097183,-97.91825,1.301919071E9,776110,776759
776662,38.09718,-97.918106,1.301919071E9,776110,776759
776662,38.09718,-97.917984,1.301919071E9,776110,776759
776662,38.09718,-97.91788,1.301919071E9,776110,776759
776662,38.097183,-97.91776,1.301919071E9,776110,776759
776662,38.097183,-97.91764,1.301919071E9,776110,776759
776662,38.097187,-97.917534,1.301919071E9,776110,776759
776662,38.09718,-97.91739,1.301919071E9,776110,776759
776662,38.09718,-97.917274,1.301919071E9,776110,776759
776662,38.097183,-97.91717,1.301919071E9,776110,776759
776662,38.097183,-97.91706,1.301919071E9,776110,776759
776662,38.09718,-97.916954,1.301919071E9,776110,776759
776662,38.09718,-97.91685,1.301919071E9,776110,776759
776662,38.097187,-97.916695,1.301919071E9,776110,776759
776662,38.097187,-97.91656,1.301919071E9,776110,776759
776662,38.097183,-97.91642,1.301919071E9,776110,776759
776662,38.09719,-97.91631,1.301919071E9,776110,776759
776662,38.097187,-97.91621,1.301919071E9,776110,776759
776662,38.097187,-97.9161,1.301919071E9,776110,776759
776662,38.097195,-97.915955,1.301919071E9,776110,776759
776662,38.09719,-97.91584,1.301919071E9,776110,776759
776662,38.097183,-97.91573,1.301919071E9,776110,776759
776662,38.09717,-97.91563,1.301919071E9,776110,776759
776662,38.09718,-97.91552,1.301919071E9,776110,776759
776662,38.097183,-97.91538,1.301919071E9,776110,776759
776662,38.097183,-97.915245,1.301919071E9,776110,776759
776662,38.097187,-97.91513,1.301919071E9,776110,776759
776662,38.097195,-97.91499,1.301919071E9,776110,776759
776662,38.097202,-97.91489,1.301919071E9,776110,776759
776662,38.0972,-97.91476,1.301919071E9,776110,776759
776662,38.097195,-97.91464,1.301919071E9,776110,776759
776662,38.09718,-97.914536,1.301919071E9,776110,776759
776662,38.097176,-97.91443,1.301919071E9,776110,776759
776662,38.097176,-97.91432,1.301919071E9,776110,776759
776662,38.097195,-97.91422,1.301919071E9,776110,776759
776662,38.097187,-97.91407,1.301919071E9,776110,776759
776662,38.09718,-97.91392,1.301919071E9,776110,776759
776662,38.097168,-97.913795,1.301919071E9,776110,776759
776662,38.097168,-97.91367,1.301919071E9,776110,776759
776662,38.097164,-97.91357,1.301919071E9,776110,776759
776662,38.097168,-97.91344,1.301919071E9,776110,776759
776662,38.09717,-97.91332,1.301919071E9,776110,776759
776662,38.097164,-97.913216,1.301919071E9,776110,776759
776662,38.097176,-97.91304,1.301919071E9,776110,776759
776662,38.097168,-97.91294,1.301919071E9,776110,776759
776662,38.09717,-97.912834,1.301919071E9,776110,776759
776662,38.097157,-97.9127,1.301919071E9,776110,776759
776662,38.097157,-97.91257,1.301919071E9,776110,776759
776662,38.09716,-97.91244,1.301919071E9,776110,776759
776662,38.09716,-97.91231,1.301919071E9,776110,776759
776662,