776662,38.090675,-97.900826,1.301919071E9,776110,776759
776662,38.090675,-97.90069,1.301919071E9,776110,776759
776662,38.09066,-97.90056,1.301919071E9,776110,776759
776662,38.090614,-97.900444,1.301919071E9,776110,776759
776662,38.090565,-97.90034,1.301919071E9,776110,776759
776662,38.09049,-97.90025,1.301919071E9,776110,776759
776662,38.090424,-97.90019,1.301919071E9,776110,776759
776662,38.090336,-97.90011,1.301919071E9,776110,776759
776662,38.090244,-97.90002,1.301919071E9,776110,776759
776662,38.09017,-97.89993,1.301919071E9,776110,776759
776662,38.090096,-97.89985,1.301919071E9,776110,776759
776662,38.090015,-97.899765,1.301919071E9,776110,776759
776662,38.089905,-97.89967,1.301919071E9,776110,776759
776662,38.089832,-97.899605,1.301919071E9,776110,776759
776662,38.089752,-97.89953,1.301919071E9,776110,776759
776662,38.089676,-97.89944,1.301919071E9,776110,776759
776662,38.089573,-97.89935,1.301919071E9,776110,776759
776662,38.089504,-97.89928,1.301919071E9,776110,776759
776662,38.08943,-97.89919,1.301919071E9,776110,776759
776662,38.089355,-97.89912,1.301919071E9,776110,776759
776662,38.089264,-97.89906,1.301919071E9,776110,776759
776662,38.089176,-97.89905,1.301919071E9,776110,776759
776662,38.089092,-97.89904,1.301919071E9,776110,776759
776662,38.089,-97.89904,1.301919071E9,776110,776759
776662,38.0889,-97.899055,1.301919071E9,776110,776759
776662,38.088783,-97.89905,1.301919071E9,776110,776759
776662,38.0887,-97.89903,1.301919071E9,776110,776759
776662,38.088615,-97.89904,1.301919071E9,776110,776759
776662,38.08851,-97.89904,1.301919071E9,776110,776759
776662,38.08841,-97.89903,1.301919071E9,776110,776759
776662,38.088326,-97.89903,1.301919071E9,776110,776759
776662,38.088226,-97.89904,1.301919071E9,776110,776759
776662,38.088142,-97.89904,1.301919071E9,776110,776759
776662,38.08806,-97.89905,1.301919071E9,776110,776759
776662,38.08795,-97.89905,1.301919071E9,776110,776759
776662,38.087852,-97.899055,1.301919071E9,776110,776759
776662,38.087746,-97.89905,1.301919071E9,776110,776759
776662,38.087646,-97.89905,1.301919071E9,776110,776759
776662,38.087563,-97.89905,1.301919071E9,776110,776759
776662,38.08748,-97.89906,1.301919071E9,776110,776759
776662,38.087376,-97.899086,1.301919071E9,776110,776759
776662,38.087303,-97.89915,1.301919071E9,776110,776759
776662,38.08726,-97.899254,1.301919071E9,776110,776759
776662,38.087215,-97.89937,1.301919071E9,776110,776759
776662,38.087166,-97.89948,1.301919071E9,776110,776759
776662,38.08712,-97.89957,1.301919071E9,776110,776759
776662,38.08707,-97.89968,1.301919071E9,776110,776759
776662,38.086998,-97.899765,1.301919071E9,776110,776759
776662,38.086933,-97.899826,1.301919071E9,776110,776759
776662,38.086845,-97.8999,1.301919071E9,776110,776759
776662,38.0869,-97.89981,1.301919071E9,776110,776759
776662,38.08697,-97.89976,1.301919071E9,776110,776759
776662,38.087036,-97.89968,1.301919071E9,776110,776759
776662,38.08709,-97.89958,1.301919071E9,776110,776759
776662,38.087128,-97.899475,1.301919071E9,776110,776759
776662,38.08716,-97.89936,1.301919071E9,776110,776759
776662,38.087193,-97.89925,1.301919071E9,776110,776759
776662,38.08725,-97.899155,1.301919071E9,776110,776759
776662,38.087303,-97.89906,1.301919071E9,776110,776759
776662,38.087376,-97.89901,1.301919071E9,776110,776759
776662,38.08747,-97.899,1.301919071E9,776110,776759
776662,38.08755,-97.899,1.301919071E9,776110,776759
776662,38.087643,-97.89899,1.301919071E9,776110,776759
776662,38.087738,-97.89898,1.301919071E9,776110,776759
776662,38.087826,-97.89898,1.301919071E9,776110,776759
776662,38.087925,-97.89899,1.301919071E9,776110,776759
776662,38.08803,-97.898994,1.301919071E9,776110,776759
776662,38.088127,-97.89899,1.301919071E9,776110,776759
776662,38.088238,-97.89899,1.301919071E9,776110,776759
776662,38.088337,-97.898994,1.301919071E9,776110,776759
776662,38.088436,-97.899,1.301919071E9,776110,776759
776662,38.088528,-97.899,1.301919071E9,776110,776759
776662,38.088634,-97.89901,1.301919071E9,776110,776759
776662,38.08874,-97.89902,1.301919071E9,776110,776759
776662,38.088837,-97.899025,1.301919071E9,776110,776759
776662,38.088966,-97.89902,1.301919071E9,776110,776759
776662,38.08905,-97.89901,1.301919071E9,776110,776759
776662,38.089153,-97.899,1.301919071E9,776110,776759
776662,38.089237,-97.89901,1.301919071E9,776110,776759
776662,38.089333,-97.899055,1.301919071E9,776110,776759
776662,38.089436,-97.89914,1.301919071E9,776110,776759
776662,38.08951,-97.89919,1.301919071E9,776110,776759
776662,38.08958,-97.89926,1.301919071E9,776110,776759
776662,38.08965,-97.899345,1.301919071E9,776110,776759
776662,38.089718,-97.899414,1.301919071E9,776110,776759
776662,38.08978,-97.8995,1.301919071E9,776110,776759
776662,38.089863,-97.89956,1.301919071E9,776110,776759
776662,38.08993,-97.89963,1.301919071E9,776110,776759
776662,38.090004,-97.89971,1.301919071E9,776110,776759
776662,38.090088,-97.89978,1.301919071E9,776110,776759
776662,38.090157,-97.89986,1.301919071E9,776110,776759
776662,38.09022,-97.899925,1.301919071E9,776110,776759
776662,38.09032,-97.90003,1.301919071E9,776110,776759
776662,38.0904,-97.900116,1.301919071E9,776110,776759
776662,38.090477,-97.90019,1.301919071E9,776110,776759
776662,38.09056,-97.90028,1.301919071E9,776110,776759
776662,38.09062,-97.90036,1.301919071E9,776110,776759
776662,38.09066,-97.90045,1.301919071E9,776110,776759
776662,38.090694,-97.90058,1.301919071E9,776110,776759
776662,38.0907,-97.90069,1.301919071E9,776110,776759
776662,38.0907,-97.900826,1.301919071E9,776110,776759
776662,38.090706,-97.90093,1.301919071E9,776110,776759
776662,38.090706,-97.90104,1.301919071E9,776110,776759
776662,38.090702,-97.901215,1.301919071E9,776110,776759
776662,38.090694,-97.90132,1.301919071E9,776110,776759
776662,38.090694,-97.90142,1.301919071E9,776110,776759
776662,38.090702,-97.901535,1.301919071E9,776110,776759
776662,38.0907,-97.90165,1.301919071E9,776110,776759
776662,38.090702,-97.90176,1.301919071E9,776110,776759
776662,38.09073,-97.90187,1.301919071E9,776110,776759
776662,38.090733,-97.90201,1.301919071E9,776110,776759
776662,38.090736,-97.902115,1.301919071E9,776110,776759
776662,38.090736,-97.90225,1.301919071E9,776110,776759
776662,38.090736,-97.9024,1.301919071E9,776110,776759
776662,38.09074,-97.902504,1.301919071E9,776110,776759
776662,38.09074,-97.90267,1.301919071E9,776110,776759
776662,38.090748,-97.9028,1.301919071E9,776110,776759
776662,38.090733,-97.90294,1.301919071E9,776110,776759
776662,38.090733,-97.903046,1.301919071E9,776110,776759
776662,38.09072,-97.903145,1.301919071E9,776110,776759
776662,38.090714,-97.903275,1.301919071E9,776110,776759
776662,38.090694,-97.90341,1.301919071E9,776110,776759
776662,38.090683,-97.90355,1.301919071E9,776110,776759
776662,38.09071,-97.90368,1.301919071E9,776110,776759
776662,38.090702,-97.903786,1.301919071E9,776110,776759
776662,38.090733,-97.903915,1.301919071E9,776110,776759
776662,38.09078,-97.90402,1.301919071E9,776110,776759
776662,38.090836,-97.90411,1.301919071E9,776110,776759
776662,38.09091,-97.9042,1.301919071E9,776110,776759
776662,38.091022,-97.90428,1.301919071E9,776110,776759
776662,38.091114,-97.90433,1.301919071E9,776110,776759
776662,38.0912,-97.90433,1.301919071E9,776110,776759
776662,38.091286,-97.904335,1.301919071E9,776110,776759
776662,38.091393,-97.90434,1.301919071E9,776110,776759
776662,38.0915,-97.90434,1.301919071E9,776110,776759
776662,38.091618,-97.90435,1.301919071E9,776110,776759
776662,38.09172,-97.90434,1.301919071E9,776110,776759
776662,38.09181,-97.90434,1.301919071E9,776110,776759
776662,38.0919,-97.904335,1.301919071E9,776110,776759
776662,38.092007,-97.90431,1.301919071E9,776110,776759
776662,38.09213,-97.904305,1.301919071E9,776110,776759
776662,38.09223,-97.904305,1.301919071E9,776110,776759
776662,38.092327,-97.90429,1.301919071E9,776110,776759
776662,38.092426,-97.90428,1.301919071E9,776110,776759
776662,38.09256,-97.90428,1.301919071E9,776110,776759
776662,38.092667,-97.9043,1.301919071E9,776110,776759
776662,38.09275,-9